# Time-averaged data for fix 1
# TimeStep c_msd_all[1] c_msd_all[2] c_msd_all[3] c_msd_all[4]
31000 0.0718212 0.0768364 0.0700149 0.218672
32000 0.0836155 0.100216 0.0612568 0.245088
33000 0.0678756 0.0731343 0.0647847 0.205795
34000 0.0723269 0.0959461 0.0704681 0.238741
35000 0.080398 0.0829178 0.0656139 0.22893
36000 0.0681307 0.0738435 0.0693271 0.211301
37000 0.0763362 0.118147 0.0738218 0.268305
38000 0.0777829 0.0967613 0.0784518 0.252996
39000 0.0738388 0.098589 0.0782276 0.250655
40000 0.0672533 0.07972 0.0721624 0.219136
41000 0.0608557 0.0710985 0.0698186 0.201773
42000 0.0753041 0.0966738 0.0680328 0.240011
43000 0.0728341 0.0898553 0.079975 0.242664
44000 0.0944546 0.10148 0.0717772 0.267711
45000 0.0865691 0.0946565 0.0820712 0.263297
46000 0.0753172 0.0863948 0.0746956 0.236408
47000 0.0747952 0.104136 0.0842084 0.263139
48000 0.0679574 0.0856328 0.0875932 0.241183
49000 0.0824114 0.106554 0.0783714 0.267337
50000 0.0763647 0.0950481 0.0852448 0.256658
51000 0.0811166 0.104469 0.0953393 0.280925
52000 0.0695772 0.0831792 0.0890236 0.24178
53000 0.0772889 0.090326 0.108263 0.275878
54000 0.0859776 0.112413 0.0894306 0.287821
55000 0.0747013 0.10551 0.0937793 0.273991
56000 0.0788618 0.09811 0.104465 0.281436
57000 0.0862189 0.092665 0.0873681 0.266252
58000 0.117248 0.0962265 0.104648 0.318122
59000 0.101303 0.0969615 0.0991832 0.297448
60000 0.103021 0.105923 0.110743 0.319686
61000 0.0914295 0.109707 0.133378 0.334515
62000 0.0752173 0.103934 0.120515 0.299667
63000 0.0805275 0.119564 0.11465 0.314741
64000 0.0887661 0.104686 0.113713 0.307165
65000 0.104869 0.110287 0.117313 0.332469
66000 0.0813156 0.106076 0.134245 0.321637
67000 0.0937589 0.117093 0.128539 0.339391
68000 0.0734519 0.116655 0.114341 0.304448
69000 0.0740734 0.110182 0.117078 0.301333
70000 0.0788988 0.113875 0.10614 0.298913
71000 0.0852463 0.114227 0.117686 0.317159
72000 0.0844228 0.111813 0.106707 0.302942
73000 0.0714659 0.111707 0.103501 0.286674
74000 0.0766329 0.11946 0.11324 0.309333
75000 0.0881557 0.116941 0.102822 0.307918
76000 0.0817472 0.137213 0.112832 0.331793
77000 0.0818212 0.120299 0.108331 0.310452
78000 0.0942008 0.131187 0.106857 0.332244
79000 0.0838755 0.131346 0.106199 0.321421
80000 0.080596 0.123101 0.109253 0.31295
81000 0.0711736 0.127224 0.118051 0.316448
82000 0.0816708 0.119086 0.10684 0.307596
83000 0.0834458 0.124459 0.108344 0.316249
84000 0.0779346 0.131921 0.119213 0.329069
85000 0.0816803 0.127611 0.10801 0.317302
86000 0.0804134 0.129474 0.115461 0.325349
87000 0.0844606 0.132568 0.120852 0.337881
88000 0.0706065 0.124827 0.108845 0.304279
89000 0.0744816 0.144275 0.120919 0.339675
90000 0.08265 0.144844 0.117634 0.345128
91000 0.0836211 0.153361 0.121159 0.358141
92000 0.0899599 0.140983 0.126434 0.357377
93000 0.0874368 0.134797 0.118231 0.340465
94000 0.094126 0.146055 0.120221 0.360402
95000 0.075806 0.138709 0.116067 0.330582
96000 0.0739486 0.148319 0.12416 0.346427
97000 0.0958338 0.132611 0.118271 0.346716
98000 0.0891704 0.148538 0.128983 0.366691
99000 0.0831377 0.154373 0.123539 0.361049
100000 0.0855595 0.150321 0.129442 0.365323
101000 0.0795468 0.164888 0.129213 0.373648
102000 0.105983 0.158122 0.134898 0.399002
103000 0.0932375 0.160312 0.141265 0.394814
104000 0.0971027 0.150551 0.128014 0.375667
105000 0.0859116 0.15788 0.138519 0.382311
106000 0.088385 0.162938 0.153609 0.404933
107000 0.0883074 0.15999 0.14348 0.391777
108000 0.0819921 0.173402 0.15176 0.407155
109000 0.0831485 0.164342 0.153089 0.400579
110000 0.0863866 0.168943 0.151081 0.406411
111000 0.0753746 0.162202 0.139277 0.376854
112000 0.0775354 0.160953 0.147083 0.385572
113000 0.0818697 0.179382 0.155319 0.416571
114000 0.0880218 0.172192 0.157189 0.417403
115000 0.0825168 0.16348 0.159177 0.405173
116000 0.0838697 0.169128 0.156459 0.409456
117000 0.0924194 0.173269 0.144516 0.410205
118000 0.0883418 0.176483 0.150617 0.415441
119000 0.0890774 0.173868 0.15711 0.420056
120000 0.0971555 0.182276 0.169533 0.448965
121000 0.0860419 0.164925 0.167214 0.418181
122000 0.0833881 0.189056 0.145533 0.417978
123000 0.0771166 0.17942 0.16703 0.423567
124000 0.100393 0.182777 0.158617 0.441786
125000 0.076947 0.195162 0.157734 0.429843
126000 0.101282 0.19905 0.157813 0.458145
127000 0.0918199 0.175591 0.15341 0.420822
128000 0.0866972 0.200307 0.156109 0.443113
129000 0.0932054 0.191301 0.152622 0.437128
130000 0.0843712 0.168375 0.150811 0.403556
131000 0.0833875 0.189629 0.149888 0.422905
132000 0.0827817 0.183784 0.157444 0.424011
133000 0.0896304 0.206259 0.149423 0.445312
134000 0.0921344 0.180967 0.154967 0.428068
135000 0.0914398 0.179284 0.156445 0.427169
136000 0.0930431 0.197973 0.160309 0.451325
137000 0.10107 0.215952 0.163626 0.480648
138000 0.085936 0.21808 0.163571 0.467587
139000 0.0913092 0.193438 0.172163 0.45691
140000 0.0970744 0.203598 0.178404 0.479077
141000 0.0918261 0.238745 0.180015 0.510586
142000 0.100939 0.231112 0.179622 0.511673
143000 0.104822 0.224247 0.176644 0.505713
144000 0.110192 0.207713 0.189254 0.507158
145000 0.0983083 0.210896 0.187589 0.496793
146000 0.102422 0.205629 0.184755 0.492805
147000 0.101771 0.194796 0.17858 0.475147
148000 0.108954 0.224858 0.183988 0.5178
149000 0.120543 0.207404 0.183216 0.511163
150000 0.0983413 0.213073 0.183454 0.494868
151000 0.0973816 0.202578 0.181616 0.481576
152000 0.104173 0.218088 0.190109 0.512371
153000 0.109499 0.231854 0.193243 0.534596
154000 0.114094 0.212701 0.206057 0.532853
155000 0.106438 0.205701 0.184993 0.497132
156000 0.0989118 0.197604 0.181576 0.478092
157000 0.0998892 0.206321 0.180026 0.486236
158000 0.0925072 0.216044 0.194746 0.503297
159000 0.104579 0.204559 0.184272 0.49341
160000 0.0964031 0.211776 0.183275 0.491454
161000 0.110566 0.212108 0.179698 0.502372
162000 0.0962525 0.212167 0.187952 0.496372
163000 0.101169 0.208477 0.198068 0.507714
164000 0.112055 0.207834 0.19093 0.510819
165000 0.108191 0.230418 0.202767 0.541375
166000 0.101733 0.225258 0.205071 0.532062
167000 0.105592 0.228313 0.215072 0.548977
168000 0.105042 0.230468 0.19792 0.533431
169000 0.113719 0.23528 0.203597 0.552596
170000 0.105301 0.241592 0.201806 0.548699
171000 0.119591 0.246982 0.217316 0.583888
172000 0.102228 0.237144 0.217187 0.556559
173000 0.108597 0.242954 0.239326 0.590878
174000 0.108831 0.241265 0.208129 0.558225
175000 0.120645 0.240647 0.224369 0.585662
176000 0.127459 0.249441 0.234306 0.611206
177000 0.118138 0.232784 0.241599 0.592522
178000 0.115968 0.244275 0.246508 0.606751
179000 0.124007 0.24256 0.245816 0.612383
180000 0.137183 0.241914 0.233034 0.612132
181000 0.125341 0.241912 0.238289 0.605542
182000 0.134097 0.264914 0.238255 0.637266
183000 0.119625 0.241134 0.229011 0.589769
184000 0.1204 0.253382 0.240504 0.614286
185000 0.117779 0.256355 0.250544 0.624678
186000 0.120874 0.262153 0.243786 0.626814
187000 0.131196 0.278421 0.254004 0.66362
188000 0.118956 0.27789 0.268285 0.665131
189000 0.125626 0.281908 0.267409 0.674942
190000 0.122027 0.279677 0.253598 0.655302
191000 0.148753 0.271569 0.263527 0.683849
192000 0.122801 0.272532 0.252814 0.648147
193000 0.113703 0.285832 0.271202 0.670738
194000 0.11089 0.284053 0.270405 0.665348
195000 0.113431 0.302068 0.267043 0.682543
196000 0.11562 0.308197 0.272704 0.696521
197000 0.107093 0.278283 0.271932 0.657308
198000 0.108316 0.277061 0.277955 0.663333
199000 0.106132 0.281611 0.267107 0.65485
200000 0.108846 0.300358 0.268431 0.677635
201000 0.112279 0.292871 0.271876 0.677026
202000 0.106313 0.299344 0.279044 0.684701
203000 0.106948 0.287195 0.279142 0.673284
204000 0.105006 0.282727 0.282845 0.670579
205000 0.119046 0.308832 0.281041 0.708919
206000 0.117239 0.302383 0.28258 0.702203
207000 0.106153 0.312927 0.286441 0.705521
208000 0.111403 0.306642 0.281821 0.699865
209000 0.114892 0.301607 0.285326 0.701825
210000 0.120683 0.307846 0.287593 0.716122
211000 0.130691 0.310278 0.293527 0.734496
212000 0.12807 0.318524 0.290258 0.736851
213000 0.1205 0.322698 0.296556 0.739754
214000 0.118313 0.31482 0.300433 0.733565
215000 0.121688 0.307591 0.299185 0.728463
216000 0.115217 0.31611 0.294559 0.725887
217000 0.124138 0.321094 0.301608 0.74684
218000 0.1237 0.318648 0.302326 0.744674
219000 0.114509 0.314264 0.300448 0.729221
220000 0.118953 0.333598 0.315582 0.768133
221000 0.122306 0.329741 0.316953 0.768999
222000 0.120453 0.328548 0.303167 0.752167
223000 0.118215 0.330473 0.315938 0.764627
224000 0.111359 0.320234 0.308631 0.740224
225000 0.116536 0.322205 0.314622 0.753362
226000 0.128974 0.328178 0.315064 0.772216
227000 0.115799 0.30473 0.321523 0.742052
228000 0.12079 0.324662 0.327948 0.7734
229000 0.118571 0.314913 0.305488 0.738972
230000 0.123631 0.327828 0.313586 0.765044
231000 0.138027 0.319178 0.319571 0.776776
232000 0.12577 0.310917 0.320612 0.757298
233000 0.125491 0.328384 0.309226 0.763101
234000 0.119199 0.330081 0.31049 0.759771
235000 0.128711 0.323216 0.335275 0.787203
236000 0.123234 0.348727 0.324881 0.796841
237000 0.122929 0.356162 0.335289 0.81438
238000 0.13206 0.352807 0.32561 0.810477
239000 0.118924 0.355109 0.304854 0.778887
240000 0.11606 0.354462 0.317488 0.78801
241000 0.117645 0.337553 0.328774 0.783972
242000 0.119164 0.342874 0.326497 0.788535
243000 0.11009 0.347498 0.311139 0.768727
244000 0.126775 0.349904 0.317971 0.79465
245000 0.119424 0.344361 0.329444 0.793229
246000 0.128333 0.352361 0.324745 0.805439
247000 0.13627 0.360622 0.328854 0.825746
248000 0.126501 0.350615 0.314222 0.791338
249000 0.129038 0.346248 0.321657 0.796943
250000 0.109054 0.344231 0.318039 0.771324
251000 0.12823 0.342172 0.325653 0.796054
252000 0.123313 0.341101 0.31776 0.782175
253000 0.115069 0.339304 0.318747 0.77312
254000 0.128345 0.338731 0.309268 0.776344
255000 0.118237 0.35193 0.323353 0.79352
256000 0.120969 0.338243 0.332269 0.791482
257000 0.12595 0.346803 0.32459 0.797343
258000 0.129319 0.343656 0.311098 0.784073
259000 0.12414 0.3503 0.303999 0.778439
260000 0.139302 0.336234 0.309189 0.784725
261000 0.118873 0.355298 0.308639 0.78281
262000 0.131178 0.353881 0.300513 0.785573
263000 0.132013 0.384269 0.31551 0.831792
264000 0.119007 0.36281 0.318667 0.800484
265000 0.130935 0.373894 0.317795 0.822624
266000 0.122705 0.368886 0.325134 0.816725
267000 0.114167 0.355856 0.320978 0.791001
268000 0.127302 0.381927 0.331343 0.840572
269000 0.126991 0.379994 0.316051 0.823036
270000 0.129699 0.384384 0.32502 0.839103
271000 0.141429 0.391411 0.322258 0.855097
272000 0.138656 0.376184 0.324971 0.839812
273000 0.123901 0.393564 0.346495 0.86396
274000 0.118859 0.377318 0.351203 0.84738
275000 0.121933 0.382074 0.341342 0.845349
276000 0.125362 0.381305 0.345201 0.851868
277000 0.125093 0.377495 0.351251 0.853839
278000 0.127748 0.379959 0.349437 0.857145
279000 0.130666 0.377606 0.344616 0.852888
280000 0.131381 0.40325 0.336596 0.871227
281000 0.135318 0.394304 0.34703 0.876652
282000 0.138113 0.405922 0.326803 0.870837
283000 0.124256 0.386362 0.329916 0.840534
284000 0.129153 0.384221 0.341278 0.854651
285000 0.12136 0.395857 0.34019 0.857408
286000 0.13004 0.368112 0.340443 0.838594
287000 0.124034 0.386167 0.335498 0.8457
288000 0.127069 0.384212 0.339206 0.850486
289000 0.126198 0.386372 0.343733 0.856303
290000 0.125362 0.394391 0.359711 0.879464
291000 0.125079 0.371953 0.35695 0.853982
292000 0.137475 0.373636 0.336297 0.847409
293000 0.119152 0.380423 0.337218 0.836792
294000 0.127411 0.385575 0.340227 0.853213
295000 0.135664 0.384094 0.357125 0.876884
296000 0.123994 0.37601 0.349976 0.849981
297000 0.132607 0.388118 0.320724 0.841449
298000 0.129027 0.396462 0.34106 0.866549
299000 0.12829 0.372721 0.342967 0.843978
300000 0.127551 0.393474 0.36664 0.887664
301000 0.139904 0.409419 0.353629 0.902951
302000 0.125053 0.39048 0.344189 0.859722
303000 0.134504 0.380474 0.330146 0.845124
304000 0.127922 0.3925 0.359656 0.880078
305000 0.13133 0.396714 0.365242 0.893286
306000 0.126238 0.395579 0.347262 0.869079
307000 0.122428 0.394233 0.337063 0.853724
308000 0.132723 0.400732 0.36051 0.893964
309000 0.135071 0.384279 0.373391 0.892741
310000 0.13771 0.389754 0.360186 0.88765
311000 0.13925 0.391223 0.354439 0.884912
312000 0.138862 0.395732 0.333379 0.867973
313000 0.133275 0.39556 0.349513 0.878348
314000 0.137562 0.387594 0.342273 0.867429
315000 0.137203 0.41978 0.366289 0.923272
316000 0.132172 0.402986 0.371954 0.907111
317000 0.134384 0.398491 0.359857 0.892732
318000 0.132146 0.3995 0.356966 0.888612
319000 0.13813 0.405168 0.363049 0.906346
320000 0.13065 0.397987 0.384622 0.913258
321000 0.140732 0.387271 0.398029 0.926032
322000 0.14114 0.402305 0.393682 0.937127
323000 0.146668 0.391328 0.3692 0.907195
324000 0.140029 0.383474 0.376566 0.900069
325000 0.141086 0.393645 0.401427 0.936158
326000 0.129738 0.394637 0.425672 0.950047
327000 0.151502 0.406937 0.418421 0.97686
328000 0.136923 0.408044 0.400752 0.94572
329000 0.136052 0.390288 0.391778 0.918117
330000 0.141344 0.402871 0.401402 0.945617
331000 0.14161 0.413853 0.412889 0.968352
332000 0.139547 0.425829 0.40867 0.974047
333000 0.152762 0.410762 0.424587 0.988111
334000 0.147675 0.417017 0.388348 0.95304
335000 0.140857 0.397841 0.38613 0.924828
336000 0.144235 0.404346 0.408725 0.957306
337000 0.159602 0.401997 0.412395 0.973993
338000 0.164162 0.399363 0.397639 0.961164
339000 0.153702 0.413282 0.39788 0.964864
340000 0.151061 0.387932 0.387401 0.926394
341000 0.156719 0.404636 0.390207 0.951561
342000 0.156824 0.409802 0.389288 0.955914
343000 0.145109 0.400177 0.403731 0.949017
344000 0.15972 0.409885 0.399784 0.969389
345000 0.158398 0.410401 0.396327 0.965127
346000 0.143286 0.386308 0.39663 0.926224
347000 0.146042 0.406525 0.399407 0.951973
348000 0.14346 0.398755 0.390304 0.932519
349000 0.144981 0.410449 0.394466 0.949896
350000 0.152942 0.408909 0.394985 0.956836
351000 0.157565 0.413869 0.412975 0.98441
352000 0.157919 0.41139 0.412533 0.981841
353000 0.146793 0.398126 0.397774 0.942694
354000 0.142457 0.413432 0.402252 0.95814
355000 0.138266 0.424795 0.390514 0.953575
356000 0.152451 0.409018 0.416454 0.977923
357000 0.17129 0.441149 0.420472 1.03291
358000 0.159131 0.429995 0.411276 1.0004
359000 0.151223 0.418883 0.398336 0.968441
360000 0.150406 0.429172 0.40001 0.979589
361000 0.150083 0.415082 0.407778 0.972944
362000 0.157442 0.435944 0.412864 1.00625
363000 0.158105 0.430292 0.424415 1.01281
364000 0.158491 0.427846 0.422566 1.0089
365000 0.152668 0.420103 0.417183 0.989954
366000 0.15133 0.408536 0.424422 0.984288
367000 0.148546 0.435043 0.421253 1.00484
368000 0.151693 0.438586 0.437106 1.02738
369000 0.148469 0.423394 0.432668 1.00453
370000 0.145603 0.422784 0.437997 1.00638
371000 0.149996 0.416979 0.463898 1.03087
372000 0.150181 0.424601 0.446005 1.02079
373000 0.161828 0.421973 0.431912 1.01571
374000 0.153746 0.423469 0.444616 1.02183
375000 0.168006 0.436094 0.436496 1.0406
376000 0.158488 0.407415 0.43924 1.00514
377000 0.156865 0.429038 0.431813 1.01772
378000 0.173243 0.430129 0.451972 1.05534
379000 0.1606 0.459081 0.433384 1.05306
380000 0.176579 0.440459 0.427138 1.04418
381000 0.158582 0.451916 0.432112 1.04261
382000 0.154621 0.416165 0.429766 1.00055
383000 0.159391 0.429316 0.44775 1.03646
384000 0.162123 0.437003 0.4318 1.03093
385000 0.16336 0.425971 0.428851 1.01818
386000 0.157192 0.426134 0.454866 1.03819
387000 0.158602 0.443861 0.45654 1.059
388000 0.148508 0.422482 0.447724 1.01871
389000 0.150572 0.444174 0.468451 1.0632
390000 0.167144 0.45567 0.466229 1.08904
391000 0.155332 0.462937 0.463753 1.08202
392000 0.150641 0.434719 0.472605 1.05796
393000 0.14926 0.43511 0.463741 1.04811
394000 0.162094 0.445582 0.445444 1.05312
395000 0.162499 0.442878 0.452276 1.05765
396000 0.174249 0.46747 0.47598 1.1177
397000 0.153766 0.454643 0.497052 1.10546
398000 0.157346 0.458089 0.470732 1.08617
399000 0.160051 0.468019 0.459043 1.08711
400000 0.167442 0.464702 0.46614 1.09828
401000 0.165057 0.454378 0.459278 1.07871
402000 0.169577 0.454274 0.475256 1.09911
403000 0.162454 0.48102 0.48148 1.12495
404000 0.162378 0.461681 0.470352 1.09441
405000 0.161682 0.45059 0.46092 1.07319
406000 0.16628 0.477028 0.472103 1.11541
407000 0.157355 0.456386 0.482302 1.09604
408000 0.154055 0.475666 0.482437 1.11216
409000 0.159547 0.47077 0.486991 1.11731
410000 0.153885 0.472636 0.483562 1.11008
411000 0.153402 0.471524 0.478048 1.10297
412000 0.160274 0.483997 0.463622 1.10789
413000 0.165024 0.50113 0.48278 1.14893
414000 0.164996 0.463676 0.481971 1.11064
415000 0.16644 0.47744 0.474196 1.11808
416000 0.156312 0.471464 0.487247 1.11502
417000 0.150725 0.472013 0.472924 1.09566
418000 0.16103 0.474537 0.489063 1.12463
419000 0.156711 0.48462 0.480153 1.12148
420000 0.158546 0.479753 0.495463 1.13376
421000 0.168107 0.49692 0.5028 1.16783
422000 0.156295 0.495428 0.493167 1.14489
423000 0.156927 0.476695 0.492571 1.12619
424000 0.164835 0.479189 0.49501 1.13903
425000 0.156241 0.486172 0.510855 1.15327
426000 0.154252 0.476157 0.49098 1.12139
427000 0.16289 0.49382 0.499804 1.15651
428000 0.160566 0.48423 0.509014 1.15381
429000 0.177416 0.484285 0.523221 1.18492
430000 0.154371 0.487211 0.523796 1.16538
431000 0.167051 0.48654 0.522644 1.17623
432000 0.157323 0.489365 0.52802 1.17471
433000 0.166591 0.474643 0.508857 1.15009
434000 0.161047 0.479558 0.506226 1.14683
435000 0.160326 0.492846 0.51925 1.17242
436000 0.165142 0.486353 0.540785 1.19228
437000 0.165665 0.484735 0.543986 1.19439
438000 0.155104 0.484963 0.535512 1.17558
439000 0.154093 0.485388 0.537476 1.17696
440000 0.157585 0.492919 0.543661 1.19417
441000 0.168871 0.483716 0.536851 1.18944
442000 0.156962 0.484503 0.532943 1.17441
443000 0.160624 0.480067 0.53405 1.17474
444000 0.164536 0.487747 0.537496 1.18978
445000 0.151429 0.47781 0.527952 1.15719
446000 0.161196 0.502638 0.546687 1.21052
447000 0.160581 0.487502 0.535263 1.18335
448000 0.16298 0.48292 0.540463 1.18636
449000 0.167397 0.488567 0.539339 1.1953
450000 0.165878 0.504391 0.532304 1.20257
451000 0.172427 0.476933 0.554017 1.20338
452000 0.158916 0.477934 0.561649 1.1985
453000 0.16661 0.495313 0.571778 1.2337
454000 0.185929 0.485488 0.564162 1.23558
455000 0.186933 0.503087 0.564596 1.25462
456000 0.170077 0.485474 0.558733 1.21428
457000 0.170005 0.516478 0.615115 1.3016
458000 0.158541 0.498232 0.587745 1.24452
459000 0.187596 0.513213 0.579159 1.27997
460000 0.184757 0.528667 0.580774 1.2942
461000 0.179674 0.525553 0.579912 1.28514
462000 0.179786 0.536134 0.639584 1.3555
463000 0.179778 0.533342 0.588193 1.30131
464000 0.168777 0.528733 0.586335 1.28384
465000 0.165976 0.482802 0.584393 1.23317
466000 0.174936 0.493824 0.592357 1.26112
467000 0.162188 0.5148 0.63441 1.3114
468000 0.18131 0.522878 0.618955 1.32314
469000 0.173254 0.527493 0.589678 1.29043
470000 0.171384 0.499257 0.592092 1.26273
471000 0.168344 0.50986 0.591001 1.2692
472000 0.171795 0.501197 0.600317 1.27331
473000 0.171595 0.509279 0.594261 1.27514
474000 0.161432 0.507151 0.589273 1.25786
475000 0.170236 0.498292 0.598248 1.26678
476000 0.162188 0.499729 0.595584 1.2575
477000 0.156999 0.510618 0.61372 1.28134
478000 0.166806 0.494219 0.591154 1.25218
479000 0.16649 0.518878 0.591481 1.27685
480000 0.179985 0.522692 0.598645 1.30132
481000 0.178269 0.527493 0.611371 1.31713
482000 0.172963 0.51207 0.597279 1.28231
483000 0.160903 0.5053 0.580057 1.24626
484000 0.17204 0.510864 0.585 1.2679
485000 0.177554 0.526211 0.605511 1.30928
486000 0.180468 0.525527 0.606009 1.312
487000 0.184722 0.529182 0.603035 1.31694
488000 0.164582 0.563921 0.590735 1.31924
489000 0.176898 0.543367 0.603961 1.32422
490000 0.167543 0.528098 0.629699 1.32534
491000 0.171329 0.521792 0.609087 1.30221
492000 0.177388 0.519841 0.658032 1.35526
493000 0.166001 0.558706 0.610567 1.33527
494000 0.170492 0.519961 0.603094 1.29355
495000 0.168477 0.520756 0.63827 1.3275
496000 0.177756 0.548261 0.613627 1.33964
497000 0.171928 0.537312 0.636415 1.34566
498000 0.189517 0.566236 0.627438 1.38319
499000 0.186662 0.537793 0.611394 1.33585
500000 0.184612 0.560247 0.603211 1.34807
501000 0.181842 0.530171 0.62186 1.33387
502000 0.196125 0.552048 0.619428 1.3676
503000 0.190653 0.549905 0.606837 1.3474
504000 0.190268 0.531793 0.591799 1.31386
505000 0.176966 0.544726 0.602337 1.32403
506000 0.180874 0.547172 0.598807 1.32685
507000 0.187438 0.549774 0.622107 1.35932
508000 0.190085 0.549811 0.608576 1.34847
509000 0.183162 0.550676 0.615321 1.34916
510000 0.183586 0.545071 0.605956 1.33461
511000 0.198391 0.563539 0.59852 1.36045
512000 0.195336 0.565659 0.63709 1.39808
513000 0.195572 0.543224 0.615405 1.3542
514000 0.207677 0.560321 0.613017 1.38101
515000 0.206433 0.554969 0.615169 1.37657
516000 0.192992 0.548182 0.604506 1.34568
517000 0.195893 0.547245 0.644924 1.38806
518000 0.205682 0.569714 0.637329 1.41272
519000 0.205666 0.562441 0.63453 1.40264
520000 0.194078 0.550551 0.618205 1.36283
521000 0.192677 0.5654 0.626451 1.38453
522000 0.208608 0.57239 0.62762 1.40862
523000 0.205505 0.54901 0.612654 1.36717
524000 0.193727 0.560779 0.618777 1.37328
525000 0.190936 0.560825 0.614566 1.36633
526000 0.20745 0.557862 0.632917 1.39823
527000 0.201069 0.551196 0.61304 1.36531
528000 0.204933 0.568903 0.629456 1.40329
529000 0.201897 0.551117 0.635066 1.38808
530000 0.214893 0.565322 0.615621 1.39584
531000 0.195351 0.551009 0.628403 1.37476
532000 0.197194 0.553438 0.618172 1.3688
533000 0.186551 0.557369 0.623203 1.36712
534000 0.199839 0.572746 0.643402 1.41599
535000 0.20605 0.555511 0.635989 1.39755
536000 0.197033 0.558058 0.637079 1.39217
537000 0.212473 0.571225 0.63364 1.41734
538000 0.197927 0.570455 0.619278 1.38766
539000 0.209505 0.572196 0.65028 1.43198
540000 0.21607 0.562838 0.622167 1.40107
541000 0.205868 0.570871 0.629627 1.40637
542000 0.191479 0.560951 0.636186 1.38862
543000 0.201915 0.572001 0.622185 1.3961
544000 0.207378 0.565604 0.651042 1.42402
545000 0.203893 0.576276 0.639965 1.42013
546000 0.20541 0.57855 0.655216 1.43918
547000 0.203628 0.567277 0.610627 1.38153
548000 0.211187 0.591716 0.628685 1.43159
549000 0.210841 0.558764 0.649107 1.41871
550000 0.213319 0.570666 0.663748 1.44773
551000 0.221246 0.582422 0.647809 1.45148
552000 0.19679 0.571976 0.616643 1.38541
553000 0.207332 0.560342 0.618628 1.3863
554000 0.202367 0.583915 0.661933 1.44822
555000 0.209121 0.591785 0.671977 1.47288
556000 0.213712 0.589455 0.653339 1.4565
557000 0.209483 0.574469 0.642405 1.42636
558000 0.202253 0.559613 0.646273 1.40814
559000 0.201677 0.577443 0.647915 1.42703
560000 0.219134 0.57752 0.635089 1.43174
561000 0.222523 0.591391 0.677553 1.49147
562000 0.20295 0.577377 0.64725 1.42758
563000 0.206936 0.582235 0.632939 1.42211
564000 0.203442 0.572995 0.625845 1.40228
565000 0.216174 0.578638 0.642759 1.43757
566000 0.213357 0.588177 0.671359 1.47289
567000 0.200622 0.597184 0.653626 1.45143
568000 0.196002 0.592689 0.646106 1.4348
569000 0.198082 0.567264 0.632945 1.39829
570000 0.209421 0.588782 0.634629 1.43283
571000 0.202826 0.57523 0.682227 1.46028
572000 0.202675 0.626267 0.675282 1.50422
573000 0.209647 0.600022 0.657663 1.46733
574000 0.208798 0.601704 0.654739 1.46524
575000 0.214671 0.59062 0.669353 1.47464
576000 0.225054 0.593004 0.686241 1.5043
577000 0.213077 0.618545 0.66281 1.49443
578000 0.211269 0.578056 0.644624 1.43395
579000 0.197557 0.594987 0.651007 1.44355
580000 0.203621 0.585266 0.685668 1.47456
581000 0.220351 0.606239 0.667689 1.49428
582000 0.212567 0.605786 0.659586 1.47794
583000 0.212409 0.595774 0.671236 1.47942
584000 0.203692 0.582749 0.647756 1.4342
585000 0.208499 0.603767 0.665387 1.47765
586000 0.220246 0.599934 0.668172 1.48835
587000 0.20765 0.601524 0.665334 1.47451
588000 0.220148 0.590129 0.649894 1.46017
589000 0.206727 0.600319 0.666697 1.47374
590000 0.208097 0.597002 0.671153 1.47625
591000 0.213276 0.603855 0.667213 1.48434
592000 0.219643 0.617444 0.683189 1.52028
593000 0.214998 0.599127 0.688106 1.50223
594000 0.208442 0.622213 0.673759 1.50441
595000 0.21016 0.607422 0.661494 1.47908
596000 0.215723 0.606329 0.669946 1.492
597000 0.211924 0.612585 0.678286 1.5028
598000 0.207303 0.608901 0.696793 1.513
599000 0.215316 0.618669 0.697808 1.53179
600000 0.201053 0.602677 0.674643 1.47837
601000 0.199127 0.601504 0.659203 1.45983
602000 0.208726 0.621626 0.654699 1.48505
603000 0.213764 0.601408 0.684011 1.49918
604000 0.223355 0.639753 0.674174 1.53728
605000 0.235713 0.61877 0.683128 1.53761
606000 0.207442 0.631374 0.708277 1.54709
607000 0.209429 0.611157 0.703718 1.5243
608000 0.204549 0.617672 0.67778 1.5
609000 0.217297 0.631913 0.66665 1.51586
610000 0.220725 0.643563 0.676828 1.54112
611000 0.223008 0.64904 0.665226 1.53727
612000 0.220218 0.609043 0.670422 1.49968
613000 0.228669 0.613843 0.663252 1.50576
614000 0.214524 0.626227 0.68095 1.5217
615000 0.221943 0.632609 0.681259 1.53581
616000 0.22023 0.62371 0.677158 1.5211
617000 0.222473 0.633502 0.679041 1.53502
618000 0.23496 0.63507 0.676696 1.54673
619000 0.222438 0.627428 0.683799 1.53367
620000 0.213843 0.621103 0.687903 1.52285
621000 0.228698 0.630125 0.676683 1.53551
622000 0.22417 0.635394 0.696721 1.55628
623000 0.250511 0.639884 0.695726 1.58612
624000 0.220072 0.636308 0.699019 1.5554
625000 0.221626 0.634666 0.689745 1.54604
626000 0.221697 0.643476 0.688462 1.55363
627000 0.238737 0.655554 0.706995 1.60129
628000 0.233746 0.652178 0.693949 1.57987
629000 0.219125 0.65549 0.715218 1.58983
630000 0.23692 0.675118 0.70383 1.61587
631000 0.219735 0.665243 0.691803 1.57678
632000 0.239241 0.665976 0.70246 1.60768
633000 0.233595 0.654426 0.697218 1.58524
634000 0.219126 0.642816 0.713419 1.57536
635000 0.226942 0.630643 0.697127 1.55471
636000 0.232286 0.649593 0.691861 1.57374
637000 0.222146 0.646999 0.699096 1.56824
638000 0.236686 0.682948 0.697986 1.61762
639000 0.224126 0.664767 0.691776 1.58067
640000 0.228222 0.650389 0.698419 1.57703
641000 0.232065 0.641078 0.702598 1.57574
642000 0.22158 0.664341 0.71309 1.59901
643000 0.22413 0.661186 0.713516 1.59883
644000 0.230725 0.666123 0.683813 1.58066
645000 0.236611 0.665399 0.69611 1.59812
646000 0.223366 0.652793 0.72239 1.59855
647000 0.246763 0.661197 0.699923 1.60788
648000 0.228842 0.643908 0.711096 1.58385
649000 0.219178 0.653168 0.705712 1.57806
650000 0.226025 0.662202 0.698203 1.58643
651000 0.230734 0.670838 0.702609 1.60418
652000 0.23313 0.657808 0.699326 1.59026
653000 0.235954 0.663424 0.702777 1.60216
654000 0.221647 0.663791 0.70977 1.59521
655000 0.230235 0.656964 0.717257 1.60446
656000 0.233844 0.655803 0.713317 1.60296
657000 0.226413 0.691722 0.714343 1.63248
658000 0.229574 0.666343 0.702862 1.59878
659000 0.23536 0.647017 0.719677 1.60205
660000 0.246067 0.662862 0.730081 1.63901
661000 0.242536 0.647858 0.71677 1.60716
662000 0.249323 0.683729 0.695818 1.62887
663000 0.241283 0.683076 0.714945 1.6393
664000 0.233515 0.664937 0.718538 1.61699
665000 0.232606 0.640911 0.718806 1.59232
666000 0.24803 0.672916 0.712855 1.6338
667000 0.243578 0.664852 0.714603 1.62303
668000 0.239983 0.684054 0.713191 1.63723
669000 0.234096 0.658656 0.700307 1.59306
670000 0.232973 0.668598 0.73323 1.6348
671000 0.235798 0.674858 0.709368 1.62002
672000 0.231557 0.669547 0.722438 1.62354
673000 0.242692 0.675248 0.730632 1.64857
674000 0.241377 0.684753 0.72191 1.64804
675000 0.241127 0.663519 0.727329 1.63198
676000 0.22486 0.666612 0.743253 1.63472
677000 0.239012 0.675789 0.72592 1.64072
678000 0.244282 0.676288 0.715758 1.63633
679000 0.240084 0.671337 0.725135 1.63656
680000 0.235128 0.666774 0.722035 1.62394
681000 0.253777 0.694891 0.738127 1.6868
682000 0.245459 0.676427 0.740265 1.66215
683000 0.24047 0.678719 0.725985 1.64517
684000 0.260318 0.68265 0.704262 1.64723
685000 0.248557 0.685833 0.712601 1.64699
686000 0.244816 0.667951 0.715294 1.62806
687000 0.248747 0.676131 0.720705 1.64558
688000 0.249299 0.685397 0.716601 1.6513
689000 0.244228 0.686566 0.736615 1.66741
690000 0.251212 0.677386 0.717477 1.64607
691000 0.258401 0.714008 0.71735 1.68976
692000 0.247475 0.69449 0.738084 1.68005
693000 0.253507 0.70637 0.729249 1.68913
694000 0.263848 0.681223 0.720569 1.66564
695000 0.259903 0.678138 0.729621 1.66766
696000 0.26848 0.694994 0.734302 1.69778
697000 0.25624 0.675706 0.726887 1.65883
698000 0.250617 0.687092 0.74372 1.68143
699000 0.261918 0.697745 0.741137 1.7008
700000 0.250856 0.708803 0.74781 1.70747
701000 0.252596 0.702668 0.744622 1.69989
702000 0.251803 0.69325 0.733039 1.67809
703000 0.260136 0.691887 0.739613 1.69164
704000 0.256268 0.703646 0.722015 1.68193
705000 0.25921 0.7043 0.735749 1.69926
706000 0.259843 0.711067 0.732878 1.70379
707000 0.250106 0.721226 0.745987 1.71732
708000 0.264222 0.730291 0.770386 1.7649
709000 0.25422 0.706094 0.770985 1.7313
710000 0.254514 0.711133 0.74947 1.71512
711000 0.251686 0.726442 0.74887 1.727
712000 0.271847 0.723135 0.745371 1.74035
713000 0.254615 0.687286 0.744454 1.68635
714000 0.257078 0.71899 0.744372 1.72044
715000 0.258321 0.708414 0.757027 1.72376
716000 0.251452 0.725434 0.774433 1.75132
717000 0.25636 0.719934 0.752065 1.72836
718000 0.253428 0.726316 0.769225 1.74897
719000 0.252657 0.714787 0.764085 1.73153
720000 0.249836 0.727879 0.76571 1.74343
721000 0.25051 0.713957 0.754884 1.71935
722000 0.257161 0.707998 0.770429 1.73559
723000 0.269315 0.717492 0.761992 1.7488
724000 0.269973 0.719475 0.761474 1.75092
725000 0.258032 0.712411 0.773622 1.74407
726000 0.26239 0.717887 0.78406 1.76434
727000 0.268566 0.736335 0.777404 1.7823
728000 0.260243 0.705971 0.785037 1.75125
729000 0.25808 0.740522 0.772842 1.77144
730000 0.254574 0.733384 0.776503 1.76446
731000 0.259014 0.732945 0.783716 1.77567
732000 0.261747 0.733928 0.77849 1.77416
733000 0.256146 0.717597 0.783119 1.75686
734000 0.263077 0.737563 0.817286 1.81793
735000 0.265524 0.74288 0.79574 1.80414
736000 0.276071 0.748067 0.786241 1.81038
737000 0.259537 0.718203 0.768483 1.74622
738000 0.266387 0.737535 0.789435 1.79336
739000 0.251597 0.73486 0.780449 1.76691
740000 0.276994 0.725878 0.823638 1.82651
741000 0.257287 0.733231 0.783854 1.77437
742000 0.266167 0.72786 0.782485 1.77651
743000 0.263053 0.736548 0.761944 1.76155
744000 0.257585 0.721152 0.799244 1.77798
745000 0.259569 0.739867 0.805992 1.80543
746000 0.269006 0.743311 0.798048 1.81036
747000 0.27059 0.726195 0.790713 1.7875
748000 0.264169 0.726532 0.793975 1.78468
749000 0.252805 0.748046 0.796319 1.79717
750000 0.270955 0.727457 0.785087 1.7835
751000 0.259191 0.738843 0.78863 1.78666
752000 0.263952 0.742174 0.796719 1.80284
753000 0.271632 0.721601 0.789677 1.78291
754000 0.263674 0.743459 0.798911 1.80604
755000 0.274006 0.763452 0.811281 1.84874
756000 0.272904 0.733052 0.803883 1.80984
757000 0.266595 0.767516 0.793681 1.82779
758000 0.276762 0.76049 0.805194 1.84245
759000 0.259217 0.73823 0.790807 1.78825
760000 0.271774 0.748241 0.804105 1.82412
761000 0.264238 0.75002 0.826247 1.8405
762000 0.27588 0.778439 0.815234 1.86955
763000 0.285249 0.788718 0.814168 1.88813
764000 0.27233 0.761577 0.798222 1.83213
765000 0.273572 0.764224 0.798939 1.83673
766000 0.282107 0.76671 0.797189 1.84601
767000 0.265402 0.746802 0.814367 1.82657
768000 0.270302 0.771903 0.800767 1.84297
769000 0.271875 0.75293 0.801644 1.82645
770000 0.278305 0.779467 0.821399 1.87917
771000 0.276848 0.756782 0.827872 1.8615
772000 0.279703 0.773894 0.804854 1.85845
773000 0.269791 0.781755 0.832864 1.88441
774000 0.274836 0.773675 0.851583 1.90009
775000 0.27992 0.792672 0.838385 1.91098
776000 0.279103 0.778621 0.840732 1.89846
777000 0.267957 0.752913 0.862894 1.88376
778000 0.284136 0.776445 0.838623 1.8992
779000 0.276341 0.773042 0.86623 1.91561
780000 0.284296 0.76982 0.854959 1.90907
781000 0.285696 0.777009 0.863079 1.92578
782000 0.277872 0.777702 0.872368 1.92794
783000 0.281588 0.798065 0.885147 1.9648
784000 0.281502 0.777812 0.875855 1.93517
785000 0.271778 0.794819 0.880917 1.94751
786000 0.276543 0.781603 0.867205 1.92535
787000 0.292412 0.779846 0.8525 1.92476
788000 0.286636 0.778019 0.850402 1.91506
789000 0.290968 0.766307 0.859811 1.91709
790000 0.29216 0.796647 0.827544 1.91635
791000 0.277455 0.799955 0.843133 1.92054
792000 0.283917 0.794033 0.825398 1.90335
793000 0.279218 0.789139 0.854877 1.92323
794000 0.266524 0.79778 0.851011 1.91532
795000 0.298845 0.792644 0.838922 1.93041
796000 0.310428 0.789287 0.849818 1.94953
797000 0.284821 0.798647 0.87688 1.96035
798000 0.291346 0.788297 0.847133 1.92678
799000 0.278479 0.801027 0.888279 1.96779
800000 0.280748 0.751068 0.864991 1.89681
801000 0.293654 0.791403 0.844109 1.92917
802000 0.296242 0.78653 0.856472 1.93924
803000 0.325056 0.784663 0.875708 1.98543
804000 0.276263 0.802684 0.867764 1.94671
805000 0.284527 0.795667 0.867408 1.9476
806000 0.277263 0.794835 0.865074 1.93717
807000 0.288792 0.817003 0.876463 1.98226
808000 0.30987 0.817491 0.86464 1.992
809000 0.272595 0.813922 0.874583 1.9611
810000 0.284364 0.802657 0.857107 1.94413
811000 0.280736 0.826797 0.86569 1.97322
812000 0.281154 0.820957 0.871891 1.974
813000 0.290966 0.811697 0.878005 1.98067
814000 0.297767 0.831772 0.886533 2.01607
815000 0.303566 0.836862 0.87105 2.01148
816000 0.286581 0.828066 0.864431 1.97908
817000 0.289109 0.843711 0.872683 2.0055
818000 0.286981 0.834934 0.861776 1.98369
819000 0.292847 0.85138 0.868799 2.01303
820000 0.297362 0.826792 0.876581 2.00073
821000 0.326618 0.852866 0.877574 2.05706
822000 0.297078 0.827038 0.875722 1.99984
823000 0.283626 0.838701 0.870674 1.993
824000 0.292949 0.823846 0.85833 1.97513
825000 0.326444 0.825413 0.858763 2.01062
826000 0.322951 0.84307 0.896126 2.06215
827000 0.327265 0.869691 0.897367 2.09432
828000 0.286423 0.883489 0.877168 2.04708
829000 0.29203 0.850475 0.850089 1.99259
830000 0.308772 0.863013 0.905246 2.07703
831000 0.298952 0.877212 0.890137 2.0663
832000 0.296968 0.84716 0.886169 2.0303
833000 0.296363 0.896465 0.880733 2.07356
834000 0.283357 0.870062 0.886167 2.03959
835000 0.293384 0.855592 0.891555 2.04053
836000 0.298153 0.867551 0.893967 2.05967
837000 0.302077 0.865561 0.894916 2.06255
838000 0.310869 0.913226 0.888667 2.11276
839000 0.297692 0.878962 0.876954 2.05361
840000 0.297317 0.882559 0.880578 2.06045
841000 0.297135 0.873368 0.880628 2.05113
842000 0.307995 0.862426 0.900979 2.0714
843000 0.302604 0.882308 0.889502 2.07441
844000 0.291969 0.842651 0.891608 2.02623
845000 0.284628 0.881578 0.926854 2.09306
846000 0.297066 0.875269 0.888152 2.06049
847000 0.300552 0.869407 0.900828 2.07079
848000 0.306506 0.922703 0.92065 2.14986
849000 0.305465 0.887017 0.921446 2.11393
850000 0.291757 0.902129 0.908598 2.10248
851000 0.303119 0.899774 0.921362 2.12425
852000 0.29812 0.893706 0.902259 2.09408
853000 0.304815 0.897788 0.93814 2.14074
854000 0.312813 0.907675 0.909396 2.12988
855000 0.302741 0.924215 0.920244 2.1472
856000 0.309534 0.929272 0.928838 2.16764
857000 0.30345 0.893888 0.95249 2.14983
858000 0.294624 0.931352 0.921104 2.14708
859000 0.299526 0.936844 0.923175 2.15954
860000 0.307046 0.915896 0.942917 2.16586
861000 0.317424 0.914041 0.945587 2.17705
862000 0.306895 0.909258 0.944499 2.16065
863000 0.290533 0.913921 0.933391 2.13784
864000 0.299723 0.916819 0.939092 2.15563
865000 0.319839 0.927727 0.935587 2.18315
866000 0.311371 0.893063 0.921896 2.12633
867000 0.299547 0.91128 0.949193 2.16002
868000 0.29175 0.919539 0.94383 2.15512
869000 0.299246 0.920223 0.935056 2.15453
870000 0.311886 0.91545 0.943401 2.17074
871000 0.326307 0.913623 0.938574 2.1785
872000 0.309645 0.917205 0.963636 2.19049
873000 0.295074 0.945994 0.944386 2.18545
874000 0.304764 0.928026 0.954084 2.18687
875000 0.314422 0.927649 0.947979 2.19005
876000 0.304937 0.934235 0.949961 2.18913
877000 0.312851 0.941428 0.97292 2.2272
878000 0.337113 0.918175 0.955246 2.21053
879000 0.318332 0.942537 0.974768 2.23564
880000 0.305216 0.930828 0.96541 2.20145
881000 0.313148 0.946272 0.960908 2.22033
882000 0.309975 0.945468 0.976025 2.23147
883000 0.322173 0.93168 0.986557 2.24041
884000 0.336944 0.974849 0.951982 2.26377
885000 0.309666 0.958422 0.969539 2.23763
886000 0.310226 0.942226 0.959871 2.21232
887000 0.319888 0.950346 0.980051 2.25029
888000 0.313513 0.929414 0.970501 2.21343
889000 0.306414 0.945435 0.98091 2.23276
890000 0.316707 0.962074 0.963041 2.24182
891000 0.311277 0.945087 0.973148 2.22951
892000 0.316358 0.916232 0.997041 2.22963
893000 0.30852 0.970392 0.984644 2.26356
894000 0.316502 0.952188 0.978242 2.24693
895000 0.325643 0.928772 0.993714 2.24813
896000 0.319036 0.951383 0.983785 2.2542
897000 0.297125 0.936717 1.00286 2.2367
898000 0.31875 0.920696 0.991453 2.2309
899000 0.326254 0.970829 0.991287 2.28837
900000 0.324315 0.955498 0.987515 2.26733
901000 0.321852 0.963511 1.00633 2.29169
902000 0.315996 0.981693 0.991199 2.28889
903000 0.317697 0.96623 0.968233 2.25216
904000 0.309715 0.977129 1.0245 2.31134
905000 0.317268 0.980798 0.99883 2.2969
906000 0.327589 1.00394 0.988079 2.3196
907000 0.326379 0.981075 0.99143 2.29888
908000 0.313929 0.940785 0.980425 2.23514
909000 0.31818 0.974711 1.00609 2.29898
910000 0.315967 0.964231 1.01719 2.29739
911000 0.32251 0.99607 1.00874 2.32732
912000 0.319537 0.979528 1.02969 2.32876
913000 0.319254 0.969905 1.00671 2.29587
914000 0.323815 0.953149 1.02086 2.29782
915000 0.318538 0.976582 1.00987 2.30499
916000 0.320132 1.00004 1.00736 2.32753
917000 0.325108 0.9736 1.00183 2.30054
918000 0.311476 0.963029 0.999703 2.27421
919000 0.309605 0.940289 1.00336 2.25325
920000 0.31285 0.983254 1.00724 2.30334
921000 0.311121 1.02268 1.00842 2.34222
922000 0.321484 1.0085 1.01662 2.3466
923000 0.321114 0.979927 1.00698 2.30802
924000 0.323085 0.987118 1.02484 2.33504
925000 0.327031 0.968863 1.01564 2.31153
926000 0.3292 0.993388 1.0236 2.34619
927000 0.325772 0.983136 1.01125 2.32016
928000 0.323858 0.995628 1.04067 2.36015
929000 0.326004 0.965657 1.01132 2.30298
930000 0.328133 0.961901 1.02281 2.31285
931000 0.339264 0.996772 1.02489 2.36092
932000 0.318312 0.987153 1.04323 2.34869
933000 0.333649 0.981991 1.04732 2.36296
934000 0.32799 0.981447 1.05951 2.36895
935000 0.329102 0.96926 1.03814 2.3365
936000 0.331172 1.01078 1.06444 2.40639
937000 0.331398 0.970643 1.05356 2.3556
938000 0.32324 0.986832 1.08989 2.39996
939000 0.33856 0.977206 1.06259 2.37836
940000 0.331224 0.986743 1.09342 2.41139
941000 0.327249 0.980775 1.06457 2.37259
942000 0.32392 0.97241 1.06406 2.36039
943000 0.32294 0.989864 1.04609 2.35889
944000 0.321714 0.986471 1.05834 2.36653
945000 0.337524 0.966268 1.05576 2.35955
946000 0.333565 0.979039 1.06771 2.38031
947000 0.3442 0.987274 1.0535 2.38498
948000 0.335153 1.00153 1.07206 2.40875
949000 0.339135 0.998468 1.04455 2.38216
950000 0.320092 0.983954 1.06199 2.36603
951000 0.329246 0.981431 1.0693 2.37997
952000 0.325025 0.973146 1.07414 2.37231
953000 0.332426 1.00647 1.07356 2.41245
954000 0.329417 1.01374 1.0483 2.39145
955000 0.33812 0.972252 1.07725 2.38762
956000 0.346858 0.991573 1.06708 2.40551
957000 0.338024 0.977185 1.06288 2.37809
958000 0.344991 0.99742 1.0609 2.40332
959000 0.322272 0.98798 1.04669 2.35694
960000 0.325463 0.987504 1.05109 2.36406
961000 0.338618 1.00579 1.08209 2.4265
962000 0.327477 0.991469 1.09665 2.4156
963000 0.333987 1.00688 1.06748 2.40835
964000 0.329474 0.987994 1.08222 2.39969
965000 0.329621 0.968772 1.06262 2.36101
966000 0.333028 1.00925 1.08815 2.43043
967000 0.339978 0.9614 1.0677 2.36908
968000 0.331051 1.02169 1.07837 2.43111
969000 0.337158 0.973979 1.06315 2.37429
970000 0.341796 0.985823 1.05717 2.38479
971000 0.337475 1.01228 1.07425 2.42401
972000 0.331738 0.981707 1.05985 2.3733
973000 0.32887 1.01248 1.09998 2.44134
974000 0.331649 0.999085 1.05116 2.3819
975000 0.339937 1.0143 1.08283 2.43706
976000 0.344047 0.990904 1.07078 2.40573
977000 0.331963 0.962787 1.07589 2.37064
978000 0.34508 1.01211 1.0881 2.44529
979000 0.331414 1.00415 1.08852 2.42408
980000 0.349774 1.00185 1.08251 2.43414
981000 0.340114 0.998304 1.06831 2.40673
982000 0.345912 0.977031 1.07132 2.39426
983000 0.35983 0.985391 1.06555 2.41077
984000 0.346166 0.981732 1.07323 2.40112
985000 0.347502 0.988906 1.06977 2.40618
986000 0.354922 1.00756 1.07081 2.43329
987000 0.354589 0.983454 1.05532 2.39337
988000 0.361676 0.985708 1.0888 2.43618
989000 0.377492 0.991669 1.05615 2.42531
990000 0.361659 0.981404 1.06368 2.40674
991000 0.357051 0.994308 1.08229 2.43365
992000 0.349066 1.00136 1.09089 2.44131
993000 0.36324 0.9996 1.05796 2.4208
994000 0.395984 0.994573 1.06615 2.45671
995000 0.368711 0.980264 1.0585 2.40748
996000 0.343993 1.00811 1.07017 2.42227
997000 0.340607 1.0033 1.05433 2.39823
998000 0.348333 0.989117 1.07431 2.41176
999000 0.34822 1.00819 1.06073 2.41715
1000000 0.347627 1.01946 1.06781 2.4349
1001000 0.369962 1.00429 1.08889 2.46314
1002000 0.343826 0.99409 1.07365 2.41156
1003000 0.353083 1.01119 1.08278 2.44706
1004000 0.34581 0.987222 1.11258 2.44561
1005000 0.359015 1.00259 1.09166 2.45326
1006000 0.353414 1.00636 1.11577 2.47555
1007000 0.364916 1.02616 1.10065 2.49172
1008000 0.376807 1.04347 1.11484 2.53511
1009000 0.34579 1.01372 1.08771 2.44722
1010000 0.353808 0.99245 1.09212 2.43838
1011000 0.345618 1.01255 1.09671 2.45488
1012000 0.349778 1.02645 1.08548 2.46171
1013000 0.356425 1.07676 1.10237 2.53556
1014000 0.360252 1.05225 1.11834 2.53084
1015000 0.35385 1.05133 1.11131 2.51649
1016000 0.358329 1.02223 1.10941 2.48996
1017000 0.354445 1.03875 1.11562 2.50881
1018000 0.356276 1.04985 1.13382 2.53994
1019000 0.351957 1.04189 1.13089 2.52474
1020000 0.383002 1.05652 1.11182 2.55134
1021000 0.372689 1.04501 1.13118 2.54888
1022000 0.365492 1.03252 1.1504 2.54842
1023000 0.374825 1.04055 1.15151 2.56688
1024000 0.372901 1.06096 1.15032 2.58418
1025000 0.381583 1.08857 1.1234 2.59355
1026000 0.373504 1.06779 1.12253 2.56383
1027000 0.372598 1.05363 1.11252 2.53875
1028000 0.374691 1.0297 1.17448 2.57887
1029000 0.367733 1.04908 1.16588 2.58269
1030000 0.369505 1.07969 1.15525 2.60444
