# Time-averaged data for fix 1
# TimeStep c_msd_all[1] c_msd_all[2] c_msd_all[3] c_msd_all[4]
31000 0.0571247 0.0628503 0.0584175 0.178392
32000 0.0664973 0.0685564 0.061923 0.196977
33000 0.0634488 0.0746762 0.0672976 0.205423
34000 0.0706999 0.0889101 0.0763271 0.235937
35000 0.0672394 0.0674753 0.0822972 0.217012
36000 0.0627861 0.0667946 0.0699934 0.199574
37000 0.0632784 0.0686799 0.069941 0.201899
38000 0.06468 0.0635025 0.0683868 0.196569
39000 0.0673557 0.0716324 0.0590009 0.197989
40000 0.0707259 0.0727348 0.066182 0.209643
41000 0.0716771 0.0655337 0.070226 0.207437
42000 0.0643045 0.0713114 0.0652306 0.200846
43000 0.0680994 0.0684081 0.0600715 0.196579
44000 0.070279 0.0691541 0.0750246 0.214458
45000 0.0664142 0.0714232 0.0889336 0.226771
46000 0.0714995 0.077486 0.0828188 0.231804
47000 0.067891 0.0739109 0.078525 0.220327
48000 0.0729587 0.0756383 0.080109 0.228706
49000 0.0651957 0.0763174 0.0662458 0.207759
50000 0.0678635 0.0747131 0.0605366 0.203113
51000 0.0665747 0.0723952 0.0603204 0.19929
52000 0.066228 0.0675662 0.0689297 0.202724
53000 0.0649674 0.0726372 0.0748193 0.212424
54000 0.0709115 0.0714646 0.0722961 0.214672
55000 0.0646227 0.0691368 0.0799635 0.213723
56000 0.06832 0.0665818 0.0827052 0.217607
57000 0.0719338 0.0759444 0.0751689 0.223047
58000 0.0809601 0.0809615 0.0841792 0.246101
59000 0.0696807 0.0837055 0.0715037 0.22489
60000 0.0698117 0.0771554 0.0760448 0.223012
61000 0.0680291 0.0763323 0.0761976 0.220559
62000 0.0807775 0.0709891 0.0753173 0.227084
63000 0.073008 0.0737072 0.083634 0.230349
64000 0.0661646 0.0662449 0.0768381 0.209248
65000 0.0738844 0.0737929 0.0785846 0.226262
66000 0.0741418 0.0712254 0.0664464 0.211814
67000 0.0658527 0.0779862 0.0700511 0.21389
68000 0.0739038 0.0777985 0.0668601 0.218562
69000 0.0773033 0.0815416 0.0694902 0.228335
70000 0.080107 0.0831616 0.0663647 0.229633
71000 0.0787047 0.0730646 0.066424 0.218193
72000 0.0694719 0.0715661 0.0695299 0.210568
73000 0.0712784 0.0691422 0.0888026 0.229223
74000 0.0709604 0.0685556 0.0767732 0.216289
75000 0.0750177 0.0702798 0.0662413 0.211539
76000 0.0829588 0.0828236 0.0720397 0.237822
77000 0.0762727 0.075602 0.077321 0.229196
78000 0.0820328 0.076899 0.0740735 0.233005
79000 0.0721666 0.0737485 0.0827963 0.228711
80000 0.0727285 0.0698953 0.0863129 0.228937
81000 0.0755375 0.0714979 0.0778905 0.224926
82000 0.0714852 0.0675373 0.0797896 0.218812
83000 0.0854249 0.0759292 0.075976 0.23733
84000 0.0705453 0.0727848 0.0743551 0.217685
85000 0.0743617 0.0727926 0.0698905 0.217045
86000 0.0772413 0.0772753 0.0752846 0.229801
87000 0.0773273 0.0756725 0.0643641 0.217364
88000 0.0782224 0.0796375 0.0698007 0.227661
89000 0.0721327 0.0781929 0.0748018 0.225127
90000 0.0745468 0.0761219 0.0806568 0.231325
91000 0.0759446 0.0690829 0.0805923 0.22562
92000 0.0801677 0.0747493 0.082455 0.237372
93000 0.0823734 0.0835074 0.0851151 0.250996
94000 0.0720645 0.0782536 0.0806512 0.230969
95000 0.0866357 0.0763676 0.083363 0.246366
96000 0.0814604 0.069573 0.0810891 0.232122
97000 0.0872442 0.0814487 0.0861592 0.254852
98000 0.0844255 0.0803667 0.0906063 0.255399
99000 0.0788787 0.082734 0.0896589 0.251272
100000 0.078047 0.0757444 0.0859679 0.239759
101000 0.0903827 0.0797905 0.0900238 0.260197
102000 0.0852084 0.0787426 0.092649 0.2566
103000 0.0843091 0.0733674 0.0899699 0.247647
104000 0.0893948 0.0820387 0.0842887 0.255722
105000 0.0905006 0.0788084 0.0926501 0.261959
106000 0.0845567 0.0772228 0.0873369 0.249116
107000 0.0851454 0.0763353 0.0911518 0.252632
108000 0.0825091 0.0820473 0.0901975 0.254754
109000 0.0899891 0.0815739 0.0913532 0.262916
110000 0.0819559 0.0700314 0.0855821 0.237569
111000 0.0839546 0.0797485 0.0864745 0.250178
112000 0.0844378 0.0797923 0.0803795 0.24461
113000 0.0834131 0.0790103 0.0900214 0.252445
114000 0.0847425 0.0820826 0.0843057 0.251131
115000 0.0944193 0.080616 0.0928329 0.267868
116000 0.0785139 0.0699925 0.0888144 0.237321
117000 0.0840959 0.0879499 0.0916145 0.26366
118000 0.0917297 0.0715806 0.102304 0.265614
119000 0.0845766 0.0775614 0.0899309 0.252069
120000 0.0914483 0.0855484 0.0975169 0.274514
121000 0.0846284 0.0748175 0.0933483 0.252794
122000 0.0867934 0.084725 0.0942733 0.265792
123000 0.0828893 0.0785879 0.0926152 0.254092
124000 0.0853003 0.070944 0.0867595 0.243004
125000 0.0819902 0.077506 0.080718 0.240214
126000 0.0892109 0.0772366 0.0995373 0.265985
127000 0.0891866 0.0804903 0.0985611 0.268238
128000 0.0819929 0.0804006 0.103006 0.265399
129000 0.0861076 0.07573 0.104234 0.266072
130000 0.0829331 0.0879586 0.0971316 0.268023
131000 0.101985 0.0965748 0.0978246 0.296385
132000 0.0843353 0.0879746 0.107301 0.279611
133000 0.0861056 0.07981 0.0903209 0.256236
134000 0.0857276 0.0829004 0.0969979 0.265626
135000 0.0832619 0.0798697 0.105437 0.268569
136000 0.0879273 0.0808046 0.0994441 0.268176
137000 0.0854706 0.0828373 0.099948 0.268256
138000 0.0891123 0.0788791 0.0978057 0.265797
139000 0.0847323 0.0756993 0.108454 0.268886
140000 0.0799367 0.0829885 0.102395 0.26532
141000 0.0866555 0.0858423 0.0919581 0.264456
142000 0.0822844 0.0855797 0.0982494 0.266113
143000 0.0808646 0.0753124 0.0852923 0.241469
144000 0.0869055 0.0784766 0.085084 0.250466
145000 0.083139 0.0776851 0.0941061 0.25493
146000 0.0851527 0.0772211 0.0952208 0.257595
147000 0.0885273 0.0838337 0.0937361 0.266097
148000 0.0797835 0.077959 0.105277 0.26302
149000 0.0868159 0.0801932 0.0833966 0.250406
150000 0.0927511 0.0862347 0.0926378 0.271624
151000 0.0817345 0.083957 0.0924212 0.258113
152000 0.0853923 0.0864971 0.0903637 0.262253
153000 0.0888965 0.0811878 0.0915237 0.261608
154000 0.0825883 0.0757354 0.0983942 0.256718
155000 0.0967102 0.0833387 0.0982545 0.278303
156000 0.0893966 0.073561 0.0887326 0.25169
157000 0.0833341 0.077658 0.0834757 0.244468
158000 0.0855048 0.0799536 0.0945065 0.259965
159000 0.0844427 0.0822183 0.101633 0.268294
160000 0.0886745 0.0840469 0.0986041 0.271326
161000 0.0865764 0.0752353 0.102883 0.264694
162000 0.0818379 0.0767708 0.0947832 0.253392
163000 0.0837704 0.0823442 0.0914261 0.257541
164000 0.0939106 0.0804747 0.0958406 0.270226
165000 0.0947319 0.0903231 0.0978809 0.282936
166000 0.0949199 0.0911034 0.0872988 0.273322
167000 0.0826936 0.0808691 0.0974994 0.261062
168000 0.0912422 0.0785581 0.0961398 0.26594
169000 0.0939731 0.0771562 0.0977875 0.268917
170000 0.093456 0.0831901 0.0984185 0.275065
171000 0.0999543 0.0864118 0.0933542 0.27972
172000 0.087203 0.0854294 0.0926919 0.265324
173000 0.0848718 0.0834104 0.0945292 0.262811
174000 0.0909933 0.093706 0.0891375 0.273837
175000 0.0865819 0.0814138 0.102348 0.270344
176000 0.0910105 0.0876949 0.0990075 0.277713
177000 0.089261 0.078546 0.104798 0.272605
178000 0.10322 0.0932238 0.095242 0.291686
179000 0.093283 0.0807166 0.1031 0.277099
180000 0.0895633 0.0872191 0.0950849 0.271867
181000 0.0900265 0.0856975 0.0924563 0.26818
182000 0.0914329 0.0856164 0.0970684 0.274118
183000 0.0897327 0.0823964 0.101477 0.273606
184000 0.0874297 0.0723643 0.116062 0.275856
185000 0.0848401 0.0843539 0.112239 0.281433
186000 0.0953753 0.0928526 0.101086 0.289313
187000 0.0901867 0.0841549 0.109188 0.283529
188000 0.0879326 0.0841269 0.101431 0.27349
189000 0.0881429 0.0952757 0.107954 0.291372
190000 0.0866783 0.0753185 0.104283 0.26628
191000 0.0924619 0.0792077 0.10072 0.272389
192000 0.0957211 0.0828718 0.103585 0.282177
193000 0.0908598 0.0805205 0.107916 0.279296
194000 0.0897334 0.0814627 0.106263 0.277459
195000 0.0829382 0.0779637 0.104464 0.265366
196000 0.0922418 0.0779957 0.106251 0.276488
197000 0.0868105 0.0823341 0.107789 0.276933
198000 0.0844859 0.0886026 0.102532 0.275621
199000 0.0862039 0.0799998 0.10489 0.271094
200000 0.0881346 0.085667 0.107372 0.281174
201000 0.0859016 0.0850815 0.10902 0.280003
202000 0.0981863 0.0934977 0.108806 0.30049
203000 0.0879045 0.0819869 0.11114 0.281031
204000 0.0964749 0.0869207 0.107877 0.291272
205000 0.0877127 0.0871048 0.105334 0.280152
206000 0.082724 0.0729553 0.103852 0.259531
207000 0.0854457 0.0887182 0.0955286 0.269693
208000 0.0820145 0.0797419 0.101156 0.262912
209000 0.0854231 0.0879102 0.10368 0.277013
210000 0.0823281 0.083001 0.104381 0.26971
211000 0.0845028 0.0917744 0.111011 0.287288
212000 0.0902037 0.0957966 0.110098 0.296099
213000 0.0890137 0.085836 0.115389 0.290239
214000 0.0852657 0.0932438 0.100481 0.278991
215000 0.0892792 0.091779 0.104142 0.2852
216000 0.0863971 0.0888419 0.101628 0.276867
217000 0.0851601 0.0919619 0.0963974 0.273519
218000 0.0924771 0.0909211 0.0919597 0.275358
219000 0.0926923 0.0871337 0.104118 0.283944
220000 0.0968735 0.0915562 0.0956951 0.284125
221000 0.0879747 0.0795572 0.0939604 0.261492
222000 0.0961563 0.103129 0.109015 0.3083
223000 0.0916203 0.0921217 0.101428 0.28517
224000 0.094526 0.0855331 0.101171 0.28123
225000 0.0905328 0.0809597 0.111396 0.282888
226000 0.0901216 0.0895274 0.120345 0.299994
227000 0.0903338 0.0818817 0.113823 0.286038
228000 0.092897 0.086611 0.103804 0.283312
229000 0.0959016 0.0923151 0.104919 0.293136
230000 0.0916713 0.0824009 0.0961383 0.27021
231000 0.0997642 0.0863663 0.103139 0.28927
232000 0.0874997 0.0902101 0.104778 0.282488
233000 0.0925743 0.0871018 0.106214 0.28589
234000 0.0898994 0.0992707 0.113125 0.302295
235000 0.0893968 0.0920727 0.110313 0.291782
236000 0.0978729 0.102782 0.112132 0.312787
237000 0.112227 0.107627 0.114904 0.334757
238000 0.0921329 0.0917114 0.10977 0.293614
239000 0.0991832 0.0958542 0.102907 0.297944
240000 0.0933354 0.0839036 0.107176 0.284415
241000 0.0901471 0.0830183 0.106776 0.279941
242000 0.0985415 0.0965047 0.107391 0.302437
243000 0.0987464 0.0856488 0.106226 0.290622
244000 0.101962 0.0919717 0.10021 0.294144
245000 0.109604 0.0941436 0.105039 0.308787
246000 0.0977292 0.0854989 0.111387 0.294615
247000 0.0920647 0.086061 0.111102 0.289228
248000 0.0994131 0.0879908 0.113913 0.301317
249000 0.0934353 0.0951286 0.118177 0.306741
250000 0.0980808 0.0967643 0.108675 0.303521
251000 0.102682 0.101157 0.110169 0.314007
252000 0.0920378 0.089001 0.115281 0.296319
253000 0.100676 0.0958174 0.118526 0.315019
254000 0.102741 0.0802296 0.112768 0.295739
255000 0.0976631 0.0830008 0.109319 0.289983
256000 0.0967008 0.0858123 0.109573 0.292086
257000 0.106898 0.100478 0.105487 0.312862
258000 0.100058 0.0868035 0.103342 0.290204
259000 0.106594 0.0780076 0.0945198 0.279122
260000 0.0999845 0.0900239 0.102905 0.292913
261000 0.110621 0.088141 0.110443 0.309205
262000 0.100699 0.0921631 0.11234 0.305203
263000 0.106438 0.0940649 0.108106 0.308609
264000 0.106777 0.0866097 0.104784 0.298171
265000 0.111319 0.0846544 0.102995 0.298968
266000 0.110778 0.0857617 0.102116 0.298656
267000 0.126097 0.0892882 0.11044 0.325826
268000 0.118164 0.0824658 0.11445 0.31508
269000 0.123658 0.0930373 0.108968 0.325663
270000 0.116851 0.0901922 0.111386 0.31843
271000 0.111054 0.081111 0.118481 0.310646
272000 0.116079 0.0971981 0.114044 0.327321
273000 0.111958 0.089551 0.104152 0.305661
274000 0.110939 0.0845484 0.0998886 0.295376
275000 0.107996 0.0810542 0.110974 0.300024
276000 0.106316 0.0934228 0.115108 0.314847
277000 0.107904 0.0977963 0.107516 0.313217
278000 0.114945 0.0877324 0.105282 0.30796
279000 0.110918 0.0902296 0.116449 0.317597
280000 0.109961 0.0923242 0.11057 0.312855
281000 0.112003 0.094577 0.110919 0.317499
282000 0.110438 0.0832251 0.112543 0.306206
283000 0.1138 0.085482 0.111755 0.311038
284000 0.104792 0.0888866 0.105273 0.298951
285000 0.104978 0.082016 0.100493 0.287487
286000 0.111262 0.0897049 0.114881 0.315849
287000 0.114928 0.089302 0.100105 0.304335
288000 0.115614 0.0987215 0.103444 0.31778
289000 0.113837 0.0869561 0.102337 0.30313
290000 0.120256 0.0918244 0.114389 0.326469
291000 0.106768 0.0921664 0.111721 0.310655
292000 0.113026 0.0857996 0.113416 0.312241
293000 0.106912 0.0893827 0.105418 0.301712
294000 0.106453 0.093771 0.106257 0.306481
295000 0.101311 0.0948891 0.100713 0.296913
296000 0.107575 0.099886 0.11055 0.318012
297000 0.10303 0.0905756 0.104652 0.298258
298000 0.105035 0.100579 0.103638 0.309253
299000 0.106208 0.103217 0.112291 0.321717
300000 0.107786 0.0956594 0.113423 0.316868
301000 0.104738 0.10518 0.118428 0.328347
302000 0.113731 0.0997866 0.111328 0.324846
303000 0.107555 0.0952607 0.111004 0.31382
304000 0.121285 0.107367 0.0993082 0.32796
305000 0.107548 0.103276 0.101433 0.312257
306000 0.110388 0.0956242 0.101802 0.307815
307000 0.112234 0.0974899 0.114861 0.324585
308000 0.106596 0.0938848 0.116444 0.316926
309000 0.1105 0.0948618 0.112923 0.318284
310000 0.127533 0.101503 0.114276 0.343312
311000 0.12089 0.100844 0.118392 0.340125
312000 0.11987 0.106592 0.131275 0.357738
313000 0.104254 0.101282 0.127192 0.332728
314000 0.108795 0.103886 0.121514 0.334195
315000 0.116095 0.103264 0.11492 0.33428
316000 0.112292 0.103159 0.108818 0.32427
317000 0.112442 0.0996969 0.1101 0.322239
318000 0.117594 0.10813 0.115134 0.340858
319000 0.12583 0.102639 0.121781 0.350251
320000 0.125503 0.110343 0.120203 0.356049
321000 0.113948 0.110469 0.120733 0.345151
322000 0.119233 0.109639 0.121869 0.350741
323000 0.112653 0.104745 0.120529 0.337928
324000 0.11308 0.100502 0.119196 0.332778
325000 0.123307 0.105658 0.123093 0.352058
326000 0.117342 0.109622 0.116999 0.343963
327000 0.112918 0.101119 0.122092 0.33613
328000 0.114139 0.118293 0.12407 0.356502
329000 0.112422 0.104688 0.117403 0.334513
330000 0.11265 0.109555 0.121566 0.343771
331000 0.115792 0.106406 0.125395 0.347594
332000 0.116367 0.108308 0.12015 0.344826
333000 0.116167 0.104508 0.117749 0.338424
334000 0.111511 0.106335 0.131083 0.348929
335000 0.120444 0.113104 0.126666 0.360214
336000 0.120229 0.107862 0.123206 0.351297
337000 0.124812 0.106066 0.119822 0.3507
338000 0.125751 0.11085 0.115463 0.352064
339000 0.126678 0.112438 0.105204 0.34432
340000 0.120202 0.106056 0.119506 0.345764
341000 0.128209 0.108553 0.118389 0.355151
342000 0.123013 0.108004 0.121036 0.352054
343000 0.112144 0.107603 0.112439 0.332186
344000 0.115744 0.106935 0.116518 0.339196
345000 0.127908 0.119991 0.111974 0.359873
346000 0.127457 0.116457 0.113864 0.357777
347000 0.121391 0.103773 0.110211 0.335374
348000 0.117899 0.111409 0.121754 0.351062
349000 0.114003 0.104463 0.120513 0.338979
350000 0.121787 0.119561 0.130565 0.371913
351000 0.110535 0.106799 0.129442 0.346776
352000 0.124676 0.108853 0.121535 0.355064
353000 0.114068 0.114017 0.11327 0.341356
354000 0.123743 0.120076 0.122229 0.366048
355000 0.13618 0.114382 0.119231 0.369793
356000 0.130618 0.107458 0.117364 0.355439
357000 0.111135 0.105552 0.119421 0.336108
358000 0.119115 0.10889 0.11848 0.346484
359000 0.12381 0.111677 0.123252 0.35874
360000 0.116036 0.106427 0.11654 0.339003
361000 0.130064 0.117797 0.127257 0.375117
362000 0.122832 0.105997 0.134556 0.363386
363000 0.128697 0.117956 0.125708 0.372361
364000 0.133156 0.111491 0.136262 0.380909
365000 0.131327 0.110437 0.139223 0.380987
366000 0.136331 0.117752 0.125574 0.379657
367000 0.130496 0.120203 0.115712 0.366411
368000 0.131612 0.118653 0.122797 0.373062
369000 0.141154 0.126071 0.123984 0.391209
370000 0.127959 0.116521 0.12567 0.37015
371000 0.130679 0.117808 0.127824 0.37631
372000 0.132641 0.122016 0.116406 0.371063
373000 0.126391 0.109654 0.128167 0.364212
374000 0.129775 0.106287 0.130128 0.36619
375000 0.13631 0.114852 0.141202 0.392364
376000 0.136297 0.111971 0.144593 0.392862
377000 0.143398 0.124427 0.145188 0.413013
378000 0.135549 0.134694 0.133667 0.403911
379000 0.1398 0.125749 0.12461 0.390159
380000 0.136183 0.128698 0.117646 0.382527
381000 0.128276 0.121873 0.128988 0.379137
382000 0.142643 0.12723 0.124935 0.394808
383000 0.135954 0.122621 0.131466 0.390041
384000 0.131128 0.117176 0.136928 0.385233
385000 0.148844 0.11861 0.134487 0.401941
386000 0.138229 0.112459 0.135354 0.386042
387000 0.139639 0.12667 0.135637 0.401946
388000 0.138376 0.120362 0.135264 0.394003
389000 0.136233 0.134714 0.12738 0.398327
390000 0.14154 0.12194 0.119805 0.383284
391000 0.131741 0.11052 0.127071 0.369332
392000 0.135374 0.119418 0.128759 0.383551
393000 0.132545 0.112344 0.135154 0.380044
394000 0.132354 0.124226 0.135291 0.391871
395000 0.13703 0.130671 0.128812 0.396513
396000 0.130384 0.121246 0.133722 0.385352
397000 0.147873 0.129457 0.124237 0.401567
398000 0.134191 0.122777 0.129252 0.38622
399000 0.138228 0.119535 0.129552 0.387315
400000 0.13502 0.120694 0.138943 0.394658
401000 0.137067 0.109586 0.129825 0.376478
402000 0.138446 0.119424 0.130905 0.388774
403000 0.139092 0.129416 0.12851 0.397018
404000 0.134976 0.12292 0.141873 0.399769
405000 0.138291 0.127414 0.136311 0.402016
406000 0.138083 0.124706 0.130898 0.393686
407000 0.139973 0.121638 0.127765 0.389376
408000 0.145294 0.122132 0.131093 0.398519
409000 0.142603 0.125872 0.135569 0.404044
410000 0.138115 0.117418 0.139811 0.395344
411000 0.134803 0.118549 0.14102 0.394373
412000 0.144055 0.127385 0.133555 0.404995
413000 0.144723 0.131245 0.139999 0.415966
414000 0.137077 0.11475 0.139706 0.391532
415000 0.141789 0.120727 0.139828 0.402344
416000 0.148744 0.124067 0.146605 0.419416
417000 0.13675 0.121115 0.151941 0.409806
418000 0.141882 0.124453 0.133987 0.400322
419000 0.143639 0.130792 0.136647 0.411078
420000 0.139971 0.122564 0.135915 0.39845
421000 0.145451 0.130313 0.135117 0.410881
422000 0.148506 0.121363 0.136743 0.406612
423000 0.138806 0.126001 0.145445 0.410252
424000 0.138994 0.113011 0.139709 0.391713
425000 0.136489 0.119162 0.128478 0.384129
426000 0.140367 0.141556 0.131785 0.413708
427000 0.135519 0.120553 0.139377 0.395448
428000 0.146049 0.127081 0.138161 0.411291
429000 0.144671 0.134563 0.140635 0.419869
430000 0.137877 0.126597 0.138358 0.402832
431000 0.14369 0.129348 0.132344 0.405383
432000 0.146259 0.128018 0.138917 0.413193
433000 0.142636 0.126435 0.131596 0.400667
434000 0.134852 0.12644 0.134933 0.396225
435000 0.14522 0.132768 0.138296 0.416284
436000 0.143189 0.12572 0.141825 0.410734
437000 0.13881 0.126449 0.138624 0.403882
438000 0.139043 0.124735 0.138807 0.402585
439000 0.147737 0.129285 0.143908 0.420931
440000 0.144399 0.130138 0.144697 0.419235
441000 0.147003 0.128104 0.146433 0.42154
442000 0.136889 0.1256 0.132704 0.395193
443000 0.146384 0.128367 0.135494 0.410245
444000 0.140798 0.126825 0.140533 0.408156
445000 0.138458 0.13866 0.140089 0.417207
446000 0.152588 0.134179 0.141806 0.428573
447000 0.14309 0.128342 0.131018 0.40245
448000 0.14948 0.142471 0.135634 0.427585
449000 0.160211 0.137989 0.138058 0.436258
450000 0.149579 0.139604 0.1296 0.418782
451000 0.149403 0.140969 0.13731 0.427682
452000 0.153466 0.126424 0.135866 0.415756
453000 0.151259 0.148501 0.135482 0.435242
454000 0.14776 0.131687 0.136286 0.415733
455000 0.144247 0.135418 0.138344 0.418009
456000 0.15088 0.147971 0.132003 0.430854
457000 0.151091 0.139683 0.138162 0.428936
458000 0.147836 0.141623 0.135921 0.42538
459000 0.155565 0.137298 0.131115 0.423979
460000 0.163784 0.131285 0.127299 0.422368
461000 0.150932 0.140593 0.131486 0.423011
462000 0.154274 0.140838 0.14401 0.439122
463000 0.15038 0.133573 0.145112 0.429065
464000 0.156928 0.137699 0.14637 0.440997
465000 0.157198 0.142088 0.140331 0.439617
466000 0.154888 0.139424 0.153051 0.447363
467000 0.162156 0.146789 0.144802 0.453748
468000 0.160582 0.148565 0.142768 0.451914
469000 0.159458 0.142533 0.149517 0.451508
470000 0.166256 0.141829 0.159705 0.467789
471000 0.161137 0.135727 0.151176 0.448041
472000 0.155241 0.13874 0.15563 0.44961
473000 0.160965 0.134079 0.15075 0.445795
474000 0.157168 0.142983 0.143246 0.443397
475000 0.175775 0.151927 0.151976 0.479678
476000 0.166329 0.144555 0.150458 0.461341
477000 0.169794 0.151666 0.156347 0.477807
478000 0.165068 0.138596 0.16552 0.469184
479000 0.166527 0.146564 0.153183 0.466275
480000 0.174086 0.161823 0.159039 0.494948
481000 0.164138 0.149537 0.160659 0.474334
482000 0.170376 0.145719 0.161011 0.477107
483000 0.170758 0.153846 0.154171 0.478775
484000 0.16558 0.145959 0.151872 0.463411
485000 0.168744 0.163284 0.164504 0.496532
486000 0.1709 0.155857 0.148136 0.474893
487000 0.166216 0.152018 0.157761 0.475995
488000 0.168951 0.154779 0.147934 0.471663
489000 0.173785 0.160545 0.157799 0.492128
490000 0.169732 0.152201 0.161221 0.483153
491000 0.16889 0.150794 0.158181 0.477865
492000 0.180936 0.150806 0.159068 0.49081
493000 0.165404 0.159042 0.156971 0.481417
494000 0.174075 0.155872 0.158187 0.488134
495000 0.171197 0.153085 0.15388 0.478162
496000 0.170881 0.150948 0.166665 0.488493
497000 0.166646 0.158734 0.172089 0.497469
498000 0.174175 0.153767 0.154375 0.482317
499000 0.173312 0.157801 0.149009 0.480123
500000 0.170098 0.16361 0.150583 0.484291
501000 0.171206 0.159261 0.155084 0.485551
502000 0.170848 0.151747 0.15201 0.474605
503000 0.177271 0.163926 0.161656 0.502853
504000 0.175691 0.155489 0.164272 0.495452
505000 0.171568 0.15632 0.157922 0.48581
506000 0.174086 0.151525 0.153397 0.479007
507000 0.177968 0.157074 0.158427 0.493469
508000 0.168695 0.157981 0.145954 0.472631
509000 0.174041 0.150736 0.150161 0.474939
510000 0.172253 0.149664 0.157501 0.479417
511000 0.173901 0.157147 0.157647 0.488695
512000 0.172924 0.158741 0.160426 0.492091
513000 0.167664 0.155963 0.158653 0.482279
514000 0.176184 0.153604 0.17305 0.502838
515000 0.164725 0.152446 0.158214 0.475386
516000 0.170977 0.161021 0.165614 0.497612
517000 0.167601 0.157745 0.165982 0.491328
518000 0.163829 0.158086 0.156772 0.478687
519000 0.175324 0.163878 0.151034 0.490236
520000 0.171796 0.156775 0.15778 0.48635
521000 0.16198 0.151396 0.163113 0.47649
522000 0.17975 0.162856 0.16003 0.502636
523000 0.179236 0.164777 0.160378 0.504391
524000 0.170193 0.157224 0.157569 0.484986
525000 0.171039 0.169411 0.162401 0.502851
526000 0.177484 0.162501 0.157963 0.497947
527000 0.174243 0.173064 0.172885 0.520193
528000 0.174799 0.170081 0.173072 0.517952
529000 0.173477 0.163914 0.162533 0.499924
530000 0.190878 0.179044 0.164813 0.534736
531000 0.174677 0.162626 0.171302 0.508605
532000 0.182396 0.173453 0.179579 0.535427
533000 0.168244 0.177065 0.176942 0.522251
534000 0.166234 0.176312 0.161614 0.504161
535000 0.162748 0.165479 0.159783 0.48801
536000 0.171996 0.161808 0.170275 0.50408
537000 0.181329 0.169997 0.16633 0.517656
538000 0.176986 0.167968 0.167615 0.51257
539000 0.178249 0.168813 0.178422 0.525483
540000 0.19374 0.171492 0.185191 0.550422
541000 0.177771 0.164349 0.182253 0.524374
542000 0.177602 0.173792 0.17726 0.528653
543000 0.181611 0.180289 0.1724 0.5343
544000 0.18629 0.175493 0.18012 0.541903
545000 0.176023 0.171857 0.168916 0.516797
546000 0.174993 0.163636 0.171138 0.509766
547000 0.178483 0.169643 0.168517 0.516643
548000 0.170893 0.166196 0.177135 0.514224
549000 0.180175 0.161203 0.184189 0.525568
550000 0.177138 0.175006 0.180169 0.532314
551000 0.180812 0.174426 0.183634 0.538872
552000 0.172643 0.17418 0.177216 0.524038
553000 0.187284 0.175771 0.171858 0.534913
554000 0.182551 0.183236 0.168412 0.534199
555000 0.183603 0.173074 0.166944 0.523621
556000 0.183192 0.163766 0.168867 0.515825
557000 0.180696 0.175381 0.168976 0.525054
558000 0.176329 0.167262 0.175847 0.519438
559000 0.185446 0.170512 0.179305 0.535263
560000 0.179527 0.175392 0.184947 0.539866
561000 0.172806 0.16112 0.18387 0.517796
562000 0.186921 0.182851 0.185333 0.555106
563000 0.175866 0.167202 0.173926 0.516994
564000 0.193355 0.174607 0.163824 0.531786
565000 0.178949 0.170683 0.15864 0.508271
566000 0.188182 0.180348 0.170709 0.53924
567000 0.176378 0.169403 0.186374 0.532155
568000 0.182787 0.171023 0.167845 0.521655
569000 0.179088 0.179149 0.175751 0.533987
570000 0.176528 0.165807 0.179251 0.521586
571000 0.176557 0.182381 0.193874 0.552812
572000 0.193666 0.185896 0.172576 0.552138
573000 0.173865 0.166437 0.179087 0.519389
574000 0.178704 0.182893 0.172632 0.534229
575000 0.179545 0.174449 0.184944 0.538937
576000 0.176828 0.16974 0.176333 0.522902
577000 0.182305 0.182059 0.168679 0.533043
578000 0.184816 0.175655 0.177867 0.538338
579000 0.17685 0.171127 0.177442 0.52542
580000 0.186071 0.178556 0.175076 0.539703
581000 0.177521 0.16598 0.175985 0.519486
582000 0.186899 0.192445 0.176706 0.55605
583000 0.179851 0.172136 0.176073 0.52806
584000 0.174283 0.167766 0.179632 0.521681
585000 0.178743 0.18145 0.184641 0.544835
586000 0.17467 0.170609 0.167634 0.512913
587000 0.176402 0.170894 0.170466 0.517762
588000 0.187693 0.181972 0.173664 0.543328
589000 0.175936 0.17425 0.181558 0.531745
590000 0.184857 0.185727 0.178798 0.549383
591000 0.185156 0.167618 0.18272 0.535494
592000 0.181424 0.160683 0.161079 0.503186
593000 0.184927 0.170427 0.166477 0.521831
594000 0.183551 0.169534 0.17415 0.527235
595000 0.178314 0.177434 0.181835 0.537584
596000 0.177187 0.175709 0.170366 0.523262
597000 0.192239 0.179861 0.169573 0.541672
598000 0.190201 0.177163 0.174938 0.542302
599000 0.186351 0.166237 0.180725 0.533313
600000 0.187221 0.177417 0.184467 0.549106
601000 0.191533 0.170823 0.177549 0.539905
602000 0.18687 0.170174 0.181185 0.538229
603000 0.195136 0.189367 0.181024 0.565527
604000 0.197839 0.179437 0.180989 0.558265
605000 0.208275 0.185332 0.188111 0.581718
606000 0.208333 0.177647 0.180764 0.566744
607000 0.191315 0.171001 0.182974 0.54529
608000 0.197005 0.186112 0.184698 0.567815
609000 0.196248 0.171762 0.188144 0.556154
610000 0.196661 0.177448 0.184293 0.558402
611000 0.19956 0.178562 0.188009 0.566131
612000 0.204246 0.18566 0.17954 0.569446
613000 0.20472 0.172302 0.181341 0.558364
614000 0.209991 0.19095 0.187001 0.587942
615000 0.202856 0.189327 0.188821 0.581004
616000 0.192524 0.178822 0.188922 0.560267
617000 0.194829 0.184268 0.186225 0.565322
618000 0.200147 0.177623 0.181948 0.559718
619000 0.195744 0.186667 0.183566 0.565977
620000 0.205947 0.186416 0.187729 0.580091
621000 0.198937 0.18526 0.189112 0.57331
622000 0.204331 0.192041 0.195187 0.59156
623000 0.197193 0.204229 0.190641 0.592063
624000 0.186697 0.188099 0.178441 0.553236
625000 0.20163 0.185742 0.185397 0.57277
626000 0.19814 0.18793 0.18223 0.5683
627000 0.200145 0.184987 0.182335 0.567467
628000 0.211724 0.183396 0.173227 0.568347
629000 0.210814 0.179731 0.186594 0.577139
630000 0.212177 0.195902 0.189691 0.59777
631000 0.211333 0.185534 0.182116 0.578983
632000 0.21321 0.190677 0.201343 0.60523
633000 0.213038 0.185727 0.196042 0.594807
634000 0.201838 0.187125 0.200668 0.58963
635000 0.190529 0.185727 0.195309 0.571564
636000 0.201834 0.182517 0.178993 0.563344
637000 0.21342 0.173551 0.177111 0.564082
638000 0.204002 0.19782 0.189925 0.591747
639000 0.211958 0.198374 0.184896 0.595227
640000 0.208995 0.199472 0.176134 0.584601
641000 0.211684 0.192214 0.181211 0.585109
642000 0.205786 0.184771 0.195354 0.585911
643000 0.202222 0.193732 0.195027 0.590981
644000 0.213409 0.189078 0.187328 0.589815
645000 0.208757 0.182702 0.181373 0.572832
646000 0.201024 0.195836 0.188432 0.585292
647000 0.203899 0.190677 0.185728 0.580304
648000 0.210486 0.193957 0.18403 0.588473
649000 0.204805 0.194032 0.181937 0.580774
650000 0.209645 0.197374 0.192092 0.599111
651000 0.215184 0.192174 0.195982 0.60334
652000 0.204866 0.196159 0.186744 0.58777
653000 0.213067 0.190784 0.19405 0.597902
654000 0.211092 0.184817 0.185443 0.581352
655000 0.214563 0.186401 0.178357 0.579321
656000 0.20935 0.199803 0.186062 0.595214
657000 0.206075 0.190433 0.180672 0.57718
658000 0.211519 0.195646 0.189467 0.596632
659000 0.211114 0.190265 0.202529 0.603908
660000 0.213227 0.191973 0.186141 0.591341
661000 0.207716 0.195456 0.192529 0.595702
662000 0.208572 0.192729 0.19044 0.591741
663000 0.209325 0.189526 0.189552 0.588403
664000 0.223919 0.211384 0.192276 0.627579
665000 0.212041 0.195964 0.188954 0.596959
666000 0.200945 0.187577 0.193698 0.582219
667000 0.21355 0.198796 0.19373 0.606075
668000 0.219889 0.195187 0.197835 0.612911
669000 0.219752 0.214577 0.196469 0.630798
670000 0.214489 0.195949 0.186078 0.596516
671000 0.217221 0.200316 0.190063 0.6076
672000 0.2144 0.193775 0.183259 0.591433
673000 0.220582 0.186709 0.191836 0.599127
674000 0.223515 0.193858 0.201693 0.619066
675000 0.217907 0.203959 0.20369 0.625555
676000 0.221937 0.205454 0.199211 0.626603
677000 0.212176 0.197422 0.202441 0.612039
678000 0.219136 0.210148 0.199841 0.629126
679000 0.221216 0.216527 0.203722 0.641464
680000 0.221485 0.208175 0.185265 0.614925
681000 0.245902 0.210516 0.18891 0.645328
682000 0.222274 0.217629 0.200431 0.640334
683000 0.224173 0.201365 0.206945 0.632483
684000 0.223665 0.199795 0.213562 0.637023
685000 0.222036 0.200635 0.204875 0.627547
686000 0.23055 0.216003 0.197524 0.644078
687000 0.226429 0.203675 0.206998 0.637102
688000 0.227605 0.207229 0.204511 0.639345
689000 0.22376 0.202191 0.202321 0.628271
690000 0.230138 0.210351 0.209954 0.650444
691000 0.227373 0.205525 0.198892 0.63179
692000 0.228506 0.21612 0.20064 0.645266
693000 0.232068 0.211864 0.20262 0.646551
694000 0.222775 0.218072 0.191446 0.632293
695000 0.218661 0.225484 0.199432 0.643576
696000 0.228616 0.232321 0.203491 0.664428
697000 0.222822 0.228057 0.20072 0.651599
698000 0.219282 0.221103 0.196372 0.636758
699000 0.226893 0.23351 0.203084 0.663486
700000 0.222339 0.225241 0.201338 0.648918
701000 0.229126 0.221878 0.200368 0.651372
702000 0.221246 0.234765 0.1953 0.651311
703000 0.232358 0.215307 0.196684 0.644349
704000 0.223208 0.22036 0.199922 0.643491
705000 0.225317 0.233423 0.201126 0.659866
706000 0.219718 0.216196 0.191283 0.627198
707000 0.214779 0.228513 0.198742 0.642033
708000 0.21473 0.22914 0.188177 0.632047
709000 0.220229 0.222382 0.186824 0.629435
710000 0.221146 0.231287 0.189649 0.642082
711000 0.231106 0.235366 0.201581 0.668053
712000 0.237285 0.218074 0.185193 0.640552
713000 0.224376 0.23589 0.192179 0.652445
714000 0.235066 0.236348 0.201732 0.673146
715000 0.235227 0.229691 0.212016 0.676935
716000 0.233247 0.232485 0.199546 0.665278
717000 0.2346 0.227491 0.19811 0.660201
718000 0.234789 0.226204 0.186112 0.647105
719000 0.233981 0.230798 0.191447 0.656226
720000 0.22964 0.229297 0.19413 0.653066
721000 0.236103 0.226696 0.188016 0.650816
722000 0.222195 0.219833 0.193817 0.635846
723000 0.22044 0.229125 0.196411 0.645976
724000 0.230728 0.233542 0.205816 0.670086
725000 0.251905 0.237332 0.200241 0.689478
726000 0.246291 0.232465 0.197317 0.676072
727000 0.242376 0.234533 0.189024 0.665933
728000 0.231686 0.233826 0.195099 0.660611
729000 0.228925 0.224188 0.18974 0.642853
730000 0.238962 0.227819 0.200162 0.666944
731000 0.223889 0.223616 0.201204 0.648709
732000 0.232069 0.231215 0.204534 0.667818
733000 0.236092 0.236368 0.202441 0.674901
734000 0.223667 0.234409 0.193616 0.651692
735000 0.238438 0.228411 0.199756 0.666605
736000 0.233293 0.220524 0.195203 0.64902
737000 0.234889 0.225885 0.192998 0.653773
738000 0.228102 0.233981 0.204016 0.666099
739000 0.238437 0.237171 0.19979 0.675398
740000 0.24673 0.231697 0.20489 0.683316
741000 0.234787 0.237041 0.204886 0.676715
742000 0.251008 0.250774 0.197034 0.698816
743000 0.241052 0.22525 0.207593 0.673895
744000 0.23743 0.245819 0.209632 0.692881
745000 0.246864 0.229535 0.198556 0.674956
746000 0.23882 0.234992 0.186924 0.660737
747000 0.239012 0.234238 0.195465 0.668714
748000 0.240801 0.249625 0.200016 0.690443
749000 0.241932 0.238889 0.199674 0.680495
750000 0.237732 0.240837 0.192194 0.670764
751000 0.253133 0.245147 0.196036 0.694316
752000 0.237753 0.252715 0.196522 0.68699
753000 0.242149 0.24014 0.21014 0.692428
754000 0.246602 0.228844 0.203479 0.678925
755000 0.24081 0.239806 0.197252 0.677867
756000 0.241267 0.243538 0.21362 0.698425
757000 0.24141 0.241165 0.203563 0.686138
758000 0.231048 0.237597 0.208263 0.676908
759000 0.242907 0.2292 0.201793 0.673899
760000 0.239797 0.225987 0.197759 0.663544
761000 0.244904 0.229603 0.201647 0.676154
762000 0.229352 0.234506 0.203995 0.667853
763000 0.251053 0.241719 0.209639 0.70241
764000 0.248132 0.229036 0.208075 0.685243
765000 0.246416 0.237813 0.219436 0.703665
766000 0.245066 0.238288 0.200594 0.683948
767000 0.244286 0.227832 0.195735 0.667854
768000 0.253908 0.231389 0.194516 0.679813
769000 0.252661 0.236473 0.197062 0.686197
770000 0.241311 0.236833 0.202107 0.68025
771000 0.238399 0.235551 0.201891 0.675841
772000 0.231641 0.239477 0.203598 0.674715
773000 0.234477 0.250662 0.212292 0.697431
774000 0.237627 0.239478 0.21168 0.688785
775000 0.249192 0.227754 0.203343 0.680289
776000 0.245078 0.237771 0.19673 0.679579
777000 0.2416 0.231888 0.207229 0.680718
778000 0.239776 0.233414 0.200857 0.674048
779000 0.252348 0.242856 0.198172 0.693376
780000 0.254721 0.232087 0.194445 0.681252
781000 0.248356 0.251956 0.196915 0.697227
782000 0.25141 0.235659 0.202772 0.689841
783000 0.24695 0.247011 0.202598 0.69656
784000 0.237845 0.240751 0.2045 0.683095
785000 0.237303 0.23348 0.214128 0.684911
786000 0.244485 0.238865 0.213685 0.697035
787000 0.246456 0.242452 0.220419 0.709328
788000 0.238543 0.245078 0.205017 0.688639
789000 0.249307 0.245301 0.213104 0.707712
790000 0.248274 0.246267 0.200596 0.695137
791000 0.249781 0.239471 0.20169 0.690942
792000 0.260215 0.247015 0.194651 0.701881
793000 0.240018 0.239722 0.205912 0.685652
794000 0.249598 0.246689 0.203918 0.700205
795000 0.25157 0.237672 0.201754 0.690996
796000 0.245448 0.233072 0.217608 0.696127
797000 0.256517 0.249102 0.21442 0.720039
798000 0.252259 0.251292 0.210343 0.713895
799000 0.246898 0.24449 0.218858 0.710246
800000 0.25421 0.262647 0.218563 0.735421
801000 0.247896 0.247182 0.215713 0.710792
802000 0.243549 0.236385 0.216873 0.696807
803000 0.261678 0.258697 0.212075 0.73245
804000 0.253788 0.244834 0.219064 0.717686
805000 0.252633 0.258041 0.204386 0.71506
806000 0.251645 0.242304 0.212653 0.706602
807000 0.254122 0.247535 0.211395 0.713052
808000 0.250841 0.248711 0.213519 0.713071
809000 0.252963 0.252206 0.209345 0.714514
810000 0.255678 0.258093 0.213958 0.727729
811000 0.258118 0.254377 0.222128 0.734623
812000 0.249831 0.247027 0.217002 0.71386
813000 0.256473 0.24866 0.219578 0.724711
814000 0.255187 0.247069 0.223361 0.725617
815000 0.248755 0.241133 0.23793 0.727819
816000 0.258 0.24981 0.235023 0.742833
817000 0.252998 0.244383 0.218873 0.716254
818000 0.25736 0.245163 0.225178 0.727701
819000 0.245507 0.249782 0.223081 0.718371
820000 0.256774 0.24766 0.230851 0.735285
821000 0.254168 0.260873 0.233776 0.748818
822000 0.244608 0.251451 0.235132 0.731191
823000 0.255206 0.250082 0.226666 0.731954
824000 0.251408 0.241175 0.22493 0.717514
825000 0.252675 0.241809 0.213326 0.70781
826000 0.252389 0.258022 0.222047 0.732458
827000 0.248797 0.248639 0.218279 0.715715
828000 0.241799 0.245779 0.221007 0.708584
829000 0.247488 0.245515 0.227384 0.720387
830000 0.253095 0.25074 0.218838 0.722673
831000 0.249671 0.25635 0.229936 0.735957
832000 0.26132 0.254811 0.23453 0.750661
833000 0.246927 0.257229 0.237543 0.741699
834000 0.256449 0.25707 0.221462 0.734981
835000 0.266293 0.255075 0.241151 0.762519
836000 0.252047 0.255991 0.229343 0.737381
837000 0.25558 0.269433 0.226618 0.751631
838000 0.2554 0.269988 0.220807 0.746195
839000 0.248571 0.246843 0.224687 0.720101
840000 0.256288 0.257896 0.218663 0.732847
841000 0.251914 0.248671 0.216201 0.716787
842000 0.247227 0.262969 0.237883 0.748079
843000 0.26015 0.258054 0.238225 0.756429
844000 0.269381 0.256297 0.232087 0.757766
845000 0.270103 0.268914 0.239431 0.778448
846000 0.254332 0.255174 0.231127 0.740633
847000 0.264003 0.268253 0.221007 0.753264
848000 0.255548 0.267432 0.228814 0.751794
849000 0.24761 0.258429 0.228585 0.734625
850000 0.257612 0.256196 0.22559 0.739397
851000 0.255394 0.256527 0.230962 0.742882
852000 0.246434 0.258076 0.23071 0.73522
853000 0.267839 0.255464 0.229444 0.752747
854000 0.262377 0.248486 0.223269 0.734132
855000 0.253825 0.250031 0.224315 0.728171
856000 0.272144 0.258391 0.228814 0.759348
857000 0.259453 0.259453 0.241094 0.76
858000 0.260965 0.252146 0.232705 0.745816
859000 0.266011 0.269588 0.231764 0.767363
860000 0.262162 0.261823 0.240906 0.764891
861000 0.252081 0.263821 0.227283 0.743185
862000 0.247338 0.267942 0.22162 0.7369
863000 0.269135 0.262 0.228097 0.759231
864000 0.260396 0.269879 0.232162 0.762436
865000 0.254158 0.248992 0.233711 0.736861
866000 0.273854 0.260445 0.234538 0.768837
867000 0.260196 0.249008 0.238358 0.747562
868000 0.264557 0.254028 0.238192 0.756778
869000 0.275173 0.268056 0.233743 0.776972
870000 0.269836 0.259771 0.234581 0.764189
871000 0.264827 0.256454 0.225128 0.746409
872000 0.260995 0.264326 0.228608 0.753929
873000 0.263453 0.258284 0.244729 0.766466
874000 0.267678 0.26516 0.240247 0.773085
875000 0.260788 0.271202 0.224747 0.756737
876000 0.259708 0.255302 0.229461 0.744472
877000 0.272873 0.258719 0.238039 0.769632
878000 0.257803 0.259014 0.237558 0.754375
879000 0.264139 0.258533 0.227228 0.749901
880000 0.277052 0.278645 0.237191 0.792889
881000 0.26218 0.261442 0.239623 0.763245
882000 0.263444 0.264452 0.241176 0.769072
883000 0.260909 0.263316 0.24541 0.769635
884000 0.270269 0.275229 0.23483 0.780328
885000 0.266057 0.284512 0.241413 0.791982
886000 0.264713 0.259336 0.236281 0.760331
887000 0.260737 0.264162 0.229945 0.754845
888000 0.263772 0.258065 0.234608 0.756445
889000 0.266551 0.257437 0.236924 0.760913
890000 0.274338 0.26977 0.241716 0.785825
891000 0.262982 0.257228 0.221155 0.741365
892000 0.273237 0.275722 0.244044 0.793003
893000 0.268899 0.261899 0.237648 0.768447
894000 0.267576 0.266268 0.228086 0.76193
895000 0.273675 0.260485 0.231181 0.765342
896000 0.266972 0.259331 0.236813 0.763116
897000 0.273688 0.253047 0.246106 0.772841
898000 0.263311 0.258289 0.234539 0.75614
899000 0.266535 0.254416 0.239712 0.760663
900000 0.28078 0.254965 0.229762 0.765507
901000 0.269514 0.269994 0.247624 0.787131
902000 0.268827 0.27478 0.241507 0.785114
903000 0.269919 0.275367 0.246502 0.791788
904000 0.263439 0.268643 0.255433 0.787515
905000 0.269416 0.261187 0.251524 0.782127
906000 0.269789 0.251746 0.240465 0.762
907000 0.277816 0.257576 0.242815 0.778207
908000 0.269264 0.251494 0.252331 0.773089
909000 0.268045 0.265113 0.237138 0.770295
910000 0.283764 0.272564 0.231525 0.787853
911000 0.270766 0.272779 0.243202 0.786747
912000 0.265447 0.266474 0.242025 0.773946
913000 0.283817 0.288365 0.250421 0.822603
914000 0.285071 0.26335 0.237144 0.785566
915000 0.267468 0.27308 0.240122 0.780669
916000 0.286211 0.269947 0.241729 0.797887
917000 0.271197 0.275545 0.247393 0.794135
918000 0.277744 0.260954 0.232566 0.771264
919000 0.28456 0.267552 0.24002 0.792132
920000 0.278671 0.263619 0.247693 0.789982
921000 0.278551 0.27627 0.249184 0.804004
922000 0.276444 0.273805 0.245411 0.79566
923000 0.266227 0.274169 0.251181 0.791578
924000 0.277191 0.273164 0.252522 0.802877
925000 0.272345 0.257325 0.234162 0.763833
926000 0.284723 0.268533 0.231209 0.784465
927000 0.27057 0.270457 0.24184 0.782868
928000 0.29017 0.273306 0.245744 0.80922
929000 0.2937 0.273166 0.24406 0.810925
930000 0.276167 0.269792 0.242488 0.788448
931000 0.284141 0.263787 0.242102 0.79003
932000 0.283625 0.264987 0.246198 0.79481
933000 0.290599 0.277831 0.251397 0.819826
934000 0.284341 0.269009 0.266782 0.820132
935000 0.295786 0.281151 0.257952 0.834888
936000 0.274591 0.283076 0.250626 0.808293
937000 0.297435 0.273925 0.253412 0.824772
938000 0.285127 0.276815 0.250521 0.812463
939000 0.279067 0.272427 0.244196 0.795691
940000 0.294212 0.272645 0.250249 0.817107
941000 0.283135 0.263038 0.258348 0.804521
942000 0.288043 0.269421 0.248797 0.806261
943000 0.291129 0.258342 0.258581 0.808052
944000 0.295591 0.275451 0.257834 0.828876
945000 0.289188 0.26953 0.249062 0.80778
946000 0.292933 0.273887 0.248458 0.815278
947000 0.297394 0.279321 0.24723 0.823944
948000 0.283822 0.280758 0.25757 0.822151
949000 0.292045 0.268843 0.256769 0.817658
950000 0.295871 0.289579 0.252255 0.837705
951000 0.296174 0.273825 0.263257 0.833256
952000 0.293141 0.271636 0.25738 0.822157
953000 0.288457 0.283131 0.252559 0.824147
954000 0.287151 0.275757 0.25537 0.818278
955000 0.28699 0.296865 0.260012 0.843867
956000 0.288269 0.276049 0.260936 0.825254
957000 0.284391 0.286772 0.250133 0.821296
958000 0.29955 0.284385 0.251472 0.835408
959000 0.297938 0.297663 0.249259 0.84486
960000 0.295224 0.287637 0.246419 0.82928
961000 0.29325 0.279301 0.24867 0.821221
962000 0.302706 0.287134 0.251154 0.840994
963000 0.312383 0.291535 0.250537 0.854455
964000 0.298795 0.286386 0.251497 0.836678
965000 0.301729 0.276545 0.261675 0.839949
966000 0.304805 0.280851 0.274245 0.859901
967000 0.286776 0.27632 0.251183 0.814278
968000 0.29566 0.284709 0.253993 0.834362
969000 0.293065 0.277395 0.257138 0.827598
970000 0.292957 0.2853 0.253677 0.831934
971000 0.294552 0.292654 0.264604 0.85181
972000 0.308557 0.290899 0.256607 0.856063
973000 0.29204 0.282733 0.244165 0.818938
974000 0.307988 0.287467 0.264999 0.860453
975000 0.296431 0.278851 0.255552 0.830834
976000 0.302231 0.274584 0.275319 0.852133
977000 0.299328 0.284246 0.261742 0.845315
978000 0.301712 0.292268 0.257572 0.851552
979000 0.31408 0.288503 0.263396 0.86598
980000 0.29418 0.282663 0.248421 0.825264
981000 0.303985 0.274072 0.249748 0.827805
982000 0.306343 0.270626 0.24741 0.824379
983000 0.300553 0.291676 0.260632 0.852861
984000 0.304753 0.294411 0.266292 0.865456
985000 0.307905 0.286066 0.265983 0.859954
986000 0.305871 0.285453 0.265917 0.857241
987000 0.304151 0.289734 0.271646 0.865531
988000 0.302999 0.289866 0.256664 0.849529
989000 0.313741 0.281779 0.256832 0.852352
990000 0.304249 0.296496 0.264129 0.864874
991000 0.301388 0.278473 0.261615 0.841476
992000 0.293081 0.295812 0.269752 0.858646
993000 0.303529 0.28903 0.267049 0.859607
994000 0.303304 0.288726 0.271877 0.863907
995000 0.309579 0.285502 0.254554 0.849634
996000 0.308341 0.291112 0.263916 0.86337
997000 0.302785 0.289499 0.270128 0.862413
998000 0.306073 0.279506 0.266201 0.851779
999000 0.299183 0.295856 0.272423 0.867462
1000000 0.315703 0.291903 0.265272 0.872879
1001000 0.31022 0.291549 0.27185 0.873619
1002000 0.312114 0.2972 0.274801 0.884115
1003000 0.32179 0.282409 0.282633 0.886831
1004000 0.309724 0.298289 0.276706 0.884718
1005000 0.315322 0.288033 0.283173 0.886529
1006000 0.318204 0.292609 0.288077 0.89889
1007000 0.309825 0.295779 0.276408 0.882011
1008000 0.316024 0.281984 0.259499 0.857507
1009000 0.313861 0.287255 0.268108 0.869225
1010000 0.312316 0.288179 0.273501 0.873996
1011000 0.316907 0.28394 0.281098 0.881945
1012000 0.312242 0.294893 0.281717 0.888852
1013000 0.315621 0.292016 0.285449 0.893086
1014000 0.323136 0.300998 0.290277 0.914411
1015000 0.326603 0.305636 0.279195 0.911433
1016000 0.325213 0.291375 0.272154 0.888743
1017000 0.312956 0.306148 0.270473 0.889577
1018000 0.318015 0.295055 0.266543 0.879613
1019000 0.313967 0.299465 0.275658 0.889091
1020000 0.316228 0.285257 0.26139 0.862875
1021000 0.317212 0.292312 0.275355 0.884879
1022000 0.315806 0.286879 0.291347 0.894032
1023000 0.322788 0.294956 0.288585 0.906329
1024000 0.315436 0.28862 0.265812 0.869868
1025000 0.319549 0.307916 0.27269 0.900155
1026000 0.323918 0.300468 0.275594 0.899981
1027000 0.319759 0.303763 0.276025 0.899547
1028000 0.315975 0.288668 0.281136 0.885778
1029000 0.330288 0.292897 0.28287 0.906054
1030000 0.321164 0.303737 0.283036 0.907937
