 #  Elapsed Time    Sqr Displ.      Sqr Displ.     Sqr Displ.  KMC step
 #  ************    ***Total***       Atom Ni        Atom NiV  ********
  0.00000000E+00      0.0000000      0.0000000      0.0000000         0
  0.19510316E-11      6.0125580      6.0118874      0.0006707         1
  0.95906665E-11     12.2751868     12.2745428      0.0006440         2
  0.10400306E-10     18.3876691     18.3870594      0.0006097         3
  0.16466674E-10     24.5326149     24.5309544      0.0016605         4
  0.19023762E-10     24.6081290     24.6073957      0.0007333         5
  0.25546850E-10     30.8482886     30.8469452      0.0013434         6
  0.26810264E-10     36.8913450     36.8901541      0.0011909         7
  0.27609532E-10     36.9074887     36.9066997      0.0007890         8
  0.29728382E-10     30.7861000     30.7857917      0.0003083         9
  0.38617533E-10     36.9354142     36.9340104      0.0014038        10
  0.39918359E-10     43.0902654     43.0885763      0.0016891        11
  0.41701562E-10     49.3321548     49.3306891      0.0014656        12
  0.46600457E-10     55.4558912     55.4535834      0.0023077        13
  0.48805130E-10     61.5869930     61.5850123      0.0019807        14
  0.50494080E-10     67.9736623     67.9713400      0.0023223        15
  0.54915890E-10     74.1096394     74.1065149      0.0031245        16
  0.55527376E-10     80.3246726     80.3227498      0.0019228        17
  0.57687648E-10     86.5298303     86.5272639      0.0025664        18
  0.66843217E-10     92.5554091     92.5544015      0.0010076        19
  0.70089875E-10     98.8561172     98.8552441      0.0008731        20
  0.70985784E-10    105.1708062    105.1688091      0.0019971        21
  0.83826177E-10    111.3673377    111.3636136      0.0037241        22
  0.87838738E-10    117.4120151    117.4098083      0.0022069        23
  0.88190581E-10    117.4782512    117.4764590      0.0017922        24
  0.93184961E-10    129.6932698    129.6906351      0.0026347        25
  0.96925116E-10    135.8902938    135.8873643      0.0029295        26
  0.98046450E-10    142.1257536    142.1207743      0.0049793        27
  0.10072013E-09    148.3808138    148.3764358      0.0043781        28
  0.10316302E-09    154.5838990    154.5778591      0.0060399        29
  0.11030500E-09    160.7374686    160.7292395      0.0082291        30
  0.11854164E-09    166.8147266    166.8094529      0.0052737        31
  0.13069352E-09    173.1979410    173.1927870      0.0051540        32
  0.14093645E-09    179.3280689    179.3210020      0.0070669        33
  0.14108908E-09    185.5848346    185.5757538      0.0090808        34
  0.14606960E-09    191.7262099    191.7182396      0.0079703        35
  0.15214495E-09    197.9828341    197.9765593      0.0062748        36
  0.15251600E-09    204.2177914    204.2108556      0.0069358        37
  0.15312913E-09    210.3294249    210.3207708      0.0086541        38
  0.15536972E-09    216.4373414    216.4264701      0.0108713        39
  0.15582081E-09    222.8070576    222.7976958      0.0093618        40
  0.15868108E-09    228.9600070    228.9520918      0.0079152        41
  0.15987870E-09    235.0888188    235.0805215      0.0082973        42
  0.16248552E-09    241.3953778    241.3890422      0.0063356        43
  0.16256195E-09    247.5559547    247.5499304      0.0060243        44
  0.17331155E-09    253.7591039    253.7548728      0.0042311        45
  0.17503915E-09    259.9974181    259.9939144      0.0035037        46
  0.17851214E-09    266.1814407    266.1765182      0.0049224        47
  0.18287155E-09    272.3315100    272.3257880      0.0057220        48
  0.18844496E-09    278.5734594    278.5687988      0.0046606        49
  0.20733911E-09    284.8522604    284.8494190      0.0028414        50
  0.21021063E-09    290.7915037    290.7880739      0.0034297        51
  0.21632193E-09    290.8831629    290.8814638      0.0016990        52
  0.21848188E-09    297.1634913    297.1628822      0.0006091        53
  0.22276933E-09    303.3972567    303.3950256      0.0022311        54
  0.22316703E-09    297.1634842    297.1628752      0.0006090        55
  0.23660358E-09    303.2807830    303.2797360      0.0010469        56
  0.24094836E-09    309.3955633    309.3937404      0.0018230        57
  0.24196444E-09    315.6183057    315.6175959      0.0007097        58
  0.24200051E-09    315.7302291    315.7291573      0.0010718        59
  0.24778620E-09    309.5866016    309.5854829      0.0011186        60
  0.25561826E-09    315.6128956    315.6123504      0.0005453        61
  0.25601949E-09    315.6320131    315.6309873      0.0010259        62
  0.25820648E-09    321.8939275    321.8925403      0.0013872        63
  0.26361628E-09    321.8542938    321.8529421      0.0013517        64
  0.27981874E-09    328.0145299    328.0119691      0.0025608        65
  0.29285494E-09    334.2846405    334.2804051      0.0042354        66
  0.29413941E-09    340.5002108    340.4971298      0.0030810        67
  0.30783627E-09    346.6637825    346.6604518      0.0033307        68
  0.31337187E-09    352.7119321    352.7079077      0.0040245        69
  0.31670973E-09    358.7747409    358.7699650      0.0047759        70
  0.31682902E-09    365.2700626    365.2666099      0.0034527        71
  0.32253495E-09    377.4251079    377.4211420      0.0039659        72
  0.33229848E-09    383.9200944    383.9163777      0.0037166        73
  0.33503098E-09    389.9955248    389.9913217      0.0042031        74
  0.33571865E-09    396.1124542    396.1070775      0.0053767        75
  0.33913447E-09    402.3392963    402.3333135      0.0059828        76
  0.34186120E-09    408.5429704    408.5348931      0.0080774        77
  0.35574088E-09    414.6850805    414.6745631      0.0105175        78
  0.35877045E-09    408.5429897    408.5349123      0.0080774        79
  0.35922157E-09    414.8621177    414.8538337      0.0082841        80
  0.35964441E-09    420.9534670    420.9462290      0.0072380        81
  0.36107280E-09    427.1435824    427.1327773      0.0108050        82
  0.36384511E-09    433.4057187    433.3921784      0.0135404        83
  0.37881755E-09    439.5203921    439.5121370      0.0082551        84
  0.37954614E-09    445.7527384    445.7410951      0.0116433        85
  0.38022113E-09    451.8741725    451.8640491      0.0101234        86
  0.38164333E-09    445.7527875    445.7411442      0.0116433        87
  0.38402603E-09    451.8439207    451.8313050      0.0126157        88
  0.38609599E-09    457.9301490    457.9144904      0.0156585        89
  0.39261516E-09    464.2703464    464.2539076      0.0164387        90
  0.39468536E-09    470.2978614    470.2843356      0.0135259        91
  0.39503753E-09    470.3887100    470.3732686      0.0154414        92
  0.39539863E-09    470.2978627    470.2843368      0.0135259        93
  0.39767908E-09    476.7458559    476.7271078      0.0187481        94
  0.39769051E-09    482.7819595    482.7624942      0.0194652        95
  0.40034273E-09    489.0603525    489.0426407      0.0177118        96
  0.40647240E-09    501.1916918    501.1731675      0.0185243        97
  0.40902955E-09    507.5292253    507.5085610      0.0206643        98
  0.41097778E-09    513.7272809    513.7035675      0.0237134        99
  0.41376725E-09    519.9437253    519.9234122      0.0203130       100
  0.41600207E-09    526.1693862    526.1472467      0.0221395       101
  0.41718774E-09    538.2092153    538.1905944      0.0186209       102
  0.42041433E-09    532.3621410    532.3469050      0.0152359       103
  0.42075852E-09    532.3659657    532.3502050      0.0157607       104
  0.43388207E-09    532.4319857    532.4186530      0.0133328       105
  0.43457909E-09    538.5761447    538.5598400      0.0163047       106
  0.43886414E-09    532.4319846    532.4186519      0.0133328       107
  0.44607442E-09    538.7791712    538.7678556      0.0113155       108
  0.45894926E-09    544.8672694    544.8590203      0.0082491       109
  0.46145233E-09    556.9942808    556.9839909      0.0102899       110
  0.46729215E-09    550.9711522    550.9633113      0.0078409       111
  0.46818903E-09    544.7047277    544.6950090      0.0097187       112
  0.47237335E-09    551.3232703    551.3150564      0.0082140       113
  0.47848777E-09    557.2284413    557.2163022      0.0121392       114
  0.47863908E-09    563.4037694    563.3911807      0.0125887       115
  0.48171029E-09    569.6213113    569.6117813      0.0095301       116
  0.48252439E-09    575.6325742    575.6219406      0.0106336       117
  0.48630445E-09    582.1671547    582.1547776      0.0123771       118
  0.49201235E-09    594.3036359    594.2936996      0.0099363       119
  0.50309134E-09    588.4387936    588.4318331      0.0069606       120
  0.51110935E-09    594.5333486    594.5269448      0.0064038       121
  0.51224462E-09    600.8813881    600.8767216      0.0046665       122
  0.51470468E-09    607.1584386    607.1514542      0.0069843       123
  0.51756509E-09    613.2329667    613.2230964      0.0098703       124
  0.52739974E-09    625.3713758    625.3619731      0.0094026       125
  0.52950754E-09    631.4730128    631.4642107      0.0088021       126
  0.53456123E-09    643.7526523    643.7401459      0.0125064       127
  0.53566716E-09    649.7942823    649.7853014      0.0089809       128
  0.54043464E-09    656.4021037    656.3897885      0.0123152       129
  0.54206444E-09    668.3837045    668.3718875      0.0118170       130
  0.54215970E-09    674.3242298    674.3146769      0.0095529       131
  0.54570652E-09    668.3837090    668.3718920      0.0118170       132
  0.54925884E-09    674.7634961    674.7494952      0.0140009       133
  0.55218261E-09    687.2063908    687.1886117      0.0177791       134
  0.55435187E-09    693.2521027    693.2364250      0.0156776       135
  0.55523930E-09    699.7562011    699.7434254      0.0127757       136
  0.56318790E-09    705.7654907    705.7481233      0.0173675       137
  0.56717738E-09    711.7395176    711.7201373      0.0193803       138
  0.56972533E-09    718.0495364    718.0296036      0.0199327       139
  0.57941524E-09    724.1704518    724.1493341      0.0211177       140
  0.58065268E-09    730.3906954    730.3654366      0.0252589       141
  0.58105257E-09    736.6267989    736.6034551      0.0233438       142
  0.59207496E-09    736.5610807    736.5393982      0.0216825       143
  0.59257569E-09    742.8867302    742.8638967      0.0228335       144
  0.59554007E-09    755.3093763    755.2882853      0.0210909       145
  0.59564963E-09    773.7093726    773.6852204      0.0241521       146
  0.59919269E-09    779.8708954    779.8425912      0.0283042       147
  0.60049605E-09    786.1385564    786.1124197      0.0261367       148
  0.60801576E-09    792.3455260    792.3210782      0.0244479       149
  0.60863834E-09    798.5010381    798.4729151      0.0281230       150
  0.60952726E-09    804.5632383    804.5312136      0.0320246       151
  0.61152941E-09    810.6862874    810.6494382      0.0368492       152
  0.62349529E-09    816.7624179    816.7196827      0.0427351       153
  0.62374101E-09    822.8344057    816.8018384      6.0325673       154
  0.62375372E-09    828.8105949    816.8152904     11.9953045       155
  0.62473361E-09    822.8344084    816.8018423      6.0325661       156
  0.62498559E-09    828.8316956    816.7799239     12.0517716       157
  0.62554250E-09    822.8344114    816.8018465      6.0325648       158
  0.62583021E-09    828.9709354    816.8482599     12.1226755       159
  0.62626093E-09    834.8319418    816.7864956     18.0454462       160
  0.62677792E-09    841.2589191    817.0170929     24.2418262       161
  0.62754416E-09    847.6344054    817.0078842     30.6265212       162
  0.63061982E-09    853.6728801    823.3362374     30.3366427       163
  0.63132683E-09    859.9418401    823.6312438     36.3105963       164
  0.63187374E-09    866.1195043    823.4103091     42.7091952       165
  0.63209251E-09    872.2332111    823.4263790     48.8068321       166
  0.63236844E-09    878.2673849    823.2111464     55.0562384       167
  0.63657382E-09    891.1206357    823.1373719     67.9832638       168
  0.63690352E-09    878.2673620    823.2111331     55.0562289       169
  0.63906867E-09    890.4230834    835.6897250     54.7333583       170
  0.63906911E-09    878.2673479    823.2111276     55.0562203       171
  0.64498932E-09    891.1206838    823.1374207     67.9832631       172
  0.64545645E-09    878.2673250    823.2111138     55.0562112       173
  0.64781493E-09    891.1206887    823.1374207     67.9832680       174
  0.64829195E-09    878.2673018    823.2110988     55.0562031       175
  0.65144351E-09    891.1206937    823.1374207     67.9832729       176
  0.65331786E-09    878.2672784    823.2110836     55.0561948       177
  0.65650845E-09    891.1206986    823.1374207     67.9832779       178
  0.65667806E-09    878.2672540    823.2110666     55.0561874       179
  0.65816942E-09    883.9673475    823.2731835     60.6941640       180
  0.66046277E-09    878.2672520    823.2110598     55.0561922       181
  0.66655232E-09    891.1207419    823.1374799     67.9832620       182
  0.66656430E-09    878.2672275    823.2110425     55.0561850       183
  0.66926113E-09    891.1207469    823.1374799     67.9832669       184
  0.66996532E-09    878.2672016    823.2110234     55.0561782       185
  0.67662442E-09    891.1207518    823.1374799     67.9832719       186
  0.67688593E-09    878.2671749    823.2110039     55.0561710       187
  0.67996500E-09    891.1207568    823.1374800     67.9832768       188
  0.68033766E-09    878.2671474    823.2109839     55.0561635       189
  0.68054299E-09    891.1207617    823.1374800     67.9832817       190
  0.68067456E-09    878.2671176    823.2109614     55.0561562       191
  0.68095080E-09    891.1207666    823.1374800     67.9832867       192
  0.68219754E-09    878.2670867    823.2109383     55.0561484       193
  0.68303312E-09    891.1207716    823.1374800     67.9832916       194
  0.68445363E-09    878.2670549    823.2109148     55.0561402       195
  0.68586547E-09    891.1207765    823.1374800     67.9832965       196
  0.68604881E-09    878.2670222    823.2108907     55.0561315       197
  0.70026146E-09    891.1207814    823.1374800     67.9833014       198
  0.70216112E-09    878.2669886    823.2108662     55.0561224       199
  0.70425048E-09    891.1207864    823.1374800     67.9833064       200
  0.70494755E-09    878.2669542    823.2108413     55.0561129       201
  0.71256184E-09    891.1207913    823.1374800     67.9833113       202
  0.71287010E-09    878.2669155    823.2108125     55.0561030       203
  0.72098588E-09    891.1207963    823.1374800     67.9833162       204
  0.72150196E-09    878.2668797    823.2107869     55.0560928       205
  0.72411533E-09    891.1208012    823.1374800     67.9833212       206
  0.72445829E-09    878.2668393    823.2107573     55.0560820       207
  0.72454581E-09    891.1208062    823.1374801     67.9833261       208
  0.72465020E-09    878.2668022    823.2107311     55.0560712       209
  0.72551648E-09    891.1208111    823.1374801     67.9833310       210
  0.72583784E-09    878.2667604    823.2107007     55.0560597       211
  0.73270076E-09    891.1208160    823.1374801     67.9833360       212
  0.73276702E-09    878.2667223    823.2106740     55.0560483       213
  0.74138840E-09    891.1208210    823.1374801     67.9833409       214
  0.74313847E-09    878.2666793    823.2106431     55.0560362       215
  0.74322526E-09    891.1208259    823.1374801     67.9833458       216
  0.74368577E-09    878.2666404    823.2106160     55.0560245       217
  0.74619906E-09    891.1208309    823.1374801     67.9833508       218
  0.74634322E-09    878.2665964    823.2105846     55.0560119       219
  0.74864401E-09    891.1208358    823.1374801     67.9833557       220
  0.74993351E-09    878.2665521    823.2105530     55.0559991       221
  0.75091427E-09    891.1208408    823.1374801     67.9833606       222
  0.75332954E-09    878.2665123    823.2105254     55.0559869       223
  0.75597001E-09    891.1208457    823.1374802     67.9833656       224
  0.75783696E-09    878.2664673    823.2104935     55.0559738       225
  0.76489719E-09    891.1208507    823.1374802     67.9833705       226
  0.76646962E-09    878.2664221    823.2104616     55.0559605       227
  0.77005012E-09    891.1208556    823.1374802     67.9833754       228
  0.77111613E-09    878.2663817    823.2104337     55.0559480       229
  0.77208069E-09    891.1208606    823.1374802     67.9833804       230
  0.77209332E-09    878.2663361    823.2104015     55.0559346       231
  0.77753664E-09    891.1208655    823.1374802     67.9833853       232
  0.77802170E-09    878.2662904    823.2103692     55.0559212       233
  0.77997548E-09    891.1208705    823.1374802     67.9833902       234
  0.78020803E-09    878.2662498    823.2103412     55.0559086       235
  0.79422446E-09    891.1208754    823.1374803     67.9833952       236
  0.79636535E-09    878.2662039    823.2103088     55.0558951       237
  0.79674659E-09    891.1208804    823.1374803     67.9834001       238
  0.79793084E-09    878.2661581    823.2102764     55.0558817       239
  0.79884867E-09    891.1208853    823.1374803     67.9834050       240
  0.79926826E-09    878.2661174    823.2102483     55.0558691       241
  0.79979828E-09    891.1208903    823.1374803     67.9834100       242
  0.80258430E-09    878.2660715    823.2102159     55.0558557       243
  0.81124107E-09    883.9826892    823.2761067     60.7065825       244
  0.81235538E-09    878.2660679    823.2102092     55.0558588       245
  0.81641255E-09    891.1208153    823.1375406     67.9832747       246
  0.81688130E-09    878.2660231    823.2101768     55.0558462       247
  0.82973216E-09    891.1208203    823.1375406     67.9832797       248
  0.83038119E-09    878.2659783    823.2101446     55.0558337       249
  0.83865562E-09    891.1208253    823.1375407     67.9832846       250
  0.83918584E-09    878.2659385    823.2101166     55.0558219       251
  0.84770028E-09    890.4234036    835.6899744     54.7334292       252
  0.84780093E-09    909.5736374    835.8085877     73.7650497       253
  0.84792403E-09    921.5089877    835.7707487     85.7382391       254
  0.84847516E-09    909.5736487    835.8085869     73.7650618       255
  0.84853231E-09    897.1146806    823.5788727     73.5358079       256
  0.84856210E-09    908.4931545    835.0945081     73.3986464       257
  0.84894942E-09    897.1147416    823.5788786     73.5358629       258
  0.85189989E-09    908.8773738    823.3440791     85.5332947       259
  0.85194776E-09    921.1338747    835.4450475     85.6888272       260
  0.85288892E-09    908.8773284    823.3440840     85.5332444       261
  0.85484923E-09    921.1079014    835.5457770     85.5621244       262
  0.85488250E-09    908.8772795    823.3440818     85.5331977       263
  0.85545886E-09    921.1338577    835.4450356     85.6888221       264
  0.85628254E-09    908.8772341    823.3440867     85.5331474       265
  0.85669666E-09    921.1338532    835.4450330     85.6888202       266
  0.86335250E-09    908.8771887    823.3440917     85.5330971       267
  0.86449070E-09    921.1078873    835.5457490     85.5621382       268
  0.86543862E-09    908.8771325    823.3440904     85.5330421       269
  0.86640672E-09    921.1078972    835.5457592     85.5621380       270
  0.86659324E-09    908.8770693    823.3440901     85.5329792       271
  0.86903340E-09    921.1079071    835.5457694     85.5621378       272
  0.86963936E-09    908.8770016    823.3440906     85.5329111       273
  0.86972996E-09    920.8845748    835.3078790     85.5766958       274
  0.86993705E-09    926.8052692    835.2284727     91.5767965       275
  0.87149804E-09    939.6799706    847.5753348     92.1046358       276
  0.87183376E-09    932.8849014    847.3390641     85.5458372       277
  0.87194903E-09    921.4610569    835.5613503     85.8997067       278
  0.88064812E-09    932.8848995    847.3390651     85.5458344       279
  0.88324534E-09    964.0400106    871.9199809     92.1200298       280
  0.88493512E-09    969.3164567    871.6876765     97.6287802       281
  0.88572883E-09    964.0399274    871.9199722     92.1199552       282
  0.89862458E-09    933.0185205    847.4528023     85.5657182       283
  0.89933981E-09    921.5071731    835.6022866     85.9048865       284
  0.90019670E-09    921.6377911    835.6399756     85.9978155       285
  0.90057388E-09    933.5761747    835.1604441     98.4157306       286
  0.90073049E-09    921.6378162    835.6399814     85.9978348       287
  0.90750714E-09    927.6916501    835.7788565     91.9127936       288
  0.90764494E-09    933.7226479    836.0182462     97.7044017       289
  0.90839364E-09    957.1740292    859.3075750     97.8664542       290
  0.90845016E-09    933.7226799    836.0182789     97.7044010       291
  0.90858406E-09    934.1752249    835.7456320     98.4295929       292
  0.91481077E-09    934.1781066    835.8393202     98.3387864       293
  0.91489222E-09    934.1846469    835.8450276     98.3396193       294
  0.91541890E-09    940.3547187    835.9513462    104.4033724       295
  0.93712533E-09    952.2742009    835.7118028    116.5623981       296
  0.93758597E-09    940.3547716    835.9513479    104.4034237       297
  0.94621719E-09    951.4920389    835.7660958    115.7259432       298
  0.94699709E-09    940.3547453    835.9513543    104.4033909       299
  0.96077237E-09    952.2742285    835.7117845    116.5624440       300
  0.96081355E-09    940.3547982    835.9513560    104.4034421       301
  0.97631677E-09    951.4920114    835.7660538    115.7259577       302
  0.97704564E-09    940.3548026    835.9513848    104.4034178       303
  0.97713415E-09    975.7439164    859.7424278    116.0014886       304
  0.97766930E-09    982.1483582    860.1095819    122.0387763       305
  0.97814581E-09    983.4864388    860.2671374    123.2193014       306
  0.99977362E-09    982.1483587    860.1095785    122.0387802       307
  0.10006292E-08    946.6837977    835.9413440    110.7424536       308
  0.10014828E-08    958.0743675    835.4511062    122.6232612       309
  0.10023984E-08    946.6838457    835.9413405    110.7425052       310
  0.10037691E-08    957.8624807    835.7674374    122.0950433       311
  0.10038062E-08    958.0929671    823.3782859    134.7146813       312
  0.10051190E-08    957.8624804    835.7674359    122.0950444       313
  0.10081531E-08    958.0052690    835.5385893    122.4666797       314
  0.10100900E-08    958.1335026    835.4607364    122.6727662       315
  0.10105085E-08    958.0052111    835.5385688    122.4666423       316
  0.10107888E-08    951.5190663    835.3551509    116.1639154       317
  0.10108179E-08    958.0050690    835.5385960    122.4664731       318
  0.10181346E-08    958.0926640    835.6426095    122.4500545       319
  0.10191469E-08    958.0050675    835.5385995    122.4664680       320
  0.10241388E-08    958.1335148    835.4607452    122.6727696       321
  0.10243676E-08    945.7494460    823.5370253    122.2124206       322
  0.10244303E-08    958.1335114    835.4607435    122.6727679       323
  0.10278350E-08    958.0939065    835.5757913    122.5181152       324
  0.10293010E-08    982.9231581    835.6485599    147.2745981       325
  0.10296340E-08    958.0938810    835.5757922    122.5180887       326
  0.10318622E-08    958.1091635    835.6608286    122.4483349       327
  0.10320040E-08    958.0938703    835.5757920    122.5180783       328
  0.10329087E-08    958.1091663    835.6608265    122.4483398       329
  0.10329349E-08    958.0938528    835.5757880    122.5180648       330
  0.10393391E-08    951.5460631    835.3703193    116.1757437       331
  0.10400293E-08    958.0937043    835.5758120    122.5178923       332
  0.10402817E-08    982.9231297    835.6485970    147.2745327       333
  0.10403529E-08    976.6591315    835.2738342    141.3852973       334
  0.10409417E-08    982.9230731    835.6486247    147.2744483       335
  0.10409804E-08    994.5262918    847.4683428    147.0579490       336
  0.10428685E-08    982.9230659    835.6486225    147.2744434       337
  0.10429177E-08    994.5262839    847.4683462    147.0579377       338
  0.10432167E-08    982.9230588    835.6486204    147.2744384       339
  0.10436410E-08    994.5414593    835.3728683    159.1685911       340
  0.10438231E-08    982.9231290    835.6486138    147.2745152       341
  0.10499103E-08    994.5262940    847.4683587    147.0579353       342
  0.10499862E-08    982.9231217    835.6486117    147.2745101       343
  0.10558567E-08    994.5414600    835.3728709    159.1685891       344
  0.10574540E-08    982.9231919    835.6486051    147.2745868       345
  0.10580862E-08    995.4626170    835.7878975    159.6747195       346
  0.10600381E-08    982.9232087    835.6485952    147.2746135       347
  0.10601206E-08    994.5262905    847.4683464    147.0579441       348
  0.10631730E-08    982.7871345    835.3195651    147.4675694       349
  0.10641565E-08    994.7116953    835.2852669    159.4264284       350
  0.10643100E-08    983.2289387    823.2950305    159.9339082       351
  0.10897439E-08    994.7116975    835.2852709    159.4264266       352
  0.10954393E-08   1007.2282283    847.7396587    159.4885697       353
  0.11127392E-08    994.7116997    835.2852748    159.4264248       354
  0.11128421E-08    983.2289415    823.2950317    159.9339098       355
  0.11525547E-08    988.0726009    823.5084029    164.5641979       356
  0.11528752E-08    999.9151872    823.3081513    176.6070359       357
  0.11528932E-08   1012.1768846    823.2808722    188.8960124       358
  0.11537348E-08   1025.5105061    823.5151909    201.9953152       359
  0.11543001E-08   1031.7159202    823.5569383    208.1589819       360
  0.11546238E-08   1037.6569408    823.5437893    214.1131515       361
  0.11548396E-08   1031.7159228    823.5569397    208.1589832       362
  0.11550755E-08   1037.6481034    835.3502212    202.2978822       363
  0.11553499E-08   1037.6924616    835.6807681    202.0116935       364
  0.11580137E-08   1031.6738120    835.6119258    196.0618861       365
  0.11580693E-08   1019.4208317    823.3354419    196.0853898       366
  0.11592291E-08   1031.5159008    823.3030784    208.2128224       367
  0.11636705E-08   1044.5628191    823.2973577    221.2654614       368
  0.11650493E-08   1031.5158285    823.3030683    208.2127602       369
  0.11668092E-08   1013.3393108    823.3842678    189.9550430       370
  0.11675418E-08   1031.5158991    823.3030949    208.2128042       371
  0.11677360E-08   1044.5628106    823.2973586    221.2654519       372
  0.11700044E-08   1031.5158303    823.3030876    208.2127427       373
  0.11701084E-08   1044.5627975    823.2973577    221.2654398       374
  0.11777512E-08   1031.5157647    823.3030825    208.2126822       375
  0.11782444E-08   1044.5627845    823.2973567    221.2654277       376
  0.11790135E-08   1031.5157036    823.3030801    208.2126236       377
  0.11804037E-08   1044.5627714    823.2973558    221.2654157       378
  0.11813413E-08   1031.5156433    823.3030776    208.2125657       379
  0.11833979E-08   1031.8093195    823.1970537    208.6122658       380
  0.11835105E-08   1031.5155376    823.3030512    208.2124864       381
  0.11848568E-08   1031.8093286    823.1970565    208.6122722       382
  0.11849118E-08   1013.3853260    823.2461814    190.1391446       383
  0.11863408E-08   1031.8093378    823.1970593    208.6122785       384
  0.11865148E-08   1031.5020748    823.3059327    208.1961421       385
  0.11870050E-08   1044.4721193    823.2615827    221.2105365       386
  0.11909483E-08   1031.5020075    823.3059215    208.1960860       387
  0.11969453E-08   1044.4721255    823.2615836    221.2105419       388
  0.11986661E-08   1031.5019508    823.3059113    208.1960395       389
  0.11991380E-08   1031.7874905    823.1907134    208.5967771       390
  0.11992314E-08   1013.3837375    823.2447281    190.1390094       391
  0.12171987E-08   1031.7874996    823.1907163    208.5967833       392
  0.12175738E-08   1031.4972456    823.3022102    208.1950353       393
  0.12188717E-08   1019.4609835    823.3763528    196.0846307       394
  0.12198501E-08   1031.4974929    823.3022976    208.1951953       395
  0.12211640E-08   1019.4609804    823.3763493    196.0846311       396
  0.12218838E-08   1031.4977406    823.3023856    208.1953549       397
  0.12247931E-08   1031.7843331    823.1891570    208.5951761       398
  0.12247992E-08   1013.3833333    823.2443313    190.1390020       399
  0.12273740E-08   1031.7843422    823.1891600    208.5951822       400
  0.12275008E-08   1013.3832431    823.2443054    190.1389377       401
  0.12300858E-08   1031.7843513    823.1891629    208.5951884       402
  0.12301107E-08   1013.3831533    823.2442795    190.1388738       403
  0.12324159E-08   1031.7843604    823.1891658    208.5951946       404
  0.12324219E-08   1013.3830667    823.2442519    190.1388147       405
  0.12628892E-08   1031.7843695    823.1891687    208.5952008       406
  0.12629994E-08   1013.3829878    823.2442208    190.1387670       407
  0.12733545E-08   1031.7843785    823.1891716    208.5952070       408
  0.12737780E-08   1013.3829132    823.2441889    190.1387243       409
  0.12820717E-08   1031.7843876    823.1891745    208.5952131       410
  0.12822091E-08   1013.3828398    823.2441579    190.1386819       411
  0.13224083E-08   1031.7843967    823.1891774    208.5952193       412
  0.13225571E-08   1031.4961117    823.3013905    208.1947212       413
  0.13269535E-08   1044.4702903    823.2608053    221.2094850       414
  0.13302706E-08   1031.4960445    823.3013789    208.1946656       415
  0.13307779E-08   1044.4702969    823.2608062    221.2094907       416
  0.13352033E-08   1043.9086828    823.4635881    220.4450947       417
  0.13355301E-08   1037.8925829    823.5338933    214.3586896       418
  0.13541704E-08   1067.4941306    823.5101696    243.9839611       419
  0.13582224E-08   1037.8926708    823.5339890    214.3586818       420
  0.13639505E-08   1067.4941222    823.5101693    243.9839528       421
  0.13642096E-08   1037.8926851    823.5340435    214.3586415       422
  0.13722157E-08   1043.9396081    823.4696223    220.4699858       423
  0.13722219E-08   1037.8926546    823.5340576    214.3585970       424
  0.13872582E-08   1049.3098302    834.9270751    214.3827551       425
  0.13873999E-08   1037.8926594    823.5340442    214.3586152       426
  0.13980109E-08   1067.4941066    823.5101183    243.9839883       427
  0.13983610E-08   1037.8929716    823.5340967    214.3588749       428
  0.14000143E-08   1067.4940981    823.5101181    243.9839800       429
  0.14007212E-08   1037.8913252    823.5338668    214.3574584       430
  0.14085793E-08   1067.4940896    823.5101178    243.9839718       431
  0.14093678E-08   1037.8913315    823.5336238    214.3577077       432
  0.14232021E-08   1067.4940811    823.5101175    243.9839636       433
  0.14233113E-08   1037.8914345    823.5337195    214.3577150       434
  0.14298821E-08   1067.4940726    823.5101173    243.9839553       435
  0.14303307E-08   1037.8915179    823.5337832    214.3577347       436
  0.14352513E-08   1067.4940641    823.5101170    243.9839471       437
  0.14361722E-08   1037.8915951    823.5337774    214.3578176       438
  0.14483645E-08   1067.4940556    823.5101167    243.9839389       439
  0.14488037E-08   1037.8916622    823.5338136    214.3578486       440
  0.14538818E-08   1049.3101516    834.9273334    214.3828182       441
  0.14539509E-08   1037.8916670    823.5338002    214.3578668       442
  0.14637863E-08   1067.4942729    823.5101256    243.9841473       443
  0.14638723E-08   1037.8917387    823.5338262    214.3579124       444
  0.14766070E-08   1049.3101288    834.9273058    214.3828230       445
  0.14768011E-08   1037.8917408    823.5338051    214.3579357       446
  0.14792938E-08   1067.4944310    823.5102626    243.9841683       447
  0.14804146E-08   1037.8918209    823.5338189    214.3580020       448
  0.14901466E-08   1043.6809471    823.5928905    220.0880566       449
  0.14908092E-08   1037.8917788    823.5338129    214.3579658       450
  0.15141903E-08   1044.0675177    829.4370200    214.6304977       451
  0.15145258E-08   1043.8188950    829.5127223    214.3061727       452
  0.15147603E-08   1055.8681225    841.8415385    214.0265839       453
  0.15147749E-08   1061.7114711    841.7274468    219.9840243       454
  0.15153621E-08   1080.2601868    860.2225775    220.0376094       455
  0.15159989E-08   1061.7114245    841.7274507    219.9839738       456
  0.15161488E-08   1074.4256915    854.4162917    220.0093998       457
  0.15162018E-08   1098.0048688    877.9235391    220.0813297       458
  0.15181155E-08   1074.4256953    854.4162945    220.0094007       459
  0.15182620E-08   1068.4432848    854.4011233    214.0421615       460
  0.15182755E-08   1074.4257412    854.4162898    220.0094514       461
  0.15183402E-08   1098.0053129    877.9235179    220.0817950       462
  0.15192351E-08   1074.4257448    854.4162926    220.0094523       463
  0.15193052E-08   1098.0057494    877.9234737    220.0822757       464
  0.15194715E-08   1074.4257485    854.4162953    220.0094532       465
  0.15195457E-08   1098.0061606    877.9234291    220.0827315       466
  0.15221258E-08   1074.4257521    854.4162981    220.0094540       467
  0.15228387E-08   1098.0065762    877.9233868    220.0831894       468
  0.15250186E-08   1074.4257558    854.4163009    220.0094549       469
  0.15255458E-08   1098.0069778    877.9234633    220.0835145       470
  0.15255793E-08   1074.4257595    854.4163037    220.0094558       471
  0.15258384E-08   1098.0073692    877.9236038    220.0837654       472
  0.15266180E-08   1074.4257631    854.4163065    220.0094566       473
  0.15267247E-08   1098.0077844    877.9237392    220.0840452       474
  0.15278701E-08   1103.7027518    877.9629671    225.7397848       475
  0.15280233E-08   1080.5146460    854.7506436    225.7640025       476
  0.15352254E-08   1086.7842981    854.5432713    232.2410268       477
  0.15356802E-08   1074.1896875    841.9181752    232.2715122       478
  0.15356968E-08   1062.3206305    829.8146637    232.5059669       479
  0.15357600E-08   1068.2472539    829.8118761    238.4353778       480
  0.15367429E-08   1073.7781457    829.7047566    244.0733892       481
  0.15386549E-08   1068.2472579    829.8118758    238.4353821       482
  0.15435529E-08   1080.3881456    841.8337393    238.5544063       483
  0.15491545E-08   1086.4644277    841.9758431    244.4885847       484
  0.15513872E-08   1092.7910938    848.0424810    244.7486128       485
  0.15517442E-08   1099.1968199    854.2865347    244.9102851       486
  0.15519461E-08   1105.0914555    854.1054363    250.9860192       487
  0.15520484E-08   1111.3173809    854.0932901    257.2240908       488
  0.15521300E-08   1099.4876003    842.2139149    257.2736854       489
  0.15601967E-08   1105.6482462    848.4448492    257.2033971       490
  0.15602380E-08   1112.2165942    854.6714822    257.5451120       491
  0.15649284E-08   1106.0916506    854.8731353    251.2185152       492
  0.15651225E-08   1123.6917577    854.5818743    269.1098834       493
  0.15659469E-08   1130.1748913    854.6564420    275.5184493       494
  0.15678634E-08   1123.6917314    854.5818097    269.1099218       495
  0.15682295E-08   1129.8762999    854.9173332    274.9589667       496
  0.15683540E-08   1141.8401436    866.9042868    274.9358568       497
  0.15691683E-08   1147.7333376    866.8454615    280.8878761       498
  0.15692265E-08   1153.6080214    866.8691630    286.7388583       499
  0.15693327E-08   1165.5193927    878.7240914    286.7953013       500
  0.15696727E-08   1165.7974653    878.8539819    286.9434834       501
  0.15735416E-08   1165.5200660    878.7241899    286.7958761       502
  0.15748553E-08   1171.8219846    885.0870645    286.7349201       503
  0.15755336E-08   1159.9750814    873.3842177    286.5908637       504
  0.15755362E-08   1172.3664282    873.1784656    299.1879626       505
  0.15756827E-08   1177.9859555    873.1877055    304.7982499       506
  0.15763460E-08   1190.4661519    873.1757702    317.2903817       507
  0.15776941E-08   1202.0067421    885.0107369    316.9960052       508
  0.15778625E-08   1190.4661605    873.1757876    317.2903728       509
  0.15794565E-08   1178.2122811    873.2022078    305.0100734       510
  0.15801044E-08   1189.9879729    885.1052519    304.8827210       511
  0.15848352E-08   1221.4100691    909.8937038    311.5163653       512
  0.15851681E-08   1232.9922532    909.5834872    323.4087660       513
  0.15860536E-08   1245.2210412    921.7683096    323.4527316       514
  0.15875218E-08   1232.9920543    909.5834405    323.4086139       515
  0.15888544E-08   1238.5193961    909.5122768    329.0071193       516
  0.15892251E-08   1232.9922442    909.5834776    323.4087666       517
  0.15932604E-08   1221.4740396    909.8726118    311.6014278       518
  0.15936407E-08   1232.9918491    909.5834600    323.4083891       519
  0.15946552E-08   1232.9951795    909.6010423    323.3941373       520
  0.15974816E-08   1256.1143807    909.3426572    346.7717235       521
  0.15975264E-08   1232.9952865    909.6011228    323.3941637       522
  0.16190315E-08   1244.9553740    910.0637197    334.8916543       523
  0.16206183E-08   1232.9953335    909.6012044    323.3941291       524
  0.16207414E-08   1256.1143871    909.3426561    346.7717310       525
  0.16212680E-08   1232.9954315    909.6012875    323.3941440       526
  0.16296001E-08   1256.1143968    909.3426591    346.7717377       527
  0.16297953E-08   1268.7267139    921.1325857    347.5941282       528
  0.16303191E-08   1256.1146641    909.3425563    346.7721078       529
  0.16369128E-08   1256.3669346    909.3204178    347.0465167       530
  0.16370746E-08   1256.1146738    909.3425594    346.7721143       531
  0.16371169E-08   1256.3668692    909.3204330    347.0464362       532
  0.16379662E-08   1267.7546699    921.0031463    346.7515236       533
  0.16386785E-08   1256.3670070    909.3204458    347.0465612       534
  0.16399187E-08   1250.8135753    909.4155039    341.3980714       535
  0.16403041E-08   1256.3671560    909.3204533    347.0467027       536
  0.16418393E-08   1268.7045770    909.2662681    359.4383089       537
  0.16422959E-08   1262.9853661    909.2690334    353.7163326       538
  0.16426169E-08   1268.7045423    909.2662226    359.4383198       539
  0.16444676E-08   1274.5560578    909.1509515    365.4051063       540
  0.16447463E-08   1268.7044546    909.2662377    359.4382169       541
  0.16449659E-08   1280.8558530    921.1234607    359.7323923       542
  0.16460585E-08   1281.2067820    921.3514099    359.8553721       543
  0.16496209E-08   1238.4986753    897.3748496    341.1238257       544
  0.16522578E-08   1226.3620522    885.1335172    341.2285351       545
  0.16542109E-08   1238.4312551    896.7766097    341.6546453       546
  0.16543240E-08   1226.3623448    885.1335172    341.2288277       547
  0.16563093E-08   1269.0268724    909.2486905    359.7781819       548
  0.16577807E-08   1274.7079506    909.1141308    365.5938197       549
  0.16580345E-08   1293.7988151    909.2100717    384.5887433       550
  0.16611599E-08   1274.7080288    909.1142955    365.5937333       551
  0.16652500E-08   1293.7988141    909.2100684    384.5887456       552
  0.16678590E-08   1274.7081071    909.1144603    365.5936468       553
  0.16699992E-08   1293.5740242    928.0520205    365.5220037       554
  0.16710709E-08   1300.6284388    928.1848456    372.4435932       555
  0.16719679E-08   1281.6660897    909.1685653    372.4975244       556
  0.16902483E-08   1275.7296088    909.0550587    366.6745501       557
  0.16906859E-08   1275.6417630    909.0665293    366.5752337       558
  0.16915021E-08   1275.7298893    909.0550180    366.6748713       559
  0.16925800E-08   1275.5277332    908.9675590    366.5601742       560
  0.16990951E-08   1281.5335718    908.9747731    372.5587987       561
  0.16995124E-08   1275.5278960    908.9675772    366.5603189       562
  0.17035167E-08   1281.5335705    908.9747708    372.5587997       563
  0.17038255E-08   1275.5280281    908.9676080    366.5604201       564
  0.17068485E-08   1281.5335693    908.9747685    372.5588007       565
  0.17072689E-08   1275.5281405    908.9676418    366.5604987       566
  0.17105179E-08   1275.8154829    909.0411727    366.7743102       567
  0.17108671E-08   1282.0185318    908.9454768    373.0730550       568
  0.17112544E-08   1275.8157757    909.0411387    366.7746370       569
  0.17114384E-08   1281.5746299    909.2502330    372.3243969       570
  0.17240717E-08   1286.7535322    909.2653885    377.4881437       571
  0.17240874E-08   1305.8559390    909.2629181    396.5930209       572
  0.17254477E-08   1311.2805992    915.1868806    396.0937186       573
  0.17254686E-08   1306.3951231    915.3744777    391.0206453       574
  0.17373992E-08   1318.1483496    926.7192537    391.4290959       575
  0.17375547E-08   1306.3952595    915.3744870    391.0207725       576
  0.17389477E-08   1312.3081129    921.3055273    391.0025856       577
  0.17390803E-08   1306.3956497    915.3743766    391.0212732       578
  0.17414972E-08   1355.3227549    952.3970843    402.9256706       579
  0.17460347E-08   1349.5017737    952.1840090    397.3177647       580
  0.17463289E-08   1355.5734199    952.1386796    403.4347403       581
  0.17470421E-08   1349.5017872    952.1839787    397.3178085       582
  0.17474313E-08   1355.1381656    952.4073865    402.7307792       583
  0.17487222E-08   1349.5017929    952.1839801    397.3178128       584
  0.17487570E-08   1355.1381663    952.4073895    402.7307768       585
  0.17507031E-08   1354.5655706    952.3230466    402.2425239       586
  0.17508574E-08   1366.9926767    964.2170318    402.7756449       587
  0.17585424E-08   1385.1916680    982.4951997    402.6964683       588
