# Time-averaged data for fix 1
# TimeStep c_msd_all[1] c_msd_all[2] c_msd_all[3] c_msd_all[4]
31000 0.0625152 0.0634462 0.0599332 0.185895
32000 0.0670364 0.0735643 0.060367 0.200968
33000 0.0658659 0.0734586 0.0661074 0.205432
34000 0.0684186 0.0639349 0.0648336 0.197187
35000 0.0832195 0.0670756 0.0679496 0.218245
36000 0.0659989 0.0726418 0.0733599 0.212001
37000 0.0618119 0.0628686 0.0690061 0.193687
38000 0.0699565 0.0680954 0.0714133 0.209465
39000 0.0692008 0.0639074 0.0692257 0.202334
40000 0.0782651 0.0768526 0.0732751 0.228393
41000 0.0675504 0.0806067 0.070259 0.218416
42000 0.0845303 0.0783696 0.0618269 0.224727
43000 0.0677337 0.0647249 0.0596944 0.192153
44000 0.0663302 0.0728181 0.0709933 0.210142
45000 0.0847271 0.078129 0.0748265 0.237683
46000 0.0804363 0.0727067 0.0763692 0.229512
47000 0.0759642 0.0642896 0.0807687 0.221022
48000 0.0915433 0.0804372 0.0748104 0.246791
49000 0.0645298 0.0634284 0.0771318 0.20509
50000 0.0712693 0.0653146 0.0686522 0.205236
51000 0.0791805 0.0750697 0.0697266 0.223977
52000 0.073653 0.0691858 0.0633126 0.206151
53000 0.0747826 0.0690407 0.07319 0.217013
54000 0.0772179 0.0713341 0.0694596 0.218012
55000 0.0669707 0.0650714 0.0652159 0.197258
56000 0.0692724 0.0627549 0.0638408 0.195868
57000 0.0724264 0.0738903 0.0714819 0.217799
58000 0.0764836 0.0668543 0.0680113 0.211349
59000 0.0797184 0.0686812 0.0700396 0.218439
60000 0.0741467 0.0720473 0.0704548 0.216649
61000 0.0736152 0.0740531 0.0673464 0.215015
62000 0.075276 0.0682646 0.0730725 0.216613
63000 0.0786575 0.0711583 0.0682781 0.218094
64000 0.0809395 0.0725498 0.0680918 0.221581
65000 0.06928 0.0660856 0.0677887 0.203154
66000 0.0768627 0.071391 0.0610172 0.209271
67000 0.0862878 0.0737702 0.0733688 0.233427
68000 0.0772381 0.0828317 0.0784114 0.238481
69000 0.0821184 0.0808483 0.0668125 0.229779
70000 0.0749949 0.0675823 0.0643348 0.206912
71000 0.07893 0.07774 0.0644738 0.221144
72000 0.0782976 0.0727748 0.0793367 0.230409
73000 0.0745792 0.0696098 0.0791263 0.223315
74000 0.0731384 0.077191 0.0685461 0.218876
75000 0.0782771 0.0731018 0.0659541 0.217333
76000 0.0720671 0.0685941 0.0741124 0.214774
77000 0.0825203 0.0778889 0.0813391 0.241748
78000 0.0871444 0.0751433 0.0695663 0.231854
79000 0.0749607 0.0668387 0.0717047 0.213504
80000 0.0861293 0.0734403 0.0695511 0.229121
81000 0.0806402 0.0748946 0.0623564 0.217891
82000 0.0763952 0.0731293 0.0696091 0.219134
83000 0.0929406 0.0778055 0.0758735 0.24662
84000 0.0761616 0.0659962 0.073128 0.215286
85000 0.0761532 0.0720929 0.072859 0.221105
86000 0.0788634 0.0666258 0.0721997 0.217689
87000 0.0808113 0.0682319 0.0673349 0.216378
88000 0.0858167 0.0662991 0.0675047 0.21962
89000 0.082031 0.0696022 0.0725418 0.224175
90000 0.0816778 0.0745446 0.064965 0.221187
91000 0.0832685 0.0705254 0.070239 0.224033
92000 0.0752278 0.0695593 0.0703458 0.215133
93000 0.0858811 0.0815961 0.0710535 0.238531
94000 0.0823917 0.0741967 0.0666638 0.223252
95000 0.073158 0.0744735 0.0758728 0.223504
96000 0.0811134 0.0742846 0.0747002 0.230098
97000 0.0905339 0.0770392 0.0734462 0.241019
98000 0.0856887 0.0777783 0.0723372 0.235804
99000 0.0782928 0.0784439 0.0730025 0.229739
100000 0.0803862 0.0776168 0.0735927 0.231596
101000 0.0837699 0.0751753 0.069576 0.228521
102000 0.0916287 0.0704617 0.0675404 0.229631
103000 0.0812187 0.0743919 0.0805925 0.236203
104000 0.0825906 0.0742434 0.0728782 0.229712
105000 0.0727783 0.0684258 0.0693951 0.210599
106000 0.0757866 0.0705653 0.080154 0.226506
107000 0.082107 0.0689482 0.0819643 0.23302
108000 0.1122 0.0871476 0.0794666 0.278814
109000 0.0950204 0.0773422 0.0791005 0.251463
110000 0.0813221 0.0800772 0.0743298 0.235729
111000 0.08036 0.0769035 0.071912 0.229175
112000 0.0806982 0.0726592 0.0689992 0.222357
113000 0.0880938 0.0732407 0.0736604 0.234995
114000 0.0938061 0.0871439 0.0774152 0.258365
115000 0.0854137 0.0687112 0.0748797 0.229005
116000 0.0893464 0.0768949 0.0773541 0.243595
117000 0.0892036 0.0798708 0.0667294 0.235804
118000 0.0897156 0.0779646 0.0693226 0.237003
119000 0.0910541 0.0770392 0.0825689 0.250662
120000 0.093814 0.0819161 0.0784943 0.254224
121000 0.088691 0.0833226 0.0743516 0.246365
122000 0.0934469 0.0755917 0.0742319 0.24327
123000 0.100874 0.0865361 0.0772818 0.264692
124000 0.0896926 0.0768297 0.0741196 0.240642
125000 0.0912532 0.0773889 0.0699989 0.238641
126000 0.101629 0.0829856 0.0733564 0.257971
127000 0.0962547 0.0790222 0.0749644 0.250241
128000 0.0970988 0.0883467 0.0681763 0.253622
129000 0.0958056 0.0820661 0.0706666 0.248538
130000 0.088593 0.0795106 0.0737025 0.241806
131000 0.0989215 0.0739504 0.07409 0.246962
132000 0.0957179 0.0808566 0.0705099 0.247084
133000 0.0907734 0.0910963 0.0698848 0.251754
134000 0.0887854 0.0777727 0.0790738 0.245632
135000 0.0896329 0.0848422 0.0773696 0.251845
136000 0.0867333 0.0796191 0.0713911 0.237744
137000 0.0919105 0.0872366 0.0766525 0.2558
138000 0.0901593 0.0774522 0.0769788 0.24459
139000 0.097838 0.0815711 0.0734093 0.252818
140000 0.0959285 0.0844224 0.0697533 0.250104
141000 0.0996963 0.0774049 0.0653978 0.242499
142000 0.104936 0.091412 0.0708303 0.267179
143000 0.0937936 0.0761882 0.068006 0.237988
144000 0.0944137 0.0828905 0.0686962 0.246
145000 0.0920253 0.0847315 0.0708297 0.247587
146000 0.0911891 0.074604 0.0766129 0.242406
147000 0.104018 0.0873109 0.0743724 0.265702
148000 0.101473 0.0760859 0.0862974 0.263857
149000 0.0986858 0.0875322 0.0730961 0.259314
150000 0.103148 0.076374 0.0708024 0.250324
151000 0.0951749 0.0753403 0.0717665 0.242282
152000 0.0940763 0.0805375 0.0752973 0.249911
153000 0.095094 0.0872122 0.0709016 0.253208
154000 0.0933877 0.0829947 0.0616271 0.238009
155000 0.0892066 0.079798 0.0717039 0.240709
156000 0.0854271 0.0749538 0.0626332 0.223014
157000 0.0966107 0.0773539 0.0673681 0.241333
158000 0.102226 0.0789411 0.0793145 0.260481
159000 0.0941999 0.0827547 0.0711863 0.248141
160000 0.102908 0.0789438 0.0665217 0.248374
161000 0.0983161 0.0748882 0.0665889 0.239793
162000 0.105638 0.084953 0.0760096 0.266601
163000 0.0992757 0.0874452 0.0784263 0.265147
164000 0.0946036 0.0874701 0.0717119 0.253786
165000 0.0890789 0.0789865 0.0664072 0.234473
166000 0.0979263 0.0858282 0.0731618 0.256916
167000 0.0950529 0.0760584 0.0784486 0.24956
168000 0.100695 0.0876459 0.0765486 0.264889
169000 0.0951175 0.0784909 0.0716395 0.245248
170000 0.0957291 0.0950612 0.0648838 0.255674
171000 0.0888788 0.0824075 0.069482 0.240768
172000 0.0961152 0.089441 0.0704847 0.256041
173000 0.09835 0.0926922 0.0704539 0.261496
174000 0.110548 0.0864113 0.0694094 0.266369
175000 0.113914 0.0921748 0.0734645 0.279553
176000 0.108723 0.0858518 0.0801543 0.274729
177000 0.105582 0.0935509 0.0738054 0.272938
178000 0.0978443 0.0857285 0.0796653 0.263238
179000 0.102434 0.0893019 0.0771306 0.268867
180000 0.0980687 0.0886255 0.0734796 0.260174
181000 0.0973593 0.0775583 0.0711168 0.246034
182000 0.0987036 0.0915451 0.0661519 0.256401
183000 0.104844 0.0924613 0.0710128 0.268318
184000 0.102299 0.0879472 0.065952 0.256198
185000 0.0997711 0.0894879 0.0726268 0.261886
186000 0.106234 0.0954555 0.07766 0.279349
187000 0.0952225 0.0825163 0.0712215 0.24896
188000 0.0968424 0.0855993 0.0735679 0.25601
189000 0.0972211 0.0873193 0.0685513 0.253092
190000 0.104423 0.0850005 0.0774696 0.266893
191000 0.0978705 0.0937963 0.0668544 0.258521
192000 0.0965754 0.084555 0.0648101 0.24594
193000 0.0977154 0.0871683 0.0680285 0.252912
194000 0.0919531 0.0829983 0.0743893 0.249341
195000 0.0874309 0.0934397 0.0738143 0.254685
196000 0.0946141 0.0769484 0.0732354 0.244798
197000 0.1053 0.0888935 0.0688162 0.26301
198000 0.102705 0.0789346 0.0687914 0.250431
199000 0.0986523 0.0815913 0.0695964 0.24984
200000 0.101499 0.0858015 0.0756808 0.262982
201000 0.105853 0.0880324 0.0740712 0.267957
202000 0.100981 0.0837316 0.0738733 0.258586
203000 0.101667 0.0839286 0.0682178 0.253814
204000 0.10309 0.0835176 0.0718874 0.258495
205000 0.101003 0.0866929 0.0742205 0.261916
206000 0.099242 0.0877538 0.0694405 0.256436
207000 0.0969314 0.0843303 0.0753186 0.25658
208000 0.0960276 0.082723 0.0756951 0.254446
209000 0.099739 0.0851408 0.0625126 0.247392
210000 0.10578 0.084196 0.0677411 0.257717
211000 0.105235 0.0881731 0.0720548 0.265463
212000 0.11072 0.0940263 0.0684508 0.273197
213000 0.100902 0.0836896 0.0746577 0.259249
214000 0.096715 0.0852473 0.0713571 0.253319
215000 0.0956238 0.0892292 0.0689262 0.253779
216000 0.100209 0.081301 0.0713787 0.252889
217000 0.0950639 0.0930011 0.0690978 0.257163
218000 0.107482 0.0923978 0.0774344 0.277314
219000 0.104816 0.0888151 0.074565 0.268196
220000 0.104838 0.0969969 0.0650963 0.266931
221000 0.118951 0.104003 0.0749727 0.297926
222000 0.107602 0.0885166 0.068367 0.264485
223000 0.102004 0.0894026 0.0685807 0.259988
224000 0.10561 0.0932246 0.0746159 0.27345
225000 0.116147 0.0923405 0.0779795 0.286467
226000 0.114178 0.0878745 0.076816 0.278869
227000 0.111067 0.088552 0.0721384 0.271758
228000 0.09873 0.0892169 0.0723292 0.260276
229000 0.106327 0.0853963 0.0791459 0.270869
230000 0.112723 0.0913543 0.0732141 0.277292
231000 0.101165 0.0854709 0.0693624 0.255998
232000 0.105388 0.0920889 0.0685749 0.266051
233000 0.113773 0.0880977 0.0725171 0.274388
234000 0.116871 0.0901806 0.0819648 0.289016
235000 0.123812 0.100045 0.0772747 0.301131
236000 0.100756 0.0911506 0.078473 0.27038
237000 0.0962037 0.0901376 0.0741541 0.260495
238000 0.103487 0.0935486 0.0730258 0.270062
239000 0.0971498 0.0899691 0.0723495 0.259468
240000 0.103465 0.0934995 0.0779528 0.274917
241000 0.106725 0.0917778 0.0700349 0.268538
242000 0.105669 0.10244 0.0788945 0.287003
243000 0.115349 0.09594 0.080407 0.291696
244000 0.110982 0.0955476 0.079431 0.28596
245000 0.104161 0.0886571 0.0740969 0.266915
246000 0.109386 0.0963499 0.073092 0.278828
247000 0.113537 0.0910706 0.0775525 0.28216
248000 0.112431 0.093249 0.0760774 0.281758
249000 0.127936 0.113379 0.0790545 0.320369
250000 0.118071 0.104677 0.079906 0.302655
251000 0.125278 0.101624 0.0748133 0.301715
252000 0.123374 0.0966272 0.0758372 0.295838
253000 0.128458 0.102368 0.0751171 0.305944
254000 0.127439 0.109342 0.0746274 0.311409
255000 0.116385 0.107029 0.0756479 0.299061
256000 0.121261 0.098624 0.0841855 0.304071
257000 0.12677 0.0951962 0.0756164 0.297583
258000 0.119492 0.0941297 0.0768091 0.290431
259000 0.118137 0.108049 0.0935859 0.319772
260000 0.131111 0.110566 0.095169 0.336846
261000 0.125859 0.101949 0.092718 0.320526
262000 0.123809 0.103274 0.0924336 0.319516
263000 0.128271 0.0977926 0.0928265 0.31889
264000 0.123028 0.100458 0.0867301 0.310217
265000 0.125809 0.101041 0.0935888 0.320439
266000 0.132932 0.10051 0.0980259 0.331468
267000 0.12336 0.104477 0.0872113 0.315048
268000 0.13119 0.10617 0.0926928 0.330053
269000 0.133155 0.109262 0.0941267 0.336544
270000 0.127943 0.104006 0.0900628 0.322012
271000 0.129445 0.104153 0.0913542 0.324953
272000 0.132845 0.0931576 0.0999467 0.32595
273000 0.134846 0.110923 0.103668 0.349437
274000 0.127724 0.103634 0.100943 0.332301
275000 0.12523 0.107143 0.0982735 0.330646
276000 0.137173 0.108629 0.101368 0.347169
277000 0.134377 0.10168 0.101567 0.337624
278000 0.136781 0.102167 0.101102 0.34005
279000 0.140231 0.105582 0.100352 0.346164
280000 0.127786 0.106952 0.100803 0.335541
281000 0.132422 0.110128 0.0985981 0.341147
282000 0.139417 0.105539 0.104748 0.349705
283000 0.134511 0.113934 0.111068 0.359514
284000 0.127619 0.114952 0.118071 0.360642
285000 0.134569 0.116864 0.0996666 0.351099
286000 0.147686 0.119898 0.094351 0.361935
287000 0.135382 0.118872 0.100726 0.35498
288000 0.131699 0.116613 0.0993987 0.347711
289000 0.132537 0.120638 0.101258 0.354433
290000 0.134133 0.10577 0.097562 0.337465
291000 0.137772 0.109869 0.104722 0.352362
292000 0.137424 0.112633 0.103152 0.353209
293000 0.143426 0.120059 0.101058 0.364544
294000 0.155039 0.140593 0.107237 0.402868
295000 0.136803 0.110149 0.108402 0.355354
296000 0.143627 0.117928 0.111077 0.372632
297000 0.137988 0.123051 0.105935 0.366974
298000 0.13246 0.109915 0.116303 0.358678
299000 0.150445 0.109591 0.112318 0.372353
300000 0.151841 0.11756 0.115083 0.384485
301000 0.142772 0.117934 0.111444 0.37215
302000 0.145641 0.119447 0.108191 0.373278
303000 0.140454 0.117508 0.111639 0.369601
304000 0.137347 0.121612 0.112554 0.371513
305000 0.14123 0.126423 0.107422 0.375075
306000 0.145034 0.115284 0.107945 0.368264
307000 0.137545 0.113673 0.110252 0.36147
308000 0.143979 0.120677 0.113044 0.3777
309000 0.138357 0.113912 0.11459 0.366858
310000 0.144227 0.120048 0.113433 0.377707
311000 0.145061 0.119565 0.10464 0.369266
312000 0.129235 0.113028 0.107661 0.349924
313000 0.139161 0.122451 0.103552 0.365164
314000 0.143232 0.122658 0.102092 0.367982
315000 0.136882 0.12128 0.10767 0.365832
316000 0.146008 0.116339 0.111014 0.373361
317000 0.147358 0.11592 0.110066 0.373344
318000 0.148342 0.118741 0.119279 0.386362
319000 0.148124 0.11313 0.123635 0.384889
320000 0.138615 0.114943 0.1173 0.370858
321000 0.138632 0.116345 0.117303 0.372281
322000 0.14195 0.116502 0.109642 0.368094
323000 0.146809 0.115394 0.12351 0.385712
324000 0.140788 0.108942 0.119003 0.368733
325000 0.13939 0.11155 0.113386 0.364325
326000 0.140502 0.112447 0.115427 0.368376
327000 0.15346 0.119037 0.120189 0.392686
328000 0.144918 0.108585 0.112984 0.366487
329000 0.149442 0.110125 0.118841 0.378408
330000 0.159331 0.124152 0.112171 0.395654
331000 0.146364 0.114061 0.113358 0.373783
332000 0.146819 0.117774 0.1116 0.376193
333000 0.150938 0.117204 0.121159 0.389301
334000 0.140706 0.114184 0.118043 0.372933
335000 0.153208 0.118999 0.110037 0.382244
336000 0.146143 0.113253 0.120608 0.380004
337000 0.145619 0.122581 0.121086 0.389286
338000 0.148862 0.119193 0.122598 0.390653
339000 0.141808 0.116396 0.121519 0.379723
340000 0.141881 0.111857 0.116419 0.370157
341000 0.142928 0.115846 0.116301 0.375075
342000 0.140659 0.114361 0.120589 0.375609
343000 0.145221 0.109741 0.122566 0.377527
344000 0.143378 0.119041 0.116723 0.379142
345000 0.145883 0.110603 0.114619 0.371105
346000 0.147754 0.11444 0.107488 0.369682
347000 0.144041 0.11582 0.116032 0.375894
348000 0.147567 0.116232 0.115878 0.379677
349000 0.151404 0.1313 0.113975 0.396679
350000 0.146032 0.112421 0.123615 0.382069
351000 0.144576 0.116689 0.113816 0.375081
352000 0.163024 0.127069 0.120499 0.410592
353000 0.152647 0.113006 0.121685 0.387338
354000 0.153124 0.109493 0.120589 0.383206
355000 0.168874 0.136523 0.12431 0.429708
356000 0.15415 0.126586 0.12381 0.404545
357000 0.154931 0.130479 0.124618 0.410027
358000 0.149343 0.119741 0.118504 0.387588
359000 0.141202 0.117745 0.121147 0.380094
360000 0.14718 0.131018 0.123824 0.402022
361000 0.149211 0.12351 0.122488 0.395209
362000 0.143304 0.123072 0.120719 0.387095
363000 0.157808 0.124666 0.119885 0.402359
364000 0.143945 0.119624 0.117924 0.381494
365000 0.14855 0.116766 0.130661 0.395976
366000 0.146875 0.119727 0.132088 0.398689
367000 0.14689 0.125719 0.119897 0.392506
368000 0.154696 0.12502 0.111796 0.391512
369000 0.152242 0.12559 0.121388 0.39922
370000 0.156474 0.126044 0.123631 0.40615
371000 0.16166 0.137551 0.124985 0.424196
372000 0.153129 0.125101 0.122758 0.400987
373000 0.161099 0.125813 0.121496 0.408409
374000 0.154096 0.135042 0.12569 0.414828
375000 0.160062 0.124441 0.117088 0.401591
376000 0.153437 0.136278 0.118923 0.408638
377000 0.154663 0.127608 0.130285 0.412556
378000 0.153674 0.119803 0.121821 0.395298
379000 0.156197 0.123794 0.1228 0.402792
380000 0.160669 0.130532 0.12815 0.419351
381000 0.166091 0.139859 0.123182 0.429132
382000 0.155281 0.141955 0.119984 0.41722
383000 0.162371 0.133371 0.122541 0.418283
384000 0.154756 0.130885 0.121764 0.407405
385000 0.155982 0.131519 0.12735 0.41485
386000 0.167265 0.129844 0.125953 0.423062
387000 0.165155 0.13505 0.129307 0.429512
388000 0.163872 0.127715 0.123339 0.414926
389000 0.159604 0.136653 0.12285 0.419106
390000 0.154811 0.136522 0.128586 0.419918
391000 0.162371 0.127709 0.125566 0.415645
392000 0.16842 0.138093 0.133848 0.440361
393000 0.160107 0.127721 0.117823 0.405651
394000 0.184808 0.13891 0.122278 0.445996
395000 0.181039 0.146062 0.13147 0.458571
396000 0.173037 0.13113 0.125598 0.429765
397000 0.173096 0.135701 0.129698 0.438496
398000 0.171768 0.137877 0.137302 0.446948
399000 0.169723 0.135178 0.13514 0.440042
400000 0.167749 0.142648 0.136685 0.447082
401000 0.171892 0.139365 0.12782 0.439077
402000 0.166058 0.129904 0.124097 0.42006
403000 0.166837 0.136831 0.127881 0.431549
404000 0.166039 0.132573 0.140534 0.439146
405000 0.176585 0.129464 0.131972 0.438021
406000 0.16787 0.130441 0.132426 0.430738
407000 0.180128 0.132944 0.140064 0.453136
408000 0.168432 0.138355 0.134783 0.44157
409000 0.166037 0.13672 0.12406 0.426817
410000 0.172101 0.131399 0.132132 0.435632
411000 0.175093 0.135768 0.123449 0.43431
412000 0.164822 0.128195 0.133582 0.426599
413000 0.171471 0.13859 0.129476 0.439537
414000 0.1666 0.136815 0.126932 0.430347
415000 0.171729 0.142885 0.134291 0.448905
416000 0.171025 0.139799 0.132294 0.443118
417000 0.172202 0.14045 0.135962 0.448614
418000 0.174962 0.135123 0.133172 0.443257
419000 0.169924 0.144112 0.129638 0.443674
420000 0.165713 0.140105 0.138955 0.444773
421000 0.176633 0.132878 0.126149 0.43566
422000 0.180721 0.143091 0.134925 0.458737
423000 0.183235 0.14332 0.140167 0.466721
424000 0.172871 0.139234 0.127295 0.4394
425000 0.172388 0.141285 0.138254 0.451927
426000 0.170351 0.141893 0.138679 0.450923
427000 0.187646 0.141614 0.135492 0.464752
428000 0.185272 0.152382 0.14618 0.483835
429000 0.177095 0.147601 0.132742 0.457438
430000 0.190203 0.148556 0.147619 0.486378
431000 0.188698 0.145204 0.137087 0.470989
432000 0.175474 0.145362 0.141601 0.462437
433000 0.180163 0.141005 0.145412 0.46658
434000 0.172281 0.144684 0.152985 0.46995
435000 0.173818 0.143641 0.153324 0.470783
436000 0.178791 0.152135 0.160891 0.491816
437000 0.171986 0.144124 0.159021 0.475131
438000 0.175829 0.144494 0.154115 0.474437
439000 0.173483 0.1451 0.14678 0.465363
440000 0.17331 0.149897 0.146012 0.469218
441000 0.171773 0.144589 0.155092 0.471453
442000 0.172941 0.148234 0.149964 0.471139
443000 0.169185 0.150792 0.154339 0.474315
444000 0.182578 0.157921 0.145771 0.48627
445000 0.19521 0.154168 0.150238 0.499616
446000 0.192112 0.157403 0.162509 0.512024
447000 0.181385 0.148066 0.155436 0.484887
448000 0.174516 0.151907 0.157163 0.483586
449000 0.175302 0.145669 0.148096 0.469068
450000 0.178744 0.153622 0.16431 0.496675
451000 0.187519 0.150428 0.16533 0.503276
452000 0.183787 0.145671 0.156308 0.485766
453000 0.187251 0.152852 0.158038 0.498141
454000 0.184333 0.148348 0.161265 0.493946
455000 0.186033 0.149676 0.161649 0.497358
456000 0.18038 0.152256 0.153805 0.48644
457000 0.184813 0.14859 0.152043 0.485446
458000 0.185555 0.144418 0.155445 0.485418
459000 0.18052 0.148171 0.152209 0.480899
460000 0.183516 0.145711 0.158965 0.488192
461000 0.18286 0.154757 0.163346 0.500963
462000 0.196522 0.160022 0.164174 0.520718
463000 0.177989 0.14702 0.157498 0.482507
464000 0.186556 0.150664 0.152379 0.489599
465000 0.172251 0.14744 0.161831 0.481522
466000 0.180039 0.153274 0.16978 0.503092
467000 0.181856 0.151636 0.157216 0.490709
468000 0.186138 0.150558 0.157025 0.493721
469000 0.191416 0.149201 0.160969 0.501587
470000 0.194037 0.147111 0.157173 0.498321
471000 0.200525 0.152004 0.162198 0.514726
472000 0.200682 0.169698 0.161674 0.532055
473000 0.187887 0.15619 0.162634 0.506712
474000 0.184042 0.155652 0.157004 0.496698
475000 0.187053 0.165447 0.161327 0.513827
476000 0.190606 0.154548 0.155735 0.500889
477000 0.190601 0.156295 0.160124 0.507021
478000 0.197101 0.168339 0.167531 0.532971
479000 0.185349 0.148581 0.157515 0.491445
480000 0.197776 0.161965 0.162642 0.522383
481000 0.189165 0.158084 0.173491 0.52074
482000 0.187442 0.145266 0.165606 0.498314
483000 0.182283 0.156288 0.162334 0.500905
484000 0.191128 0.160717 0.168267 0.520112
485000 0.203022 0.150997 0.169757 0.523776
486000 0.186256 0.156391 0.155844 0.498491
487000 0.206883 0.159904 0.162121 0.528908
488000 0.178848 0.150336 0.159762 0.488945
489000 0.192615 0.155714 0.167423 0.515752
490000 0.187297 0.159826 0.163912 0.511036
491000 0.187706 0.158008 0.170976 0.516689
492000 0.197696 0.166735 0.163622 0.528053
493000 0.19367 0.166232 0.162935 0.522836
494000 0.190243 0.156989 0.165859 0.513091
495000 0.188821 0.154144 0.172413 0.515378
496000 0.19517 0.162594 0.160961 0.518725
497000 0.183008 0.160642 0.161274 0.504925
498000 0.191241 0.164501 0.174739 0.530481
499000 0.201486 0.156985 0.159445 0.517915
500000 0.198381 0.167478 0.166529 0.532388
501000 0.200693 0.157961 0.16211 0.520764
502000 0.190499 0.156385 0.164401 0.511284
503000 0.178899 0.160478 0.163881 0.503258
504000 0.189319 0.170248 0.163504 0.523071
505000 0.185108 0.154594 0.167941 0.507643
506000 0.193681 0.167952 0.171035 0.532668
507000 0.189437 0.159226 0.171691 0.520355
508000 0.184039 0.164112 0.166296 0.514447
509000 0.198579 0.165899 0.161241 0.52572
510000 0.207659 0.168209 0.163166 0.539034
511000 0.197489 0.158558 0.175017 0.531064
512000 0.18977 0.161984 0.171717 0.523471
513000 0.186068 0.164015 0.168123 0.518206
514000 0.180361 0.16286 0.16937 0.512591
515000 0.190615 0.175271 0.169194 0.53508
516000 0.193527 0.172992 0.167214 0.533733
517000 0.193983 0.168449 0.166722 0.529155
518000 0.192176 0.169475 0.15428 0.515931
519000 0.201042 0.172217 0.17562 0.548879
520000 0.200697 0.172427 0.168398 0.541522
521000 0.205214 0.178775 0.159931 0.54392
522000 0.194839 0.168884 0.172694 0.536416
523000 0.191701 0.173965 0.16443 0.530096
524000 0.206839 0.172223 0.165147 0.544208
525000 0.195895 0.18042 0.170417 0.546733
526000 0.195959 0.170029 0.168372 0.53436
527000 0.194686 0.173473 0.167285 0.535444
528000 0.204422 0.179402 0.171575 0.555398
529000 0.19706 0.169484 0.168768 0.535312
530000 0.200842 0.173896 0.176478 0.551216
531000 0.198958 0.170148 0.167194 0.536301
532000 0.207633 0.182176 0.180574 0.570384
533000 0.204705 0.195124 0.172677 0.572506
534000 0.199751 0.179093 0.173587 0.552431
535000 0.205737 0.18855 0.171171 0.565458
536000 0.196633 0.18357 0.169964 0.550167
537000 0.203756 0.174466 0.179125 0.557347
538000 0.197022 0.177945 0.177551 0.552518
539000 0.192183 0.18509 0.176041 0.553313
540000 0.199857 0.195146 0.172549 0.567552
541000 0.200073 0.183442 0.172604 0.556118
542000 0.211038 0.181622 0.173307 0.565967
543000 0.207257 0.180414 0.171438 0.559109
544000 0.210256 0.195099 0.179956 0.585311
545000 0.206723 0.185408 0.18414 0.576271
546000 0.200236 0.177358 0.1805 0.558094
547000 0.196297 0.176688 0.181392 0.554377
548000 0.198864 0.176866 0.17894 0.554671
549000 0.200368 0.19533 0.181702 0.577399
550000 0.189381 0.191222 0.182028 0.562631
551000 0.203301 0.178432 0.172593 0.554326
552000 0.201429 0.182726 0.18494 0.569094
553000 0.210634 0.194134 0.181353 0.586121
554000 0.198197 0.185648 0.179213 0.563058
555000 0.212337 0.18843 0.185709 0.586475
556000 0.189996 0.181581 0.188978 0.560555
557000 0.195505 0.185426 0.171775 0.552706
558000 0.190541 0.186287 0.185057 0.561886
559000 0.190192 0.190031 0.176925 0.557148
560000 0.202008 0.181804 0.184172 0.567984
561000 0.194644 0.185272 0.178428 0.558345
562000 0.199302 0.183227 0.175995 0.558524
563000 0.196791 0.181852 0.175463 0.554106
564000 0.221392 0.186921 0.175605 0.583919
565000 0.210752 0.182024 0.180266 0.573042
566000 0.21865 0.18996 0.182248 0.590858
567000 0.193477 0.19209 0.181569 0.567136
568000 0.18738 0.185178 0.189135 0.561694
569000 0.201938 0.188857 0.18497 0.575764
570000 0.184799 0.183979 0.187667 0.556445
571000 0.189315 0.193634 0.188192 0.57114
572000 0.19692 0.190483 0.195537 0.58294
573000 0.203358 0.187856 0.1863 0.577514
574000 0.200459 0.178632 0.193027 0.572118
575000 0.200106 0.184769 0.200087 0.584962
576000 0.194242 0.193275 0.191778 0.579296
577000 0.202551 0.179743 0.189478 0.571772
578000 0.196582 0.177079 0.192423 0.566084
579000 0.188434 0.186441 0.184656 0.559532
580000 0.200335 0.188403 0.192511 0.581249
581000 0.196105 0.19236 0.194882 0.583347
582000 0.20239 0.190064 0.19903 0.591484
583000 0.185481 0.186305 0.184325 0.55611
584000 0.196349 0.187518 0.185753 0.569621
585000 0.190704 0.191951 0.195874 0.578529
586000 0.188646 0.191616 0.187729 0.567991
587000 0.200806 0.20347 0.196149 0.600425
588000 0.201532 0.193822 0.188048 0.583402
589000 0.212773 0.200148 0.186765 0.599687
590000 0.197059 0.192539 0.184254 0.573852
591000 0.195255 0.217699 0.198775 0.611729
592000 0.20043 0.200841 0.192815 0.594086
593000 0.197656 0.196405 0.1967 0.59076
594000 0.202073 0.214236 0.197043 0.613352
595000 0.197335 0.211721 0.208117 0.617173
596000 0.199018 0.198927 0.186325 0.584269
597000 0.197985 0.200975 0.189626 0.588585
598000 0.211374 0.199646 0.192907 0.603927
599000 0.206769 0.203961 0.196704 0.607434
600000 0.21021 0.198788 0.206416 0.615414
601000 0.192333 0.20649 0.201666 0.60049
602000 0.198853 0.205789 0.21283 0.617471
603000 0.19308 0.204192 0.207507 0.60478
604000 0.198815 0.200921 0.20014 0.599876
605000 0.200941 0.216217 0.203177 0.620335
606000 0.195775 0.207086 0.204712 0.607572
607000 0.203986 0.203823 0.200596 0.608406
608000 0.200848 0.202632 0.20475 0.60823
609000 0.211751 0.211852 0.207558 0.631161
610000 0.196861 0.208305 0.211416 0.616582
611000 0.198794 0.196952 0.200194 0.59594
612000 0.205079 0.202632 0.193257 0.600968
613000 0.198813 0.207595 0.214721 0.62113
614000 0.191767 0.211187 0.215851 0.618805
615000 0.195806 0.209461 0.203034 0.608301
616000 0.196007 0.203485 0.205066 0.604558
617000 0.202175 0.213289 0.21219 0.627653
618000 0.204115 0.206584 0.207654 0.618353
619000 0.192575 0.205474 0.214985 0.613034
620000 0.200946 0.216279 0.217127 0.634352
621000 0.203471 0.207148 0.217355 0.627974
622000 0.202144 0.201301 0.20771 0.611155
623000 0.20259 0.204792 0.220141 0.627523
624000 0.197829 0.208415 0.219138 0.625381
625000 0.198514 0.201845 0.211231 0.61159
626000 0.195974 0.211876 0.211274 0.619124
627000 0.203093 0.203592 0.215466 0.622151
628000 0.198362 0.217091 0.219251 0.634704
629000 0.205313 0.207741 0.221284 0.634338
630000 0.200331 0.202917 0.214793 0.618041
631000 0.19328 0.217185 0.213251 0.623716
632000 0.192374 0.215349 0.216128 0.623851
633000 0.200628 0.214733 0.213918 0.629279
634000 0.200754 0.210585 0.218437 0.629776
635000 0.198299 0.225943 0.214731 0.638974
636000 0.207852 0.217114 0.219537 0.644503
637000 0.217581 0.222325 0.222567 0.662474
638000 0.218084 0.212331 0.220918 0.651333
639000 0.215936 0.210504 0.213627 0.640066
640000 0.220785 0.225823 0.214843 0.661452
641000 0.207248 0.218429 0.233071 0.658748
642000 0.216529 0.217365 0.228336 0.66223
643000 0.22018 0.207687 0.229646 0.657513
644000 0.214903 0.207518 0.222793 0.645214
645000 0.220643 0.22325 0.218331 0.662224
646000 0.22414 0.208755 0.223331 0.656227
647000 0.21204 0.229768 0.221563 0.663371
648000 0.220176 0.220871 0.215233 0.65628
649000 0.204057 0.218281 0.217848 0.640186
650000 0.202571 0.223005 0.223185 0.648761
651000 0.209811 0.212266 0.223583 0.64566
652000 0.209255 0.212297 0.21575 0.637302
653000 0.205787 0.21844 0.215949 0.640176
654000 0.215663 0.211915 0.217688 0.645266
655000 0.205789 0.214222 0.221675 0.641686
656000 0.219075 0.222436 0.222501 0.664012
657000 0.219165 0.212237 0.221308 0.65271
658000 0.220655 0.215987 0.221735 0.658377
659000 0.216083 0.22111 0.225289 0.662481
660000 0.208504 0.224828 0.222302 0.655634
661000 0.199894 0.216544 0.219347 0.635785
662000 0.213843 0.220471 0.219797 0.65411
663000 0.212139 0.213263 0.214826 0.640228
664000 0.217749 0.218537 0.230469 0.666755
665000 0.218484 0.224645 0.233663 0.676791
666000 0.230806 0.222449 0.222277 0.675531
667000 0.219237 0.22406 0.228066 0.671364
668000 0.212781 0.217645 0.222185 0.65261
669000 0.213568 0.220037 0.220005 0.65361
670000 0.213791 0.205856 0.216438 0.636085
671000 0.208756 0.22364 0.220723 0.653119
672000 0.210908 0.220413 0.226082 0.657402
673000 0.212176 0.212453 0.220981 0.645611
674000 0.212023 0.214172 0.231502 0.657698
675000 0.216381 0.220264 0.240481 0.677126
676000 0.225278 0.213815 0.223979 0.663072
677000 0.22922 0.21654 0.225635 0.671396
678000 0.236934 0.21399 0.225677 0.676601
679000 0.216269 0.227005 0.230016 0.673291
680000 0.216388 0.21591 0.231167 0.663466
681000 0.221366 0.21966 0.23029 0.671316
682000 0.209385 0.224747 0.224937 0.65907
683000 0.214224 0.219135 0.230338 0.663698
684000 0.2169 0.217908 0.233682 0.668491
685000 0.221559 0.229308 0.226626 0.677493
686000 0.22188 0.229073 0.243003 0.693956
687000 0.224899 0.218323 0.237813 0.681034
688000 0.224099 0.219696 0.229658 0.673454
689000 0.209867 0.220498 0.229885 0.66025
690000 0.213114 0.226376 0.235603 0.675093
691000 0.222538 0.219016 0.237628 0.679182
692000 0.213783 0.226726 0.239872 0.68038
693000 0.230045 0.218132 0.238462 0.686639
694000 0.217646 0.216733 0.226535 0.660914
695000 0.221785 0.213004 0.225534 0.660324
696000 0.222038 0.21987 0.226336 0.668245
697000 0.226198 0.214754 0.230951 0.671903
698000 0.222215 0.219645 0.222714 0.664573
699000 0.220373 0.233741 0.232535 0.686649
700000 0.216856 0.21024 0.236345 0.663441
701000 0.222282 0.215229 0.234354 0.671865
702000 0.2164 0.221737 0.226447 0.664585
703000 0.22161 0.227439 0.230206 0.679255
704000 0.215957 0.216337 0.236745 0.669038
705000 0.210096 0.225435 0.233114 0.668645
706000 0.225073 0.22488 0.230369 0.680322
707000 0.217433 0.216841 0.233458 0.667732
708000 0.239656 0.225188 0.236657 0.701501
709000 0.225708 0.22682 0.233824 0.686352
710000 0.222867 0.211793 0.230708 0.665368
711000 0.217559 0.229826 0.234889 0.682275
712000 0.221006 0.217239 0.243898 0.682144
713000 0.217751 0.218126 0.233726 0.669602
714000 0.215583 0.216706 0.234915 0.667204
715000 0.216914 0.21355 0.23359 0.664055
716000 0.221345 0.218426 0.241412 0.681182
717000 0.221078 0.217459 0.235929 0.674466
718000 0.232558 0.221652 0.226467 0.680678
719000 0.223822 0.22851 0.231454 0.683786
720000 0.237191 0.219452 0.229553 0.686196
721000 0.230813 0.213886 0.237704 0.682403
722000 0.219144 0.220158 0.238936 0.678239
723000 0.229153 0.214406 0.231907 0.675466
724000 0.226094 0.233267 0.245133 0.704494
725000 0.224223 0.233044 0.24654 0.703807
726000 0.229943 0.229476 0.227954 0.687374
727000 0.228464 0.218463 0.237996 0.684922
728000 0.239732 0.225387 0.243037 0.708156
729000 0.232852 0.230011 0.240422 0.703285
730000 0.232978 0.215179 0.240941 0.689099
731000 0.231389 0.235843 0.23927 0.706503
732000 0.228637 0.214013 0.238223 0.680873
733000 0.236395 0.226322 0.243513 0.706231
734000 0.219556 0.230078 0.254758 0.704392
735000 0.230749 0.219296 0.232988 0.683033
736000 0.226478 0.224307 0.238257 0.689042
737000 0.236562 0.229547 0.236537 0.702647
738000 0.231394 0.216287 0.24297 0.690651
739000 0.220535 0.222638 0.234237 0.67741
740000 0.225764 0.229225 0.234201 0.68919
741000 0.229833 0.233908 0.244631 0.708372
742000 0.223159 0.226879 0.24104 0.691079
743000 0.230487 0.235362 0.235445 0.701294
744000 0.236295 0.227193 0.250364 0.713851
745000 0.228975 0.21701 0.240632 0.686617
746000 0.230896 0.246415 0.240779 0.71809
747000 0.220381 0.223644 0.244232 0.688257
748000 0.223827 0.227297 0.244063 0.695186
749000 0.227844 0.231019 0.239221 0.698084
750000 0.23157 0.21692 0.231175 0.679665
751000 0.231568 0.217675 0.24936 0.698604
752000 0.230739 0.223063 0.245363 0.699165
753000 0.23048 0.232211 0.233726 0.696418
754000 0.235368 0.219335 0.26014 0.714844
755000 0.225711 0.221763 0.256049 0.703523
756000 0.237287 0.229946 0.254584 0.721817
757000 0.243116 0.240531 0.249229 0.732876
758000 0.247265 0.224772 0.24583 0.717867
759000 0.234381 0.225686 0.25089 0.710957
760000 0.234514 0.230542 0.255443 0.720499
761000 0.234583 0.230354 0.252202 0.717139
762000 0.239323 0.236344 0.253119 0.728786
763000 0.247043 0.231504 0.244848 0.723394
764000 0.235239 0.229034 0.248874 0.713147
765000 0.233614 0.228009 0.251753 0.713376
766000 0.233127 0.232977 0.241624 0.707728
767000 0.238651 0.236846 0.241117 0.716614
768000 0.237698 0.23607 0.247521 0.721289
769000 0.250502 0.231373 0.243338 0.725213
770000 0.228531 0.236348 0.257043 0.721922
771000 0.235235 0.235204 0.245624 0.716064
772000 0.245558 0.231173 0.236699 0.71343
773000 0.249286 0.237785 0.258208 0.745279
774000 0.246848 0.236825 0.244226 0.7279
775000 0.242354 0.233589 0.248782 0.724725
776000 0.24647 0.243333 0.25522 0.745023
777000 0.241311 0.237782 0.255142 0.734236
778000 0.238699 0.234343 0.24707 0.720112
779000 0.240921 0.237292 0.245252 0.723464
780000 0.24107 0.238558 0.249977 0.729606
781000 0.230952 0.223716 0.246544 0.701212
782000 0.244997 0.237519 0.253438 0.735954
783000 0.261945 0.242541 0.249178 0.753665
784000 0.244486 0.230954 0.25531 0.73075
785000 0.236471 0.227068 0.251978 0.715517
786000 0.244442 0.244207 0.25805 0.746699
787000 0.239095 0.231951 0.255 0.726047
788000 0.249533 0.227303 0.256974 0.733811
789000 0.254501 0.245385 0.267248 0.767133
790000 0.256044 0.239696 0.260525 0.756265
791000 0.253903 0.236711 0.249451 0.740065
792000 0.242466 0.229444 0.25786 0.729771
793000 0.239235 0.241983 0.26277 0.743988
794000 0.240039 0.247458 0.257782 0.74528
795000 0.237415 0.236865 0.251289 0.725569
796000 0.244575 0.253555 0.252156 0.750286
797000 0.237052 0.246912 0.262387 0.746352
798000 0.244236 0.242558 0.250339 0.737132
799000 0.252973 0.248642 0.261755 0.76337
800000 0.246433 0.242353 0.264912 0.753698
801000 0.249291 0.25456 0.264662 0.768512
802000 0.252725 0.246678 0.264147 0.76355
803000 0.249758 0.245739 0.280444 0.775941
804000 0.236109 0.235637 0.25653 0.728277
805000 0.239074 0.250796 0.262147 0.752017
806000 0.243146 0.244164 0.261541 0.748851
807000 0.243927 0.242582 0.263975 0.750483
808000 0.255499 0.251639 0.264971 0.77211
809000 0.255226 0.243735 0.272846 0.771807
810000 0.250746 0.234132 0.263203 0.748081
811000 0.248429 0.239731 0.256129 0.744288
812000 0.24727 0.238116 0.269404 0.75479
813000 0.23336 0.243064 0.267226 0.74365
814000 0.249379 0.250045 0.254132 0.753557
815000 0.248858 0.25321 0.269044 0.771112
816000 0.243076 0.244736 0.267981 0.755793
817000 0.248628 0.245281 0.272079 0.765988
818000 0.250251 0.257416 0.266477 0.774144
819000 0.248175 0.24618 0.271335 0.76569
820000 0.254484 0.237587 0.26144 0.753511
821000 0.244692 0.24539 0.273263 0.763345
822000 0.241848 0.248978 0.256108 0.746934
823000 0.246915 0.246647 0.256919 0.750482
824000 0.243488 0.236247 0.271319 0.751054
825000 0.246846 0.238102 0.268683 0.753631
826000 0.247511 0.233016 0.26665 0.747178
827000 0.251888 0.24085 0.26991 0.762648
828000 0.245875 0.233733 0.269883 0.749491
829000 0.25511 0.247493 0.269566 0.772169
830000 0.26157 0.257103 0.267595 0.786268
831000 0.257248 0.243417 0.264202 0.764867
832000 0.253908 0.241191 0.269085 0.764184
833000 0.257571 0.249706 0.268771 0.776047
834000 0.253877 0.250876 0.261461 0.766214
835000 0.257658 0.24012 0.260471 0.758249
836000 0.269931 0.243137 0.265983 0.779051
837000 0.265787 0.238 0.261226 0.765013
838000 0.260569 0.241453 0.266887 0.768909
839000 0.256828 0.243958 0.257718 0.758504
840000 0.255522 0.247583 0.271673 0.774778
841000 0.265622 0.248974 0.260963 0.775559
842000 0.258357 0.261495 0.253653 0.773505
843000 0.25904 0.254175 0.262603 0.775818
844000 0.269409 0.25872 0.266326 0.794455
845000 0.266671 0.257544 0.26928 0.793495
846000 0.267213 0.25203 0.25021 0.769453
847000 0.258864 0.248839 0.269418 0.777121
848000 0.278867 0.264937 0.267703 0.811507
849000 0.268982 0.254861 0.255093 0.778936
850000 0.271523 0.255333 0.25917 0.786025
851000 0.266304 0.253335 0.267223 0.786862
852000 0.272343 0.253874 0.270562 0.796778
853000 0.274065 0.253144 0.259561 0.78677
854000 0.267441 0.268115 0.266283 0.801839
855000 0.260503 0.261651 0.257351 0.779505
856000 0.260486 0.261909 0.256011 0.778407
857000 0.267642 0.262831 0.274639 0.805113
858000 0.279399 0.262815 0.256145 0.79836
859000 0.266958 0.261107 0.267137 0.795202
860000 0.269739 0.275351 0.261344 0.806433
861000 0.261841 0.263776 0.255389 0.781006
862000 0.269928 0.254492 0.265055 0.789474
863000 0.269031 0.267695 0.271224 0.807949
864000 0.266375 0.267961 0.268896 0.803233
865000 0.264 0.263788 0.265477 0.793265
866000 0.280509 0.25328 0.271877 0.805666
867000 0.271922 0.261518 0.262284 0.795724
868000 0.27125 0.26072 0.268761 0.800731
869000 0.266712 0.267506 0.261864 0.796082
870000 0.25772 0.266904 0.263299 0.787923
871000 0.280695 0.271362 0.259676 0.811732
872000 0.270844 0.261394 0.269476 0.801714
873000 0.263796 0.265905 0.274504 0.804204
874000 0.278997 0.248241 0.277797 0.805035
875000 0.265489 0.259213 0.262642 0.787344
876000 0.267144 0.25629 0.27082 0.794253
877000 0.27767 0.266668 0.262119 0.806458
878000 0.271307 0.261949 0.256223 0.789478
879000 0.275176 0.265606 0.273901 0.814682
880000 0.272157 0.265437 0.281541 0.819135
881000 0.281299 0.258323 0.272717 0.812339
882000 0.280657 0.271258 0.263789 0.815704
883000 0.280593 0.261328 0.264839 0.806761
884000 0.271303 0.261269 0.273734 0.806306
885000 0.274172 0.267124 0.266521 0.807816
886000 0.286772 0.283951 0.269447 0.84017
887000 0.283428 0.272041 0.275815 0.831284
888000 0.277249 0.271884 0.279888 0.829021
889000 0.277064 0.273795 0.27798 0.828838
890000 0.273078 0.273047 0.274992 0.821117
891000 0.278041 0.265299 0.27778 0.821121
892000 0.284604 0.279773 0.269682 0.834058
893000 0.286428 0.270636 0.271336 0.8284
894000 0.287281 0.270141 0.278025 0.835447
895000 0.280689 0.272813 0.278912 0.832414
896000 0.278896 0.264974 0.270707 0.814576
897000 0.285162 0.275253 0.271918 0.832333
898000 0.276575 0.272422 0.260272 0.809269
899000 0.275202 0.269345 0.271424 0.815972
900000 0.281363 0.276128 0.268965 0.826455
901000 0.273199 0.270714 0.260911 0.804824
902000 0.273502 0.271533 0.273808 0.818843
903000 0.268988 0.259964 0.282709 0.811661
904000 0.286639 0.270161 0.281478 0.838277
905000 0.285547 0.268392 0.264641 0.81858
906000 0.279321 0.28231 0.273654 0.835286
907000 0.275947 0.273117 0.262435 0.811499
908000 0.271685 0.274256 0.273555 0.819495
909000 0.277421 0.266296 0.266491 0.810209
910000 0.269337 0.25875 0.264344 0.79243
911000 0.266764 0.264673 0.265381 0.796818
912000 0.274623 0.254643 0.26833 0.797596
913000 0.272102 0.258534 0.267665 0.798301
914000 0.270471 0.262738 0.272444 0.805654
915000 0.271761 0.259765 0.265834 0.79736
916000 0.273901 0.260646 0.267412 0.80196
917000 0.280602 0.274004 0.269064 0.82367
918000 0.263555 0.258434 0.282317 0.804305
919000 0.265812 0.259348 0.276156 0.801316
920000 0.262741 0.264812 0.266851 0.794404
921000 0.273195 0.257543 0.271221 0.80196
922000 0.270296 0.274492 0.267248 0.812036
923000 0.271021 0.268265 0.2784 0.817686
924000 0.258836 0.262939 0.271833 0.793608
925000 0.262711 0.275591 0.26916 0.807462
926000 0.265814 0.264081 0.273333 0.803229
927000 0.269137 0.262171 0.276312 0.80762
928000 0.272978 0.264827 0.273176 0.810981
929000 0.275806 0.267818 0.270054 0.813678
930000 0.264612 0.262388 0.281471 0.808471
931000 0.266635 0.257487 0.27801 0.802133
932000 0.260927 0.268499 0.281114 0.81054
933000 0.257716 0.267724 0.277369 0.802809
934000 0.279374 0.277087 0.277903 0.834364
935000 0.275035 0.274713 0.27596 0.825708
936000 0.272438 0.273827 0.276651 0.822917
937000 0.26582 0.284617 0.279116 0.829553
938000 0.281439 0.27338 0.281263 0.836082
939000 0.266617 0.291887 0.267369 0.825873
940000 0.270676 0.274614 0.280561 0.825851
941000 0.273582 0.277624 0.295962 0.847168
942000 0.280436 0.276179 0.297612 0.854227
943000 0.279228 0.277434 0.290005 0.846668
944000 0.281355 0.288353 0.285718 0.855426
945000 0.27563 0.276653 0.284196 0.83648
946000 0.278598 0.271003 0.289921 0.839523
947000 0.27993 0.276259 0.27586 0.832049
948000 0.291978 0.284517 0.297295 0.873789
949000 0.278082 0.275747 0.278204 0.832033
950000 0.284273 0.294063 0.279922 0.858259
951000 0.279458 0.272959 0.280959 0.833377
952000 0.280852 0.280449 0.281281 0.842583
953000 0.28114 0.28028 0.27432 0.83574
954000 0.270823 0.2762 0.284327 0.831349
955000 0.282706 0.281317 0.277165 0.841189
956000 0.288278 0.277896 0.285375 0.851549
957000 0.297609 0.273315 0.286726 0.857651
958000 0.287107 0.288897 0.287954 0.863958
959000 0.299756 0.290736 0.302313 0.892804
960000 0.282521 0.277488 0.289925 0.849934
961000 0.296448 0.289955 0.285098 0.8715
962000 0.288025 0.288407 0.299662 0.876094
963000 0.283702 0.291042 0.285108 0.859852
964000 0.288986 0.283782 0.277133 0.849901
965000 0.304688 0.281512 0.28053 0.86673
966000 0.288301 0.296423 0.289409 0.874133
967000 0.285908 0.284016 0.276059 0.845983
968000 0.293532 0.297659 0.287945 0.879136
969000 0.302145 0.289209 0.283903 0.875256
970000 0.295338 0.292392 0.273476 0.861206
971000 0.297455 0.285998 0.292782 0.876235
972000 0.286694 0.286593 0.291545 0.864832
973000 0.289124 0.290478 0.282159 0.86176
974000 0.294501 0.279453 0.28865 0.862603
975000 0.287482 0.282017 0.286856 0.856355
976000 0.28265 0.2996 0.283064 0.865314
977000 0.298621 0.289181 0.287426 0.875228
978000 0.294772 0.285578 0.282009 0.862359
979000 0.296816 0.289155 0.285111 0.871082
980000 0.299905 0.28666 0.294516 0.881081
981000 0.285361 0.291848 0.292486 0.869695
982000 0.287555 0.278338 0.296167 0.862059
983000 0.290015 0.28014 0.281744 0.851899
984000 0.295566 0.274209 0.28925 0.859025
985000 0.28919 0.285853 0.310105 0.885148
986000 0.29765 0.285047 0.29378 0.876477
987000 0.29785 0.292878 0.282808 0.873536
988000 0.297498 0.293463 0.289657 0.880618
989000 0.293102 0.289388 0.299331 0.881821
990000 0.29379 0.283008 0.302939 0.879738
991000 0.297847 0.284802 0.289453 0.872101
992000 0.277765 0.287669 0.286287 0.851722
993000 0.302049 0.285151 0.288767 0.875967
994000 0.289217 0.281959 0.288516 0.859692
995000 0.290158 0.278118 0.284177 0.852453
996000 0.304409 0.287492 0.279575 0.871476
997000 0.302313 0.282845 0.295643 0.880801
998000 0.285523 0.284411 0.29391 0.863844
999000 0.298749 0.287659 0.293898 0.880307
1000000 0.283885 0.286407 0.283204 0.853496
1001000 0.288015 0.280454 0.28717 0.855639
1002000 0.295971 0.289046 0.286989 0.872006
1003000 0.304341 0.282222 0.283648 0.870211
1004000 0.30549 0.282034 0.289408 0.876931
1005000 0.29539 0.29812 0.288847 0.882357
1006000 0.300836 0.296039 0.289288 0.886163
1007000 0.297382 0.295506 0.284224 0.877111
1008000 0.279787 0.283017 0.28865 0.851455
1009000 0.296195 0.280769 0.294979 0.871943
1010000 0.295429 0.283173 0.287511 0.866113
1011000 0.299774 0.290788 0.293668 0.88423
1012000 0.288343 0.285301 0.291501 0.865145
1013000 0.291118 0.299209 0.288369 0.878696
1014000 0.295498 0.293219 0.281484 0.870202
1015000 0.298626 0.291217 0.2918 0.881643
1016000 0.300035 0.297512 0.285323 0.88287
1017000 0.304416 0.297123 0.290538 0.892077
1018000 0.305404 0.30516 0.292994 0.903558
1019000 0.292343 0.28987 0.287722 0.869936
1020000 0.297726 0.288957 0.291358 0.878041
1021000 0.294724 0.300799 0.296645 0.892169
1022000 0.298972 0.294144 0.302417 0.895533
1023000 0.289422 0.283716 0.293919 0.867057
1024000 0.288819 0.295006 0.293609 0.877434
1025000 0.301813 0.290434 0.282035 0.874282
1026000 0.293431 0.296654 0.280943 0.871029
1027000 0.289014 0.286979 0.287708 0.863701
1028000 0.294645 0.285572 0.291815 0.872032
1029000 0.288324 0.286374 0.288294 0.862992
1030000 0.289859 0.303872 0.279724 0.873455
