# Time-averaged data for fix 1
# TimeStep c_msd_all[1] c_msd_all[2] c_msd_all[3] c_msd_all[4]
31000 0.0688325 0.0691366 0.0543184 0.192287
32000 0.0633128 0.0641883 0.0596523 0.187153
33000 0.0637658 0.0693927 0.0610713 0.19423
34000 0.072532 0.0747439 0.0637094 0.210985
35000 0.0629772 0.0685008 0.0681824 0.19966
36000 0.0652198 0.0724393 0.0719272 0.209586
37000 0.0639191 0.0711292 0.0685439 0.203592
38000 0.0714864 0.0658765 0.0659883 0.203351
39000 0.0703004 0.0621532 0.0688335 0.201287
40000 0.0674755 0.0681324 0.0618802 0.197488
41000 0.0689066 0.0729302 0.0641813 0.206018
42000 0.0641846 0.0691818 0.0663296 0.199696
43000 0.0685327 0.0741052 0.0746812 0.217319
44000 0.0734167 0.078559 0.0626816 0.214657
45000 0.0716667 0.0786832 0.0683178 0.218668
46000 0.0740762 0.0765355 0.0712461 0.221858
47000 0.081638 0.0774912 0.0695349 0.228664
48000 0.0730602 0.0772012 0.0663047 0.216566
49000 0.0761317 0.0756697 0.063299 0.2151
50000 0.0757175 0.0827628 0.072404 0.230884
51000 0.0784962 0.0883049 0.0825594 0.24936
52000 0.0737934 0.0839507 0.0781799 0.235924
53000 0.0802594 0.0884456 0.0697365 0.238442
54000 0.0831139 0.080147 0.0714418 0.234703
55000 0.0739159 0.0832479 0.0807543 0.237918
56000 0.0729214 0.0777217 0.0827415 0.233385
57000 0.0712526 0.081988 0.0781362 0.231377
58000 0.0850163 0.080614 0.0765237 0.242154
59000 0.0853363 0.0834354 0.0810397 0.249811
60000 0.0771252 0.0796841 0.0783754 0.235185
61000 0.0906338 0.0914366 0.0726881 0.254759
62000 0.077283 0.0799755 0.0776894 0.234948
63000 0.0799328 0.0891775 0.0705879 0.239698
64000 0.0849122 0.0907946 0.0793025 0.255009
65000 0.0903161 0.0880096 0.0812211 0.259547
66000 0.0816984 0.0897457 0.0839329 0.255377
67000 0.0859763 0.0855449 0.0772331 0.248754
68000 0.081977 0.0928461 0.0851277 0.259951
69000 0.0837054 0.0921003 0.0719044 0.24771
70000 0.0934034 0.0919742 0.0800554 0.265433
71000 0.0915915 0.0894484 0.0696978 0.250738
72000 0.0807053 0.0857276 0.0776541 0.244087
73000 0.082424 0.088834 0.0849844 0.256242
74000 0.0891021 0.0939941 0.0819494 0.265046
75000 0.0897278 0.0991035 0.0793475 0.268179
76000 0.0942851 0.0932659 0.0787668 0.266318
77000 0.0824738 0.0930761 0.0787661 0.254316
78000 0.0843187 0.0950765 0.0699745 0.24937
79000 0.0921564 0.0979058 0.0753831 0.265445
80000 0.0895802 0.0879094 0.0825892 0.260079
81000 0.0899212 0.0979806 0.0724492 0.260351
82000 0.0876256 0.0861843 0.075662 0.249472
83000 0.0916063 0.0829296 0.0762052 0.250741
84000 0.0943001 0.093587 0.0772531 0.26514
85000 0.0915576 0.0839318 0.0928425 0.268332
86000 0.0971772 0.0961727 0.0784824 0.271832
87000 0.0884056 0.0900771 0.0747601 0.253243
88000 0.0906277 0.0902272 0.0736535 0.254508
89000 0.0956966 0.0927758 0.08357 0.272042
90000 0.0875894 0.0945671 0.0763936 0.25855
91000 0.0893356 0.0939659 0.0815561 0.264858
92000 0.110605 0.094682 0.0770864 0.282373
93000 0.0884115 0.0857436 0.0819747 0.25613
94000 0.0972119 0.0971116 0.0845627 0.278886
95000 0.0972871 0.0989329 0.0790998 0.27532
96000 0.0948626 0.0945036 0.0842016 0.273568
97000 0.101695 0.103209 0.0794787 0.284383
98000 0.0972045 0.0987085 0.0810553 0.276968
99000 0.0993833 0.0987829 0.0875956 0.285762
100000 0.102909 0.103262 0.0837741 0.289945
101000 0.10185 0.101249 0.0884282 0.291527
102000 0.0993653 0.0915217 0.0828802 0.273767
103000 0.0973416 0.0926289 0.087551 0.277521
104000 0.0972871 0.0900789 0.0842658 0.271632
105000 0.109562 0.10131 0.0878511 0.298724
106000 0.103447 0.115319 0.0901079 0.308873
107000 0.0958786 0.099766 0.0858727 0.281517
108000 0.100882 0.109872 0.0816165 0.29237
109000 0.0986379 0.103162 0.0918845 0.293684
110000 0.100016 0.100966 0.0849846 0.285966
111000 0.104255 0.103406 0.0855318 0.293194
112000 0.100856 0.108787 0.0877613 0.297405
113000 0.10404 0.0941805 0.0879691 0.28619
114000 0.104953 0.105313 0.0942516 0.304517
115000 0.102295 0.0986626 0.0848832 0.285841
116000 0.100393 0.09899 0.0829464 0.28233
117000 0.0956303 0.101742 0.0874853 0.284858
118000 0.098746 0.0991449 0.088987 0.286878
119000 0.0965863 0.0992318 0.0867992 0.282617
120000 0.10864 0.112149 0.0841989 0.304988
121000 0.10402 0.102917 0.0845165 0.291454
122000 0.107474 0.111572 0.0880444 0.30709
123000 0.112754 0.111176 0.0995312 0.323462
124000 0.106436 0.109868 0.0886649 0.304969
125000 0.115884 0.116174 0.0913462 0.323405
126000 0.0997065 0.100922 0.0874589 0.288087
127000 0.102248 0.105274 0.089915 0.297437
128000 0.107431 0.105484 0.0864313 0.299346
129000 0.101447 0.104614 0.0909638 0.297024
130000 0.104451 0.106609 0.0892223 0.300283
131000 0.105039 0.108367 0.0893702 0.302776
132000 0.107877 0.103634 0.0833826 0.294893
133000 0.100951 0.0982541 0.0904196 0.289624
134000 0.102517 0.0960256 0.0840878 0.28263
135000 0.0976649 0.0992287 0.0903597 0.287253
136000 0.100907 0.101075 0.0909779 0.29296
137000 0.105743 0.0998003 0.0954081 0.300951
138000 0.101059 0.0987075 0.0819982 0.281765
139000 0.0998128 0.100918 0.0811258 0.281857
140000 0.103783 0.10101 0.0865408 0.291334
141000 0.0989681 0.100173 0.0910465 0.290188
142000 0.114327 0.100939 0.0913521 0.306619
143000 0.100858 0.0998173 0.0966302 0.297306
144000 0.100164 0.100606 0.0841359 0.284906
145000 0.103589 0.102796 0.0969363 0.303321
146000 0.0984634 0.103644 0.0875499 0.289658
147000 0.106695 0.108836 0.0906106 0.306142
148000 0.100527 0.109657 0.0915127 0.301697
149000 0.103369 0.10409 0.086778 0.294236
150000 0.108927 0.110971 0.0835525 0.303451
151000 0.112746 0.116644 0.0909421 0.320332
152000 0.110491 0.10217 0.0877221 0.300383
153000 0.102816 0.100222 0.0824477 0.285485
154000 0.100638 0.104682 0.086251 0.291571
155000 0.103833 0.100611 0.0922401 0.296684
156000 0.10198 0.0976613 0.0961257 0.295767
157000 0.107706 0.101704 0.0992698 0.30868
158000 0.103776 0.105495 0.0991558 0.308427
159000 0.09794 0.0943114 0.083442 0.275693
160000 0.10226 0.108454 0.0873864 0.298101
161000 0.109412 0.105328 0.0909944 0.305735
162000 0.10093 0.101026 0.090838 0.292794
163000 0.107142 0.102039 0.0873139 0.296495
164000 0.109396 0.105939 0.0900856 0.30542
165000 0.114807 0.102565 0.103958 0.32133
166000 0.115759 0.101287 0.105221 0.322268
167000 0.115943 0.102724 0.102977 0.321645
168000 0.106233 0.10166 0.095226 0.30312
169000 0.111479 0.100747 0.100057 0.312283
170000 0.1178 0.108024 0.100913 0.326737
171000 0.110047 0.103218 0.103882 0.317148
172000 0.113911 0.102363 0.0996906 0.315965
173000 0.113786 0.110218 0.0959929 0.319996
174000 0.115717 0.107247 0.0964921 0.319455
175000 0.120615 0.107931 0.0960845 0.324631
176000 0.121515 0.106606 0.0990892 0.327211
177000 0.114558 0.10701 0.106903 0.328472
178000 0.119225 0.100992 0.111694 0.33191
179000 0.11276 0.102969 0.107117 0.322846
180000 0.121061 0.112436 0.103678 0.337175
181000 0.117648 0.0999454 0.103377 0.32097
182000 0.12046 0.100244 0.10135 0.322054
183000 0.118509 0.105991 0.105781 0.330281
184000 0.118627 0.102348 0.109779 0.330753
185000 0.114334 0.107574 0.102255 0.324163
186000 0.118018 0.102126 0.0949031 0.315047
187000 0.119614 0.113838 0.109019 0.342471
188000 0.127817 0.107782 0.113622 0.34922
189000 0.119079 0.108601 0.106412 0.334092
190000 0.127024 0.110844 0.106681 0.344549
191000 0.115818 0.101661 0.107419 0.324897
192000 0.115379 0.103345 0.107904 0.326628
193000 0.119519 0.106586 0.104959 0.331064
194000 0.127477 0.111861 0.106243 0.345582
195000 0.120733 0.111437 0.107137 0.339307
196000 0.114847 0.103403 0.106115 0.324365
197000 0.11538 0.108417 0.106573 0.330369
198000 0.126891 0.108983 0.106007 0.341881
199000 0.126969 0.11306 0.123469 0.363498
200000 0.132868 0.111941 0.117888 0.362697
201000 0.12408 0.112892 0.110588 0.34756
202000 0.120992 0.119945 0.11917 0.360107
203000 0.115163 0.115402 0.122153 0.352719
204000 0.125787 0.1125 0.120976 0.359263
205000 0.120998 0.125646 0.116769 0.363414
206000 0.119322 0.1143 0.117945 0.351567
207000 0.121885 0.118432 0.131115 0.371432
208000 0.120958 0.110244 0.128194 0.359396
209000 0.128194 0.113756 0.130996 0.372946
210000 0.119512 0.109361 0.123417 0.352289
211000 0.132669 0.112841 0.13107 0.37658
212000 0.132303 0.120537 0.128378 0.381218
213000 0.130563 0.116407 0.132443 0.379413
214000 0.123645 0.116431 0.127588 0.367665
215000 0.117379 0.114208 0.121897 0.353484
216000 0.120456 0.114964 0.125501 0.360921
217000 0.119664 0.119574 0.127606 0.366844
218000 0.12455 0.122444 0.128428 0.375422
219000 0.12915 0.118266 0.132328 0.379745
220000 0.124964 0.12057 0.124336 0.36987
221000 0.119111 0.123103 0.131749 0.373963
222000 0.121896 0.117243 0.140356 0.379496
223000 0.128328 0.123566 0.124139 0.376033
224000 0.128989 0.119772 0.128061 0.376822
225000 0.126637 0.128078 0.134155 0.38887
226000 0.126362 0.1256 0.130748 0.382711
227000 0.130875 0.128969 0.127011 0.386854
228000 0.124474 0.123207 0.127593 0.375274
229000 0.129228 0.129062 0.126525 0.384815
230000 0.134239 0.124955 0.135337 0.394531
231000 0.139529 0.128917 0.125556 0.394002
232000 0.134808 0.12927 0.133303 0.397381
233000 0.127391 0.125545 0.119157 0.372093
234000 0.115404 0.12516 0.130232 0.370795
235000 0.1248 0.117442 0.133321 0.375563
236000 0.12292 0.126637 0.132054 0.38161
237000 0.125019 0.129537 0.121733 0.376289
238000 0.12867 0.130262 0.131398 0.39033
239000 0.123131 0.122681 0.139744 0.385556
240000 0.126283 0.129861 0.1407 0.396843
241000 0.131314 0.12491 0.13938 0.395603
242000 0.136459 0.139979 0.136259 0.412697
243000 0.135873 0.131914 0.129598 0.397385
244000 0.131823 0.121979 0.130042 0.383845
245000 0.128267 0.128417 0.129514 0.386198
246000 0.126087 0.129113 0.121258 0.376458
247000 0.123698 0.130406 0.12518 0.379284
248000 0.12782 0.128837 0.136762 0.393419
249000 0.129624 0.127669 0.135855 0.393148
250000 0.131072 0.125814 0.132286 0.389172
251000 0.126992 0.126628 0.130342 0.383961
252000 0.126492 0.129115 0.129257 0.384864
253000 0.125249 0.130406 0.131766 0.387422
254000 0.130108 0.13012 0.130477 0.390706
255000 0.130654 0.135454 0.125652 0.391761
256000 0.12879 0.128176 0.129013 0.385979
257000 0.125469 0.132592 0.136541 0.394603
258000 0.12157 0.132307 0.130835 0.384712
259000 0.135645 0.130432 0.141437 0.407514
260000 0.124166 0.123761 0.12338 0.371307
261000 0.132167 0.131005 0.138094 0.401266
262000 0.123531 0.126857 0.141245 0.391633
263000 0.123275 0.126087 0.150898 0.40026
264000 0.131929 0.128189 0.143462 0.40358
265000 0.126915 0.128723 0.138763 0.3944
266000 0.127678 0.130234 0.127121 0.385033
267000 0.132974 0.136357 0.12902 0.398351
268000 0.135991 0.130532 0.130252 0.396775
269000 0.126062 0.130885 0.132816 0.389762
270000 0.130348 0.140997 0.134445 0.40579
271000 0.134194 0.136807 0.137975 0.408976
272000 0.124805 0.131784 0.14696 0.403549
273000 0.144433 0.141698 0.149278 0.435409
274000 0.134303 0.139756 0.137998 0.412057
275000 0.131116 0.145349 0.139578 0.416043
276000 0.129213 0.134667 0.136172 0.400052
277000 0.126029 0.136328 0.13502 0.397378
278000 0.142626 0.145638 0.138958 0.427222
279000 0.135624 0.13753 0.146849 0.420003
280000 0.145206 0.142858 0.143728 0.431792
281000 0.146368 0.142084 0.153656 0.442108
282000 0.134524 0.143935 0.145735 0.424193
283000 0.143642 0.141568 0.142319 0.42753
284000 0.13723 0.142693 0.154878 0.434801
285000 0.145523 0.142227 0.151655 0.439405
286000 0.145836 0.146169 0.155944 0.447948
287000 0.143592 0.142214 0.148029 0.433836
288000 0.136326 0.146482 0.146072 0.428881
289000 0.152399 0.159206 0.140503 0.452107
290000 0.140997 0.141857 0.149887 0.43274
291000 0.138506 0.144116 0.147671 0.430293
292000 0.142866 0.142572 0.154908 0.440346
293000 0.14241 0.13519 0.159688 0.437287
294000 0.149753 0.1447 0.158729 0.453182
295000 0.144544 0.142534 0.160342 0.44742
296000 0.140103 0.146206 0.155471 0.441781
297000 0.151194 0.147232 0.151482 0.449909
298000 0.155242 0.151693 0.142235 0.44917
299000 0.1503 0.148372 0.146548 0.44522
300000 0.150346 0.160133 0.151226 0.461705
301000 0.152896 0.15353 0.156189 0.462615
302000 0.149793 0.149511 0.148328 0.447632
303000 0.144875 0.145748 0.150684 0.441307
304000 0.148861 0.151307 0.160418 0.460586
305000 0.153904 0.157917 0.161022 0.472844
306000 0.157381 0.145406 0.159298 0.462085
307000 0.15363 0.15332 0.150997 0.457948
308000 0.14885 0.142053 0.150842 0.441745
309000 0.159709 0.148798 0.151593 0.4601
310000 0.1543 0.163937 0.142773 0.461009
311000 0.15317 0.159868 0.148767 0.461805
312000 0.154768 0.144854 0.148296 0.447918
313000 0.151851 0.14181 0.16062 0.454281
314000 0.148368 0.155312 0.158331 0.462011
315000 0.170268 0.15397 0.16897 0.493208
316000 0.144779 0.142112 0.162881 0.449772
317000 0.14917 0.155528 0.156213 0.460911
318000 0.158386 0.158165 0.152096 0.468647
319000 0.149485 0.146011 0.151629 0.447124
320000 0.164507 0.159608 0.150531 0.474647
321000 0.156434 0.156533 0.156196 0.469163
322000 0.162846 0.161283 0.153953 0.478082
323000 0.175264 0.163279 0.163485 0.502028
324000 0.169169 0.158095 0.167951 0.495215
325000 0.172015 0.156273 0.154612 0.482899
326000 0.155767 0.146834 0.158515 0.461116
327000 0.160542 0.160955 0.158868 0.480364
328000 0.158408 0.160619 0.159691 0.478717
329000 0.152733 0.16987 0.15065 0.473253
330000 0.162674 0.164045 0.1536 0.480319
331000 0.161119 0.16374 0.170269 0.495128
332000 0.153469 0.163938 0.163149 0.480556
333000 0.165225 0.162662 0.162025 0.489912
334000 0.164907 0.160631 0.166227 0.491765
335000 0.161718 0.169969 0.167401 0.499087
336000 0.168415 0.168873 0.162102 0.49939
337000 0.156408 0.155927 0.161733 0.474068
338000 0.159938 0.164326 0.163016 0.487279
339000 0.150434 0.157592 0.171287 0.479312
340000 0.156232 0.168554 0.165962 0.490748
341000 0.163772 0.158145 0.167422 0.489339
342000 0.154764 0.171635 0.167555 0.493953
343000 0.157828 0.157941 0.164256 0.480025
344000 0.166435 0.152839 0.163785 0.483059
345000 0.169039 0.167083 0.16053 0.496652
346000 0.159391 0.162459 0.16197 0.48382
347000 0.164581 0.168674 0.160749 0.494004
348000 0.154888 0.163104 0.15382 0.471812
349000 0.153416 0.158809 0.160742 0.472968
350000 0.155092 0.169634 0.16626 0.490986
351000 0.163273 0.168799 0.161726 0.493798
352000 0.148165 0.162872 0.161978 0.473015
353000 0.158656 0.167914 0.167287 0.493857
354000 0.167206 0.153834 0.166722 0.487761
355000 0.163514 0.17113 0.169326 0.50397
356000 0.156013 0.165806 0.166608 0.488426
357000 0.166836 0.169479 0.170005 0.50632
358000 0.165785 0.167311 0.163267 0.496362
359000 0.171279 0.173919 0.16888 0.514077
360000 0.167697 0.165895 0.15839 0.491982
361000 0.164521 0.177403 0.165695 0.507619
362000 0.161892 0.168894 0.163709 0.494495
363000 0.163181 0.159181 0.162198 0.48456
364000 0.16578 0.16693 0.172594 0.505303
365000 0.162036 0.165514 0.160954 0.488505
366000 0.165785 0.171534 0.17619 0.513508
367000 0.158461 0.167632 0.163586 0.489679
368000 0.155489 0.162915 0.168532 0.486936
369000 0.164043 0.165989 0.165263 0.495295
370000 0.16232 0.174789 0.164584 0.501693
371000 0.158344 0.16579 0.162045 0.486179
372000 0.166857 0.17508 0.16807 0.510006
373000 0.161042 0.167942 0.175508 0.504491
374000 0.157019 0.158818 0.175112 0.490949
375000 0.163773 0.171695 0.168892 0.50436
376000 0.154051 0.171342 0.173042 0.498434
377000 0.164241 0.17828 0.180935 0.523456
378000 0.170772 0.179536 0.180916 0.531224
379000 0.151603 0.175566 0.182051 0.50922
380000 0.163345 0.182411 0.184442 0.530198
381000 0.170997 0.172203 0.174406 0.517606
382000 0.157087 0.178663 0.170551 0.506301
383000 0.16115 0.175555 0.1677 0.504405
384000 0.161392 0.169681 0.174807 0.505879
385000 0.167886 0.181247 0.177028 0.526162
386000 0.176829 0.176574 0.164654 0.518058
387000 0.164968 0.176564 0.175333 0.516865
388000 0.164226 0.18049 0.171816 0.516532
389000 0.164288 0.175087 0.172254 0.51163
390000 0.167477 0.179056 0.16986 0.516393
391000 0.173802 0.181599 0.175704 0.531105
392000 0.166446 0.17745 0.176447 0.520343
393000 0.170619 0.179365 0.172213 0.522197
394000 0.168385 0.175 0.169276 0.512661
395000 0.161886 0.182652 0.170745 0.515283
396000 0.169499 0.177072 0.175171 0.521742
397000 0.166607 0.185874 0.16882 0.521301
398000 0.161976 0.181648 0.170631 0.514255
399000 0.167791 0.189395 0.169822 0.527007
400000 0.172685 0.18524 0.176689 0.534613
401000 0.178318 0.182868 0.186082 0.547268
402000 0.172075 0.169529 0.179409 0.521012
403000 0.16585 0.179528 0.184369 0.529747
404000 0.179326 0.203288 0.178769 0.561383
405000 0.17133 0.182546 0.170467 0.524343
406000 0.176799 0.181562 0.172094 0.530456
407000 0.180633 0.196682 0.180295 0.557611
408000 0.173013 0.182889 0.181687 0.537589
409000 0.178428 0.177891 0.170155 0.526474
410000 0.1741 0.180774 0.17524 0.530114
411000 0.170586 0.178057 0.177531 0.526175
412000 0.186488 0.201667 0.173229 0.561385
413000 0.181697 0.179096 0.179646 0.540438
414000 0.178209 0.178491 0.184157 0.540857
415000 0.174302 0.186425 0.193841 0.554568
416000 0.189101 0.188701 0.187629 0.565431
417000 0.175579 0.189178 0.189119 0.553875
418000 0.178386 0.184072 0.179574 0.542032
419000 0.172868 0.18059 0.176661 0.53012
420000 0.185614 0.191624 0.176098 0.553336
421000 0.181077 0.183073 0.17354 0.53769
422000 0.186734 0.17784 0.179808 0.544381
423000 0.189602 0.199172 0.176921 0.565695
424000 0.176041 0.181238 0.174533 0.531813
425000 0.183554 0.196719 0.179966 0.560238
426000 0.181341 0.187567 0.184231 0.553138
427000 0.172653 0.181294 0.179736 0.533683
428000 0.176739 0.20095 0.180324 0.558013
429000 0.169515 0.194577 0.189809 0.553901
430000 0.184756 0.188221 0.195544 0.568521
431000 0.178172 0.193569 0.178599 0.55034
432000 0.182773 0.191353 0.188261 0.562387
433000 0.182109 0.204009 0.183451 0.569569
434000 0.177907 0.186626 0.179416 0.54395
435000 0.178001 0.199296 0.186117 0.563415
436000 0.180079 0.19201 0.187742 0.559832
437000 0.178961 0.186762 0.194308 0.560031
438000 0.194608 0.210636 0.185214 0.590458
439000 0.181958 0.187242 0.176921 0.546122
440000 0.187251 0.194607 0.184281 0.566139
441000 0.180818 0.200358 0.192356 0.573532
442000 0.188746 0.191806 0.18602 0.566573
443000 0.19321 0.198858 0.188321 0.580389
444000 0.176159 0.194322 0.185122 0.555604
445000 0.186127 0.194026 0.194803 0.574956
446000 0.177426 0.194627 0.179361 0.551414
447000 0.174047 0.189125 0.17805 0.541222
448000 0.175704 0.196815 0.186086 0.558605
449000 0.181507 0.19906 0.189921 0.570487
450000 0.197157 0.202192 0.186494 0.585843
451000 0.186898 0.204259 0.184121 0.575278
452000 0.180169 0.195658 0.176407 0.552235
453000 0.186075 0.20556 0.17548 0.567115
454000 0.173358 0.200213 0.18521 0.558781
455000 0.195374 0.206625 0.184567 0.586566
456000 0.189558 0.21107 0.194853 0.595481
457000 0.185305 0.201118 0.183399 0.569822
458000 0.180066 0.204656 0.186236 0.570958
459000 0.184748 0.201293 0.193367 0.579408
460000 0.180673 0.198608 0.191549 0.57083
461000 0.183237 0.199574 0.193737 0.576548
462000 0.183718 0.198171 0.181505 0.563393
463000 0.181176 0.208566 0.183509 0.573251
464000 0.190157 0.208522 0.187629 0.586309
465000 0.185451 0.210358 0.187358 0.583167
466000 0.189904 0.208744 0.189817 0.588465
467000 0.19606 0.207705 0.187398 0.591163
468000 0.197553 0.21469 0.184041 0.596284
469000 0.193032 0.213236 0.185113 0.59138
470000 0.194246 0.206702 0.18431 0.585258
471000 0.192511 0.198749 0.183673 0.574933
472000 0.194018 0.207856 0.187273 0.589147
473000 0.190992 0.210359 0.185632 0.586983
474000 0.196962 0.211474 0.198675 0.607112
475000 0.212412 0.210329 0.212764 0.635505
476000 0.192921 0.210674 0.196909 0.600504
477000 0.194677 0.212112 0.198101 0.60489
478000 0.186824 0.203819 0.189773 0.580417
479000 0.183633 0.206187 0.199008 0.588827
480000 0.190198 0.202253 0.18982 0.58227
481000 0.195394 0.209768 0.188206 0.593368
482000 0.185682 0.213872 0.19334 0.592894
483000 0.196494 0.215469 0.198705 0.610668
484000 0.195293 0.207093 0.193522 0.595909
485000 0.199855 0.216332 0.190916 0.607104
486000 0.189727 0.215833 0.203359 0.608919
487000 0.189981 0.209055 0.190599 0.589634
488000 0.196312 0.224572 0.198302 0.619185
489000 0.190073 0.207093 0.205257 0.602423
490000 0.194998 0.222235 0.203289 0.620522
491000 0.203343 0.220374 0.195854 0.61957
492000 0.2007 0.211537 0.193443 0.605679
493000 0.197562 0.223569 0.196963 0.618094
494000 0.194394 0.227305 0.202075 0.623774
495000 0.194137 0.212476 0.196461 0.603074
496000 0.190186 0.226761 0.20243 0.619377
497000 0.191893 0.218156 0.195041 0.605091
498000 0.198453 0.218769 0.198555 0.615777
499000 0.204312 0.228213 0.216327 0.648852
500000 0.208814 0.223166 0.206845 0.638826
501000 0.200795 0.222919 0.197024 0.620738
502000 0.207402 0.230067 0.194236 0.631705
503000 0.204298 0.21493 0.188973 0.608201
504000 0.205173 0.215282 0.19001 0.610466
505000 0.206525 0.228148 0.19122 0.625892
506000 0.200917 0.220604 0.199289 0.62081
507000 0.198203 0.225341 0.199099 0.622643
508000 0.198621 0.217954 0.201331 0.617906
509000 0.20879 0.219574 0.204714 0.633077
510000 0.186255 0.215577 0.197112 0.598944
511000 0.20046 0.235643 0.201279 0.637382
512000 0.197742 0.212823 0.193506 0.604071
513000 0.192163 0.222523 0.186649 0.601335
514000 0.193306 0.209841 0.199849 0.602996
515000 0.195538 0.215555 0.199692 0.610784
516000 0.195111 0.216465 0.205013 0.61659
517000 0.197305 0.216614 0.20085 0.614769
518000 0.188749 0.224972 0.198429 0.61215
519000 0.201556 0.213252 0.195915 0.610723
520000 0.20562 0.229334 0.193912 0.628866
521000 0.201875 0.216067 0.199121 0.617064
522000 0.195857 0.220951 0.198988 0.615796
523000 0.195361 0.221174 0.195694 0.612229
524000 0.198463 0.214063 0.198355 0.610881
525000 0.195677 0.218636 0.206762 0.621075
526000 0.193494 0.218052 0.194342 0.605888
527000 0.182798 0.213209 0.199483 0.59549
528000 0.20125 0.224506 0.204347 0.630103
529000 0.18742 0.21012 0.200946 0.598487
530000 0.197737 0.216954 0.198598 0.613289
531000 0.208135 0.225526 0.203134 0.636795
532000 0.198768 0.212392 0.19671 0.607869
533000 0.204499 0.230388 0.19512 0.630007
534000 0.193179 0.212552 0.198686 0.604417
535000 0.204395 0.220998 0.207532 0.632924
536000 0.210563 0.237684 0.199942 0.648189
537000 0.207719 0.219903 0.20011 0.627732
538000 0.211378 0.217303 0.199839 0.62852
539000 0.218128 0.225154 0.196438 0.63972
540000 0.209288 0.227109 0.1961 0.632497
541000 0.207104 0.226064 0.196484 0.629653
542000 0.200946 0.229814 0.192147 0.622906
543000 0.207037 0.224289 0.19771 0.629035
544000 0.20001 0.218369 0.200124 0.618503
545000 0.206748 0.219792 0.201293 0.627833
546000 0.208929 0.232339 0.203054 0.644321
547000 0.20611 0.212388 0.198247 0.616744
548000 0.203346 0.2155 0.207396 0.626242
549000 0.203924 0.230638 0.191156 0.625719
550000 0.208656 0.225366 0.198829 0.632851
551000 0.223104 0.246494 0.192515 0.662113
552000 0.198376 0.22967 0.198525 0.626571
553000 0.204858 0.233443 0.200781 0.639081
554000 0.207965 0.221226 0.20037 0.629562
555000 0.207279 0.226736 0.198446 0.63246
556000 0.202117 0.224655 0.201293 0.628064
557000 0.199455 0.219578 0.18917 0.608203
558000 0.19974 0.217504 0.195665 0.612908
559000 0.218626 0.23242 0.206027 0.657074
560000 0.210931 0.236194 0.21409 0.661215
561000 0.2186 0.223979 0.198663 0.641242
562000 0.207461 0.236501 0.213979 0.657941
563000 0.219268 0.236673 0.213811 0.669752
564000 0.213451 0.222231 0.208728 0.644411
565000 0.214582 0.228479 0.207847 0.650908
566000 0.209724 0.229381 0.202313 0.641417
567000 0.221214 0.236005 0.210633 0.667852
568000 0.204682 0.23277 0.205837 0.643288
569000 0.21183 0.226709 0.197192 0.635732
570000 0.211705 0.234903 0.206991 0.653599
571000 0.212966 0.225143 0.205776 0.643884
572000 0.211347 0.230575 0.209009 0.650932
573000 0.215855 0.23161 0.212809 0.660274
574000 0.201335 0.222707 0.211931 0.635973
575000 0.210344 0.231902 0.207256 0.649502
576000 0.217352 0.225334 0.211078 0.653765
577000 0.210692 0.221885 0.205145 0.637722
578000 0.214176 0.23139 0.207324 0.65289
579000 0.213995 0.230522 0.209673 0.65419
580000 0.222607 0.240089 0.221779 0.684476
581000 0.205714 0.228004 0.212494 0.646212
582000 0.215195 0.228519 0.214247 0.657961
583000 0.216993 0.239301 0.215111 0.671405
584000 0.213012 0.242453 0.226129 0.681594
585000 0.212925 0.234634 0.218217 0.665776
586000 0.212211 0.240398 0.209831 0.66244
587000 0.209773 0.233719 0.213231 0.656723
588000 0.210713 0.233589 0.204667 0.648969
589000 0.20997 0.232213 0.217921 0.660105
590000 0.208749 0.232119 0.221335 0.662203
591000 0.209451 0.224995 0.214047 0.648493
592000 0.208995 0.240295 0.210052 0.659343
593000 0.210992 0.240378 0.219762 0.671132
594000 0.207813 0.227934 0.2173 0.653047
595000 0.206872 0.238755 0.21085 0.656477
596000 0.219624 0.243649 0.205198 0.66847
597000 0.214158 0.231677 0.213408 0.659243
598000 0.211557 0.233896 0.205607 0.651061
599000 0.206517 0.231596 0.203138 0.641251
600000 0.20181 0.221423 0.217743 0.640976
601000 0.212491 0.239687 0.216915 0.669092
602000 0.21559 0.236093 0.219093 0.670775
603000 0.213527 0.241067 0.217377 0.671971
604000 0.206597 0.241856 0.214802 0.663255
605000 0.21676 0.235478 0.221377 0.673615
606000 0.208672 0.233809 0.219253 0.661734
607000 0.206988 0.236047 0.224002 0.667036
608000 0.221593 0.243286 0.225477 0.690356
609000 0.218106 0.245906 0.222251 0.686262
610000 0.215818 0.24426 0.235127 0.695205
611000 0.204838 0.251624 0.233043 0.689504
612000 0.215143 0.248027 0.232465 0.695634
613000 0.216722 0.231962 0.234984 0.683669
614000 0.213105 0.243258 0.2316 0.687963
615000 0.219152 0.244045 0.22683 0.690027
616000 0.224554 0.238685 0.229446 0.692685
617000 0.224042 0.247826 0.238543 0.71041
618000 0.225005 0.241066 0.237102 0.703172
619000 0.225262 0.238963 0.235439 0.699665
620000 0.219733 0.239583 0.229734 0.689051
621000 0.226179 0.243903 0.231608 0.70169
622000 0.222631 0.248508 0.229104 0.700242
623000 0.229821 0.248501 0.241059 0.719381
624000 0.224909 0.244561 0.240362 0.709831
625000 0.225438 0.247007 0.230047 0.702492
626000 0.232724 0.249022 0.241322 0.723068
627000 0.223351 0.249374 0.240369 0.713094
628000 0.230023 0.251039 0.244938 0.726
629000 0.230599 0.261146 0.242007 0.733752
630000 0.229838 0.252965 0.232245 0.715048
631000 0.218456 0.243442 0.233761 0.695659
632000 0.223837 0.249616 0.234559 0.708013
633000 0.221683 0.245086 0.227911 0.69468
634000 0.2264 0.250939 0.225253 0.702592
635000 0.233894 0.256459 0.23271 0.723063
636000 0.227678 0.242545 0.236943 0.707165
637000 0.221744 0.244607 0.242552 0.708903
638000 0.228862 0.251379 0.229235 0.709476
639000 0.232017 0.242759 0.242427 0.717203
640000 0.231332 0.251776 0.235373 0.718481
641000 0.227862 0.253321 0.233327 0.71451
642000 0.230611 0.25727 0.233977 0.721858
643000 0.232838 0.258181 0.242746 0.733765
644000 0.244796 0.25886 0.2431 0.746755
645000 0.22693 0.242128 0.230545 0.699603
646000 0.221492 0.251733 0.239899 0.713124
647000 0.226305 0.250049 0.235095 0.711448
648000 0.2264 0.252834 0.236069 0.715303
649000 0.237591 0.252608 0.245752 0.735951
650000 0.240853 0.257904 0.230154 0.72891
651000 0.231867 0.248413 0.235862 0.716143
652000 0.230111 0.255343 0.25055 0.736004
653000 0.228936 0.254699 0.24877 0.732405
654000 0.224473 0.253658 0.240304 0.718435
655000 0.229382 0.260719 0.252412 0.742513
656000 0.235359 0.256395 0.239931 0.731686
657000 0.235417 0.269789 0.232435 0.737642
658000 0.2313 0.263786 0.248085 0.743171
659000 0.227938 0.269663 0.237032 0.734633
660000 0.223758 0.26573 0.236312 0.7258
661000 0.225419 0.259083 0.237365 0.721867
662000 0.226409 0.268783 0.247533 0.742725
663000 0.24155 0.266525 0.237934 0.74601
664000 0.229407 0.266026 0.232823 0.728255
665000 0.238566 0.265578 0.245662 0.749805
666000 0.240272 0.26603 0.249841 0.756142
667000 0.247235 0.277809 0.251929 0.776972
668000 0.242578 0.267275 0.239048 0.748901
669000 0.235052 0.270376 0.252764 0.758192
670000 0.231949 0.289375 0.254703 0.776027
671000 0.236684 0.277055 0.237834 0.751573
672000 0.230386 0.278004 0.247587 0.755977
673000 0.234006 0.263138 0.239418 0.736563
674000 0.23867 0.271481 0.254506 0.764657
675000 0.248909 0.270792 0.258514 0.778215
676000 0.240712 0.273574 0.252602 0.766888
677000 0.243063 0.2815 0.25774 0.782303
678000 0.247657 0.27808 0.264093 0.78983
679000 0.242514 0.273584 0.251687 0.767785
680000 0.242548 0.269375 0.25772 0.769643
681000 0.243059 0.260479 0.249894 0.753433
682000 0.235722 0.268573 0.246425 0.750721
683000 0.239922 0.269138 0.260936 0.769997
684000 0.24053 0.276635 0.264255 0.78142
685000 0.242697 0.271727 0.266733 0.781156
686000 0.232718 0.278902 0.257298 0.768917
687000 0.237588 0.268651 0.254275 0.760514
688000 0.242132 0.277716 0.247048 0.766896
689000 0.244345 0.26877 0.250787 0.763902
690000 0.23099 0.27734 0.266322 0.774652
691000 0.251572 0.281973 0.256192 0.789737
692000 0.236943 0.277762 0.266674 0.781379
693000 0.250924 0.267893 0.251393 0.770209
694000 0.245355 0.274341 0.2648 0.784495
695000 0.249345 0.276464 0.266159 0.791969
696000 0.251605 0.280347 0.257912 0.789864
697000 0.242666 0.276875 0.249308 0.768849
698000 0.243239 0.291173 0.251971 0.786383
699000 0.250544 0.288361 0.262294 0.801199
700000 0.247485 0.263101 0.264626 0.775212
701000 0.249158 0.282353 0.269589 0.801099
702000 0.249311 0.274289 0.269551 0.793151
703000 0.241646 0.27194 0.264513 0.778098
704000 0.243555 0.278057 0.264439 0.786051
705000 0.253199 0.282681 0.272384 0.808265
706000 0.248426 0.278664 0.273492 0.800582
707000 0.243205 0.275568 0.269937 0.788711
708000 0.241749 0.279845 0.261107 0.782701
709000 0.247073 0.280301 0.270689 0.798063
710000 0.235944 0.270641 0.263344 0.76993
711000 0.243593 0.269316 0.266461 0.779369
712000 0.254916 0.278829 0.265647 0.799392
713000 0.238502 0.280591 0.264518 0.78361
714000 0.247604 0.27135 0.259774 0.778729
715000 0.255204 0.289398 0.270212 0.814813
716000 0.250347 0.266264 0.272845 0.789455
717000 0.251348 0.275593 0.266907 0.793848
718000 0.251751 0.283882 0.264505 0.800138
719000 0.244308 0.276224 0.254074 0.774606
720000 0.250574 0.296242 0.266645 0.81346
721000 0.236742 0.276152 0.263922 0.776816
722000 0.240936 0.273459 0.283294 0.797689
723000 0.253112 0.280694 0.281778 0.815584
724000 0.248673 0.295939 0.265919 0.810531
725000 0.255606 0.283202 0.272289 0.811097
726000 0.244591 0.292971 0.263003 0.800565
727000 0.23723 0.26183 0.256578 0.755638
728000 0.249578 0.280621 0.256624 0.786822
729000 0.238256 0.281006 0.264095 0.783357
730000 0.240154 0.279553 0.266397 0.786103
731000 0.240716 0.277931 0.25397 0.772617
732000 0.241139 0.284037 0.268511 0.793688
733000 0.244779 0.289365 0.265706 0.79985
734000 0.247029 0.286645 0.260989 0.794663
735000 0.250224 0.28309 0.269593 0.802907
736000 0.248524 0.281943 0.257872 0.788339
737000 0.248344 0.276631 0.271973 0.796947
738000 0.260212 0.283359 0.276058 0.819629
739000 0.256704 0.272055 0.269019 0.797777
740000 0.245358 0.281797 0.258552 0.785707
741000 0.25532 0.288413 0.270309 0.814042
742000 0.249 0.274441 0.275083 0.798524
743000 0.246126 0.287306 0.271135 0.804567
744000 0.256436 0.28533 0.265443 0.80721
745000 0.248484 0.267132 0.269807 0.785423
746000 0.250906 0.277381 0.273331 0.801618
747000 0.264145 0.278746 0.267277 0.810168
748000 0.249726 0.280603 0.268219 0.798547
749000 0.251991 0.28564 0.276992 0.814623
750000 0.24842 0.280203 0.268212 0.796834
751000 0.245897 0.276971 0.26451 0.787377
752000 0.261693 0.288433 0.271712 0.821837
753000 0.255014 0.286533 0.253179 0.794726
754000 0.254244 0.281302 0.267239 0.802786
755000 0.261425 0.296189 0.270014 0.827628
756000 0.249336 0.287785 0.259408 0.796529
757000 0.245177 0.281371 0.265091 0.791639
758000 0.251467 0.284835 0.279959 0.816261
759000 0.255367 0.289844 0.277986 0.823197
760000 0.256574 0.292575 0.293495 0.842644
761000 0.249806 0.281129 0.27487 0.805804
762000 0.245551 0.290885 0.265424 0.801861
763000 0.251424 0.288632 0.266183 0.806239
764000 0.254474 0.289772 0.283423 0.827669
765000 0.267719 0.301526 0.284239 0.853483
766000 0.258743 0.289978 0.279089 0.82781
767000 0.248128 0.294149 0.275993 0.81827
768000 0.255383 0.293873 0.266839 0.816095
769000 0.270846 0.286586 0.276715 0.834148
770000 0.261179 0.297836 0.271789 0.830805
771000 0.254728 0.284509 0.260202 0.799439
772000 0.247729 0.274674 0.269318 0.791721
773000 0.26123 0.290594 0.270101 0.821925
774000 0.241417 0.28063 0.26455 0.786597
775000 0.252792 0.283692 0.268893 0.805378
776000 0.258508 0.294897 0.270333 0.823739
777000 0.254835 0.27929 0.267039 0.801164
778000 0.246686 0.282016 0.274574 0.803277
779000 0.256309 0.29142 0.28061 0.828339
780000 0.25439 0.278518 0.278493 0.8114
781000 0.268285 0.292327 0.279703 0.840314
782000 0.269535 0.299962 0.278171 0.847668
783000 0.26344 0.30033 0.282372 0.846142
784000 0.25259 0.290827 0.282242 0.825659
785000 0.253637 0.286482 0.281395 0.821514
786000 0.255333 0.306649 0.283216 0.845198
787000 0.265023 0.285852 0.283219 0.834093
788000 0.263695 0.296129 0.27987 0.839695
789000 0.249908 0.288792 0.277071 0.815771
790000 0.263288 0.291371 0.274285 0.828944
791000 0.25669 0.283403 0.290654 0.830748
792000 0.254718 0.290946 0.276586 0.822249
793000 0.253168 0.290148 0.27257 0.815886
794000 0.254739 0.291259 0.277198 0.823196
795000 0.264898 0.295498 0.286448 0.846844
796000 0.258314 0.279163 0.283281 0.820758
797000 0.262635 0.294062 0.277349 0.834045
798000 0.260968 0.294109 0.283247 0.838324
799000 0.26254 0.292634 0.28162 0.836794
800000 0.251857 0.292265 0.27915 0.823273
801000 0.261586 0.287917 0.27503 0.824533
802000 0.252428 0.288806 0.280092 0.821326
803000 0.265103 0.29623 0.27944 0.840772
804000 0.257671 0.28881 0.280462 0.826943
805000 0.262215 0.2797 0.277682 0.819596
806000 0.259269 0.291032 0.288767 0.839069
807000 0.262738 0.286424 0.281151 0.830313
808000 0.254759 0.291413 0.280283 0.826456
809000 0.257095 0.294512 0.276424 0.828031
810000 0.260612 0.287155 0.276352 0.824119
811000 0.249665 0.291382 0.272159 0.813206
812000 0.254695 0.28656 0.276746 0.818001
813000 0.252768 0.286707 0.2844 0.823875
814000 0.262064 0.283113 0.277762 0.822939
815000 0.262561 0.287815 0.272139 0.822514
816000 0.264286 0.300775 0.278918 0.843979
817000 0.265534 0.298381 0.280349 0.844263
818000 0.267505 0.286358 0.292171 0.846034
819000 0.269081 0.298152 0.280388 0.847621
820000 0.269441 0.302368 0.280526 0.852335
821000 0.271776 0.285802 0.289748 0.847326
822000 0.2813 0.302521 0.282273 0.866094
823000 0.273924 0.295269 0.286956 0.856149
824000 0.279414 0.289984 0.273704 0.843102
825000 0.276048 0.298416 0.274695 0.84916
826000 0.258745 0.292878 0.275886 0.827509
827000 0.268929 0.290077 0.287126 0.846132
828000 0.27271 0.300031 0.286637 0.859379
829000 0.273377 0.298161 0.278813 0.850351
830000 0.259378 0.297849 0.274612 0.831839
831000 0.257117 0.289382 0.287859 0.834358
832000 0.271898 0.298517 0.277721 0.848136
833000 0.260985 0.289293 0.272728 0.823005
834000 0.270089 0.297415 0.279648 0.847152
835000 0.259542 0.289972 0.276721 0.826235
836000 0.270302 0.290526 0.286578 0.847406
837000 0.263306 0.292745 0.278591 0.834642
838000 0.274666 0.297593 0.280867 0.853125
839000 0.270934 0.300716 0.291397 0.863047
840000 0.265177 0.302049 0.285433 0.852659
841000 0.272472 0.294405 0.284647 0.851524
842000 0.265636 0.309556 0.278411 0.853604
843000 0.273095 0.28985 0.290423 0.853369
844000 0.277106 0.29581 0.293963 0.866878
845000 0.284996 0.299708 0.287468 0.872172
846000 0.265263 0.304006 0.282073 0.851342
847000 0.268915 0.307659 0.285798 0.862372
848000 0.27237 0.306501 0.284062 0.862932
849000 0.277276 0.306714 0.286264 0.870254
850000 0.284801 0.329484 0.289826 0.90411
851000 0.273604 0.301733 0.2765 0.851837
852000 0.278608 0.308714 0.280889 0.868211
853000 0.26932 0.300291 0.288014 0.857625
854000 0.274564 0.297356 0.286395 0.858316
855000 0.273797 0.301357 0.276799 0.851952
856000 0.273092 0.30094 0.293121 0.867153
857000 0.268934 0.302355 0.292082 0.863371
858000 0.275552 0.310706 0.292045 0.878303
859000 0.266355 0.301125 0.285233 0.852713
860000 0.269229 0.301242 0.280556 0.851027
861000 0.280428 0.304836 0.28517 0.870435
862000 0.269422 0.300999 0.289493 0.859914
863000 0.276702 0.300729 0.298746 0.876177
864000 0.274626 0.295874 0.293609 0.864109
865000 0.275225 0.297206 0.288553 0.860985
866000 0.275854 0.303395 0.287262 0.866511
867000 0.274116 0.306931 0.291784 0.87283
868000 0.284959 0.3068 0.277199 0.868958
869000 0.284826 0.309478 0.292416 0.88672
870000 0.266426 0.300966 0.287342 0.854734
871000 0.272074 0.311025 0.281851 0.86495
872000 0.279226 0.298422 0.295274 0.872922
873000 0.27488 0.308992 0.299086 0.882957
874000 0.285045 0.314006 0.298455 0.897505
875000 0.278622 0.297841 0.282764 0.859227
876000 0.285777 0.304235 0.290619 0.880631
877000 0.281916 0.303628 0.297732 0.883277
878000 0.275891 0.309766 0.307516 0.893173
879000 0.272392 0.307301 0.292585 0.872279
880000 0.281974 0.30654 0.29209 0.880603
881000 0.273452 0.312338 0.287001 0.872791
882000 0.272608 0.309267 0.291501 0.873376
883000 0.272914 0.318998 0.276436 0.868348
884000 0.275309 0.321103 0.294705 0.891116
885000 0.283363 0.318205 0.300966 0.902533
886000 0.281262 0.304278 0.286569 0.87211
887000 0.2691 0.312022 0.300163 0.881284
888000 0.27731 0.302201 0.289387 0.868898
889000 0.280688 0.312388 0.294752 0.887829
890000 0.28106 0.312965 0.296216 0.890241
891000 0.276577 0.305695 0.301096 0.883369
892000 0.290739 0.315849 0.30477 0.911358
893000 0.273286 0.316996 0.287213 0.877496
894000 0.278327 0.303704 0.294137 0.876168
895000 0.272101 0.301935 0.286503 0.860539
896000 0.289409 0.314512 0.29338 0.897301
897000 0.292522 0.309992 0.29124 0.893754
898000 0.26898 0.309029 0.303708 0.881716
899000 0.276343 0.303355 0.309655 0.889352
900000 0.290051 0.311681 0.322363 0.924096
901000 0.281659 0.306163 0.304292 0.892114
902000 0.290555 0.316603 0.29255 0.899708
903000 0.287211 0.307857 0.286427 0.881494
904000 0.28183 0.308801 0.288026 0.878657
905000 0.284118 0.315274 0.295738 0.89513
906000 0.287675 0.304386 0.289237 0.881298
907000 0.285934 0.311895 0.300474 0.898303
908000 0.284837 0.325374 0.287558 0.897768
909000 0.280092 0.315223 0.291575 0.88689
910000 0.288289 0.329776 0.306379 0.924444
911000 0.284649 0.318322 0.316668 0.919638
912000 0.281193 0.317958 0.298799 0.897949
913000 0.291686 0.312072 0.284264 0.888021
914000 0.28087 0.309412 0.290151 0.880433
915000 0.280278 0.311274 0.294811 0.886363
916000 0.288548 0.307732 0.291024 0.887304
917000 0.276978 0.314088 0.29322 0.884286
918000 0.27788 0.323997 0.298837 0.900715
919000 0.29491 0.317697 0.305544 0.918151
920000 0.27876 0.314994 0.303231 0.896985
921000 0.292354 0.319564 0.305963 0.917882
922000 0.28059 0.320481 0.293632 0.894702
923000 0.274373 0.320809 0.303382 0.898563
924000 0.283463 0.311803 0.288059 0.883325
925000 0.292019 0.328376 0.293303 0.913697
926000 0.28725 0.317688 0.307792 0.91273
927000 0.285342 0.322785 0.30428 0.912407
928000 0.284342 0.318092 0.303921 0.906355
929000 0.286525 0.322747 0.305276 0.914548
930000 0.286737 0.314166 0.292758 0.893662
931000 0.282183 0.317882 0.313553 0.913617
932000 0.287104 0.323059 0.31858 0.928743
933000 0.29077 0.320741 0.316723 0.928234
934000 0.284083 0.322392 0.322746 0.929221
935000 0.29729 0.327388 0.312453 0.937131
936000 0.289896 0.319457 0.313248 0.922601
937000 0.296892 0.317124 0.30694 0.920956
938000 0.281375 0.312719 0.302164 0.896258
939000 0.306882 0.328147 0.303399 0.938428
940000 0.294258 0.316925 0.297819 0.909002
941000 0.29181 0.326806 0.31634 0.934955
942000 0.31071 0.342284 0.313227 0.966222
943000 0.284117 0.326601 0.305795 0.916513
944000 0.290403 0.309287 0.316026 0.915716
945000 0.283082 0.328394 0.311486 0.922962
946000 0.292916 0.311734 0.314639 0.919289
947000 0.295463 0.325081 0.312196 0.93274
948000 0.299134 0.327058 0.319129 0.945322
949000 0.299872 0.326239 0.315919 0.94203
950000 0.298567 0.334319 0.307066 0.939952
951000 0.301407 0.329892 0.308283 0.939581
952000 0.294135 0.330611 0.304973 0.929719
953000 0.295941 0.332432 0.300999 0.929371
954000 0.297632 0.32552 0.305308 0.92846
955000 0.304324 0.320719 0.311493 0.936536
956000 0.295331 0.321856 0.30473 0.921917
957000 0.293791 0.321517 0.303444 0.918752
958000 0.302451 0.327751 0.305416 0.935618
959000 0.294235 0.335365 0.309077 0.938676
960000 0.302133 0.337392 0.305512 0.945037
961000 0.29931 0.321997 0.300708 0.922015
962000 0.310875 0.329046 0.305417 0.945338
963000 0.308111 0.316355 0.30282 0.927286
964000 0.305967 0.32509 0.305479 0.936536
965000 0.300726 0.331866 0.305855 0.938448
966000 0.307063 0.331422 0.312763 0.951248
967000 0.30443 0.335405 0.314859 0.954693
968000 0.30035 0.321493 0.307381 0.929224
969000 0.317754 0.320284 0.309147 0.947186
970000 0.300653 0.337005 0.304499 0.942156
971000 0.314385 0.336299 0.305488 0.956172
972000 0.308489 0.319308 0.313627 0.941424
973000 0.300357 0.33187 0.308028 0.940255
974000 0.304257 0.327379 0.302919 0.934556
975000 0.293398 0.325282 0.312093 0.930774
976000 0.295393 0.330628 0.301605 0.927626
977000 0.30124 0.321743 0.305978 0.928961
978000 0.303798 0.3264 0.290218 0.920415
979000 0.307312 0.340432 0.306219 0.953962
980000 0.301861 0.332317 0.323982 0.95816
981000 0.288335 0.328967 0.305442 0.922744
982000 0.311727 0.325616 0.310599 0.947942
983000 0.305516 0.324466 0.315723 0.945705
984000 0.298163 0.329573 0.305212 0.932948
985000 0.293739 0.340214 0.307453 0.941407
986000 0.300071 0.328873 0.309716 0.93866
987000 0.299565 0.330815 0.308799 0.939179
988000 0.30733 0.331474 0.309692 0.948497
989000 0.299549 0.332603 0.301487 0.933639
990000 0.293596 0.325108 0.300552 0.919256
991000 0.308355 0.333345 0.301677 0.943376
992000 0.3038 0.321702 0.308173 0.933675
993000 0.293317 0.328802 0.29841 0.920528
994000 0.308437 0.342697 0.310905 0.962039
995000 0.302308 0.326052 0.311616 0.939976
996000 0.316296 0.325604 0.304373 0.946273
997000 0.302428 0.319598 0.304545 0.92657
998000 0.294992 0.324471 0.306731 0.926195
999000 0.297174 0.326797 0.311113 0.935085
1000000 0.304959 0.326366 0.310015 0.94134
1001000 0.302847 0.329669 0.3064 0.938917
1002000 0.296869 0.3429 0.308738 0.948507
1003000 0.299199 0.329792 0.304278 0.933269
1004000 0.301488 0.338984 0.302163 0.942635
1005000 0.30696 0.32488 0.310825 0.942665
1006000 0.297898 0.333008 0.300193 0.931099
1007000 0.295929 0.32833 0.302525 0.926785
1008000 0.315465 0.329829 0.301642 0.946936
1009000 0.302637 0.324035 0.302158 0.92883
1010000 0.306416 0.333308 0.303678 0.943403
1011000 0.307963 0.330879 0.314747 0.953588
1012000 0.306592 0.331588 0.305792 0.943972
1013000 0.306011 0.333569 0.309926 0.949506
1014000 0.299281 0.333507 0.310457 0.943245
1015000 0.307677 0.326215 0.310577 0.944468
1016000 0.303169 0.329655 0.311022 0.943846
1017000 0.301774 0.336229 0.304864 0.942867
1018000 0.309944 0.324996 0.29936 0.9343
1019000 0.308618 0.32771 0.29696 0.933288
1020000 0.306289 0.342952 0.31414 0.96338
1021000 0.300875 0.320572 0.306555 0.928003
1022000 0.31045 0.325286 0.306405 0.942141
1023000 0.313742 0.341782 0.307688 0.963212
1024000 0.306392 0.33623 0.318065 0.960687
1025000 0.306733 0.348307 0.314653 0.969692
1026000 0.300411 0.332851 0.308455 0.941717
1027000 0.309332 0.325448 0.303787 0.938567
1028000 0.300632 0.337606 0.300967 0.939206
1029000 0.309252 0.333358 0.312073 0.954683
1030000 0.305035 0.33406 0.320895 0.95999
