# Time-averaged data for fix 1
# TimeStep c_msd_all[1] c_msd_all[2] c_msd_all[3] c_msd_all[4]
31000 0.0683249 0.0679259 0.099326 0.235577
32000 0.0651058 0.0668876 0.0753585 0.207352
33000 0.0592382 0.0667986 0.0821557 0.208193
34000 0.0713585 0.0790949 0.091097 0.24155
35000 0.0838562 0.0745885 0.0708355 0.22928
36000 0.0671324 0.0898073 0.0926421 0.249582
37000 0.0646944 0.0830214 0.0828454 0.230561
38000 0.0688002 0.0878207 0.0957045 0.252325
39000 0.0722474 0.105306 0.0972855 0.274839
40000 0.0806611 0.100768 0.0795233 0.260953
41000 0.0669556 0.0935503 0.116208 0.276714
42000 0.0786798 0.0976011 0.0927099 0.268991
43000 0.0779 0.100096 0.103096 0.281092
44000 0.0744998 0.113367 0.106573 0.29444
45000 0.0737998 0.0998147 0.0856477 0.259262
46000 0.073549 0.104684 0.111377 0.28961
47000 0.111317 0.091735 0.0847653 0.287817
48000 0.0702733 0.103761 0.107649 0.281683
49000 0.0950199 0.131502 0.111882 0.338404
50000 0.0837785 0.10785 0.1004 0.292029
51000 0.0752438 0.1071 0.140925 0.323268
52000 0.081837 0.0920391 0.103837 0.277713
53000 0.0735706 0.10176 0.102937 0.278267
54000 0.0710019 0.146768 0.115153 0.332924
55000 0.0739375 0.148258 0.101538 0.323733
56000 0.0794697 0.13146 0.127291 0.33822
57000 0.0915816 0.102997 0.105444 0.300022
58000 0.0715382 0.103077 0.108796 0.283411
59000 0.0812481 0.116897 0.104569 0.302714
60000 0.0743161 0.102817 0.106404 0.283537
61000 0.0768906 0.115944 0.107987 0.300822
62000 0.0822211 0.110606 0.118866 0.311694
63000 0.0754943 0.106947 0.108173 0.290614
64000 0.073177 0.109033 0.112702 0.294911
65000 0.0793959 0.108859 0.103278 0.291532
66000 0.0768607 0.114321 0.109593 0.300774
67000 0.0780953 0.108308 0.119723 0.306127
68000 0.0798117 0.126643 0.108961 0.315415
69000 0.0783044 0.114307 0.105853 0.298464
70000 0.0780562 0.114293 0.140569 0.332918
71000 0.0821452 0.136187 0.104554 0.322885
72000 0.0874006 0.129176 0.136201 0.352778
73000 0.0769385 0.127682 0.111546 0.316166
74000 0.0934967 0.131197 0.120654 0.345348
75000 0.0785321 0.113236 0.130808 0.322576
76000 0.0740067 0.13052 0.104856 0.309382
77000 0.0857575 0.129052 0.134798 0.349607
78000 0.0737708 0.142893 0.11748 0.334144
79000 0.0760293 0.128398 0.131247 0.335674
80000 0.0750838 0.123848 0.132702 0.331634
81000 0.0980361 0.140169 0.122276 0.36048
82000 0.0842062 0.134443 0.1449 0.36355
83000 0.103521 0.135658 0.124786 0.363965
84000 0.0880368 0.132778 0.124297 0.345111
85000 0.0946919 0.136971 0.138153 0.369815
86000 0.0923618 0.140989 0.122407 0.355758
87000 0.088279 0.134099 0.133944 0.356322
88000 0.0933758 0.140352 0.132877 0.366605
89000 0.0913317 0.14516 0.142363 0.378855
90000 0.0847626 0.138915 0.141025 0.364702
91000 0.0897469 0.122835 0.11835 0.330932
92000 0.0942093 0.135125 0.142995 0.372329
93000 0.0895663 0.136292 0.142868 0.368726
94000 0.0941133 0.133243 0.141009 0.368366
95000 0.0875585 0.152842 0.156275 0.396676
96000 0.0806327 0.137034 0.128814 0.346481
97000 0.11168 0.136811 0.181239 0.429731
98000 0.0929417 0.14541 0.157407 0.395759
99000 0.0949218 0.138117 0.137544 0.370583
100000 0.0868051 0.150405 0.175292 0.412503
101000 0.0970237 0.144575 0.139232 0.38083
102000 0.0998176 0.143341 0.144126 0.387284
103000 0.0809272 0.143343 0.153326 0.377596
104000 0.0822655 0.13913 0.138231 0.359627
105000 0.090034 0.142205 0.166897 0.399135
106000 0.0861079 0.149293 0.161613 0.397014
107000 0.0880547 0.151824 0.146487 0.386366
108000 0.099585 0.144579 0.194773 0.438937
109000 0.101636 0.144499 0.129201 0.375336
110000 0.102323 0.151387 0.152397 0.406107
111000 0.0918504 0.169613 0.172056 0.43352
112000 0.105577 0.174891 0.154177 0.434644
113000 0.093705 0.166404 0.188919 0.449028
114000 0.101098 0.168076 0.149537 0.41871
115000 0.0948042 0.173423 0.158237 0.426464
116000 0.0960557 0.168188 0.174708 0.438952
117000 0.107448 0.164513 0.150849 0.42281
118000 0.0879234 0.174318 0.173419 0.43566
119000 0.108349 0.163152 0.160505 0.432006
120000 0.087543 0.173732 0.157792 0.419067
121000 0.101529 0.173112 0.178276 0.452918
122000 0.0975486 0.165493 0.152207 0.415249
123000 0.0868284 0.179733 0.194501 0.461062
124000 0.109071 0.172435 0.164414 0.44592
125000 0.0933092 0.194946 0.16528 0.453535
126000 0.109956 0.165699 0.171702 0.447357
127000 0.10018 0.194039 0.163243 0.457462
128000 0.0900637 0.164105 0.169984 0.424153
129000 0.101257 0.165888 0.166006 0.43315
130000 0.0924302 0.177107 0.161004 0.430541
131000 0.0936696 0.181972 0.173508 0.449149
132000 0.0952247 0.17712 0.165014 0.437359
133000 0.104555 0.16018 0.158841 0.423576
134000 0.0888611 0.180852 0.200094 0.469807
135000 0.0947686 0.166375 0.168877 0.430021
136000 0.0967229 0.178399 0.180121 0.455243
137000 0.094011 0.1629 0.189957 0.446868
138000 0.107434 0.179225 0.170919 0.457578
139000 0.092183 0.175527 0.199973 0.467683
140000 0.10148 0.165419 0.177265 0.444163
141000 0.0943474 0.17906 0.169831 0.443239
142000 0.109842 0.168016 0.182875 0.460732
143000 0.0961645 0.172075 0.166535 0.434774
144000 0.095012 0.172617 0.172069 0.439699
145000 0.0872536 0.163655 0.159292 0.410201
146000 0.0996169 0.183805 0.178909 0.462331
147000 0.0999412 0.200548 0.165388 0.465877
148000 0.100702 0.219482 0.187146 0.507331
149000 0.100938 0.197606 0.168414 0.466958
150000 0.104291 0.198576 0.167616 0.470483
151000 0.102101 0.203987 0.162695 0.468784
152000 0.100728 0.208812 0.156969 0.46651
153000 0.0979512 0.219847 0.169885 0.487683
154000 0.0976826 0.215282 0.173939 0.486903
155000 0.102087 0.203473 0.179031 0.48459
156000 0.093235 0.20663 0.180872 0.480737
157000 0.0932251 0.205604 0.163299 0.462129
158000 0.112519 0.215692 0.166303 0.494515
159000 0.0973304 0.202291 0.171595 0.471216
160000 0.10027 0.209116 0.164481 0.473867
161000 0.0922323 0.207881 0.169675 0.469788
162000 0.104466 0.212523 0.183137 0.500125
163000 0.100558 0.227452 0.172207 0.500217
164000 0.0990155 0.223771 0.180021 0.502808
165000 0.130225 0.218099 0.172339 0.520664
166000 0.101868 0.204512 0.165714 0.472094
167000 0.119465 0.208695 0.182813 0.510972
168000 0.0901422 0.211282 0.170344 0.471767
169000 0.110399 0.218319 0.185371 0.51409
170000 0.0973528 0.216337 0.178699 0.492389
171000 0.0941213 0.23085 0.192879 0.517851
172000 0.0948147 0.219988 0.207642 0.522445
173000 0.096902 0.224648 0.192445 0.513996
174000 0.0985993 0.21755 0.207931 0.524081
175000 0.102108 0.218339 0.181612 0.502059
176000 0.0887049 0.220467 0.170624 0.479796
177000 0.111645 0.210282 0.224695 0.546622
178000 0.108587 0.214569 0.184331 0.507487
179000 0.0993566 0.217293 0.19116 0.50781
180000 0.111447 0.230907 0.217384 0.559739
181000 0.0959728 0.214057 0.175304 0.485333
182000 0.116968 0.219299 0.2141 0.550368
183000 0.103478 0.226941 0.203101 0.53352
184000 0.106893 0.220248 0.190782 0.517923
185000 0.103021 0.22194 0.216199 0.541161
186000 0.100454 0.216974 0.191078 0.508506
187000 0.107477 0.225245 0.218448 0.55117
188000 0.0957391 0.232258 0.184634 0.512631
189000 0.105692 0.217463 0.196219 0.519373
190000 0.110015 0.220212 0.209662 0.539889
191000 0.0982511 0.220668 0.193372 0.512291
192000 0.111519 0.22813 0.228966 0.568615
193000 0.100484 0.221171 0.191197 0.512852
194000 0.114983 0.22852 0.212139 0.555643
195000 0.103942 0.212378 0.207966 0.524287
196000 0.109834 0.218367 0.186814 0.515014
197000 0.102998 0.218499 0.237585 0.559082
198000 0.105766 0.218971 0.191816 0.516553
199000 0.108493 0.21162 0.211201 0.531315
200000 0.102471 0.216292 0.212484 0.531247
201000 0.108561 0.21517 0.209948 0.533679
202000 0.110669 0.22993 0.241817 0.582416
203000 0.103359 0.217648 0.220995 0.542003
204000 0.10909 0.220102 0.217142 0.546334
205000 0.0959184 0.209043 0.205129 0.51009
206000 0.131579 0.21992 0.19792 0.549419
207000 0.101772 0.223886 0.242775 0.568434
208000 0.108411 0.237773 0.239204 0.585388
209000 0.106318 0.236321 0.242796 0.585434
210000 0.103269 0.231744 0.246108 0.581121
211000 0.122534 0.237281 0.242306 0.602121
212000 0.10281 0.245383 0.268704 0.616897
213000 0.120193 0.24237 0.253794 0.616357
214000 0.10816 0.257312 0.252632 0.618103
215000 0.100205 0.237588 0.256656 0.594449
216000 0.114198 0.249992 0.248789 0.61298
217000 0.107702 0.252963 0.248487 0.609151
218000 0.119502 0.243855 0.252535 0.615891
219000 0.108468 0.256701 0.24186 0.60703
220000 0.103344 0.234349 0.259984 0.597677
221000 0.101387 0.245152 0.250687 0.597226
222000 0.107331 0.253693 0.256024 0.617048
223000 0.100982 0.261487 0.287938 0.650406
224000 0.109702 0.275775 0.25667 0.642148
225000 0.104146 0.264674 0.278116 0.646936
226000 0.101667 0.268457 0.294171 0.664294
227000 0.108082 0.271059 0.253952 0.633094
228000 0.104292 0.253026 0.299579 0.656897
229000 0.110564 0.286712 0.251541 0.648816
230000 0.106926 0.266774 0.268828 0.642529
231000 0.101499 0.277923 0.274683 0.654105
232000 0.112156 0.262826 0.241364 0.616346
233000 0.107483 0.260706 0.29067 0.65886
234000 0.114331 0.265544 0.254489 0.634364
235000 0.10624 0.260971 0.277494 0.644705
236000 0.104853 0.247411 0.265477 0.617741
237000 0.109154 0.237671 0.251238 0.598062
238000 0.0980871 0.248307 0.297712 0.644106
239000 0.101486 0.261062 0.253717 0.616266
240000 0.109352 0.257367 0.285118 0.651837
241000 0.116495 0.261558 0.279546 0.657599
242000 0.10095 0.264042 0.277819 0.642811
243000 0.106765 0.279786 0.294805 0.681356
244000 0.111851 0.288978 0.288653 0.689482
245000 0.109919 0.277952 0.291015 0.678886
246000 0.11 0.305284 0.306489 0.721773
247000 0.105714 0.273055 0.296065 0.674834
248000 0.100659 0.282454 0.283495 0.666608
249000 0.109024 0.281641 0.318645 0.70931
250000 0.105107 0.28355 0.299518 0.688175
251000 0.111178 0.301442 0.290307 0.702927
252000 0.116924 0.30658 0.313145 0.736649
253000 0.104835 0.288809 0.305278 0.698923
254000 0.104709 0.284705 0.297335 0.686748
255000 0.128345 0.29727 0.318579 0.744194
256000 0.123568 0.30033 0.303764 0.727661
257000 0.113849 0.300416 0.312728 0.726992
258000 0.108432 0.300557 0.302045 0.711035
259000 0.105297 0.292663 0.311901 0.709861
260000 0.108309 0.291625 0.294813 0.694746
261000 0.108212 0.304582 0.301054 0.713848
262000 0.117699 0.300448 0.311485 0.729631
263000 0.109622 0.279507 0.304181 0.693311
264000 0.108311 0.289857 0.307597 0.705765
265000 0.0989594 0.301916 0.313562 0.714438
266000 0.108427 0.319316 0.316909 0.744653
267000 0.118461 0.310887 0.307729 0.737077
268000 0.10412 0.285416 0.322976 0.712512
269000 0.106937 0.301015 0.326032 0.733984
270000 0.107609 0.298877 0.297421 0.703906
271000 0.105994 0.323501 0.30596 0.735455
272000 0.108646 0.281676 0.315882 0.706205
273000 0.106091 0.300267 0.302912 0.709271
274000 0.105965 0.283849 0.3056 0.695413
275000 0.101053 0.292255 0.312655 0.705963
276000 0.115306 0.308074 0.305404 0.728784
277000 0.114217 0.289053 0.321868 0.725138
278000 0.106654 0.293041 0.293783 0.693478
279000 0.10413 0.287465 0.308093 0.699688
280000 0.110085 0.288857 0.317975 0.716918
281000 0.104449 0.283758 0.297964 0.686171
282000 0.103764 0.282802 0.316984 0.70355
283000 0.122351 0.302756 0.306641 0.731748
284000 0.111527 0.295479 0.311545 0.718551
285000 0.104957 0.287198 0.310405 0.70256
286000 0.121895 0.294522 0.32466 0.741077
287000 0.128455 0.293403 0.319819 0.741677
288000 0.106793 0.309012 0.321226 0.737031
289000 0.107415 0.304722 0.325503 0.73764
290000 0.111713 0.288024 0.300141 0.699878
291000 0.117682 0.286939 0.326544 0.731165
292000 0.117565 0.289443 0.302447 0.709454
293000 0.110981 0.293587 0.326883 0.731451
294000 0.105751 0.286876 0.32653 0.719157
295000 0.108314 0.287757 0.303937 0.700008
296000 0.111555 0.273957 0.316087 0.7016
297000 0.126958 0.279993 0.301167 0.708117
298000 0.118432 0.287512 0.312154 0.718099
299000 0.125706 0.271973 0.314165 0.711845
300000 0.11915 0.286273 0.313059 0.718482
301000 0.121648 0.257544 0.311327 0.690519
302000 0.129877 0.267471 0.306228 0.703575
303000 0.127273 0.289997 0.308187 0.725457
304000 0.132731 0.272542 0.316635 0.721909
305000 0.122642 0.277076 0.310301 0.710019
306000 0.126029 0.284518 0.333021 0.743569
307000 0.143888 0.276619 0.309028 0.729534
308000 0.138577 0.282812 0.323803 0.745192
309000 0.132677 0.276388 0.328345 0.73741
310000 0.139164 0.273949 0.304984 0.718097
311000 0.13139 0.281325 0.325795 0.73851
312000 0.143005 0.280354 0.317153 0.740512
313000 0.123037 0.269155 0.334593 0.726785
314000 0.125252 0.27105 0.329005 0.725307
315000 0.135356 0.291523 0.33669 0.763569
316000 0.124885 0.279914 0.342088 0.746887
317000 0.139965 0.279187 0.321967 0.741119
318000 0.126457 0.295586 0.337068 0.759112
319000 0.120546 0.296199 0.330203 0.746949
320000 0.149348 0.300372 0.325945 0.775665
321000 0.138099 0.313321 0.344978 0.796398
322000 0.138683 0.292521 0.313996 0.745199
323000 0.141064 0.310846 0.343058 0.794969
324000 0.133349 0.284696 0.337068 0.755113
325000 0.130296 0.305369 0.313406 0.74907
326000 0.133902 0.291624 0.335217 0.760743
327000 0.127548 0.291213 0.327681 0.746442
328000 0.13046 0.291989 0.334021 0.75647
329000 0.137425 0.306782 0.360535 0.804742
330000 0.137081 0.320549 0.330654 0.788284
331000 0.137525 0.290327 0.333354 0.761207
332000 0.129533 0.28821 0.345674 0.763417
333000 0.144167 0.324309 0.34264 0.811116
334000 0.138533 0.302306 0.357481 0.79832
335000 0.130347 0.304507 0.350265 0.785119
336000 0.132333 0.306604 0.343693 0.782631
337000 0.130764 0.297125 0.366493 0.794382
338000 0.137589 0.299735 0.358925 0.79625
339000 0.12607 0.309528 0.357671 0.793269
340000 0.143258 0.327288 0.376485 0.847031
341000 0.148427 0.302685 0.359848 0.810961
342000 0.133054 0.29129 0.362174 0.786518
343000 0.127728 0.303249 0.3472 0.778177
344000 0.137064 0.302951 0.383992 0.824007
345000 0.134287 0.295676 0.359588 0.789552
346000 0.131551 0.311047 0.38527 0.827868
347000 0.132808 0.294787 0.378848 0.806443
348000 0.144486 0.30911 0.38197 0.835567
349000 0.128463 0.299713 0.378906 0.807082
350000 0.135534 0.30353 0.366707 0.805771
351000 0.134462 0.30125 0.378088 0.8138
352000 0.13625 0.294096 0.35973 0.790075
353000 0.135299 0.293191 0.369895 0.798385
354000 0.142545 0.298701 0.386355 0.827601
355000 0.142593 0.318179 0.381839 0.84261
356000 0.142779 0.302004 0.383969 0.828751
357000 0.141368 0.334575 0.390586 0.86653
358000 0.137533 0.3155 0.394531 0.847563
359000 0.138886 0.309078 0.383563 0.831527
360000 0.145172 0.309175 0.409421 0.863768
361000 0.152824 0.312508 0.386095 0.851427
362000 0.134808 0.311307 0.409348 0.855462
363000 0.144772 0.311469 0.417168 0.873409
364000 0.14111 0.314398 0.388421 0.843929
365000 0.138894 0.321522 0.407959 0.868375
366000 0.142113 0.311672 0.386508 0.840293
367000 0.137513 0.315126 0.376881 0.82952
368000 0.141095 0.329122 0.399917 0.870134
369000 0.142943 0.333649 0.403135 0.879726
370000 0.142022 0.317685 0.383181 0.842889
371000 0.153191 0.312683 0.406718 0.872592
372000 0.140768 0.325269 0.399362 0.865398
373000 0.157466 0.311097 0.387529 0.856092
374000 0.139478 0.309353 0.414582 0.863414
375000 0.140791 0.314996 0.411829 0.867616
376000 0.14255 0.322097 0.407326 0.871973
377000 0.154439 0.324295 0.424893 0.903627
378000 0.152259 0.318333 0.412499 0.883091
379000 0.1401 0.327444 0.392602 0.860146
380000 0.147513 0.324791 0.421148 0.893453
381000 0.150291 0.330515 0.388532 0.869338
382000 0.153879 0.303508 0.411308 0.868694
383000 0.147751 0.316089 0.398621 0.862461
384000 0.137858 0.32828 0.4346 0.900738
385000 0.157054 0.316642 0.403621 0.877317
386000 0.161513 0.314276 0.393879 0.869668
387000 0.146574 0.315014 0.403741 0.865329
388000 0.144786 0.305462 0.394144 0.844393
389000 0.150204 0.324081 0.407839 0.882124
390000 0.151401 0.322843 0.412256 0.8865
391000 0.152677 0.328967 0.389554 0.871199
392000 0.171135 0.330878 0.400983 0.902996
393000 0.138851 0.318435 0.381616 0.838903
394000 0.146181 0.318779 0.413534 0.878494
395000 0.141959 0.313882 0.399927 0.855768
396000 0.144971 0.322252 0.411657 0.87888
397000 0.180854 0.336948 0.45099 0.968792
398000 0.153708 0.326511 0.405628 0.885848
399000 0.152435 0.321341 0.412701 0.886478
400000 0.144062 0.312053 0.418855 0.87497
401000 0.137075 0.338688 0.398903 0.874666
402000 0.153959 0.324135 0.417057 0.89515
403000 0.160346 0.322234 0.421858 0.904439
404000 0.149377 0.330122 0.401053 0.880552
405000 0.155711 0.329783 0.422403 0.907898
406000 0.145453 0.362156 0.399277 0.906886
407000 0.145827 0.336992 0.442233 0.925053
408000 0.146267 0.319967 0.421348 0.887582
409000 0.148978 0.342129 0.412811 0.903919
410000 0.144706 0.32639 0.455639 0.926735
411000 0.143099 0.347825 0.395653 0.886577
412000 0.144995 0.329723 0.43112 0.905838
413000 0.14254 0.330548 0.409805 0.882893
414000 0.156129 0.338667 0.407307 0.902103
415000 0.146946 0.330706 0.436323 0.913975
416000 0.15801 0.347301 0.417 0.922312
417000 0.147207 0.338795 0.463291 0.949293
418000 0.154535 0.34418 0.42537 0.924085
419000 0.145432 0.365103 0.445459 0.955994
420000 0.152685 0.34367 0.440426 0.936781
421000 0.155229 0.349199 0.427475 0.931903
422000 0.142668 0.337513 0.451174 0.931356
423000 0.160434 0.353677 0.427911 0.942022
424000 0.151647 0.342745 0.486178 0.980571
425000 0.141728 0.339471 0.429726 0.910926
426000 0.156962 0.350104 0.440444 0.947511
427000 0.150548 0.329323 0.45124 0.931111
428000 0.146141 0.352746 0.41703 0.915917
429000 0.167209 0.36309 0.442179 0.972477
430000 0.157297 0.366511 0.450003 0.973811
431000 0.156774 0.362484 0.420537 0.939796
432000 0.162806 0.364443 0.432953 0.960202
433000 0.146603 0.343802 0.436719 0.927123
434000 0.181931 0.372589 0.443047 0.997567
435000 0.16037 0.377655 0.463261 1.00129
436000 0.177125 0.370131 0.453468 1.00072
437000 0.147862 0.344492 0.446575 0.938928
438000 0.149135 0.352842 0.452365 0.954341
439000 0.150894 0.363394 0.459694 0.973982
440000 0.156792 0.362093 0.456935 0.97582
441000 0.17016 0.36376 0.47226 1.00618
442000 0.160584 0.379014 0.494183 1.03378
443000 0.164675 0.383419 0.452469 1.00056
444000 0.161092 0.376715 0.495369 1.03318
445000 0.166601 0.37335 0.479408 1.01936
446000 0.163627 0.380319 0.461675 1.00562
447000 0.162162 0.383822 0.491165 1.03715
448000 0.179649 0.37823 0.460365 1.01824
449000 0.156105 0.380108 0.459515 0.995728
450000 0.155212 0.381677 0.465274 1.00216
451000 0.1797 0.388272 0.499638 1.06761
452000 0.166575 0.401455 0.471811 1.03984
453000 0.168965 0.37017 0.464215 1.00335
454000 0.154867 0.374471 0.489013 1.01835
455000 0.168034 0.373232 0.467869 1.00913
456000 0.165728 0.364308 0.466781 0.996816
457000 0.172634 0.374409 0.479508 1.02655
458000 0.182538 0.373127 0.470316 1.02598
459000 0.159307 0.377946 0.495359 1.03261
460000 0.161905 0.367849 0.471465 1.00122
461000 0.15219 0.381939 0.498477 1.03261
462000 0.175357 0.385788 0.468735 1.02988
463000 0.170337 0.362306 0.469096 1.00174
464000 0.162048 0.398085 0.498795 1.05893
465000 0.180839 0.379579 0.4664 1.02682
466000 0.161493 0.376956 0.48727 1.02572
467000 0.166771 0.387602 0.494587 1.04896
468000 0.165277 0.397229 0.463837 1.02634
469000 0.169778 0.419827 0.506252 1.09586
470000 0.184991 0.389409 0.464573 1.03897
471000 0.157308 0.387871 0.494348 1.03953
472000 0.154629 0.413397 0.509696 1.07772
473000 0.163391 0.399219 0.468911 1.03152
474000 0.160897 0.430427 0.493923 1.08525
475000 0.179108 0.406674 0.491089 1.07687
476000 0.174948 0.414075 0.486513 1.07554
477000 0.172716 0.405116 0.496876 1.07471
478000 0.167659 0.413651 0.474089 1.0554
479000 0.168929 0.409277 0.480973 1.05918
480000 0.181538 0.40622 0.485259 1.07302
481000 0.170732 0.431125 0.478582 1.08044
482000 0.182482 0.414214 0.517405 1.1141
483000 0.169925 0.407139 0.471764 1.04883
484000 0.179521 0.406247 0.504387 1.09016
485000 0.200753 0.39964 0.503299 1.10369
486000 0.183458 0.41484 0.47268 1.07098
487000 0.175484 0.400005 0.500582 1.07607
488000 0.169039 0.415009 0.479328 1.06338
489000 0.18317 0.41626 0.487804 1.08723
490000 0.170605 0.423872 0.509838 1.10432
491000 0.186091 0.425091 0.477181 1.08836
492000 0.183115 0.407112 0.500801 1.09103
493000 0.177335 0.410567 0.469214 1.05712
494000 0.180492 0.420703 0.493485 1.09468
495000 0.17586 0.424721 0.496971 1.09755
496000 0.176522 0.419131 0.481143 1.0768
497000 0.204095 0.411627 0.521999 1.13772
498000 0.176066 0.428045 0.495056 1.09917
499000 0.193359 0.435407 0.524864 1.15363
500000 0.184379 0.422132 0.520394 1.1269
501000 0.176974 0.420199 0.497374 1.09455
502000 0.17825 0.406696 0.554942 1.13989
503000 0.176308 0.431929 0.479101 1.08734
504000 0.200042 0.431901 0.501182 1.13312
505000 0.177964 0.428933 0.527902 1.1348
506000 0.176625 0.420252 0.479426 1.0763
507000 0.180576 0.425806 0.54889 1.15527
508000 0.190853 0.446041 0.485334 1.12223
509000 0.197234 0.431779 0.512158 1.14117
510000 0.18207 0.442921 0.548847 1.17384
511000 0.203785 0.43122 0.493337 1.12834
512000 0.184024 0.433557 0.585344 1.20293
513000 0.203717 0.464895 0.513378 1.18199
514000 0.19512 0.449477 0.506106 1.1507
515000 0.1868 0.446331 0.557129 1.19026
516000 0.233772 0.418106 0.50763 1.15951
517000 0.199033 0.438047 0.578365 1.21544
518000 0.193379 0.451725 0.489556 1.13466
519000 0.185424 0.431045 0.527197 1.14367
520000 0.183743 0.445423 0.531083 1.16025
521000 0.223092 0.448177 0.506722 1.17799
522000 0.183783 0.446555 0.594029 1.22437
523000 0.221513 0.425253 0.52632 1.17309
524000 0.184379 0.432423 0.519351 1.13615
525000 0.170362 0.444641 0.537836 1.15284
526000 0.197809 0.443658 0.508642 1.15011
527000 0.205014 0.441433 0.552282 1.19873
528000 0.185907 0.430678 0.496839 1.11342
529000 0.178168 0.454123 0.539508 1.1718
530000 0.181859 0.445302 0.542507 1.16967
531000 0.193517 0.439689 0.509687 1.14289
532000 0.202573 0.454435 0.568318 1.22533
533000 0.187793 0.445995 0.515051 1.14884
534000 0.215569 0.436116 0.522729 1.17441
535000 0.191351 0.46742 0.532151 1.19092
536000 0.217174 0.461231 0.520878 1.19928
537000 0.207516 0.460867 0.546279 1.21466
538000 0.18813 0.455384 0.504634 1.14815
539000 0.220832 0.45721 0.543298 1.22134
540000 0.200996 0.444763 0.540465 1.18622
541000 0.229774 0.470319 0.523575 1.22367
542000 0.200558 0.46386 0.525268 1.18969
543000 0.207699 0.454415 0.545956 1.20807
544000 0.212143 0.466399 0.547888 1.22643
545000 0.199366 0.451527 0.53342 1.18431
546000 0.214951 0.452082 0.535877 1.20291
547000 0.196824 0.445233 0.579535 1.22159
548000 0.215021 0.453165 0.545065 1.21325
549000 0.200351 0.46425 0.564494 1.22909
550000 0.212919 0.452407 0.525599 1.19092
551000 0.204032 0.458462 0.535569 1.19806
552000 0.206629 0.458148 0.562263 1.22704
553000 0.216956 0.468321 0.533017 1.21829
554000 0.203316 0.454338 0.570324 1.22798
555000 0.202687 0.466835 0.544991 1.21451
556000 0.204878 0.466845 0.55749 1.22921
557000 0.202604 0.454231 0.552607 1.20944
558000 0.216372 0.467049 0.560342 1.24376
559000 0.203899 0.458192 0.578094 1.24018
560000 0.205305 0.471754 0.551165 1.22822
561000 0.215707 0.46854 0.578748 1.263
562000 0.215712 0.470893 0.549779 1.23638
563000 0.212308 0.453265 0.556364 1.22194
564000 0.201371 0.441601 0.575713 1.21869
565000 0.205562 0.468816 0.550944 1.22532
566000 0.214599 0.438123 0.568219 1.22094
567000 0.205348 0.459525 0.562885 1.22776
568000 0.218368 0.437215 0.556161 1.21175
569000 0.216808 0.460925 0.587724 1.26546
570000 0.215991 0.460904 0.566411 1.24331
571000 0.208088 0.454364 0.567028 1.22948
572000 0.206505 0.453131 0.581256 1.24089
573000 0.210365 0.445553 0.558965 1.21488
574000 0.209974 0.455465 0.572317 1.23776
575000 0.20354 0.447172 0.551174 1.20189
576000 0.206303 0.443247 0.586205 1.23576
577000 0.207159 0.462361 0.578229 1.24775
578000 0.202115 0.453138 0.569244 1.2245
579000 0.220266 0.469321 0.598742 1.28833
580000 0.205865 0.471903 0.560415 1.23818
581000 0.210535 0.449932 0.555238 1.2157
582000 0.222303 0.459107 0.574489 1.2559
583000 0.213818 0.465886 0.542944 1.22265
584000 0.248386 0.497791 0.574445 1.32062
585000 0.216733 0.452466 0.577105 1.2463
586000 0.237011 0.455609 0.573724 1.26634
587000 0.208007 0.484876 0.583489 1.27637
588000 0.211123 0.455679 0.564023 1.23082
589000 0.219349 0.465122 0.617861 1.30233
590000 0.206607 0.461587 0.566475 1.23467
591000 0.257039 0.444548 0.577705 1.27929
592000 0.214334 0.464886 0.584804 1.26402
593000 0.234464 0.450212 0.551452 1.23613
594000 0.220647 0.460297 0.608821 1.28976
595000 0.231024 0.459748 0.570945 1.26172
596000 0.228879 0.454747 0.594233 1.27786
597000 0.21718 0.455364 0.566085 1.23863
598000 0.223583 0.449888 0.551095 1.22457
599000 0.211751 0.483085 0.622282 1.31712
600000 0.240401 0.46972 0.575708 1.28583
601000 0.221829 0.462244 0.591129 1.2752
602000 0.23083 0.444176 0.602604 1.27761
603000 0.222223 0.46161 0.576003 1.25984
604000 0.218363 0.446419 0.58438 1.24916
605000 0.212267 0.457994 0.594322 1.26458
606000 0.215565 0.479465 0.574022 1.26905
607000 0.223922 0.467577 0.58976 1.28126
608000 0.213309 0.466698 0.5816 1.26161
609000 0.207156 0.468154 0.591546 1.26686
610000 0.223367 0.469172 0.593487 1.28603
611000 0.228936 0.4815 0.610525 1.32096
612000 0.225387 0.465272 0.591079 1.28174
613000 0.223291 0.456721 0.60398 1.28399
614000 0.231076 0.467631 0.612938 1.31165
615000 0.227079 0.483164 0.597554 1.3078
616000 0.222173 0.477109 0.606332 1.30561
617000 0.215243 0.489636 0.587775 1.29265
618000 0.239031 0.46494 0.594337 1.29831
619000 0.235594 0.482484 0.603968 1.32205
620000 0.227258 0.4776 0.593842 1.2987
621000 0.226937 0.497313 0.580187 1.30444
622000 0.225004 0.487538 0.585478 1.29802
623000 0.243402 0.500904 0.601257 1.34556
624000 0.238979 0.48898 0.580118 1.30808
625000 0.235917 0.488132 0.625036 1.34908
626000 0.218389 0.501362 0.582828 1.30258
627000 0.231242 0.489708 0.584388 1.30534
628000 0.23845 0.486602 0.62026 1.34531
629000 0.231784 0.497939 0.594313 1.32404
630000 0.22866 0.482119 0.635754 1.34653
631000 0.225091 0.502238 0.605105 1.33243
632000 0.230498 0.50783 0.599457 1.33779
633000 0.235217 0.499526 0.635427 1.37017
634000 0.248363 0.510386 0.589155 1.3479
635000 0.23446 0.503805 0.636089 1.37435
636000 0.231949 0.51378 0.595736 1.34146
637000 0.241212 0.490302 0.603427 1.33494
638000 0.221562 0.522543 0.623057 1.36716
639000 0.240118 0.496077 0.586164 1.32236
640000 0.227849 0.495293 0.654994 1.37814
641000 0.224156 0.523225 0.604365 1.35175
642000 0.235656 0.498362 0.637715 1.37173
643000 0.234799 0.519366 0.605585 1.35975
644000 0.244611 0.493463 0.611598 1.34967
645000 0.223361 0.512413 0.635166 1.37094
646000 0.226268 0.50272 0.589308 1.3183
647000 0.236991 0.498789 0.643481 1.37926
648000 0.241772 0.540488 0.60516 1.38742
649000 0.246677 0.506397 0.618061 1.37113
650000 0.241132 0.518086 0.63291 1.39213
651000 0.232664 0.513682 0.606475 1.35282
652000 0.25095 0.514964 0.645338 1.41125
653000 0.236197 0.534442 0.60115 1.37179
654000 0.228247 0.517923 0.624645 1.37082
655000 0.239469 0.489961 0.622879 1.35231
656000 0.221455 0.515557 0.606893 1.3439
657000 0.230591 0.511448 0.630721 1.37276
658000 0.234592 0.527385 0.638305 1.40028
659000 0.229125 0.521698 0.621375 1.3722
660000 0.236012 0.497335 0.595301 1.32865
661000 0.234559 0.526319 0.645881 1.40676
662000 0.247044 0.51698 0.635477 1.3995
663000 0.24591 0.512745 0.648222 1.40688
664000 0.245932 0.539069 0.662364 1.44736
665000 0.26299 0.539259 0.637698 1.43995
666000 0.23768 0.553192 0.659314 1.45019
667000 0.240277 0.534807 0.644321 1.4194
668000 0.231015 0.549589 0.673287 1.45389
669000 0.247549 0.538259 0.647845 1.43365
670000 0.247085 0.519738 0.645777 1.4126
671000 0.242811 0.553432 0.656595 1.45284
672000 0.250654 0.518431 0.631827 1.40091
673000 0.244074 0.579799 0.682237 1.50611
674000 0.252832 0.530932 0.641287 1.42505
675000 0.226778 0.519191 0.669464 1.41543
676000 0.231956 0.551717 0.657369 1.44104
677000 0.251235 0.537004 0.650303 1.43854
678000 0.231073 0.576436 0.671065 1.47857
679000 0.251334 0.548185 0.633916 1.43343
680000 0.241461 0.544903 0.649132 1.4355
681000 0.250752 0.546671 0.652904 1.45033
682000 0.248525 0.527626 0.65081 1.42696
683000 0.239264 0.564386 0.659765 1.46341
684000 0.241787 0.545951 0.641924 1.42966
685000 0.255418 0.554522 0.674752 1.48469
686000 0.241561 0.530399 0.660545 1.43251
687000 0.254467 0.523809 0.672796 1.45107
688000 0.239664 0.562648 0.673683 1.476
689000 0.260198 0.525248 0.641369 1.42682
690000 0.245939 0.586112 0.6702 1.50225
691000 0.23957 0.512308 0.653477 1.40536
692000 0.235283 0.560752 0.656506 1.45254
693000 0.230716 0.552468 0.681211 1.4644
694000 0.251666 0.53084 0.646385 1.42889
695000 0.238313 0.572925 0.663432 1.47467
696000 0.23757 0.551595 0.663485 1.45265
697000 0.23949 0.540425 0.677143 1.45706
698000 0.23923 0.530426 0.663078 1.43273
699000 0.24813 0.563871 0.680271 1.49227
700000 0.243699 0.564148 0.693701 1.50155
701000 0.244424 0.532504 0.681292 1.45822
702000 0.243604 0.571088 0.683817 1.49851
703000 0.249314 0.534802 0.669221 1.45334
704000 0.245697 0.553054 0.688591 1.48734
705000 0.240924 0.523912 0.693918 1.45875
706000 0.25277 0.527038 0.69255 1.47236
707000 0.236198 0.556084 0.687555 1.47984
708000 0.246161 0.52506 0.693338 1.46456
709000 0.248349 0.549449 0.695156 1.49295
710000 0.248234 0.53494 0.680092 1.46327
711000 0.244616 0.540328 0.692959 1.4779
712000 0.236866 0.540496 0.674449 1.45181
713000 0.235458 0.535471 0.668464 1.43939
714000 0.244152 0.5686 0.694439 1.50719
715000 0.250853 0.546825 0.664108 1.46179
716000 0.256807 0.546453 0.693692 1.49695
717000 0.250016 0.555426 0.681204 1.48665
718000 0.254723 0.543659 0.691689 1.49007
719000 0.248483 0.560996 0.696264 1.50574
720000 0.245761 0.565107 0.6762 1.48707
721000 0.253181 0.556894 0.695016 1.50509
722000 0.251102 0.584525 0.704114 1.53974
723000 0.246338 0.5633 0.671202 1.48084
724000 0.248673 0.572161 0.728482 1.54931
725000 0.259825 0.579145 0.68565 1.52462
726000 0.26073 0.590781 0.733937 1.58545
727000 0.271389 0.567778 0.693751 1.53292
728000 0.258545 0.581648 0.676203 1.5164
729000 0.257321 0.579206 0.755196 1.59172
730000 0.258309 0.589045 0.696997 1.54435
731000 0.270802 0.570518 0.739837 1.58116
732000 0.271578 0.586685 0.711405 1.56967
733000 0.259019 0.573669 0.69546 1.52815
734000 0.256607 0.568531 0.778785 1.60392
735000 0.247252 0.581103 0.665175 1.49353
736000 0.261042 0.608824 0.70694 1.57681
737000 0.284198 0.593451 0.729624 1.60727
738000 0.270598 0.602286 0.671709 1.54459
739000 0.258188 0.590518 0.745798 1.5945
740000 0.271561 0.598196 0.698691 1.56845
741000 0.270648 0.592573 0.696527 1.55975
742000 0.251453 0.580937 0.711803 1.54419
743000 0.268496 0.625933 0.676789 1.57122
744000 0.249735 0.581255 0.722841 1.55383
745000 0.268422 0.619118 0.689738 1.57728
746000 0.264349 0.584725 0.696163 1.54524
747000 0.262231 0.592806 0.688714 1.54375
748000 0.26657 0.602377 0.667687 1.53663
749000 0.257166 0.58506 0.744111 1.58634
750000 0.246597 0.594707 0.678016 1.51932
751000 0.268628 0.578152 0.713758 1.56054
752000 0.262663 0.560189 0.699744 1.5226
753000 0.267207 0.599459 0.661305 1.52797
754000 0.275407 0.582267 0.724993 1.58267
755000 0.260298 0.596927 0.672146 1.52937
756000 0.256765 0.567287 0.710521 1.53457
757000 0.248875 0.584588 0.704059 1.53752
758000 0.260359 0.583205 0.71212 1.55568
759000 0.274761 0.580125 0.732048 1.58693
760000 0.287277 0.604359 0.684466 1.5761
761000 0.276039 0.580046 0.749489 1.60557
762000 0.27803 0.58804 0.702006 1.56808
763000 0.256528 0.604201 0.678823 1.53955
764000 0.271295 0.585919 0.744589 1.6018
765000 0.27299 0.599391 0.686394 1.55878
766000 0.271923 0.577981 0.726778 1.57668
767000 0.272219 0.593509 0.685348 1.55108
768000 0.25956 0.594451 0.688897 1.54291
769000 0.261056 0.599711 0.748128 1.60889
770000 0.277891 0.595751 0.688802 1.56244
771000 0.272058 0.597963 0.742866 1.61289
772000 0.253127 0.600855 0.69998 1.55396
773000 0.267319 0.61352 0.695783 1.57662
774000 0.267215 0.598206 0.71764 1.58306
775000 0.271993 0.599319 0.686103 1.55742
776000 0.25841 0.589856 0.721063 1.56933
777000 0.25799 0.596936 0.684203 1.53913
778000 0.276022 0.58837 0.692451 1.55684
779000 0.276626 0.616808 0.732125 1.62556
780000 0.277282 0.602068 0.694039 1.57339
781000 0.254595 0.602694 0.775939 1.63323
782000 0.269388 0.613823 0.688742 1.57195
783000 0.26172 0.597542 0.729158 1.58842
784000 0.270549 0.604229 0.731958 1.60674
785000 0.273742 0.598268 0.687136 1.55915
786000 0.266326 0.585213 0.789318 1.64086
787000 0.267685 0.614811 0.689896 1.57239
788000 0.256545 0.633786 0.733922 1.62425
789000 0.274158 0.630607 0.73954 1.64431
790000 0.288874 0.628759 0.70534 1.62297
791000 0.263991 0.628575 0.76854 1.66111
792000 0.273432 0.632679 0.738801 1.64491
793000 0.258398 0.609733 0.767057 1.63519
794000 0.262996 0.607367 0.77924 1.6496
795000 0.265263 0.622566 0.756488 1.64432
796000 0.267332 0.60745 0.790102 1.66488
797000 0.273225 0.648602 0.754755 1.67658
798000 0.255449 0.636897 0.756134 1.64848
799000 0.278548 0.64501 0.762235 1.68579
800000 0.261394 0.609459 0.731105 1.60196
801000 0.260707 0.631827 0.787101 1.67964
802000 0.285107 0.63179 0.704189 1.62109
803000 0.281851 0.61311 0.751902 1.64686
804000 0.265099 0.658064 0.716929 1.64009
805000 0.271494 0.608722 0.720734 1.60095
806000 0.253096 0.618486 0.744056 1.61564
807000 0.286892 0.612769 0.704829 1.60449
808000 0.253597 0.625073 0.729392 1.60806
809000 0.270812 0.623422 0.698131 1.59237
810000 0.27292 0.62387 0.696135 1.59292
811000 0.262822 0.627172 0.722949 1.61294
812000 0.274405 0.61802 0.708876 1.6013
813000 0.279204 0.612009 0.724414 1.61563
814000 0.268306 0.667639 0.709429 1.64537
815000 0.260721 0.633987 0.707562 1.60227
816000 0.262813 0.646469 0.708482 1.61776
817000 0.277328 0.629942 0.714663 1.62193
818000 0.28243 0.62264 0.692016 1.59709
819000 0.259091 0.668209 0.758096 1.6854
820000 0.266769 0.627492 0.713804 1.60807
821000 0.286698 0.635127 0.732403 1.65423
822000 0.272009 0.616211 0.726663 1.61488
823000 0.281048 0.62298 0.688257 1.59228
824000 0.279156 0.638043 0.770023 1.68722
825000 0.26979 0.624569 0.705445 1.5998
826000 0.273936 0.665586 0.744393 1.68391
827000 0.267892 0.608983 0.710398 1.58727
828000 0.302824 0.6255 0.719208 1.64753
829000 0.269307 0.661108 0.763878 1.69429
830000 0.270716 0.625912 0.712364 1.60899
831000 0.258231 0.649557 0.727918 1.63571
832000 0.264184 0.627271 0.731738 1.62319
833000 0.284372 0.631161 0.71542 1.63095
834000 0.279985 0.631244 0.771076 1.6823
835000 0.292932 0.622149 0.706826 1.62191
836000 0.273396 0.642507 0.755082 1.67099
837000 0.272206 0.630357 0.721031 1.62359
838000 0.278326 0.653691 0.742616 1.67463
839000 0.26825 0.668094 0.790888 1.72723
840000 0.287374 0.648463 0.730306 1.66614
841000 0.274873 0.658822 0.755469 1.68916
842000 0.286197 0.638371 0.724376 1.64894
843000 0.269499 0.661821 0.737644 1.66896
844000 0.271982 0.67948 0.761892 1.71335
845000 0.269711 0.677657 0.713467 1.66084
846000 0.274336 0.675766 0.766621 1.71672
847000 0.288508 0.674687 0.732789 1.69598
848000 0.27833 0.705462 0.748614 1.73241
849000 0.285796 0.668699 0.751317 1.70581
850000 0.2814 0.673769 0.734177 1.68935
851000 0.284436 0.687445 0.759497 1.73138
852000 0.288782 0.673703 0.738544 1.70103
853000 0.269473 0.696351 0.730635 1.69646
854000 0.293458 0.685641 0.754261 1.73336
855000 0.296634 0.670236 0.759917 1.72679
856000 0.267958 0.658473 0.762821 1.68925
857000 0.279032 0.670877 0.763999 1.71391
858000 0.280113 0.661841 0.741606 1.68356
859000 0.2979 0.658123 0.74919 1.70521
860000 0.283966 0.677427 0.741043 1.70244
861000 0.274535 0.673741 0.764779 1.71306
862000 0.295051 0.687279 0.750564 1.73289
863000 0.301388 0.673892 0.75931 1.73459
864000 0.301492 0.704887 0.738623 1.745
865000 0.279614 0.694731 0.770882 1.74523
866000 0.282787 0.686579 0.777195 1.74656
867000 0.295288 0.677437 0.745102 1.71783
868000 0.288628 0.675654 0.76359 1.72787
869000 0.301002 0.697552 0.756086 1.75464
870000 0.287436 0.707225 0.749202 1.74386
871000 0.286921 0.684306 0.784253 1.75548
872000 0.278008 0.697986 0.755197 1.73119
873000 0.289014 0.697185 0.792488 1.77869
874000 0.296905 0.691574 0.752648 1.74113
875000 0.275361 0.723008 0.768118 1.76649
876000 0.291358 0.72038 0.784887 1.79662
877000 0.287509 0.725601 0.763344 1.77646
878000 0.288363 0.697937 0.79209 1.77839
879000 0.287308 0.723884 0.753209 1.7644
880000 0.288979 0.715677 0.758994 1.76365
881000 0.28192 0.697659 0.791132 1.77071
882000 0.289127 0.756831 0.748003 1.79396
883000 0.284356 0.724952 0.814538 1.82385
884000 0.290489 0.729407 0.756217 1.77611
885000 0.283257 0.718152 0.774552 1.77596
886000 0.285511 0.727735 0.800116 1.81336
887000 0.278643 0.725761 0.789918 1.79432
888000 0.291466 0.746911 0.807771 1.84615
889000 0.285842 0.735699 0.776464 1.798
890000 0.303477 0.718376 0.803428 1.82528
891000 0.281682 0.72954 0.784171 1.79539
892000 0.296624 0.71663 0.75691 1.77016
893000 0.298266 0.730143 0.779235 1.80764
894000 0.278244 0.744376 0.799108 1.82173
895000 0.295361 0.723315 0.770689 1.78937
896000 0.291736 0.733542 0.805886 1.83116
897000 0.289203 0.739721 0.781694 1.81062
898000 0.292804 0.740371 0.784754 1.81793
899000 0.285335 0.743333 0.796579 1.82525
900000 0.30208 0.743242 0.792252 1.83757
901000 0.291902 0.706384 0.779085 1.77737
902000 0.315752 0.732853 0.799112 1.84772
903000 0.277183 0.717119 0.793022 1.78732
904000 0.275417 0.711281 0.774405 1.7611
905000 0.301816 0.727498 0.816541 1.84586
906000 0.286143 0.724021 0.746255 1.75642
907000 0.298795 0.758079 0.809569 1.86644
908000 0.29712 0.716789 0.787037 1.80095
909000 0.307162 0.722497 0.787777 1.81744
910000 0.291696 0.753423 0.832142 1.87726
911000 0.287323 0.734529 0.791425 1.81328
912000 0.307428 0.75592 0.818937 1.88229
913000 0.280994 0.731832 0.816405 1.82923
914000 0.302888 0.740798 0.797601 1.84129
915000 0.287444 0.738411 0.811518 1.83737
916000 0.293762 0.736841 0.81261 1.84321
917000 0.285484 0.743188 0.800333 1.82901
918000 0.291672 0.747682 0.802773 1.84213
919000 0.306488 0.757168 0.817901 1.88156
920000 0.295312 0.759644 0.839984 1.89494
921000 0.303249 0.73771 0.822372 1.86333
922000 0.304202 0.758631 0.858268 1.9211
923000 0.29078 0.775159 0.800991 1.86693
924000 0.311777 0.75066 0.807365 1.8698
925000 0.302654 0.748967 0.828471 1.88009
926000 0.308301 0.758244 0.807651 1.8742
927000 0.289914 0.777662 0.821268 1.88884
928000 0.311958 0.750876 0.818806 1.88164
929000 0.306628 0.772144 0.818604 1.89738
930000 0.306346 0.782841 0.828879 1.91807
931000 0.309342 0.779007 0.819147 1.9075
932000 0.303544 0.795676 0.824175 1.9234
933000 0.310613 0.743457 0.823636 1.87771
934000 0.297141 0.777579 0.847098 1.92182
935000 0.295427 0.759258 0.843714 1.8984
936000 0.290896 0.776757 0.847307 1.91496
937000 0.299158 0.765746 0.864326 1.92923
938000 0.307814 0.756618 0.819288 1.88372
939000 0.311622 0.789549 0.860847 1.96202
940000 0.304034 0.750447 0.84671 1.90119
941000 0.311534 0.750285 0.845641 1.90746
942000 0.299307 0.753985 0.860483 1.91378
943000 0.305549 0.773446 0.850324 1.92932
944000 0.3099 0.74928 0.859542 1.91872
945000 0.304214 0.75703 0.861925 1.92317
946000 0.307626 0.774655 0.848167 1.93045
947000 0.306041 0.756722 0.838822 1.90159
948000 0.330772 0.779363 0.860362 1.9705
949000 0.310579 0.779233 0.843063 1.93287
950000 0.3128 0.746012 0.859267 1.91808
951000 0.316082 0.767413 0.85717 1.94066
952000 0.317501 0.769216 0.841389 1.92811
953000 0.319063 0.764431 0.833075 1.91657
954000 0.325744 0.78167 0.861311 1.96872
955000 0.30458 0.782652 0.866023 1.95326
956000 0.326992 0.783041 0.866099 1.97613
957000 0.300957 0.76743 0.876129 1.94452
958000 0.344142 0.790206 0.83189 1.96624
959000 0.316388 0.781326 0.861676 1.95939
960000 0.30875 0.795973 0.847927 1.95265
961000 0.322397 0.779979 0.854557 1.95693
962000 0.319886 0.773761 0.831787 1.92543
963000 0.312909 0.794402 0.85987 1.96718
964000 0.327538 0.786997 0.861467 1.976
965000 0.312457 0.781294 0.871672 1.96542
966000 0.330793 0.774428 0.83378 1.939
967000 0.346447 0.809898 0.872745 2.02909
968000 0.320181 0.797779 0.829169 1.94713
969000 0.334397 0.805675 0.879047 2.01912
970000 0.323702 0.808602 0.854985 1.98729
971000 0.340154 0.782821 0.848872 1.97185
972000 0.324054 0.808095 0.870487 2.00264
973000 0.31614 0.811591 0.847554 1.97528
974000 0.347938 0.812168 0.864049 2.02416
975000 0.314409 0.825958 0.841619 1.98199
976000 0.334196 0.77818 0.841233 1.95361
977000 0.326915 0.787049 0.870464 1.98443
978000 0.34072 0.794644 0.865182 2.00055
979000 0.333521 0.795022 0.846381 1.97492
980000 0.328895 0.796353 0.872299 1.99755
981000 0.317988 0.763734 0.889014 1.97074
982000 0.325381 0.801585 0.868851 1.99582
983000 0.354852 0.800949 0.872723 2.02852
984000 0.313969 0.793931 0.868156 1.97606
985000 0.320265 0.813103 0.879161 2.01253
986000 0.334084 0.778526 0.872322 1.98493
987000 0.329843 0.811104 0.890811 2.03176
988000 0.331946 0.808112 0.884613 2.02467
989000 0.314938 0.793319 0.883855 1.99211
990000 0.33739 0.789448 0.866744 1.99358
991000 0.335234 0.791685 0.844054 1.97097
992000 0.325758 0.804031 0.913662 2.04345
993000 0.33228 0.807931 0.862578 2.00279
994000 0.338518 0.802124 0.89655 2.03719
995000 0.364067 0.836398 0.885434 2.0859
996000 0.328715 0.803677 0.892242 2.02463
997000 0.33247 0.80474 0.925487 2.0627
998000 0.322454 0.805048 0.874971 2.00247
999000 0.329003 0.800796 0.89904 2.02884
1000000 0.326009 0.814468 0.89708 2.03756
1001000 0.321965 0.803947 0.864906 1.99082
1002000 0.32387 0.824111 0.932019 2.08
1003000 0.325973 0.819 0.869268 2.01424
1004000 0.325153 0.803173 0.904565 2.03289
1005000 0.320538 0.822319 0.917309 2.06017
1006000 0.330619 0.811036 0.874653 2.01631
1007000 0.328499 0.825015 0.925857 2.07937
1008000 0.306459 0.82853 0.903904 2.03889
1009000 0.321527 0.83722 0.89993 2.05868
1010000 0.32831 0.816883 0.922724 2.06792
1011000 0.320378 0.830728 0.883665 2.03477
1012000 0.340365 0.847504 0.936516 2.12439
1013000 0.329337 0.830241 0.903422 2.063
1014000 0.333212 0.842814 0.91384 2.08987
1015000 0.353909 0.833328 0.936212 2.12345
1016000 0.355554 0.8487 0.893657 2.09791
1017000 0.350321 0.865017 0.917157 2.1325
1018000 0.349159 0.831438 0.898302 2.0789
1019000 0.346722 0.867752 0.897845 2.11232
1020000 0.36741 0.821815 0.895581 2.08481
1021000 0.346757 0.859306 0.919151 2.12521
1022000 0.357 0.837177 0.930561 2.12474
1023000 0.366243 0.830414 0.936826 2.13348
1024000 0.363836 0.835511 0.947847 2.14719
1025000 0.35136 0.812156 0.931995 2.09551
1026000 0.356532 0.848258 0.936875 2.14167
1027000 0.35739 0.818517 0.954912 2.13082
1028000 0.356477 0.823525 0.932655 2.11266
1029000 0.341624 0.845818 0.961777 2.14922
1030000 0.349627 0.817611 0.935282 2.10252
