# Time-averaged data for fix 1
# TimeStep c_msd_all[1] c_msd_all[2] c_msd_all[3] c_msd_all[4]
31000 0.0631779 0.0626168 0.0604927 0.186287
32000 0.0681596 0.0553391 0.0610265 0.184525
33000 0.0652201 0.0605364 0.0640167 0.189773
34000 0.0615867 0.0671241 0.0685517 0.197262
35000 0.0679465 0.0738668 0.0723123 0.214126
36000 0.0701948 0.0681075 0.0686778 0.20698
37000 0.0608799 0.0700132 0.0702336 0.201127
38000 0.0698556 0.0720385 0.064812 0.206706
39000 0.073734 0.0736824 0.0616319 0.209048
40000 0.0727771 0.0780025 0.0646917 0.215471
41000 0.0681642 0.0683787 0.062655 0.199198
42000 0.0680489 0.067823 0.0641094 0.199981
43000 0.0610148 0.0673328 0.0656937 0.194041
44000 0.0655772 0.0733536 0.0646779 0.203609
45000 0.0721472 0.0725406 0.0642463 0.208934
46000 0.0678322 0.0642996 0.0633574 0.195489
47000 0.0739993 0.0800187 0.0672063 0.221224
48000 0.0628028 0.0727907 0.0661414 0.201735
49000 0.0734812 0.0869514 0.0658172 0.22625
50000 0.0726085 0.0729078 0.0732474 0.218764
51000 0.0706862 0.0735648 0.0690765 0.213328
52000 0.0826694 0.0795345 0.0679576 0.230162
53000 0.0729383 0.0802076 0.0760567 0.229203
54000 0.0745341 0.073199 0.0683286 0.216062
55000 0.0782731 0.0772297 0.0698296 0.225332
56000 0.0754191 0.0732042 0.0736772 0.2223
57000 0.075981 0.0846165 0.0690547 0.229652
58000 0.0858291 0.0828892 0.0751332 0.243852
59000 0.077683 0.0777902 0.0752408 0.230714
60000 0.0713123 0.0731359 0.0715106 0.215959
61000 0.079116 0.0832021 0.0701426 0.232461
62000 0.0800243 0.0786468 0.0692363 0.227907
63000 0.0963421 0.0842924 0.0702203 0.250855
64000 0.0903192 0.0869326 0.0752501 0.252502
65000 0.0725378 0.0772117 0.0642141 0.213964
66000 0.0750848 0.0771606 0.0687409 0.220986
67000 0.0793497 0.0803849 0.0669164 0.226651
68000 0.0777367 0.0901505 0.0664979 0.234385
69000 0.0866619 0.0850387 0.0687656 0.240466
70000 0.0878071 0.0804125 0.0660852 0.234305
71000 0.0791777 0.0758844 0.0742019 0.229264
72000 0.0874201 0.0793568 0.0797131 0.24649
73000 0.0728921 0.0749855 0.0735954 0.221473
74000 0.087127 0.0860057 0.0687063 0.241839
75000 0.0807372 0.0765846 0.0694362 0.226758
76000 0.078449 0.0823279 0.0674676 0.228245
77000 0.0843706 0.0789827 0.0746268 0.23798
78000 0.0815588 0.0777568 0.0714015 0.230717
79000 0.0859882 0.0828669 0.0709971 0.239852
80000 0.0873327 0.0900571 0.0742012 0.251591
81000 0.0847718 0.0827966 0.0821969 0.249765
82000 0.0831226 0.0890971 0.0777618 0.249982
83000 0.0891467 0.0884051 0.0792121 0.256764
84000 0.0959062 0.0864476 0.073617 0.255971
85000 0.0803509 0.0870079 0.0755917 0.242951
86000 0.0864011 0.084963 0.0791875 0.250552
87000 0.0862773 0.0898935 0.0770894 0.25326
88000 0.084404 0.0870669 0.0808895 0.25236
89000 0.08603 0.0934179 0.0776245 0.257072
90000 0.0731436 0.0787916 0.0834996 0.235435
91000 0.0822327 0.0805243 0.0796254 0.242382
92000 0.0828239 0.0800877 0.0791581 0.24207
93000 0.0770975 0.0891035 0.074832 0.241033
94000 0.0914257 0.0854287 0.0780773 0.254932
95000 0.0860447 0.0808748 0.0709257 0.237845
96000 0.0826779 0.0884264 0.0786863 0.249791
97000 0.0871909 0.0847687 0.0740676 0.246027
98000 0.0876409 0.0864685 0.0694194 0.243529
99000 0.0885057 0.0897911 0.0749628 0.25326
100000 0.0738934 0.0797879 0.076943 0.230624
101000 0.091186 0.085835 0.0758961 0.252917
102000 0.0822158 0.0894522 0.0756096 0.247278
103000 0.0800792 0.0782834 0.0857095 0.244072
104000 0.0829008 0.0805073 0.0809763 0.244384
105000 0.0773586 0.0781058 0.0781293 0.233594
106000 0.0911218 0.0938179 0.0804907 0.26543
107000 0.0809911 0.0801401 0.0764602 0.237591
108000 0.094532 0.0829155 0.0809337 0.258381
109000 0.0953085 0.0883454 0.0872006 0.270854
110000 0.0775824 0.0848108 0.0843831 0.246776
111000 0.0873529 0.0818403 0.0778366 0.24703
112000 0.0820751 0.0854337 0.0746358 0.242145
113000 0.080034 0.0779888 0.0812134 0.239236
114000 0.0884678 0.0895956 0.0794021 0.257466
115000 0.0813658 0.0934402 0.0876836 0.26249
116000 0.0798609 0.0891808 0.0816065 0.250648
117000 0.0905066 0.0892346 0.0826295 0.262371
118000 0.0899404 0.0843431 0.0806777 0.254961
119000 0.0913956 0.0899547 0.0742001 0.25555
120000 0.0921418 0.0994115 0.0789418 0.270495
121000 0.0870355 0.0953536 0.0864833 0.268872
122000 0.0856931 0.0827303 0.0864025 0.254826
123000 0.0880661 0.089584 0.0854855 0.263136
124000 0.089962 0.0899215 0.0850084 0.264892
125000 0.0812969 0.0866145 0.0850825 0.252994
126000 0.0864638 0.0936733 0.0906305 0.270768
127000 0.0994308 0.0923869 0.0876356 0.279453
128000 0.0846855 0.0875214 0.0895256 0.261732
129000 0.0817984 0.089086 0.0888093 0.259694
130000 0.0982195 0.0908536 0.0793599 0.268433
131000 0.0853789 0.0868107 0.08697 0.25916
132000 0.0850426 0.0958239 0.0864579 0.267324
133000 0.0812905 0.0863767 0.0790856 0.246753
134000 0.0829579 0.0891885 0.083531 0.255677
135000 0.089073 0.0911391 0.0797718 0.259984
136000 0.0974545 0.0996553 0.0887455 0.285855
137000 0.0779094 0.0906848 0.0895142 0.258108
138000 0.0919804 0.0887559 0.0859007 0.266637
139000 0.088986 0.0941069 0.0896794 0.272772
140000 0.0824572 0.090742 0.0838243 0.257024
141000 0.0942558 0.0890169 0.080175 0.263448
142000 0.0891906 0.0862878 0.0870544 0.262533
143000 0.085904 0.0884074 0.0865721 0.260884
144000 0.0963106 0.0864394 0.0856134 0.268363
145000 0.0891715 0.0933802 0.084131 0.266683
146000 0.0910916 0.0842801 0.0900495 0.265421
147000 0.0921443 0.0826985 0.0882065 0.263049
148000 0.0814208 0.0825735 0.0805626 0.244557
149000 0.0899205 0.0935172 0.0759985 0.259436
150000 0.0922026 0.0955136 0.0871379 0.274854
151000 0.0795336 0.0935 0.0894923 0.262526
152000 0.093123 0.0875561 0.080418 0.261097
153000 0.0896821 0.092766 0.086812 0.26926
154000 0.0914431 0.0903765 0.0824366 0.264256
155000 0.0893631 0.0946186 0.0959633 0.279945
156000 0.0905525 0.0886649 0.0861881 0.265406
157000 0.0895608 0.0898275 0.0882294 0.267618
158000 0.0952665 0.0907567 0.0930791 0.279102
159000 0.0887547 0.100236 0.0913627 0.280354
160000 0.0809782 0.0974184 0.0870161 0.265413
161000 0.101792 0.0895179 0.0921012 0.283411
162000 0.107283 0.0989706 0.0938505 0.300104
163000 0.0916299 0.0885336 0.0926868 0.27285
164000 0.0967692 0.0888284 0.0939493 0.279547
165000 0.106877 0.0980667 0.0878404 0.292784
166000 0.0956774 0.0846378 0.0906144 0.27093
167000 0.0928311 0.0873625 0.085794 0.265988
168000 0.107134 0.109455 0.0967209 0.31331
169000 0.094331 0.0851342 0.0944242 0.273889
170000 0.10133 0.0857724 0.0981578 0.28526
171000 0.0922355 0.0947644 0.0918034 0.278803
172000 0.100842 0.0931888 0.0887066 0.282737
173000 0.0945845 0.0807012 0.09064 0.265926
174000 0.0874792 0.0934136 0.0920009 0.272894
175000 0.0976414 0.0908024 0.0935152 0.281959
176000 0.0897167 0.0902483 0.0932998 0.273265
177000 0.105095 0.0951188 0.101493 0.301707
178000 0.0963056 0.108523 0.103555 0.308384
179000 0.10215 0.102896 0.104012 0.309058
180000 0.107321 0.0902159 0.0935403 0.291077
181000 0.105873 0.086738 0.0975778 0.290189
182000 0.106125 0.104816 0.0913551 0.302296
183000 0.0981993 0.0963431 0.0968332 0.291376
184000 0.0894399 0.095257 0.101573 0.28627
185000 0.102952 0.100036 0.0953664 0.298354
186000 0.110547 0.100221 0.0994658 0.310234
187000 0.107833 0.0988604 0.106719 0.313412
188000 0.0989854 0.102411 0.105561 0.306957
189000 0.114732 0.107061 0.109665 0.331458
190000 0.112554 0.102185 0.101882 0.31662
191000 0.106902 0.111638 0.105823 0.324362
192000 0.107191 0.0981437 0.0995506 0.304885
193000 0.0958016 0.100689 0.095009 0.2915
194000 0.109898 0.10985 0.0982193 0.317968
195000 0.105702 0.0980509 0.101527 0.30528
196000 0.107857 0.101098 0.0983829 0.307338
197000 0.0950409 0.0995 0.100634 0.295175
198000 0.10535 0.0956428 0.100662 0.301655
199000 0.112778 0.101087 0.103717 0.317583
200000 0.104475 0.106271 0.0978034 0.308549
201000 0.103722 0.0996967 0.102158 0.305576
202000 0.108973 0.105958 0.0974058 0.312336
203000 0.108116 0.106946 0.101195 0.316257
204000 0.101161 0.10156 0.105255 0.307976
205000 0.114246 0.116322 0.105635 0.336203
206000 0.108329 0.103637 0.109455 0.321421
207000 0.105246 0.101979 0.0999408 0.307165
208000 0.126214 0.114412 0.10377 0.344396
209000 0.115299 0.10382 0.105507 0.324626
210000 0.103731 0.107194 0.0986611 0.309586
211000 0.113613 0.104067 0.100994 0.318675
212000 0.106836 0.101357 0.106012 0.314205
213000 0.106192 0.102975 0.103049 0.312216
214000 0.102316 0.099818 0.108242 0.310375
215000 0.110895 0.103816 0.107481 0.322192
216000 0.104662 0.0983585 0.100409 0.30343
217000 0.115723 0.116687 0.110088 0.342498
218000 0.105 0.0970581 0.108743 0.310801
219000 0.10537 0.1026 0.101344 0.309314
220000 0.108891 0.103145 0.105402 0.317438
221000 0.10441 0.105009 0.116741 0.32616
222000 0.111192 0.105356 0.116656 0.333205
223000 0.107782 0.110224 0.114992 0.332997
224000 0.10255 0.111487 0.107504 0.321541
225000 0.102116 0.103596 0.116605 0.322317
226000 0.113532 0.0999792 0.112635 0.326146
227000 0.12128 0.104395 0.109746 0.335421
228000 0.111088 0.104111 0.108195 0.323395
229000 0.112171 0.100746 0.117944 0.330861
230000 0.112944 0.0994506 0.110371 0.322766
231000 0.110065 0.105262 0.110232 0.325559
232000 0.111778 0.103947 0.109352 0.325078
233000 0.11353 0.105604 0.118541 0.337676
234000 0.119804 0.11277 0.114737 0.347311
235000 0.112264 0.103422 0.108603 0.324289
236000 0.119588 0.114821 0.117149 0.351558
237000 0.115471 0.112866 0.113664 0.342002
238000 0.11853 0.104256 0.105167 0.327953
239000 0.117425 0.10708 0.106252 0.330757
240000 0.127435 0.11536 0.11345 0.356245
241000 0.110769 0.106965 0.115535 0.33327
242000 0.113292 0.10748 0.110316 0.331088
243000 0.114458 0.108111 0.113445 0.336013
244000 0.12211 0.112199 0.116681 0.35099
245000 0.113653 0.119415 0.105698 0.338766
246000 0.117579 0.108491 0.10947 0.33554
247000 0.11586 0.104071 0.122288 0.342219
248000 0.120392 0.107942 0.112914 0.341248
249000 0.125833 0.111131 0.108418 0.345382
250000 0.122216 0.116357 0.117453 0.356026
251000 0.112086 0.104166 0.111232 0.327484
252000 0.118591 0.110803 0.11532 0.344714
253000 0.114062 0.110194 0.118397 0.342653
254000 0.113884 0.112199 0.111638 0.337721
255000 0.111211 0.105928 0.112054 0.329193
256000 0.120307 0.107154 0.112314 0.339775
257000 0.124062 0.121246 0.114663 0.359971
258000 0.111633 0.110647 0.112114 0.334394
259000 0.10769 0.112773 0.109296 0.329759
260000 0.108799 0.112821 0.117661 0.339281
261000 0.110589 0.105872 0.111474 0.327935
262000 0.109861 0.109728 0.109312 0.328901
263000 0.125006 0.107406 0.108883 0.341295
264000 0.11808 0.10659 0.106466 0.331136
265000 0.111755 0.108804 0.120446 0.341006
266000 0.119484 0.107625 0.115165 0.342273
267000 0.129053 0.118196 0.11783 0.365079
268000 0.110575 0.107903 0.108422 0.3269
269000 0.109363 0.113589 0.115267 0.338219
270000 0.112762 0.108319 0.12056 0.34164
271000 0.109779 0.107764 0.122451 0.339994
272000 0.113987 0.113812 0.112444 0.340244
273000 0.112105 0.112609 0.113216 0.337929
274000 0.119469 0.122818 0.115823 0.35811
275000 0.121042 0.119186 0.119807 0.360034
276000 0.11954 0.11198 0.126336 0.357857
277000 0.12692 0.122212 0.12146 0.370592
278000 0.128385 0.117482 0.11681 0.362677
279000 0.118504 0.124229 0.122514 0.365246
280000 0.119679 0.111857 0.109605 0.341141
281000 0.124574 0.117643 0.121927 0.364143
282000 0.11984 0.119554 0.120473 0.359867
283000 0.127022 0.11645 0.109607 0.353078
284000 0.130576 0.124567 0.116067 0.371211
285000 0.11666 0.118702 0.116233 0.351595
286000 0.123526 0.119019 0.116737 0.359283
287000 0.123318 0.123592 0.119161 0.366072
288000 0.113341 0.1104 0.112135 0.335876
289000 0.122829 0.115774 0.108383 0.346987
290000 0.11808 0.118246 0.12029 0.356616
291000 0.114253 0.115634 0.112773 0.342661
292000 0.129039 0.123983 0.118938 0.37196
293000 0.128805 0.117594 0.114165 0.360564
294000 0.115073 0.118605 0.117519 0.351198
295000 0.120678 0.123064 0.117157 0.360899
296000 0.117269 0.130288 0.109744 0.357301
297000 0.125041 0.122483 0.111661 0.359186
298000 0.112992 0.11643 0.113413 0.342836
299000 0.117676 0.119362 0.115265 0.352303
300000 0.121629 0.120637 0.116654 0.35892
301000 0.129318 0.120798 0.11855 0.368666
302000 0.124338 0.121011 0.105089 0.350438
303000 0.123236 0.129475 0.11645 0.369161
304000 0.120465 0.122665 0.115958 0.359088
305000 0.11684 0.118277 0.121705 0.356822
306000 0.122513 0.129268 0.115388 0.367169
307000 0.118878 0.125241 0.112356 0.356475
308000 0.110581 0.126569 0.119847 0.356997
309000 0.118816 0.123015 0.121889 0.36372
310000 0.117974 0.120778 0.117556 0.356308
311000 0.113576 0.139033 0.118908 0.371517
312000 0.120799 0.125646 0.116407 0.362852
313000 0.112345 0.125409 0.112705 0.350459
314000 0.10944 0.121703 0.110163 0.341306
315000 0.109442 0.121361 0.114065 0.344868
316000 0.120552 0.127117 0.114811 0.36248
317000 0.121318 0.132423 0.12527 0.379011
318000 0.107416 0.11447 0.121276 0.343162
319000 0.118462 0.128202 0.118898 0.365561
320000 0.124638 0.128764 0.112944 0.366345
321000 0.120198 0.125531 0.112663 0.358392
322000 0.122557 0.130276 0.116318 0.369151
323000 0.123397 0.139427 0.125596 0.38842
324000 0.124903 0.127825 0.111359 0.364087
325000 0.12334 0.12919 0.118487 0.371018
326000 0.121935 0.134266 0.121857 0.378058
327000 0.125281 0.13328 0.116741 0.375302
328000 0.130178 0.124767 0.116547 0.371492
329000 0.12579 0.131528 0.117858 0.375175
330000 0.119996 0.129949 0.123494 0.37344
331000 0.116717 0.132039 0.114297 0.363052
332000 0.118883 0.135094 0.117783 0.371759
333000 0.119202 0.129571 0.123785 0.372557
334000 0.12663 0.12852 0.119999 0.375149
335000 0.117377 0.129835 0.117287 0.364499
336000 0.130022 0.131018 0.122776 0.383816
337000 0.12552 0.130966 0.128462 0.384948
338000 0.120616 0.143023 0.1276 0.391239
339000 0.122069 0.127298 0.117403 0.366769
340000 0.117081 0.126042 0.122445 0.365569
341000 0.133498 0.130718 0.12469 0.388906
342000 0.118506 0.125307 0.126633 0.370445
343000 0.116338 0.131714 0.123953 0.372005
344000 0.125521 0.119405 0.121106 0.366031
345000 0.119563 0.120169 0.130236 0.369968
346000 0.119428 0.130834 0.13228 0.382542
347000 0.12105 0.128705 0.12963 0.379384
348000 0.124667 0.13495 0.123134 0.38275
349000 0.117448 0.12521 0.126055 0.368713
350000 0.124004 0.128218 0.123716 0.375937
351000 0.132609 0.135077 0.118597 0.386284
352000 0.118015 0.126357 0.132692 0.377064
353000 0.117083 0.122955 0.12519 0.365228
354000 0.13144 0.123963 0.117689 0.373092
355000 0.121598 0.120701 0.126334 0.368633
356000 0.131521 0.137345 0.132839 0.401704
357000 0.126191 0.132238 0.128009 0.386437
358000 0.129399 0.127429 0.130431 0.387259
359000 0.127053 0.126448 0.13626 0.389761
360000 0.117436 0.129097 0.127287 0.37382
361000 0.128999 0.124705 0.131916 0.38562
362000 0.123675 0.130957 0.12561 0.380243
363000 0.135513 0.12361 0.125648 0.384771
364000 0.132929 0.133116 0.117615 0.38366
365000 0.119516 0.134752 0.120084 0.374351
366000 0.128645 0.124282 0.12578 0.378706
367000 0.129998 0.127122 0.126806 0.383925
368000 0.126322 0.134959 0.13511 0.396391
369000 0.120168 0.133968 0.131708 0.385844
370000 0.122085 0.124804 0.130778 0.377667
371000 0.121752 0.141957 0.120905 0.384613
372000 0.141496 0.140275 0.124818 0.40659
373000 0.130496 0.140666 0.125162 0.396323
374000 0.121127 0.130123 0.130151 0.381401
375000 0.130505 0.146218 0.128675 0.405399
376000 0.128458 0.134229 0.13482 0.397507
377000 0.124856 0.146235 0.133137 0.404228
378000 0.129506 0.139902 0.135493 0.404902
379000 0.133618 0.143095 0.140303 0.417016
380000 0.123332 0.144626 0.133653 0.401611
381000 0.130323 0.145847 0.127183 0.403353
382000 0.133435 0.139146 0.142875 0.415456
383000 0.134538 0.14579 0.134804 0.415133
384000 0.129885 0.144109 0.135817 0.409811
385000 0.140692 0.144718 0.135016 0.420426
386000 0.139988 0.144819 0.13006 0.414868
387000 0.133928 0.14269 0.133362 0.40998
388000 0.126641 0.142523 0.124603 0.393767
389000 0.13006 0.137087 0.137889 0.405036
390000 0.139567 0.142188 0.137028 0.418783
391000 0.13858 0.147161 0.134487 0.420228
392000 0.123903 0.145895 0.139602 0.409401
393000 0.143324 0.153642 0.136768 0.433735
394000 0.131132 0.143918 0.133616 0.408665
395000 0.125599 0.152089 0.132775 0.410463
396000 0.125652 0.139313 0.137223 0.402188
397000 0.131136 0.147838 0.134193 0.413168
398000 0.128972 0.145949 0.139656 0.414577
399000 0.126002 0.138818 0.142301 0.407121
400000 0.135291 0.144543 0.137931 0.417765
401000 0.124442 0.143898 0.130433 0.398772
402000 0.133129 0.151938 0.140266 0.425333
403000 0.13145 0.147867 0.136047 0.415364
404000 0.128699 0.162114 0.139462 0.430275
405000 0.133482 0.155826 0.14551 0.434817
406000 0.132483 0.147727 0.142892 0.423101
407000 0.141355 0.145922 0.156125 0.443402
408000 0.126957 0.148107 0.137979 0.413043
409000 0.135533 0.147695 0.147717 0.430945
410000 0.134886 0.15046 0.146132 0.431478
411000 0.146517 0.153678 0.156606 0.4568
412000 0.134357 0.152693 0.149138 0.436188
413000 0.147165 0.157895 0.147919 0.452979
414000 0.130603 0.155603 0.145049 0.431255
415000 0.132395 0.162648 0.139283 0.434325
416000 0.148502 0.160308 0.137479 0.446289
417000 0.140895 0.158344 0.140405 0.439644
418000 0.136057 0.162429 0.143199 0.441685
419000 0.141764 0.155101 0.150635 0.4475
420000 0.123453 0.150704 0.145378 0.419535
421000 0.1397 0.158538 0.143559 0.441797
422000 0.136522 0.152194 0.145684 0.4344
423000 0.140126 0.146214 0.149335 0.435675
424000 0.149479 0.154424 0.142758 0.446661
425000 0.137643 0.154465 0.146872 0.43898
426000 0.132131 0.151925 0.140638 0.424693
427000 0.136462 0.157153 0.14802 0.441635
428000 0.13236 0.152141 0.146921 0.431423
429000 0.148252 0.156174 0.153441 0.457868
430000 0.140893 0.157152 0.148205 0.446249
431000 0.143667 0.152387 0.152353 0.448408
432000 0.152227 0.164344 0.141196 0.457767
433000 0.129864 0.151047 0.15198 0.432891
434000 0.139068 0.146444 0.147594 0.433106
435000 0.139339 0.158934 0.152651 0.450924
436000 0.139164 0.157513 0.143297 0.439974
437000 0.143749 0.156487 0.145033 0.445269
438000 0.149846 0.148228 0.142966 0.44104
439000 0.130253 0.158786 0.147623 0.436662
440000 0.153933 0.155071 0.144351 0.453355
441000 0.14903 0.147988 0.14686 0.443877
442000 0.141111 0.151905 0.147301 0.440317
443000 0.140905 0.142952 0.142946 0.426803
444000 0.142189 0.151295 0.148081 0.441565
445000 0.154831 0.155664 0.150906 0.461401
446000 0.142248 0.148179 0.147821 0.438247
447000 0.150733 0.153137 0.149788 0.453658
448000 0.155091 0.169302 0.144556 0.468949
449000 0.148726 0.150469 0.154254 0.453449
450000 0.147054 0.158698 0.147092 0.452843
451000 0.140307 0.157382 0.145114 0.442803
452000 0.159613 0.151934 0.155519 0.467065
453000 0.161102 0.159001 0.141006 0.461108
454000 0.145104 0.159182 0.151974 0.45626
455000 0.154109 0.153982 0.146946 0.455037
456000 0.149559 0.161924 0.152251 0.463734
457000 0.143717 0.154996 0.148286 0.446999
458000 0.155363 0.166564 0.147777 0.469704
459000 0.147343 0.164554 0.152893 0.46479
460000 0.154581 0.15934 0.148701 0.462622
461000 0.15812 0.163073 0.152724 0.473918
462000 0.144393 0.154394 0.149903 0.44869
463000 0.153744 0.149878 0.154139 0.457761
464000 0.151097 0.161205 0.161671 0.473973
465000 0.152295 0.162817 0.155833 0.470945
466000 0.148855 0.158602 0.143345 0.450802
467000 0.154472 0.156773 0.146742 0.457987
468000 0.170352 0.161329 0.154741 0.486423
469000 0.153118 0.170123 0.150933 0.474174
470000 0.164038 0.163808 0.156519 0.484366
471000 0.140512 0.165082 0.163527 0.469121
472000 0.146387 0.156513 0.142596 0.445496
473000 0.151081 0.162733 0.160681 0.474495
474000 0.150991 0.159103 0.158425 0.468518
475000 0.157832 0.165911 0.152578 0.47632
476000 0.155286 0.173174 0.147602 0.476063
477000 0.151664 0.16577 0.154352 0.471786
478000 0.154602 0.159922 0.156071 0.470595
479000 0.149172 0.151497 0.151335 0.452004
480000 0.146779 0.165951 0.150526 0.463255
481000 0.141993 0.157585 0.154547 0.454125
482000 0.152026 0.160934 0.154146 0.467106
483000 0.153211 0.172411 0.149466 0.475087
484000 0.148374 0.15728 0.149687 0.455341
485000 0.155971 0.168173 0.152537 0.47668
486000 0.157075 0.158236 0.162969 0.47828
487000 0.155251 0.160547 0.160161 0.475959
488000 0.157606 0.167921 0.150719 0.476246
489000 0.157805 0.162231 0.165374 0.485409
490000 0.156283 0.159016 0.1657 0.480999
491000 0.163735 0.165144 0.153264 0.482143
492000 0.154908 0.157361 0.15562 0.467889
493000 0.1522 0.156418 0.163188 0.471805
494000 0.16563 0.169413 0.158321 0.493364
495000 0.156904 0.160908 0.156787 0.4746
496000 0.161004 0.160232 0.156873 0.478108
497000 0.1571 0.16369 0.158018 0.478807
498000 0.163715 0.167696 0.15449 0.485901
499000 0.168089 0.164675 0.15565 0.488414
500000 0.151759 0.164657 0.161 0.477416
501000 0.160767 0.166166 0.159775 0.486709
502000 0.16365 0.163672 0.158964 0.486285
503000 0.175676 0.176095 0.155779 0.50755
504000 0.177677 0.168248 0.158726 0.504651
505000 0.161396 0.173376 0.157292 0.492063
506000 0.156408 0.168663 0.155218 0.480289
507000 0.17597 0.163049 0.160832 0.499852
508000 0.169356 0.175051 0.162153 0.506559
509000 0.17261 0.17292 0.164415 0.509945
510000 0.169416 0.167027 0.159111 0.495554
511000 0.159337 0.158474 0.160358 0.47817
512000 0.170401 0.180145 0.161787 0.512334
513000 0.163792 0.16843 0.164516 0.496739
514000 0.163927 0.164069 0.160019 0.488015
515000 0.166881 0.167079 0.151348 0.485309
516000 0.174338 0.162651 0.160665 0.497654
517000 0.160184 0.156896 0.165124 0.482204
518000 0.164707 0.165815 0.157009 0.487531
519000 0.155931 0.17446 0.15259 0.482981
520000 0.174536 0.174286 0.156966 0.505788
521000 0.15915 0.162579 0.159755 0.481484
522000 0.171604 0.175261 0.163394 0.510259
523000 0.16858 0.163574 0.158249 0.490403
524000 0.165145 0.17431 0.153938 0.493393
525000 0.16983 0.170608 0.159855 0.500293
526000 0.169075 0.165829 0.155823 0.490727
527000 0.163879 0.161424 0.168437 0.493739
528000 0.158965 0.171269 0.161784 0.492019
529000 0.176663 0.171222 0.155514 0.503399
530000 0.173163 0.168201 0.164775 0.506139
531000 0.161408 0.169011 0.164627 0.495046
532000 0.163447 0.169994 0.157896 0.491337
533000 0.16509 0.170639 0.169372 0.505101
534000 0.162723 0.160726 0.167067 0.490517
535000 0.168415 0.154497 0.155668 0.47858
536000 0.170877 0.163308 0.170535 0.50472
537000 0.177382 0.16882 0.160865 0.507067
538000 0.170184 0.162875 0.15744 0.490499
539000 0.170397 0.169844 0.164433 0.504673
540000 0.180462 0.178392 0.171072 0.529926
541000 0.17205 0.165806 0.168943 0.506799
542000 0.176367 0.172736 0.161766 0.510869
543000 0.172431 0.167546 0.161872 0.501848
544000 0.174268 0.168119 0.171211 0.513598
545000 0.176491 0.17356 0.166303 0.516354
546000 0.167699 0.164752 0.160107 0.492559
547000 0.179277 0.167576 0.167319 0.514172
548000 0.181427 0.171399 0.163821 0.516647
549000 0.191176 0.168135 0.166571 0.525882
550000 0.188696 0.170398 0.170039 0.529133
551000 0.180295 0.166645 0.170137 0.517076
552000 0.191002 0.167667 0.160908 0.519576
553000 0.176865 0.173338 0.156911 0.507113
554000 0.175649 0.162292 0.1564 0.494341
555000 0.173074 0.174169 0.163106 0.51035
556000 0.182303 0.173717 0.160285 0.516305
557000 0.182069 0.168893 0.162364 0.513325
558000 0.179997 0.162654 0.15807 0.500721
559000 0.190984 0.175363 0.161884 0.528232
560000 0.181073 0.167077 0.16211 0.51026
561000 0.177283 0.166957 0.167628 0.511868
562000 0.177848 0.170668 0.16406 0.512576
563000 0.177631 0.160024 0.166248 0.503902
564000 0.180584 0.162103 0.165273 0.50796
565000 0.179635 0.167167 0.164252 0.511054
566000 0.173088 0.174474 0.157271 0.504834
567000 0.182441 0.165929 0.168889 0.517259
568000 0.18408 0.17445 0.1588 0.517331
569000 0.178697 0.168462 0.164557 0.511715
570000 0.185717 0.175406 0.164658 0.525781
571000 0.185738 0.17526 0.157117 0.518114
572000 0.181655 0.175686 0.171132 0.528472
573000 0.188861 0.173252 0.165538 0.527651
574000 0.185736 0.17072 0.168544 0.524999
575000 0.182275 0.169589 0.171111 0.522975
576000 0.193936 0.176867 0.16728 0.538083
577000 0.189893 0.172986 0.159965 0.522843
578000 0.180892 0.163915 0.170486 0.515294
579000 0.19058 0.176713 0.161603 0.528896
580000 0.172871 0.185447 0.163687 0.522004
581000 0.189598 0.177802 0.162277 0.529677
582000 0.181021 0.16942 0.160689 0.511129
583000 0.188289 0.17517 0.164436 0.527895
584000 0.188216 0.177037 0.164199 0.529452
585000 0.199563 0.175327 0.172637 0.547528
586000 0.192294 0.166127 0.167589 0.52601
587000 0.177518 0.17379 0.161319 0.512627
588000 0.186926 0.17304 0.164907 0.524873
589000 0.18634 0.169547 0.164467 0.520353
590000 0.173909 0.173065 0.166826 0.5138
591000 0.172588 0.169641 0.167439 0.509667
592000 0.192555 0.178535 0.168957 0.540048
593000 0.183729 0.174016 0.166175 0.523919
594000 0.201381 0.177807 0.162517 0.541705
595000 0.202798 0.184254 0.161814 0.548866
596000 0.186648 0.176749 0.173302 0.536699
597000 0.197005 0.183437 0.172679 0.55312
598000 0.188238 0.175344 0.176309 0.539892
599000 0.19644 0.178848 0.161127 0.536416
600000 0.190996 0.181838 0.167075 0.539908
601000 0.194338 0.18122 0.163886 0.539443
602000 0.201825 0.181035 0.168214 0.551074
603000 0.203197 0.174012 0.165686 0.542895
604000 0.213752 0.175299 0.171238 0.56029
605000 0.197243 0.179511 0.170166 0.54692
606000 0.203481 0.179391 0.166808 0.54968
607000 0.192953 0.175038 0.159539 0.527531
608000 0.194736 0.175532 0.166729 0.536996
609000 0.201187 0.175992 0.167857 0.545036
610000 0.192668 0.171557 0.167967 0.532193
611000 0.187057 0.179161 0.167404 0.533622
612000 0.192965 0.169732 0.166899 0.529596
613000 0.190659 0.177665 0.171483 0.539808
614000 0.198345 0.182565 0.165266 0.546175
615000 0.201752 0.18423 0.178329 0.564311
616000 0.204299 0.171626 0.173506 0.549432
617000 0.196746 0.178359 0.170722 0.545827
618000 0.201001 0.169004 0.159412 0.529416
619000 0.190687 0.171088 0.161046 0.522821
620000 0.199726 0.176309 0.164029 0.540064
621000 0.200113 0.171099 0.173944 0.545155
622000 0.197382 0.200414 0.171175 0.568971
623000 0.19093 0.172958 0.163902 0.52779
624000 0.192975 0.179836 0.161004 0.533814
625000 0.206676 0.18692 0.16893 0.562526
626000 0.209486 0.176379 0.171217 0.557082
627000 0.193041 0.180671 0.177325 0.551037
628000 0.199431 0.168952 0.161628 0.530011
629000 0.192128 0.171613 0.159009 0.522751
630000 0.198151 0.179696 0.168194 0.546041
631000 0.192449 0.174154 0.175433 0.542037
632000 0.189304 0.183578 0.174907 0.547789
633000 0.188147 0.175588 0.164331 0.528066
634000 0.203387 0.18454 0.171748 0.559676
635000 0.199403 0.176389 0.180669 0.556462
636000 0.185925 0.172227 0.180917 0.539069
637000 0.199285 0.182652 0.172396 0.554334
638000 0.199006 0.182107 0.183119 0.564232
639000 0.206808 0.186927 0.167976 0.561712
640000 0.191803 0.178403 0.164456 0.534662
641000 0.198641 0.173012 0.164399 0.536052
642000 0.190713 0.176796 0.17239 0.539898
643000 0.189274 0.183164 0.167627 0.540065
644000 0.211511 0.179906 0.174255 0.565672
645000 0.221532 0.188562 0.177791 0.587885
646000 0.200173 0.174529 0.181259 0.555962
647000 0.20193 0.188597 0.176299 0.566826
648000 0.201969 0.186395 0.181065 0.569429
649000 0.201754 0.181419 0.182143 0.565316
650000 0.205301 0.183473 0.187884 0.576657
651000 0.208279 0.179542 0.179308 0.567129
652000 0.208295 0.171977 0.175355 0.555627
653000 0.221364 0.195162 0.178243 0.59477
654000 0.206031 0.182245 0.175384 0.56366
655000 0.196713 0.172944 0.175442 0.5451
656000 0.209979 0.196469 0.17425 0.580698
657000 0.200794 0.178389 0.17319 0.552374
658000 0.208763 0.173924 0.178762 0.561448
659000 0.19629 0.184962 0.172485 0.553737
660000 0.207525 0.18073 0.180084 0.568339
661000 0.209464 0.17891 0.177854 0.566228
662000 0.213065 0.181755 0.175329 0.57015
663000 0.20431 0.182293 0.189684 0.576287
664000 0.205512 0.191841 0.172513 0.569866
665000 0.216119 0.191809 0.17807 0.585999
666000 0.215537 0.189979 0.18653 0.592046
667000 0.219864 0.186001 0.191063 0.596928
668000 0.212731 0.187539 0.178375 0.578645
669000 0.211425 0.188353 0.184328 0.584105
670000 0.215869 0.181609 0.190203 0.587681
671000 0.198093 0.184102 0.183011 0.565206
672000 0.209569 0.187084 0.182725 0.579378
673000 0.204775 0.186837 0.184349 0.575961
674000 0.205153 0.188261 0.187709 0.581123
675000 0.215184 0.185759 0.185546 0.586489
676000 0.204812 0.193964 0.182144 0.58092
677000 0.226431 0.193774 0.1836 0.603804
678000 0.211575 0.193631 0.178507 0.583713
679000 0.21137 0.188286 0.190095 0.589751
680000 0.207879 0.185457 0.177217 0.570553
681000 0.212298 0.19682 0.186893 0.59601
682000 0.20476 0.193081 0.19002 0.587862
683000 0.20594 0.186616 0.195444 0.588
684000 0.215107 0.192625 0.197007 0.604739
685000 0.208817 0.195622 0.186406 0.590845
686000 0.198833 0.190448 0.189559 0.578841
687000 0.19973 0.198214 0.190539 0.588484
688000 0.216701 0.19604 0.191603 0.604343
689000 0.212374 0.197627 0.192332 0.602334
690000 0.207574 0.194639 0.199178 0.601391
691000 0.219112 0.193047 0.194885 0.607044
692000 0.210859 0.193648 0.195186 0.599693
693000 0.211422 0.198364 0.192484 0.60227
694000 0.205838 0.187851 0.189933 0.583621
695000 0.220669 0.199222 0.192268 0.612159
696000 0.21338 0.193978 0.186438 0.593796
697000 0.216902 0.196814 0.18595 0.599667
698000 0.203114 0.188735 0.185884 0.577732
699000 0.204526 0.189798 0.195688 0.590012
700000 0.206932 0.189054 0.183395 0.579381
701000 0.21368 0.195752 0.185605 0.595037
702000 0.206352 0.190339 0.19636 0.593051
703000 0.204166 0.198203 0.182917 0.585286
704000 0.214735 0.199815 0.195008 0.609558
705000 0.202921 0.188731 0.190572 0.582224
706000 0.210411 0.205607 0.190736 0.606755
707000 0.200875 0.194056 0.192722 0.587653
708000 0.210144 0.192728 0.19271 0.595582
709000 0.209454 0.191135 0.194406 0.594995
710000 0.206903 0.203299 0.203032 0.613234
711000 0.211965 0.196036 0.187199 0.5952
712000 0.222767 0.202604 0.198199 0.62357
713000 0.204347 0.189137 0.193141 0.586626
714000 0.204571 0.199342 0.203162 0.607075
715000 0.214241 0.19777 0.204594 0.616605
716000 0.215914 0.204146 0.204876 0.624936
717000 0.215398 0.195333 0.202842 0.613574
718000 0.221158 0.199875 0.19851 0.619542
719000 0.221383 0.199827 0.199193 0.620403
720000 0.206372 0.196155 0.197949 0.600476
721000 0.207335 0.190056 0.20617 0.60356
722000 0.223408 0.206132 0.194614 0.624154
723000 0.215133 0.210166 0.208737 0.634036
724000 0.22051 0.207747 0.219962 0.648219
725000 0.2193 0.197102 0.204685 0.621087
726000 0.21299 0.196528 0.199632 0.60915
727000 0.218192 0.205835 0.201959 0.625986
728000 0.212964 0.206662 0.21445 0.634076
729000 0.21724 0.209445 0.212432 0.639117
730000 0.213722 0.208124 0.212159 0.634005
731000 0.202668 0.211412 0.203035 0.617116
732000 0.214119 0.212869 0.206017 0.633005
733000 0.210221 0.201323 0.211102 0.622646
734000 0.220308 0.212169 0.209634 0.642112
735000 0.21365 0.208068 0.203876 0.625594
736000 0.209312 0.201656 0.202252 0.61322
737000 0.213444 0.203505 0.199303 0.616253
738000 0.211198 0.205111 0.208044 0.624354
739000 0.215992 0.2109 0.209508 0.636399
740000 0.215326 0.20905 0.212939 0.637316
741000 0.211813 0.209246 0.212491 0.63355
742000 0.209943 0.205267 0.20953 0.624741
743000 0.219663 0.196427 0.213438 0.629528
744000 0.21616 0.201623 0.208527 0.62631
745000 0.219278 0.206631 0.219406 0.645315
746000 0.23077 0.21838 0.213953 0.663103
747000 0.220703 0.209846 0.220458 0.651008
748000 0.214768 0.209173 0.212207 0.636148
749000 0.219563 0.216805 0.225638 0.662006
750000 0.22024 0.225819 0.210965 0.657023
751000 0.208574 0.212167 0.213136 0.633877
752000 0.221504 0.201643 0.217601 0.640748
753000 0.216011 0.212649 0.220043 0.648703
754000 0.216654 0.202517 0.213627 0.632798
755000 0.217529 0.205234 0.225722 0.648485
756000 0.223868 0.215563 0.216653 0.656084
757000 0.213535 0.212806 0.218137 0.644478
758000 0.216953 0.213579 0.217621 0.648152
759000 0.214567 0.218886 0.220911 0.654364
760000 0.223262 0.203693 0.210636 0.637592
761000 0.233582 0.212769 0.215876 0.662227
762000 0.215017 0.207095 0.214691 0.636803
763000 0.219338 0.203335 0.217721 0.640395
764000 0.213223 0.21673 0.222944 0.652897
765000 0.222887 0.208057 0.21162 0.642563
766000 0.222647 0.207253 0.213323 0.643222
767000 0.221449 0.212612 0.209357 0.643418
768000 0.217088 0.213327 0.205081 0.635496
769000 0.23222 0.210035 0.22434 0.666595
770000 0.218083 0.219119 0.218699 0.655901
771000 0.213496 0.209005 0.215327 0.637829
772000 0.228823 0.221639 0.221615 0.672077
773000 0.21121 0.219928 0.210991 0.642128
774000 0.213292 0.20568 0.205443 0.624415
775000 0.230315 0.214536 0.219903 0.664754
776000 0.211861 0.205505 0.214537 0.631904
777000 0.219992 0.206278 0.212853 0.639123
778000 0.213067 0.211255 0.217794 0.642117
779000 0.211322 0.206929 0.209178 0.627429
780000 0.224729 0.2204 0.218818 0.663948
781000 0.217169 0.210077 0.207852 0.635098
782000 0.21762 0.206658 0.219492 0.643771
783000 0.22827 0.221714 0.215367 0.665352
784000 0.217978 0.217835 0.221451 0.657264
785000 0.221045 0.210876 0.227967 0.659887
786000 0.225021 0.211072 0.204695 0.640788
787000 0.214108 0.209008 0.215754 0.63887
788000 0.209963 0.214771 0.207601 0.632335
789000 0.217324 0.213857 0.217346 0.648527
790000 0.217863 0.202912 0.21116 0.631935
791000 0.214886 0.202899 0.209574 0.627358
792000 0.218633 0.212806 0.214426 0.645866
793000 0.21607 0.206901 0.212294 0.635264
794000 0.21863 0.207447 0.21663 0.642707
795000 0.217078 0.207833 0.219001 0.643911
796000 0.212721 0.198922 0.214439 0.626082
797000 0.214379 0.206705 0.212867 0.633951
798000 0.210357 0.203258 0.215538 0.629153
799000 0.237445 0.217017 0.210041 0.664503
800000 0.216986 0.217921 0.21597 0.650878
801000 0.21856 0.216446 0.222252 0.657258
802000 0.234253 0.209446 0.213626 0.657325
803000 0.220126 0.219961 0.217537 0.657625
804000 0.211104 0.215944 0.223999 0.651047
805000 0.227561 0.205203 0.216556 0.649321
806000 0.218266 0.212168 0.214425 0.644859
807000 0.222256 0.218758 0.226973 0.667987
808000 0.220721 0.218554 0.216394 0.655669
809000 0.22239 0.21045 0.21753 0.65037
810000 0.216197 0.210377 0.213584 0.640157
811000 0.219502 0.214401 0.22087 0.654773
812000 0.223974 0.216488 0.223991 0.664453
813000 0.226659 0.21344 0.218772 0.658872
814000 0.224128 0.227448 0.213482 0.665058
815000 0.216378 0.216408 0.223698 0.656484
816000 0.231426 0.221656 0.214605 0.667687
817000 0.225642 0.220491 0.22609 0.672223
818000 0.22921 0.224197 0.230515 0.683922
819000 0.230442 0.225119 0.221212 0.676773
820000 0.229207 0.219117 0.213063 0.661388
821000 0.224032 0.217699 0.224155 0.665885
822000 0.222054 0.211094 0.216298 0.649447
823000 0.211713 0.211812 0.217642 0.641166
824000 0.226234 0.223989 0.221864 0.672087
825000 0.230815 0.215116 0.227492 0.673422
826000 0.233073 0.220685 0.216184 0.669942
827000 0.222636 0.218556 0.227195 0.668387
828000 0.22903 0.215946 0.224055 0.669031
829000 0.242325 0.223571 0.21438 0.680276
830000 0.220076 0.229423 0.222543 0.672042
831000 0.228614 0.223062 0.222504 0.674181
832000 0.21853 0.223849 0.222066 0.664445
833000 0.229128 0.221985 0.218515 0.669627
834000 0.223778 0.226787 0.219804 0.670369
835000 0.229518 0.220419 0.219373 0.669309
836000 0.233363 0.215178 0.227554 0.676095
837000 0.238661 0.228688 0.225117 0.692466
838000 0.22626 0.213541 0.226419 0.66622
839000 0.219279 0.219727 0.218128 0.657134
840000 0.228318 0.235117 0.217344 0.680778
841000 0.224149 0.222294 0.230602 0.677045
842000 0.236553 0.239438 0.212502 0.688492
843000 0.230987 0.220868 0.224833 0.676688
844000 0.231736 0.225749 0.228498 0.685983
845000 0.23544 0.225076 0.216861 0.677377
846000 0.234856 0.22457 0.209717 0.669143
847000 0.233999 0.228564 0.219695 0.682258
848000 0.234573 0.226591 0.226036 0.6872
849000 0.228836 0.223259 0.214403 0.666499
850000 0.236478 0.220189 0.228187 0.684854
851000 0.234037 0.2297 0.222695 0.686432
852000 0.236486 0.222384 0.221022 0.679892
853000 0.238893 0.234992 0.22931 0.703196
854000 0.240931 0.221609 0.224413 0.686953
855000 0.2362 0.227688 0.230957 0.694844
856000 0.237691 0.235787 0.226497 0.699975
857000 0.229806 0.234705 0.236058 0.700569
858000 0.237211 0.227551 0.223736 0.688498
859000 0.236723 0.24225 0.229699 0.708672
860000 0.236254 0.228725 0.22801 0.692989
861000 0.233385 0.228294 0.231094 0.692773
862000 0.227832 0.237103 0.232071 0.697007
863000 0.240251 0.229856 0.226455 0.696562
864000 0.253054 0.229974 0.22898 0.712008
865000 0.23147 0.240485 0.225759 0.697715
866000 0.241134 0.23872 0.230466 0.71032
867000 0.236678 0.227799 0.229815 0.694291
868000 0.246816 0.24545 0.22611 0.718377
869000 0.22963 0.231206 0.224273 0.685109
870000 0.241035 0.23049 0.232643 0.704169
871000 0.248876 0.230351 0.225415 0.704642
872000 0.246836 0.226353 0.230029 0.703218
873000 0.247162 0.243306 0.217918 0.708386
874000 0.231683 0.224318 0.223172 0.679173
875000 0.231728 0.229426 0.229388 0.690543
876000 0.240015 0.225746 0.229583 0.695343
877000 0.238133 0.241608 0.22372 0.703461
878000 0.245413 0.227576 0.234519 0.707508
879000 0.226259 0.233291 0.223672 0.683222
880000 0.23983 0.225913 0.229563 0.695306
881000 0.255738 0.228658 0.233672 0.718067
882000 0.236353 0.231907 0.222706 0.690967
883000 0.236893 0.229658 0.229908 0.696459
884000 0.242005 0.235019 0.237561 0.714584
885000 0.227102 0.229025 0.226973 0.683101
886000 0.238426 0.228212 0.224988 0.691626
887000 0.236103 0.231233 0.221114 0.68845
888000 0.236368 0.229095 0.239394 0.704857
889000 0.231095 0.230738 0.245271 0.707104
890000 0.233625 0.231834 0.226769 0.692228
891000 0.24331 0.249596 0.23741 0.730316
892000 0.239868 0.23994 0.235732 0.71554
893000 0.244142 0.232246 0.231162 0.70755
894000 0.249917 0.243481 0.226055 0.719453
895000 0.239551 0.238265 0.243465 0.721281
896000 0.243485 0.231777 0.234314 0.709575
897000 0.241177 0.2407 0.247062 0.728939
898000 0.244246 0.231777 0.247569 0.723592
899000 0.244412 0.243496 0.239493 0.727401
900000 0.24569 0.243725 0.231525 0.720939
901000 0.252926 0.23881 0.233819 0.725555
902000 0.250153 0.245686 0.242856 0.738695
903000 0.243533 0.23943 0.238186 0.721149
904000 0.246299 0.245202 0.244031 0.735532
905000 0.243903 0.245144 0.246091 0.735137
906000 0.239696 0.236209 0.240766 0.716672
907000 0.246935 0.235953 0.250287 0.733175
908000 0.241489 0.243623 0.232762 0.717874
909000 0.250365 0.250446 0.239109 0.73992
910000 0.243732 0.239414 0.243898 0.727044
911000 0.240652 0.242481 0.236894 0.720027
912000 0.243813 0.244119 0.23731 0.725242
913000 0.24425 0.239577 0.23252 0.716347
914000 0.251266 0.250799 0.240712 0.742777
915000 0.253216 0.23897 0.24297 0.735156
916000 0.244802 0.238457 0.25424 0.737499
917000 0.250092 0.238736 0.252544 0.741372
918000 0.257094 0.237925 0.253681 0.748699
919000 0.237374 0.24041 0.245518 0.723303
920000 0.2535 0.233606 0.252042 0.739147
921000 0.251201 0.237742 0.246526 0.735469
922000 0.248997 0.245022 0.252687 0.746706
923000 0.24918 0.23965 0.244299 0.733129
924000 0.257874 0.245722 0.255955 0.759551
925000 0.254123 0.241421 0.252124 0.747667
926000 0.255197 0.235597 0.241118 0.731912
927000 0.254502 0.238189 0.253653 0.746345
928000 0.263577 0.260502 0.253297 0.777375
929000 0.249725 0.244616 0.255889 0.75023
930000 0.257378 0.246446 0.253209 0.757033
931000 0.260544 0.258192 0.251455 0.770191
932000 0.264788 0.249429 0.25015 0.764366
933000 0.259254 0.244733 0.243715 0.747702
934000 0.258625 0.246928 0.253259 0.758812
935000 0.253006 0.259935 0.243183 0.756124
936000 0.2687 0.248098 0.254884 0.771681
937000 0.255967 0.253369 0.259425 0.768761
938000 0.249343 0.256114 0.252007 0.757464
939000 0.256811 0.261559 0.25179 0.77016
940000 0.261862 0.254272 0.250235 0.766368
941000 0.243466 0.245377 0.259056 0.747899
942000 0.25858 0.256356 0.265312 0.780247
943000 0.263217 0.250716 0.255032 0.768965
944000 0.258161 0.257941 0.255047 0.771149
945000 0.268537 0.256926 0.264343 0.789807
946000 0.257405 0.248856 0.248969 0.755229
947000 0.265866 0.255713 0.252476 0.774055
948000 0.261152 0.242483 0.259799 0.763434
949000 0.255399 0.25818 0.27037 0.78395
950000 0.273876 0.251938 0.271042 0.796856
951000 0.252415 0.259664 0.265556 0.777636
952000 0.268994 0.25659 0.255312 0.780896
953000 0.271785 0.254548 0.265903 0.792236
954000 0.259121 0.261967 0.267043 0.788131
955000 0.267772 0.252361 0.26201 0.782143
956000 0.277272 0.261532 0.274434 0.813239
957000 0.257686 0.237759 0.268409 0.763855
958000 0.257267 0.242324 0.263869 0.76346
959000 0.266957 0.250095 0.265219 0.782271
960000 0.259677 0.248984 0.279608 0.788269
961000 0.262412 0.25095 0.270084 0.783446
962000 0.282502 0.249949 0.274462 0.806913
963000 0.263284 0.263698 0.268411 0.795392
964000 0.260441 0.256655 0.269571 0.786667
965000 0.259555 0.245211 0.275971 0.780737
966000 0.267427 0.261697 0.264184 0.793308
967000 0.263861 0.252039 0.261621 0.77752
968000 0.278962 0.268199 0.264626 0.811787
969000 0.25221 0.256418 0.276752 0.78538
970000 0.264446 0.258128 0.276967 0.79954
971000 0.256853 0.252753 0.276236 0.785842
972000 0.26059 0.253287 0.276988 0.790865
973000 0.267093 0.261762 0.284021 0.812875
974000 0.2718 0.247682 0.273544 0.793026
975000 0.261781 0.260721 0.267137 0.789638
976000 0.261527 0.266533 0.275215 0.803274
977000 0.258587 0.250786 0.279627 0.789
978000 0.258925 0.25999 0.268421 0.787335
979000 0.26629 0.257716 0.285547 0.809553
980000 0.272211 0.254723 0.268953 0.795887
981000 0.264575 0.265666 0.281812 0.812053
982000 0.259352 0.262256 0.275441 0.79705
983000 0.278524 0.269655 0.272487 0.820666
984000 0.274965 0.259074 0.278935 0.812975
985000 0.279695 0.272592 0.290775 0.843062
986000 0.283337 0.25802 0.283104 0.824461
987000 0.262922 0.261285 0.278928 0.803135
988000 0.268307 0.277281 0.284862 0.83045
989000 0.269218 0.257816 0.282632 0.809666
990000 0.274943 0.264344 0.282339 0.821626
991000 0.275142 0.270143 0.272079 0.817364
992000 0.27119 0.267106 0.273864 0.81216
993000 0.272856 0.257716 0.276338 0.80691
994000 0.268091 0.267423 0.27845 0.813963
995000 0.271715 0.261882 0.274897 0.808494
996000 0.273753 0.253844 0.280024 0.807621
997000 0.271345 0.256972 0.281823 0.81014
998000 0.267354 0.265647 0.28069 0.813691
999000 0.274155 0.266983 0.279145 0.820283
1000000 0.285894 0.277439 0.278164 0.841497
1001000 0.268194 0.253667 0.274755 0.796617
1002000 0.271203 0.265003 0.276163 0.812369
1003000 0.273442 0.252509 0.282971 0.808922
1004000 0.273464 0.263382 0.271606 0.808452
1005000 0.276061 0.264633 0.280078 0.820773
1006000 0.267637 0.262388 0.281817 0.811842
1007000 0.266862 0.261141 0.290674 0.818676
1008000 0.262721 0.26675 0.277371 0.806842
1009000 0.269239 0.266023 0.27922 0.814482
1010000 0.274654 0.26123 0.291649 0.827533
1011000 0.265872 0.264535 0.283008 0.813415
1012000 0.258804 0.270856 0.282616 0.812276
1013000 0.267497 0.268148 0.272392 0.808037
1014000 0.260689 0.25818 0.272323 0.791192
1015000 0.261395 0.261507 0.279273 0.802175
1016000 0.275439 0.273021 0.275168 0.823628
1017000 0.266631 0.263579 0.278867 0.809077
1018000 0.280909 0.276192 0.279626 0.836726
1019000 0.262156 0.25862 0.282789 0.803565
1020000 0.268978 0.263156 0.285741 0.817875
1021000 0.279632 0.281692 0.276802 0.838126
1022000 0.269964 0.262586 0.285882 0.818432
1023000 0.276794 0.270759 0.287009 0.834563
1024000 0.273945 0.267186 0.289524 0.830655
1025000 0.26629 0.262438 0.291701 0.82043
1026000 0.286654 0.278452 0.292952 0.858058
1027000 0.264964 0.275029 0.299064 0.839057
1028000 0.258706 0.264095 0.285732 0.808533
1029000 0.277897 0.264005 0.270361 0.812262
1030000 0.262608 0.264032 0.286977 0.813618
