# Time-averaged data for fix 1
# TimeStep c_msd_all[1] c_msd_all[2] c_msd_all[3] c_msd_all[4]
31000 0.0713955 0.0718851 0.0598255 0.203106
32000 0.0656231 0.0708054 0.0521933 0.188622
33000 0.0642975 0.0629673 0.058224 0.185489
34000 0.0678728 0.0677019 0.0571808 0.192755
35000 0.0669485 0.072676 0.0573487 0.196973
36000 0.0708967 0.078994 0.0637083 0.213599
37000 0.0645552 0.0794684 0.0627512 0.206775
38000 0.0706386 0.0649725 0.0672493 0.202861
39000 0.0702511 0.0707713 0.0704005 0.211423
40000 0.0678853 0.0727625 0.0676635 0.208311
41000 0.0667852 0.0655635 0.0617621 0.194111
42000 0.0632319 0.0671115 0.0628458 0.193189
43000 0.0698297 0.0775034 0.0679846 0.215318
44000 0.0678708 0.0724273 0.069663 0.209961
45000 0.0677297 0.0751473 0.0643258 0.207203
46000 0.0716273 0.0735724 0.0634484 0.208648
47000 0.0630968 0.0744942 0.0589598 0.196551
48000 0.0735118 0.0766159 0.0621443 0.212272
49000 0.0680221 0.0710665 0.0633374 0.202426
50000 0.0654536 0.0702028 0.0607621 0.196418
51000 0.0679194 0.0719444 0.0648633 0.204727
52000 0.062371 0.0742149 0.0665606 0.203147
53000 0.065611 0.0718932 0.0634428 0.200947
54000 0.0715242 0.0691082 0.0654185 0.206051
55000 0.0678415 0.0704077 0.0618719 0.200121
56000 0.0716967 0.0764405 0.0646018 0.212739
57000 0.0750961 0.0755491 0.0698153 0.22046
58000 0.0745483 0.0693077 0.0657737 0.20963
59000 0.0730706 0.069571 0.0579709 0.200612
60000 0.0735487 0.0751426 0.0729821 0.221673
61000 0.0766945 0.0775406 0.0719409 0.226176
62000 0.0806412 0.0789334 0.067698 0.227273
63000 0.072618 0.0703364 0.0657536 0.208708
64000 0.0822779 0.0971222 0.0635582 0.242958
65000 0.0715096 0.0790141 0.0632285 0.213752
66000 0.0708779 0.0730047 0.068523 0.212406
67000 0.0730335 0.080457 0.0742831 0.227774
68000 0.0711151 0.0721499 0.0708694 0.214135
69000 0.0721276 0.0800408 0.0762197 0.228388
70000 0.0717509 0.0893309 0.0753814 0.236463
71000 0.0717899 0.0774275 0.0741925 0.22341
72000 0.0819938 0.0949016 0.0758018 0.252697
73000 0.0740784 0.0842272 0.074702 0.233008
74000 0.0826532 0.0789783 0.07489 0.236522
75000 0.0824745 0.0881077 0.0725591 0.243141
76000 0.0765375 0.0898283 0.0704536 0.236819
77000 0.0862569 0.100226 0.0686495 0.255133
78000 0.0671626 0.0875935 0.0738671 0.228623
79000 0.0785076 0.0837778 0.0808156 0.243101
80000 0.0756457 0.0808306 0.0741976 0.230674
81000 0.0702032 0.0812569 0.074156 0.225616
82000 0.0831813 0.0839588 0.0773026 0.244443
83000 0.0784857 0.0826487 0.0729563 0.234091
84000 0.0794977 0.0988107 0.0776167 0.255925
85000 0.0723682 0.0887494 0.0778782 0.238996
86000 0.0859803 0.0944255 0.0792925 0.259698
87000 0.0759261 0.0941338 0.0748101 0.24487
88000 0.0726821 0.0874662 0.0762445 0.236393
89000 0.0823868 0.0922022 0.0771559 0.251745
90000 0.0721622 0.0884348 0.0723169 0.232914
91000 0.0823581 0.101925 0.0743999 0.258683
92000 0.0720479 0.0814367 0.0764774 0.229962
93000 0.0769584 0.086838 0.0767573 0.240554
94000 0.081033 0.0815434 0.0723728 0.234949
95000 0.0803054 0.08948 0.0728907 0.242676
96000 0.078863 0.0834693 0.0787958 0.241128
97000 0.0736735 0.0880508 0.0724737 0.234198
98000 0.0789151 0.088795 0.0761569 0.243867
99000 0.0738114 0.0928884 0.0835833 0.250283
100000 0.0834116 0.0836764 0.0769628 0.244051
101000 0.0783711 0.082147 0.072733 0.233251
102000 0.0793272 0.08319 0.0749146 0.237432
103000 0.0769854 0.0916253 0.0705006 0.239111
104000 0.0759128 0.085645 0.0750297 0.236587
105000 0.0894686 0.0986418 0.0860606 0.274171
106000 0.0729998 0.0776829 0.0897041 0.240387
107000 0.0760812 0.0885434 0.0790538 0.243678
108000 0.0925593 0.0959927 0.0747226 0.263275
109000 0.0810301 0.0837227 0.0850284 0.249781
110000 0.0867535 0.0908688 0.0808438 0.258466
111000 0.0799151 0.0864621 0.0819724 0.24835
112000 0.0760707 0.0829673 0.0788571 0.237895
113000 0.081513 0.0890496 0.0876996 0.258262
114000 0.0883588 0.0929344 0.0859947 0.267288
115000 0.0709271 0.0837638 0.0805577 0.235249
116000 0.0834275 0.0868304 0.0806034 0.250861
117000 0.0856318 0.0952885 0.0877111 0.268631
118000 0.0764139 0.0896406 0.0838278 0.249882
119000 0.0764495 0.0899594 0.0839873 0.250396
120000 0.0809175 0.0924889 0.0956202 0.269027
121000 0.0858577 0.09103 0.0919562 0.268844
122000 0.0839602 0.0919729 0.0869849 0.262918
123000 0.085458 0.0982329 0.0971219 0.280813
124000 0.0843668 0.089446 0.0884591 0.262272
125000 0.086722 0.0938188 0.0917077 0.272249
126000 0.0892873 0.111172 0.0911492 0.291609
127000 0.0860105 0.0914415 0.0936959 0.271148
128000 0.0845441 0.0902905 0.0882775 0.263112
129000 0.089189 0.0871816 0.0916016 0.267972
130000 0.0957103 0.0962767 0.0899687 0.281956
131000 0.0876333 0.09042 0.0904135 0.268467
132000 0.0857441 0.0867382 0.0830278 0.25551
133000 0.0941275 0.101979 0.0871997 0.283306
134000 0.0832336 0.0891976 0.0916378 0.264069
135000 0.101808 0.0925087 0.0928046 0.287121
136000 0.0886413 0.0974983 0.108595 0.294735
137000 0.0882485 0.0900417 0.113284 0.291574
138000 0.0798044 0.0871062 0.103975 0.270885
139000 0.0943657 0.0998583 0.105609 0.299833
140000 0.0838114 0.089644 0.0979359 0.271391
141000 0.0971965 0.0959261 0.100202 0.293325
142000 0.0983396 0.10203 0.101394 0.301763
143000 0.0845277 0.0895761 0.0979044 0.272008
144000 0.0875946 0.0932252 0.107487 0.288307
145000 0.0948979 0.102995 0.103623 0.301516
146000 0.08835 0.10354 0.0993391 0.29123
147000 0.0883946 0.0970241 0.0998572 0.285276
148000 0.0953628 0.101838 0.111827 0.309028
149000 0.0973783 0.102956 0.110599 0.310933
150000 0.0964285 0.0994821 0.102129 0.29804
151000 0.0972632 0.102177 0.10593 0.305369
152000 0.0926025 0.103757 0.106449 0.302809
153000 0.0953901 0.101632 0.103979 0.301001
154000 0.0980607 0.0992723 0.103743 0.301076
155000 0.111405 0.114907 0.109788 0.3361
156000 0.107832 0.101695 0.106652 0.316179
157000 0.0973133 0.0982201 0.110784 0.306317
158000 0.112762 0.123552 0.110505 0.346818
159000 0.098096 0.102878 0.116003 0.316977
160000 0.100638 0.107554 0.111441 0.319633
161000 0.112578 0.107183 0.116217 0.335977
162000 0.115797 0.109217 0.111037 0.336051
163000 0.100896 0.118113 0.109693 0.328702
164000 0.101939 0.108157 0.107153 0.317249
165000 0.0970855 0.114618 0.106112 0.317816
166000 0.101302 0.111372 0.113393 0.326067
167000 0.105184 0.108212 0.114043 0.327439
168000 0.10186 0.114139 0.110878 0.326877
169000 0.0972007 0.103618 0.11043 0.311249
170000 0.103886 0.108926 0.115997 0.328809
171000 0.0958271 0.112163 0.1112 0.31919
172000 0.112573 0.112713 0.118748 0.344035
173000 0.0919422 0.105555 0.109189 0.306686
174000 0.103782 0.111074 0.110035 0.324891
175000 0.0987081 0.115042 0.115506 0.329257
176000 0.0969318 0.112642 0.11338 0.322954
177000 0.105071 0.120179 0.112827 0.338077
178000 0.0998734 0.10462 0.110938 0.315432
179000 0.0982891 0.110763 0.108129 0.31718
180000 0.109295 0.112883 0.113544 0.335722
181000 0.109445 0.109655 0.114285 0.333386
182000 0.114559 0.115401 0.121287 0.351247
183000 0.0963596 0.113123 0.113282 0.322765
184000 0.102796 0.121456 0.111512 0.335764
185000 0.100644 0.109373 0.118825 0.328842
186000 0.107736 0.108944 0.117543 0.334223
187000 0.104147 0.118992 0.120569 0.343708
188000 0.10231 0.112718 0.119446 0.334474
189000 0.0976094 0.107566 0.112069 0.317244
190000 0.109098 0.113431 0.11284 0.33537
191000 0.106945 0.113954 0.129043 0.349942
192000 0.110206 0.112331 0.126003 0.34854
193000 0.0953329 0.113349 0.114359 0.323041
194000 0.101921 0.112677 0.118273 0.33287
195000 0.115718 0.120675 0.116273 0.352666
196000 0.0952605 0.116044 0.120338 0.331643
197000 0.105644 0.108907 0.119173 0.333724
198000 0.0997449 0.112347 0.122288 0.33438
199000 0.11301 0.118012 0.115782 0.346805
200000 0.107002 0.119583 0.115164 0.341748
201000 0.0979482 0.108163 0.120746 0.326857
202000 0.107007 0.113536 0.124889 0.345431
203000 0.103988 0.118807 0.128634 0.351429
204000 0.111945 0.113326 0.121145 0.346416
205000 0.109865 0.115138 0.121411 0.346415
206000 0.101059 0.129464 0.11895 0.349473
207000 0.106176 0.111065 0.124465 0.341706
208000 0.105911 0.115239 0.123144 0.344294
209000 0.106366 0.117857 0.128414 0.352637
210000 0.107848 0.116437 0.121848 0.346133
211000 0.100922 0.120733 0.116373 0.338029
212000 0.0980196 0.111062 0.123893 0.332975
213000 0.108562 0.116724 0.117964 0.343251
214000 0.104563 0.115031 0.129925 0.349519
215000 0.0990086 0.111802 0.125994 0.336804
216000 0.100873 0.108443 0.122866 0.332181
217000 0.103982 0.118132 0.125934 0.348048
218000 0.113502 0.118515 0.125366 0.357384
219000 0.12012 0.119632 0.121206 0.360958
220000 0.110454 0.126323 0.123385 0.360162
221000 0.107488 0.121349 0.135128 0.363966
222000 0.105555 0.112719 0.129641 0.347914
223000 0.11042 0.119356 0.118858 0.348634
224000 0.109901 0.118272 0.129334 0.357508
225000 0.11272 0.109089 0.130698 0.352506
226000 0.105292 0.110355 0.12207 0.337717
227000 0.117409 0.11962 0.122955 0.359984
228000 0.109883 0.114429 0.124111 0.348423
229000 0.107431 0.13234 0.124822 0.364593
230000 0.113683 0.124614 0.127516 0.365814
231000 0.103245 0.114111 0.128661 0.346017
232000 0.120751 0.125893 0.122523 0.369167
233000 0.114177 0.124043 0.13033 0.36855
234000 0.104229 0.12784 0.130262 0.362331
235000 0.108897 0.125541 0.132766 0.367203
236000 0.109428 0.123498 0.134732 0.367658
237000 0.104709 0.106481 0.137096 0.348287
238000 0.113107 0.117309 0.139459 0.369875
239000 0.118893 0.123427 0.13978 0.382101
240000 0.116764 0.127676 0.126095 0.370534
241000 0.106266 0.120095 0.126631 0.352992
242000 0.111492 0.119504 0.130557 0.361554
243000 0.105909 0.113955 0.133411 0.353276
244000 0.111301 0.112234 0.124334 0.347869
245000 0.110191 0.119339 0.130924 0.360455
246000 0.106676 0.118923 0.131381 0.356981
247000 0.113883 0.133909 0.140199 0.387991
248000 0.107857 0.12075 0.134524 0.363131
249000 0.11326 0.10773 0.129112 0.350102
250000 0.112022 0.123623 0.134745 0.37039
251000 0.112687 0.127066 0.132308 0.372061
252000 0.104982 0.117449 0.132586 0.355017
253000 0.111519 0.128609 0.136626 0.376755
254000 0.12327 0.130184 0.135522 0.388976
255000 0.120331 0.124804 0.14166 0.386794
256000 0.112012 0.131512 0.128953 0.372477
257000 0.105616 0.124288 0.13366 0.363565
258000 0.113063 0.120142 0.129646 0.362851
259000 0.106518 0.120562 0.132181 0.359261
260000 0.114683 0.120775 0.127941 0.363399
261000 0.117476 0.131567 0.13531 0.384354
262000 0.123056 0.143312 0.13168 0.398049
263000 0.107378 0.124962 0.127747 0.360087
264000 0.114724 0.138498 0.131416 0.384637
265000 0.110908 0.145885 0.135899 0.392691
266000 0.101294 0.131266 0.135053 0.367613
267000 0.117525 0.138932 0.130211 0.386668
268000 0.102869 0.127971 0.131947 0.362787
269000 0.112293 0.131706 0.129059 0.373058
270000 0.110316 0.135937 0.133061 0.379314
271000 0.114186 0.130436 0.133676 0.378297
272000 0.106828 0.127855 0.132909 0.367592
273000 0.113883 0.128725 0.134952 0.37756
274000 0.103833 0.130937 0.14069 0.37546
275000 0.118504 0.143971 0.136302 0.398778
276000 0.110909 0.134078 0.127505 0.372492
277000 0.115127 0.146237 0.135028 0.396392
278000 0.115162 0.13687 0.135091 0.387123
279000 0.114242 0.139479 0.133479 0.3872
280000 0.113814 0.137645 0.135728 0.387186
281000 0.114897 0.137412 0.128138 0.380447
282000 0.114027 0.13641 0.140628 0.391064
283000 0.113263 0.137463 0.14409 0.394817
284000 0.120471 0.140096 0.146927 0.407495
285000 0.109224 0.138476 0.134881 0.382581
286000 0.110586 0.137878 0.135627 0.384092
287000 0.118512 0.142708 0.136009 0.397229
288000 0.117218 0.151997 0.141466 0.410681
289000 0.109229 0.141593 0.12686 0.377682
290000 0.114505 0.151159 0.133198 0.398863
291000 0.113987 0.133848 0.137158 0.384993
292000 0.110166 0.138705 0.132546 0.381417
293000 0.107953 0.141137 0.135122 0.384212
294000 0.115698 0.141357 0.136717 0.393773
295000 0.111822 0.140187 0.135133 0.387142
296000 0.117333 0.148694 0.14078 0.406807
297000 0.11992 0.142687 0.146587 0.409194
298000 0.110878 0.14259 0.140578 0.394046
299000 0.122282 0.140964 0.139293 0.402539
300000 0.122675 0.145516 0.139615 0.407807
301000 0.118531 0.145705 0.136815 0.40105
302000 0.126183 0.149739 0.134544 0.410466
303000 0.122857 0.152103 0.13788 0.41284
304000 0.119455 0.1472 0.141101 0.407756
305000 0.129108 0.146011 0.141269 0.416388
306000 0.118216 0.136223 0.136572 0.391011
307000 0.110852 0.148255 0.14044 0.399547
308000 0.125311 0.155918 0.136213 0.417441
309000 0.119555 0.1469 0.139862 0.406318
310000 0.113425 0.146377 0.139647 0.399449
311000 0.122599 0.14725 0.141082 0.410931
312000 0.126739 0.148356 0.130667 0.405762
313000 0.117791 0.143726 0.135972 0.397489
314000 0.129986 0.151755 0.139948 0.421689
315000 0.128836 0.155601 0.146787 0.431225
316000 0.123126 0.149141 0.129404 0.401671
317000 0.130611 0.150519 0.128586 0.409716
318000 0.136336 0.143238 0.135212 0.414787
319000 0.126146 0.146082 0.132696 0.404923
320000 0.134637 0.164585 0.134729 0.433951
321000 0.136394 0.144213 0.135676 0.416283
322000 0.126876 0.159203 0.131932 0.418011
323000 0.138281 0.14879 0.145884 0.432955
324000 0.132608 0.150341 0.152419 0.435369
325000 0.138237 0.153967 0.13891 0.431114
326000 0.133477 0.161903 0.132957 0.428337
327000 0.129335 0.14873 0.138717 0.416783
328000 0.133116 0.143915 0.138686 0.415717
329000 0.135712 0.157828 0.136038 0.429579
330000 0.129218 0.152962 0.135111 0.417291
331000 0.139678 0.146976 0.135715 0.42237
332000 0.144055 0.161958 0.131233 0.437246
333000 0.123378 0.156778 0.137965 0.41812
334000 0.129862 0.159856 0.13787 0.427588
335000 0.129986 0.150171 0.133095 0.413252
336000 0.139902 0.158977 0.147476 0.446356
337000 0.127425 0.137033 0.136935 0.401393
338000 0.155034 0.172047 0.133908 0.460989
339000 0.126676 0.148658 0.140094 0.415428
340000 0.133113 0.157233 0.140384 0.43073
341000 0.126913 0.149326 0.128163 0.404402
342000 0.130935 0.150939 0.142549 0.424423
343000 0.1422 0.158864 0.135164 0.436228
344000 0.138737 0.152711 0.1399 0.431347
345000 0.133306 0.152703 0.144088 0.430097
346000 0.146537 0.156355 0.136256 0.439149
347000 0.13575 0.149669 0.142719 0.428139
348000 0.142371 0.158461 0.147033 0.447865
349000 0.144808 0.170896 0.137326 0.453031
350000 0.137192 0.151556 0.13868 0.427428
351000 0.134322 0.16602 0.14107 0.441411
352000 0.132408 0.163636 0.129791 0.425835
353000 0.13676 0.148544 0.134748 0.420052
354000 0.140702 0.153217 0.13811 0.432029
355000 0.128788 0.155923 0.13629 0.421001
356000 0.136407 0.152289 0.148428 0.437125
357000 0.138743 0.152797 0.138478 0.430018
358000 0.130872 0.149966 0.134699 0.415537
359000 0.128787 0.146769 0.138487 0.414042
360000 0.136401 0.150215 0.144533 0.431148
361000 0.128615 0.143706 0.132214 0.404535
362000 0.125057 0.156282 0.13973 0.421068
363000 0.126447 0.152465 0.138914 0.417826
364000 0.134431 0.166749 0.130873 0.432052
365000 0.131704 0.157655 0.140222 0.429581
366000 0.137012 0.164676 0.13761 0.439298
367000 0.133973 0.148048 0.140182 0.422203
368000 0.138598 0.162492 0.145534 0.446624
369000 0.133608 0.150449 0.138873 0.422929
370000 0.128133 0.14904 0.142977 0.42015
371000 0.132854 0.164537 0.133924 0.431316
372000 0.131718 0.154477 0.130477 0.416672
373000 0.139432 0.164586 0.140972 0.444991
374000 0.143789 0.162305 0.13784 0.443934
375000 0.131147 0.155481 0.140673 0.427302
376000 0.134275 0.153805 0.148737 0.436817
377000 0.133454 0.169633 0.136648 0.439735
378000 0.139349 0.161145 0.151005 0.451498
379000 0.137655 0.171279 0.143047 0.451981
380000 0.133852 0.177349 0.137088 0.448288
381000 0.132013 0.17286 0.140374 0.445248
382000 0.130911 0.164877 0.143658 0.439446
383000 0.139898 0.175299 0.151989 0.467186
384000 0.133572 0.169812 0.137112 0.440495
385000 0.137401 0.177578 0.139843 0.454822
386000 0.129762 0.173777 0.138472 0.442011
387000 0.125835 0.173292 0.14567 0.444797
388000 0.147798 0.166767 0.137161 0.451726
389000 0.138122 0.177761 0.14158 0.457463
390000 0.128251 0.169151 0.141088 0.43849
391000 0.148189 0.172867 0.149563 0.470619
392000 0.142299 0.176451 0.150236 0.468986
393000 0.135294 0.176428 0.14916 0.460882
394000 0.138225 0.171171 0.148263 0.457659
395000 0.137808 0.179643 0.15869 0.476141
396000 0.143215 0.176687 0.150537 0.470439
397000 0.137621 0.173457 0.140206 0.451284
398000 0.134838 0.189391 0.136886 0.461114
399000 0.140396 0.185943 0.14675 0.473089
400000 0.140323 0.191381 0.1431 0.474804
401000 0.142758 0.181665 0.147061 0.471485
402000 0.144707 0.182118 0.152013 0.478837
403000 0.137379 0.173369 0.145901 0.456649
404000 0.144065 0.17753 0.137132 0.458726
405000 0.138681 0.1812 0.154151 0.474031
406000 0.140742 0.185037 0.152743 0.478521
407000 0.131891 0.185414 0.156224 0.473529
408000 0.135859 0.182734 0.145615 0.464207
409000 0.130203 0.177239 0.151171 0.458613
410000 0.142003 0.189328 0.160425 0.491757
411000 0.134497 0.174633 0.153169 0.462299
412000 0.135305 0.167901 0.152375 0.455582
413000 0.141354 0.18666 0.144471 0.472485
414000 0.142105 0.180148 0.153807 0.47606
415000 0.150155 0.181211 0.145068 0.476433
416000 0.134122 0.179946 0.150122 0.46419
417000 0.14292 0.178547 0.151126 0.472593
418000 0.133736 0.185811 0.153563 0.47311
419000 0.13224 0.181465 0.151579 0.465284
420000 0.141007 0.179603 0.150728 0.471338
421000 0.145525 0.18629 0.154407 0.486223
422000 0.143129 0.185176 0.14788 0.476185
423000 0.138297 0.183136 0.151554 0.472987
424000 0.140824 0.176739 0.143272 0.460835
425000 0.146292 0.182324 0.146681 0.475297
426000 0.13247 0.172917 0.139652 0.445039
427000 0.148094 0.191478 0.151687 0.491259
428000 0.139842 0.175587 0.157264 0.472692
429000 0.136259 0.166542 0.156732 0.459532
430000 0.136996 0.188885 0.153064 0.478945
431000 0.143978 0.179534 0.146403 0.469914
432000 0.139596 0.17539 0.154701 0.469688
433000 0.138418 0.177053 0.153709 0.46918
434000 0.149605 0.182003 0.1607 0.492308
435000 0.134564 0.171271 0.156028 0.461863
436000 0.138237 0.169691 0.161842 0.46977
437000 0.148127 0.186489 0.155813 0.490429
438000 0.137018 0.184343 0.155607 0.476967
439000 0.144278 0.19263 0.146833 0.483741
440000 0.143617 0.181979 0.154113 0.479708
441000 0.137044 0.185189 0.1478 0.470033
442000 0.138254 0.172748 0.154556 0.465557
443000 0.136233 0.17224 0.160572 0.469045
444000 0.152465 0.195423 0.155572 0.503459
445000 0.142759 0.176278 0.155324 0.474361
446000 0.150975 0.189276 0.151418 0.491668
447000 0.135573 0.182056 0.159254 0.476882
448000 0.146628 0.191623 0.146738 0.48499
449000 0.148382 0.178037 0.155469 0.481888
450000 0.143796 0.175281 0.161274 0.480351
451000 0.15892 0.188107 0.150847 0.497874
452000 0.153907 0.195275 0.164637 0.513819
453000 0.14075 0.183124 0.154262 0.478135
454000 0.142543 0.192053 0.141493 0.47609
455000 0.141861 0.189763 0.152271 0.483895
456000 0.14812 0.203295 0.156948 0.508362
457000 0.157381 0.199036 0.155594 0.51201
458000 0.137926 0.187886 0.155128 0.480939
459000 0.138242 0.178859 0.153838 0.470939
460000 0.150584 0.187832 0.154358 0.492774
461000 0.141773 0.185387 0.148686 0.475846
462000 0.145361 0.183168 0.149877 0.478406
463000 0.138802 0.192067 0.160282 0.491151
464000 0.139203 0.189827 0.153296 0.482325
465000 0.149247 0.199516 0.148904 0.497667
466000 0.13932 0.192652 0.15368 0.485651
467000 0.151691 0.20364 0.154338 0.509669
468000 0.143363 0.184806 0.152156 0.480325
469000 0.138378 0.17868 0.151178 0.468235
470000 0.134173 0.194092 0.150432 0.478698
471000 0.136081 0.187115 0.155964 0.47916
472000 0.14748 0.189963 0.164169 0.501612
473000 0.140168 0.179427 0.152287 0.471882
474000 0.15528 0.199621 0.152445 0.507346
475000 0.148088 0.18674 0.149234 0.484062
476000 0.138586 0.177065 0.152104 0.467755
477000 0.147777 0.210113 0.155327 0.513217
478000 0.142448 0.194232 0.160296 0.496977
479000 0.143437 0.194793 0.153396 0.491627
480000 0.152233 0.200077 0.157031 0.509342
481000 0.145409 0.193328 0.149243 0.48798
482000 0.14647 0.190126 0.149053 0.485648
483000 0.144549 0.19191 0.156673 0.493132
484000 0.156909 0.185319 0.157309 0.499537
485000 0.13761 0.186917 0.156839 0.481365
486000 0.14933 0.200414 0.156143 0.505887
487000 0.155263 0.189674 0.153211 0.498148
488000 0.14065 0.190344 0.156776 0.48777
489000 0.146865 0.190966 0.153998 0.491829
490000 0.160206 0.202317 0.157432 0.519955
491000 0.150882 0.190437 0.148597 0.489916
492000 0.155629 0.206374 0.157118 0.51912
493000 0.154806 0.197241 0.155534 0.507581
494000 0.138236 0.190489 0.154665 0.48339
495000 0.15815 0.198694 0.155179 0.512023
496000 0.153384 0.202576 0.155354 0.511314
497000 0.149315 0.199502 0.155616 0.504433
498000 0.157065 0.202278 0.163479 0.522822
499000 0.163115 0.209321 0.155954 0.52839
500000 0.150844 0.181049 0.158671 0.490565
501000 0.145331 0.196173 0.160414 0.501919
502000 0.162271 0.194945 0.159025 0.516241
503000 0.155386 0.191644 0.169446 0.516476
504000 0.157628 0.200403 0.166159 0.524189
505000 0.157012 0.190076 0.163788 0.510877
506000 0.156846 0.196376 0.163557 0.516779
507000 0.151415 0.194698 0.165081 0.511195
508000 0.15621 0.199557 0.167657 0.523424
509000 0.166474 0.203847 0.168051 0.538371
510000 0.148852 0.200152 0.158888 0.507892
511000 0.158526 0.191953 0.157146 0.507625
512000 0.152627 0.190623 0.157593 0.500843
513000 0.161983 0.198286 0.160544 0.520812
514000 0.156263 0.215457 0.164528 0.536247
515000 0.146517 0.204428 0.164216 0.515161
516000 0.146189 0.192635 0.163507 0.502331
517000 0.150891 0.207535 0.16458 0.523006
518000 0.151237 0.190427 0.157774 0.499438
519000 0.152471 0.188704 0.173528 0.514703
520000 0.172218 0.202238 0.177847 0.552303
521000 0.162969 0.198506 0.173219 0.534693
522000 0.144248 0.190439 0.165643 0.50033
523000 0.156178 0.208452 0.162364 0.526994
524000 0.148792 0.194328 0.163555 0.506674
525000 0.146135 0.19572 0.163381 0.505236
526000 0.156488 0.213948 0.159721 0.530156
527000 0.157726 0.212786 0.171815 0.542327
528000 0.168711 0.216259 0.167003 0.551972
529000 0.157095 0.203661 0.169679 0.530434
530000 0.16757 0.2063 0.166925 0.540794
531000 0.165072 0.212925 0.169015 0.547012
532000 0.154066 0.201806 0.162314 0.518187
533000 0.160564 0.200144 0.166989 0.527698
534000 0.160184 0.20898 0.163538 0.532703
535000 0.163535 0.210119 0.169664 0.543318
536000 0.158305 0.201978 0.169042 0.529325
537000 0.164293 0.213537 0.173788 0.551619
538000 0.167939 0.219386 0.183518 0.570842
539000 0.171641 0.206284 0.177244 0.555168
540000 0.158008 0.217469 0.167884 0.543361
541000 0.160941 0.216954 0.166859 0.544753
542000 0.166116 0.214914 0.177213 0.558243
543000 0.15678 0.20692 0.16782 0.53152
544000 0.169323 0.209405 0.166548 0.545277
545000 0.164776 0.205016 0.176598 0.546389
546000 0.160236 0.200623 0.172442 0.5333
547000 0.164347 0.212383 0.173977 0.550707
548000 0.160088 0.210099 0.164199 0.534386
549000 0.156604 0.207354 0.162021 0.525979
550000 0.155729 0.210389 0.169317 0.535434
551000 0.154774 0.211876 0.172412 0.539062
552000 0.156258 0.206923 0.173176 0.536358
553000 0.162002 0.206005 0.163362 0.531369
554000 0.177805 0.215674 0.167865 0.561344
555000 0.180532 0.212197 0.17191 0.56464
556000 0.167547 0.199559 0.171585 0.538691
557000 0.165207 0.205478 0.183775 0.554461
558000 0.163909 0.216418 0.176985 0.557312
559000 0.162438 0.209252 0.169824 0.541515
560000 0.162821 0.208883 0.171375 0.543079
561000 0.15987 0.207949 0.180881 0.548699
562000 0.164097 0.210317 0.175427 0.549841
563000 0.171505 0.21625 0.178153 0.565908
564000 0.167349 0.203834 0.175102 0.546285
565000 0.160156 0.212986 0.166081 0.539223
566000 0.162671 0.205368 0.16938 0.537419
567000 0.160695 0.208547 0.174705 0.543947
568000 0.161546 0.218141 0.16902 0.548707
569000 0.164567 0.212814 0.175107 0.552489
570000 0.155778 0.217341 0.169558 0.542677
571000 0.169041 0.211899 0.172715 0.553656
572000 0.162929 0.208212 0.178944 0.550085
573000 0.16361 0.216447 0.173605 0.553662
574000 0.165599 0.220695 0.167786 0.55408
575000 0.170242 0.227674 0.175603 0.573519
576000 0.1657 0.205708 0.175585 0.546993
577000 0.159213 0.201553 0.171814 0.53258
578000 0.169881 0.209597 0.172699 0.552177
579000 0.160968 0.216333 0.183666 0.560967
580000 0.165015 0.221485 0.17811 0.56461
581000 0.1704 0.216768 0.181748 0.568917
582000 0.164598 0.210489 0.170673 0.545761
583000 0.160836 0.209041 0.178389 0.548265
584000 0.168701 0.212237 0.178569 0.559507
585000 0.164864 0.218178 0.178024 0.561066
586000 0.160602 0.204418 0.181229 0.546249
587000 0.166385 0.215279 0.179244 0.560908
588000 0.158915 0.207818 0.176592 0.543325
589000 0.169667 0.211669 0.179942 0.561278
590000 0.179822 0.227367 0.185511 0.5927
591000 0.166784 0.211556 0.176567 0.554907
592000 0.177784 0.228842 0.175716 0.582342
593000 0.159722 0.207682 0.186142 0.553546
594000 0.161356 0.199567 0.200693 0.561616
595000 0.16486 0.214808 0.186021 0.565689
596000 0.158028 0.196628 0.177785 0.532441
597000 0.17123 0.216164 0.178391 0.565785
598000 0.161332 0.204601 0.178483 0.544416
599000 0.153995 0.207658 0.182197 0.54385
600000 0.166136 0.220064 0.17155 0.55775
601000 0.162582 0.211496 0.173248 0.547327
602000 0.162502 0.21459 0.171601 0.548693
603000 0.159183 0.214752 0.185919 0.559854
604000 0.158521 0.208998 0.172517 0.540036
605000 0.180755 0.226293 0.178489 0.585537
606000 0.165614 0.20566 0.184371 0.555644
607000 0.163542 0.194889 0.192129 0.55056
608000 0.169499 0.213977 0.190553 0.574029
609000 0.170744 0.204007 0.188357 0.563108
610000 0.170193 0.232812 0.188189 0.591193
611000 0.16622 0.207809 0.191067 0.565096
612000 0.162025 0.209149 0.180542 0.551715
613000 0.182613 0.221316 0.180085 0.584013
614000 0.170601 0.207436 0.18318 0.561217
615000 0.159522 0.223169 0.185747 0.568438
616000 0.162443 0.215729 0.186479 0.564651
617000 0.170233 0.209176 0.176022 0.555431
618000 0.17471 0.212497 0.177447 0.564655
619000 0.165563 0.219287 0.19017 0.57502
620000 0.16949 0.214104 0.189224 0.572817
621000 0.172319 0.219004 0.182871 0.574194
622000 0.169545 0.200994 0.184047 0.554587
623000 0.168646 0.20584 0.179183 0.553668
624000 0.171832 0.217619 0.178213 0.567664
625000 0.165077 0.217088 0.189186 0.57135
626000 0.170828 0.212843 0.187615 0.571286
627000 0.175709 0.220913 0.182027 0.578648
628000 0.165482 0.215044 0.177216 0.557743
629000 0.170343 0.217002 0.186529 0.573874
630000 0.177391 0.234801 0.181494 0.593686
631000 0.179177 0.216573 0.176969 0.572718
632000 0.166421 0.223643 0.185279 0.575343
633000 0.177685 0.229495 0.194156 0.601336
634000 0.169459 0.213866 0.185922 0.569247
635000 0.173145 0.225652 0.186482 0.585279
636000 0.177226 0.215509 0.18965 0.582385
637000 0.168756 0.2176 0.19112 0.577477
638000 0.177135 0.216715 0.190973 0.584823
639000 0.180271 0.213843 0.189011 0.583124
640000 0.180789 0.214801 0.183722 0.579312
641000 0.182488 0.222047 0.194086 0.598621
642000 0.178373 0.221309 0.184593 0.584275
643000 0.178901 0.229499 0.184216 0.592616
644000 0.171469 0.228214 0.180972 0.580654
645000 0.183728 0.229652 0.181416 0.594796
646000 0.177753 0.228388 0.190823 0.596965
647000 0.179046 0.22737 0.188281 0.594697
648000 0.184926 0.227402 0.191479 0.603807
649000 0.17574 0.228334 0.186379 0.590453
650000 0.178262 0.235432 0.199568 0.613261
651000 0.177593 0.21603 0.191729 0.585353
652000 0.180009 0.222443 0.19739 0.599842
653000 0.1825 0.224802 0.194612 0.601914
654000 0.17534 0.225503 0.198438 0.599281
655000 0.188733 0.233955 0.188472 0.61116
656000 0.173113 0.224923 0.180252 0.578288
657000 0.189567 0.23087 0.190365 0.610802
658000 0.184055 0.235889 0.188 0.607944
659000 0.178426 0.228181 0.188157 0.594765
660000 0.179451 0.22232 0.192069 0.59384
661000 0.179771 0.236641 0.191027 0.607438
662000 0.177599 0.228171 0.198472 0.604241
663000 0.186076 0.244411 0.203713 0.6342
664000 0.182313 0.236042 0.207478 0.625834
665000 0.175786 0.228098 0.197014 0.600898
666000 0.181113 0.221168 0.196494 0.598775
667000 0.186106 0.239855 0.181033 0.606993
668000 0.175257 0.221157 0.200533 0.596947
669000 0.181338 0.231467 0.185433 0.598238
670000 0.180434 0.228072 0.19699 0.605497
671000 0.168812 0.227106 0.187813 0.583731
672000 0.177265 0.22944 0.197088 0.603794
673000 0.181826 0.235063 0.20582 0.622709
674000 0.18778 0.241244 0.199877 0.628901
675000 0.180051 0.232965 0.198983 0.612
676000 0.167265 0.221701 0.196396 0.585362
677000 0.180331 0.226791 0.191918 0.599039
678000 0.179356 0.249931 0.193479 0.622766
679000 0.173398 0.224075 0.197291 0.594764
680000 0.179571 0.235765 0.189247 0.604583
681000 0.181756 0.240925 0.189575 0.612256
682000 0.179638 0.22905 0.207107 0.615795
683000 0.196316 0.246709 0.203948 0.646973
684000 0.179687 0.233132 0.199301 0.61212
685000 0.181225 0.225524 0.193352 0.600101
686000 0.183417 0.241645 0.208924 0.633986
687000 0.184424 0.226843 0.193205 0.604471
688000 0.182033 0.241185 0.197051 0.620268
689000 0.185969 0.225449 0.197104 0.608522
690000 0.172223 0.239273 0.193588 0.605084
691000 0.192945 0.248456 0.188601 0.630002
692000 0.167736 0.218409 0.202265 0.58841
693000 0.180494 0.225792 0.199278 0.605564
694000 0.183565 0.236061 0.197554 0.617179
695000 0.190576 0.224367 0.190309 0.605253
696000 0.183787 0.227958 0.190512 0.602257
697000 0.183577 0.231598 0.194478 0.609653
698000 0.182196 0.239546 0.206287 0.62803
699000 0.183786 0.252209 0.211325 0.647321
700000 0.188291 0.233066 0.199983 0.621339
701000 0.181352 0.237746 0.196381 0.615479
702000 0.184949 0.23588 0.190386 0.611215
703000 0.184234 0.23417 0.204697 0.623101
704000 0.177924 0.246431 0.198454 0.622809
705000 0.192289 0.24126 0.20197 0.635518
706000 0.18326 0.241225 0.205146 0.629631
707000 0.185183 0.235926 0.200426 0.621535
708000 0.181395 0.233127 0.19615 0.610671
709000 0.189659 0.246404 0.204886 0.640949
710000 0.181646 0.232962 0.204527 0.619135
711000 0.184005 0.243202 0.202332 0.629539
712000 0.173653 0.237358 0.207283 0.618294
713000 0.184316 0.244218 0.201707 0.630241
714000 0.18775 0.237073 0.209892 0.634714
715000 0.186725 0.247409 0.202941 0.637075
716000 0.184923 0.239078 0.20248 0.626481
717000 0.182617 0.23666 0.20463 0.623907
718000 0.186503 0.246437 0.204116 0.637055
719000 0.182456 0.247106 0.202155 0.631717
720000 0.200631 0.268268 0.204435 0.673335
721000 0.17813 0.248177 0.203582 0.629889
722000 0.182503 0.252163 0.197856 0.632522
723000 0.188175 0.24128 0.203409 0.632865
724000 0.178608 0.245278 0.203139 0.627025
725000 0.193221 0.248325 0.196677 0.638223
726000 0.186043 0.246614 0.194107 0.626764
727000 0.183426 0.25133 0.210272 0.645028
728000 0.201042 0.261864 0.197946 0.660852
729000 0.179884 0.256386 0.207172 0.643442
730000 0.181508 0.253239 0.217183 0.65193
731000 0.189658 0.257701 0.203506 0.650865
732000 0.177769 0.243243 0.206085 0.627098
733000 0.191607 0.256485 0.209588 0.65768
734000 0.191997 0.271192 0.210594 0.673783
735000 0.187764 0.26022 0.210992 0.658975
736000 0.196615 0.257762 0.204902 0.65928
737000 0.194963 0.253846 0.21126 0.660069
738000 0.200989 0.255402 0.206034 0.662425
739000 0.195145 0.262602 0.216177 0.673925
740000 0.180515 0.266396 0.205883 0.652793
741000 0.194116 0.263847 0.209422 0.667385
742000 0.1936 0.263786 0.203393 0.660779
743000 0.185456 0.257762 0.206357 0.649575
744000 0.194705 0.259694 0.207265 0.661664
745000 0.18479 0.26159 0.213007 0.659388
746000 0.196803 0.266777 0.197495 0.661074
747000 0.188147 0.250962 0.209261 0.64837
748000 0.190277 0.258069 0.213451 0.661796
749000 0.191413 0.267768 0.205392 0.664572
750000 0.19623 0.257527 0.211836 0.665593
751000 0.187906 0.261136 0.209236 0.658277
752000 0.187832 0.267847 0.211437 0.667116
753000 0.198157 0.267482 0.205896 0.671535
754000 0.192375 0.256255 0.203152 0.651782
755000 0.192458 0.25907 0.207471 0.658999
756000 0.188374 0.259522 0.202464 0.650361
757000 0.190179 0.271458 0.211446 0.673083
758000 0.18261 0.253264 0.225487 0.661361
759000 0.193928 0.266425 0.212635 0.672988
760000 0.210094 0.282421 0.217694 0.710208
761000 0.185465 0.251141 0.20223 0.638835
762000 0.185219 0.26203 0.212023 0.659272
763000 0.205488 0.263298 0.213335 0.682121
764000 0.191055 0.267701 0.21455 0.673307
765000 0.199003 0.285281 0.215105 0.699388
766000 0.18377 0.269905 0.220388 0.674063
767000 0.192792 0.281447 0.218789 0.693027
768000 0.193001 0.264852 0.2244 0.682254
769000 0.184303 0.272411 0.212636 0.669351
770000 0.191126 0.263216 0.215515 0.669856
771000 0.199287 0.272394 0.219099 0.69078
772000 0.189634 0.284828 0.221432 0.695894
773000 0.196922 0.262524 0.212198 0.671644
774000 0.194479 0.274888 0.209714 0.67908
775000 0.184176 0.257627 0.210903 0.652705
776000 0.198017 0.278187 0.21539 0.691594
777000 0.187595 0.270611 0.222366 0.680572
778000 0.190928 0.270612 0.217634 0.679173
779000 0.200455 0.273684 0.212994 0.687133
780000 0.191089 0.267127 0.210618 0.668834
781000 0.188061 0.265387 0.224222 0.677671
782000 0.205818 0.26919 0.221927 0.696935
783000 0.189625 0.274486 0.217252 0.681363
784000 0.191287 0.273368 0.215056 0.67971
785000 0.19621 0.284086 0.223731 0.704027
786000 0.189862 0.266664 0.212403 0.668929
787000 0.20087 0.269484 0.210637 0.680991
788000 0.199564 0.271067 0.218234 0.688866
789000 0.19277 0.267471 0.22145 0.681691
790000 0.20033 0.276183 0.208246 0.684758
791000 0.193487 0.254986 0.217193 0.665667
792000 0.212361 0.267571 0.226368 0.7063
793000 0.201134 0.259505 0.201476 0.662116
794000 0.195953 0.264676 0.211 0.671629
795000 0.2032 0.276566 0.219241 0.699007
796000 0.204834 0.272289 0.222356 0.699479
797000 0.192287 0.279352 0.211346 0.682985
798000 0.198359 0.257758 0.216865 0.672981
799000 0.203811 0.26713 0.216456 0.687397
800000 0.196493 0.271989 0.217355 0.685837
801000 0.203248 0.279098 0.230551 0.712896
802000 0.205235 0.272907 0.229539 0.707681
803000 0.205466 0.286424 0.219603 0.711493
804000 0.201093 0.268453 0.214918 0.684464
805000 0.205893 0.266954 0.219454 0.692302
806000 0.20196 0.273255 0.219404 0.694619
807000 0.193177 0.264074 0.217518 0.674768
808000 0.213396 0.280654 0.216985 0.711035
809000 0.197239 0.286496 0.220463 0.704199
810000 0.204954 0.273282 0.214462 0.692697
811000 0.194454 0.279748 0.213534 0.687735
812000 0.19596 0.279013 0.215911 0.690884
813000 0.212247 0.276076 0.21841 0.706733
814000 0.200439 0.276711 0.211156 0.688307
815000 0.207519 0.279665 0.209988 0.697172
816000 0.203222 0.274893 0.208739 0.686855
817000 0.196412 0.278762 0.207992 0.683167
818000 0.196937 0.274146 0.213698 0.684782
819000 0.195935 0.29154 0.197144 0.684619
820000 0.205491 0.284374 0.212131 0.701996
821000 0.211534 0.283004 0.217762 0.7123
822000 0.191121 0.282495 0.204723 0.678339
823000 0.209955 0.277247 0.20547 0.692672
824000 0.208562 0.283432 0.215568 0.707562
825000 0.201223 0.284631 0.22334 0.709194
826000 0.218286 0.287532 0.217954 0.723772
827000 0.211182 0.283193 0.209692 0.704068
828000 0.1966 0.277882 0.206735 0.681216
829000 0.212284 0.285605 0.210904 0.708792
830000 0.206203 0.279565 0.217678 0.703445
831000 0.222458 0.297558 0.222265 0.74228
832000 0.203195 0.285902 0.219009 0.708107
833000 0.210681 0.286944 0.225834 0.723458
834000 0.207214 0.289464 0.227311 0.723988
835000 0.21338 0.292527 0.218281 0.724188
836000 0.212397 0.2961 0.23353 0.742027
837000 0.20962 0.299186 0.225324 0.73413
838000 0.215028 0.283991 0.221835 0.720855
839000 0.216088 0.295626 0.236883 0.748597
840000 0.218121 0.289566 0.217272 0.724959
841000 0.218172 0.289143 0.229125 0.73644
842000 0.214338 0.285556 0.231343 0.731238
843000 0.217001 0.308341 0.229884 0.755225
844000 0.204933 0.298937 0.222691 0.726561
845000 0.218122 0.300402 0.215756 0.73428
846000 0.204045 0.287283 0.230542 0.721871
847000 0.213186 0.284766 0.235114 0.733066
848000 0.210183 0.291355 0.228701 0.73024
849000 0.207919 0.298144 0.221864 0.727928
850000 0.209818 0.282801 0.224324 0.716943
851000 0.207969 0.285637 0.223051 0.716656
852000 0.22571 0.289689 0.222362 0.73776
853000 0.216066 0.282313 0.226958 0.725337
854000 0.213407 0.288826 0.228348 0.73058
855000 0.216328 0.287833 0.22556 0.729721
856000 0.210216 0.294355 0.224191 0.728762
857000 0.208121 0.281793 0.229395 0.719309
858000 0.230481 0.281994 0.226205 0.73868
859000 0.223407 0.287002 0.225441 0.735851
860000 0.237015 0.293878 0.225603 0.756497
861000 0.215922 0.293542 0.222845 0.732309
862000 0.226112 0.298495 0.240022 0.764629
863000 0.214892 0.301447 0.23454 0.750878
864000 0.210922 0.292855 0.239977 0.743754
865000 0.22766 0.30437 0.230711 0.76274
866000 0.226042 0.292578 0.224273 0.742893
867000 0.220894 0.295673 0.230722 0.747289
868000 0.2363 0.307133 0.233266 0.776699
869000 0.216949 0.29329 0.238269 0.748507
870000 0.22953 0.30459 0.237393 0.771513
871000 0.21311 0.309944 0.241239 0.764292
872000 0.22065 0.293299 0.231406 0.745355
873000 0.21608 0.294765 0.233123 0.743967
874000 0.219725 0.297238 0.2351 0.752063
875000 0.213987 0.300676 0.241901 0.756564
876000 0.216182 0.289141 0.238123 0.743445
877000 0.236673 0.305841 0.224406 0.76692
878000 0.22921 0.314022 0.242583 0.785816
879000 0.2246 0.299515 0.24018 0.764296
880000 0.229779 0.303196 0.240331 0.773306
881000 0.226872 0.300998 0.240432 0.768302
882000 0.214328 0.296544 0.242645 0.753516
883000 0.22976 0.309673 0.248042 0.787475
884000 0.221054 0.316286 0.24458 0.78192
885000 0.226562 0.285132 0.245958 0.757652
886000 0.232584 0.299607 0.247414 0.779606
887000 0.232 0.309245 0.23298 0.774226
888000 0.231339 0.302106 0.237593 0.771038
889000 0.218167 0.310361 0.246257 0.774785
890000 0.230159 0.301506 0.24016 0.771825
891000 0.229938 0.308627 0.237441 0.776007
892000 0.229427 0.307952 0.246729 0.784108
893000 0.227683 0.309954 0.240866 0.778503
894000 0.232854 0.31333 0.24305 0.789233
895000 0.232285 0.302608 0.249291 0.784184
896000 0.228835 0.315271 0.254891 0.798997
897000 0.230729 0.311312 0.240304 0.782345
898000 0.231746 0.304753 0.255364 0.791863
899000 0.233012 0.321289 0.248357 0.802658
900000 0.237239 0.314986 0.251865 0.80409
901000 0.225243 0.309408 0.244106 0.778757
902000 0.230389 0.319933 0.253168 0.803491
903000 0.23456 0.309072 0.251215 0.794847
904000 0.242907 0.310089 0.253685 0.806682
905000 0.224955 0.322906 0.249985 0.797846
906000 0.223134 0.314455 0.244242 0.781831
907000 0.229765 0.305108 0.239083 0.773956
908000 0.233331 0.321581 0.246208 0.80112
909000 0.227439 0.316929 0.256968 0.801336
910000 0.245218 0.315873 0.260058 0.821149
911000 0.236403 0.314003 0.250627 0.801032
912000 0.224287 0.299497 0.239846 0.76363
913000 0.244154 0.32723 0.268227 0.839612
914000 0.222637 0.298023 0.246572 0.767231
915000 0.235767 0.31888 0.249527 0.804174
916000 0.238979 0.303137 0.254332 0.796448
917000 0.233371 0.301322 0.26032 0.795014
918000 0.234538 0.319175 0.262377 0.816091
919000 0.251567 0.31765 0.253666 0.822883
920000 0.22916 0.316464 0.254505 0.800128
921000 0.232034 0.303525 0.262995 0.798554
922000 0.234307 0.303937 0.258275 0.796519
923000 0.240261 0.303999 0.25675 0.801011
924000 0.245395 0.30721 0.256538 0.809142
925000 0.239442 0.32701 0.263322 0.829775
926000 0.240205 0.318785 0.250988 0.809978
927000 0.236155 0.317956 0.256994 0.811105
928000 0.233221 0.321156 0.255203 0.80958
929000 0.239686 0.329414 0.256969 0.826069
930000 0.233364 0.321519 0.257268 0.812151
931000 0.245328 0.324562 0.254348 0.824238
932000 0.233682 0.311757 0.262705 0.808144
933000 0.230866 0.316021 0.259876 0.806763
934000 0.242623 0.315573 0.259817 0.818013
935000 0.234046 0.316388 0.262839 0.813273
936000 0.231497 0.326553 0.255529 0.813579
937000 0.234162 0.314924 0.253352 0.802438
938000 0.234831 0.318902 0.247495 0.801229
939000 0.232915 0.313027 0.262314 0.808256
940000 0.233954 0.316655 0.249226 0.799834
941000 0.236167 0.314968 0.250205 0.80134
942000 0.236964 0.311525 0.25566 0.804148
943000 0.227531 0.31141 0.255737 0.794679
944000 0.236385 0.313352 0.258541 0.808277
945000 0.240755 0.321596 0.257373 0.819724
946000 0.236782 0.330253 0.256696 0.823731
947000 0.230637 0.318143 0.256588 0.805369
948000 0.251906 0.340005 0.250327 0.842238
949000 0.25611 0.328981 0.258481 0.843572
950000 0.244249 0.332411 0.254341 0.831001
951000 0.246877 0.338969 0.246443 0.832289
952000 0.250428 0.316181 0.261282 0.827891
953000 0.25557 0.335165 0.254075 0.84481
954000 0.240816 0.317291 0.263583 0.82169
955000 0.249658 0.34342 0.262798 0.855877
956000 0.250927 0.327314 0.252461 0.830703
957000 0.257343 0.322007 0.252128 0.831479
958000 0.240351 0.329559 0.260218 0.830128
959000 0.25071 0.321379 0.26569 0.837779
960000 0.248604 0.326687 0.256339 0.83163
961000 0.260308 0.332199 0.266622 0.859129
962000 0.254686 0.33957 0.266286 0.860541
963000 0.243257 0.322944 0.266873 0.833075
964000 0.266772 0.339585 0.250812 0.857169
965000 0.255827 0.328044 0.264478 0.848348
966000 0.255454 0.31933 0.264292 0.839077
967000 0.261196 0.331104 0.260814 0.853114
968000 0.257991 0.328886 0.263779 0.850656
969000 0.248498 0.330313 0.260772 0.839583
970000 0.250956 0.329527 0.254606 0.835089
971000 0.257411 0.335562 0.254753 0.847726
972000 0.253108 0.329784 0.254114 0.837007
973000 0.273065 0.341479 0.26181 0.876354
974000 0.269514 0.32316 0.268119 0.860794
975000 0.25646 0.334298 0.253628 0.844386
976000 0.258565 0.338177 0.256484 0.853226
977000 0.248158 0.334817 0.26501 0.847985
978000 0.25377 0.338207 0.275293 0.86727
979000 0.262648 0.343756 0.263613 0.870017
980000 0.254707 0.343595 0.258609 0.856912
981000 0.250844 0.341238 0.267775 0.859857
982000 0.253821 0.328358 0.270147 0.852326
983000 0.259497 0.343792 0.272663 0.875953
984000 0.265331 0.33412 0.269393 0.868844
985000 0.262007 0.341524 0.26096 0.864491
986000 0.257573 0.343509 0.270273 0.871355
987000 0.25674 0.335679 0.255986 0.848405
988000 0.266904 0.338226 0.265723 0.870852
989000 0.254195 0.345841 0.267225 0.867261
990000 0.258471 0.345898 0.264056 0.868425
991000 0.259202 0.340581 0.262139 0.861921
992000 0.258689 0.337345 0.258776 0.85481
993000 0.262215 0.342694 0.273442 0.878352
994000 0.257762 0.331511 0.264608 0.853881
995000 0.25746 0.342965 0.2692 0.869625
996000 0.259053 0.337746 0.262163 0.858962
997000 0.254705 0.339324 0.267051 0.86108
998000 0.2649 0.345485 0.264604 0.87499
999000 0.259379 0.339414 0.263759 0.862552
1000000 0.251877 0.331408 0.270376 0.85366
1001000 0.268796 0.340695 0.268183 0.877674
1002000 0.255255 0.34112 0.269175 0.865549
1003000 0.2604 0.33408 0.27264 0.86712
1004000 0.259564 0.336123 0.268992 0.864678
1005000 0.266854 0.346406 0.265213 0.878473
1006000 0.263878 0.347636 0.272488 0.884002
1007000 0.262814 0.342284 0.270871 0.875968
1008000 0.269177 0.339999 0.269906 0.879083
1009000 0.272937 0.339809 0.274358 0.887105
1010000 0.265189 0.357167 0.269869 0.892224
1011000 0.258922 0.33355 0.262752 0.855224
1012000 0.265987 0.360302 0.269531 0.895821
1013000 0.265847 0.34298 0.274315 0.883141
1014000 0.262311 0.345018 0.273697 0.881026
1015000 0.26148 0.351374 0.269279 0.882134
1016000 0.261966 0.345452 0.265594 0.873013
1017000 0.264511 0.334254 0.263714 0.862479
1018000 0.264323 0.34721 0.278192 0.889725
1019000 0.258977 0.348568 0.269866 0.87741
1020000 0.2744 0.361602 0.267072 0.903074
1021000 0.26288 0.351772 0.259929 0.874581
1022000 0.258661 0.335281 0.26613 0.860072
1023000 0.266561 0.348883 0.276662 0.892107
1024000 0.265161 0.347712 0.270402 0.883275
1025000 0.264234 0.336227 0.262009 0.86247
1026000 0.276017 0.351206 0.264926 0.89215
1027000 0.256444 0.332071 0.266262 0.854777
1028000 0.266628 0.358352 0.272976 0.897956
1029000 0.268951 0.355227 0.275181 0.899359
1030000 0.263279 0.347582 0.271656 0.882517
