# Time-averaged data for fix 1
# TimeStep c_msd_all[1] c_msd_all[2] c_msd_all[3] c_msd_all[4]
31000 0.0634053 0.0661363 0.066993 0.196535
32000 0.0778784 0.100627 0.0803676 0.258873
33000 0.0650573 0.0705274 0.0805448 0.21613
34000 0.0741075 0.0983422 0.095656 0.268106
35000 0.0658403 0.0831645 0.0718906 0.220895
36000 0.0713481 0.0717697 0.0678428 0.210961
37000 0.0742285 0.105764 0.0882387 0.268231
38000 0.0638832 0.0820659 0.0700914 0.216041
39000 0.0782879 0.0957789 0.0770772 0.251144
40000 0.0656904 0.0843926 0.0893778 0.239461
41000 0.0642249 0.0836845 0.0821101 0.23002
42000 0.083953 0.0899681 0.0891203 0.263041
43000 0.0714414 0.0848704 0.0885719 0.244884
44000 0.0693454 0.0941812 0.0824102 0.245937
45000 0.0685638 0.0904201 0.0939507 0.252935
46000 0.0714557 0.0890394 0.0819943 0.242489
47000 0.0731315 0.0966741 0.0867478 0.256553
48000 0.0813212 0.100773 0.0969909 0.279085
49000 0.0780213 0.102843 0.0866183 0.267483
50000 0.0738764 0.100456 0.104389 0.278721
51000 0.0784708 0.1001 0.0861729 0.264743
52000 0.0710474 0.0939668 0.0993491 0.264363
53000 0.0789099 0.108049 0.0961219 0.28308
54000 0.0902601 0.111406 0.0928597 0.294525
55000 0.0850349 0.10067 0.100657 0.286362
56000 0.0827121 0.116038 0.0779964 0.276746
57000 0.0716561 0.105209 0.101491 0.278356
58000 0.0709266 0.108114 0.0865014 0.265542
59000 0.0825118 0.113393 0.0928007 0.288705
60000 0.0832506 0.109021 0.102667 0.294939
61000 0.0843051 0.117857 0.100072 0.302234
62000 0.0810344 0.109654 0.100288 0.290976
63000 0.0796793 0.110958 0.1093 0.299938
64000 0.0707868 0.116267 0.10706 0.294113
65000 0.0831778 0.114316 0.110371 0.307865
66000 0.0851992 0.124617 0.0961354 0.305951
67000 0.0793273 0.125042 0.111804 0.316173
68000 0.0825122 0.117212 0.121374 0.321099
69000 0.0820093 0.117442 0.107459 0.306911
70000 0.085976 0.108115 0.126175 0.320266
71000 0.0768527 0.11565 0.103347 0.295849
72000 0.0860919 0.119181 0.11205 0.317322
73000 0.103495 0.134253 0.122194 0.359942
74000 0.0822182 0.119975 0.112939 0.315132
75000 0.0906687 0.115589 0.138654 0.344912
76000 0.0898511 0.121675 0.122014 0.333539
77000 0.08468 0.116668 0.124199 0.325547
78000 0.0793614 0.135419 0.110167 0.324947
79000 0.07902 0.118206 0.106891 0.304117
80000 0.0850863 0.131741 0.160399 0.377226
81000 0.0896596 0.148294 0.125085 0.363039
82000 0.0831942 0.13112 0.141286 0.355601
83000 0.0812457 0.135348 0.126557 0.34315
84000 0.082094 0.130674 0.125319 0.338087
85000 0.0874285 0.139195 0.175231 0.401854
86000 0.0782703 0.135821 0.145518 0.359609
87000 0.0839676 0.148374 0.143368 0.37571
88000 0.0925427 0.140964 0.128113 0.36162
89000 0.084226 0.154259 0.131687 0.370172
90000 0.0952426 0.150844 0.180686 0.426772
91000 0.0876859 0.144914 0.141919 0.374519
92000 0.088033 0.173979 0.153669 0.415681
93000 0.0730392 0.15333 0.137464 0.363834
94000 0.0822219 0.159869 0.136823 0.378914
95000 0.0833646 0.149127 0.174119 0.406611
96000 0.0851636 0.154156 0.137004 0.376324
97000 0.0957215 0.168781 0.15749 0.421992
98000 0.0937558 0.139873 0.140696 0.374325
99000 0.0848475 0.161764 0.142684 0.389295
100000 0.0968383 0.145556 0.167103 0.409497
101000 0.0803948 0.152438 0.141037 0.37387
102000 0.0810007 0.163394 0.135835 0.38023
103000 0.0897697 0.14516 0.144333 0.379262
104000 0.0975189 0.166511 0.144057 0.408087
105000 0.0959441 0.166644 0.149663 0.412251
106000 0.0801948 0.159875 0.140484 0.380554
107000 0.092266 0.161805 0.139401 0.393472
108000 0.0973287 0.150558 0.148176 0.396062
109000 0.0947 0.172818 0.140354 0.407872
110000 0.0837863 0.160629 0.150792 0.395207
111000 0.0860793 0.168687 0.141863 0.396629
112000 0.0925813 0.164455 0.146264 0.403301
113000 0.0882467 0.165707 0.144219 0.398173
114000 0.0860273 0.177532 0.152549 0.416108
115000 0.0953302 0.163654 0.153386 0.41237
116000 0.0883071 0.171874 0.152423 0.412604
117000 0.085397 0.165261 0.145586 0.396244
118000 0.0899134 0.162622 0.156923 0.409459
119000 0.0997411 0.179705 0.152918 0.432363
120000 0.0991681 0.178336 0.188238 0.465743
121000 0.0907791 0.17925 0.158596 0.428624
122000 0.0894824 0.168393 0.160027 0.417903
123000 0.0930552 0.159245 0.160273 0.412573
124000 0.092294 0.166666 0.149558 0.408518
125000 0.0961939 0.189687 0.1649 0.450781
126000 0.0850267 0.163426 0.149252 0.397705
127000 0.112631 0.187621 0.155357 0.455609
128000 0.112342 0.172988 0.150633 0.435963
129000 0.107771 0.185467 0.15196 0.445198
130000 0.101913 0.179825 0.159879 0.441616
131000 0.0964766 0.173645 0.154129 0.424251
132000 0.09609 0.213146 0.176686 0.485923
133000 0.101624 0.174916 0.169022 0.445562
134000 0.131977 0.199146 0.181133 0.512256
135000 0.103659 0.182783 0.181535 0.467977
136000 0.0943622 0.205928 0.176406 0.476697
137000 0.0934596 0.189753 0.175576 0.458789
138000 0.11719 0.182521 0.171979 0.47169
139000 0.116677 0.195852 0.177746 0.490275
140000 0.0952552 0.1918 0.187649 0.474705
141000 0.1057 0.213678 0.173208 0.492587
142000 0.112273 0.194246 0.197411 0.50393
143000 0.112608 0.193976 0.180413 0.486997
144000 0.109634 0.195815 0.174969 0.480418
145000 0.105067 0.20105 0.19019 0.496307
146000 0.111263 0.200275 0.180747 0.492284
147000 0.111616 0.197718 0.179654 0.488988
148000 0.0984541 0.21072 0.182902 0.492076
149000 0.103005 0.210836 0.181162 0.495003
150000 0.112614 0.202723 0.19845 0.513787
151000 0.108791 0.209882 0.186588 0.505261
152000 0.107562 0.207881 0.183721 0.499164
153000 0.1026 0.203647 0.18723 0.493476
154000 0.101893 0.20941 0.189757 0.50106
155000 0.106702 0.212465 0.178371 0.497539
156000 0.122073 0.214898 0.194367 0.531338
157000 0.11462 0.207514 0.216669 0.538802
158000 0.0939476 0.198489 0.202831 0.495268
159000 0.102593 0.213479 0.200643 0.516714
160000 0.127451 0.218994 0.207275 0.553721
161000 0.112548 0.20733 0.219779 0.539657
162000 0.0989334 0.219989 0.26899 0.587912
163000 0.0996287 0.213103 0.224133 0.536864
164000 0.10946 0.230536 0.214046 0.554042
165000 0.102668 0.205858 0.199332 0.507858
166000 0.11572 0.240173 0.211771 0.567665
167000 0.109843 0.216972 0.244089 0.570905
168000 0.1066 0.21993 0.224551 0.551081
169000 0.108986 0.226987 0.24131 0.577283
170000 0.124613 0.219762 0.206301 0.550676
171000 0.135771 0.240884 0.21069 0.587345
172000 0.1186 0.210207 0.221278 0.550085
173000 0.109065 0.259462 0.209605 0.578133
174000 0.115361 0.217475 0.253756 0.586592
175000 0.107413 0.219354 0.213476 0.540243
176000 0.10833 0.226442 0.218422 0.553194
177000 0.104877 0.237821 0.212469 0.555167
178000 0.115061 0.233925 0.207592 0.556579
179000 0.108679 0.223211 0.235071 0.566961
180000 0.107738 0.219881 0.212787 0.540406
181000 0.111368 0.239805 0.213782 0.564955
182000 0.116105 0.249571 0.243423 0.609099
183000 0.110634 0.224269 0.235572 0.570475
184000 0.114223 0.22887 0.252043 0.595135
185000 0.114315 0.256523 0.218561 0.589399
186000 0.10937 0.231758 0.21609 0.557218
187000 0.112961 0.248887 0.241665 0.603513
188000 0.128445 0.244826 0.232318 0.605589
189000 0.114756 0.258414 0.250034 0.623203
190000 0.114182 0.248328 0.229431 0.591941
191000 0.119066 0.251851 0.22118 0.592097
192000 0.121981 0.254911 0.236618 0.61351
193000 0.107324 0.233482 0.245316 0.586123
194000 0.120626 0.263416 0.258868 0.642911
195000 0.116839 0.237302 0.212514 0.566656
196000 0.111403 0.266535 0.220883 0.598821
197000 0.128838 0.255952 0.22926 0.61405
198000 0.10719 0.249234 0.236352 0.592776
199000 0.107067 0.265854 0.263022 0.635943
200000 0.132497 0.256708 0.233169 0.622374
201000 0.128624 0.263552 0.230488 0.622664
202000 0.137756 0.259152 0.222658 0.619567
203000 0.109482 0.262747 0.224726 0.596955
204000 0.122567 0.281705 0.245076 0.649347
205000 0.11966 0.265482 0.233609 0.618751
206000 0.116886 0.250172 0.228621 0.595679
207000 0.131945 0.293381 0.226922 0.652249
208000 0.108197 0.263841 0.21849 0.590528
209000 0.120283 0.288191 0.252948 0.661422
210000 0.111662 0.258008 0.226612 0.596282
211000 0.106266 0.259829 0.237248 0.603343
212000 0.119233 0.293775 0.228714 0.641722
213000 0.125671 0.275504 0.226026 0.627201
214000 0.128997 0.289228 0.238023 0.656248
215000 0.121306 0.281176 0.235271 0.637753
216000 0.121472 0.260725 0.241793 0.62399
217000 0.129586 0.320659 0.226451 0.676696
218000 0.113777 0.274273 0.235963 0.624014
219000 0.118148 0.313579 0.238321 0.670048
220000 0.113702 0.270817 0.230233 0.614752
221000 0.123783 0.255991 0.241116 0.62089
222000 0.125742 0.319499 0.236643 0.681884
223000 0.121033 0.290183 0.255529 0.666746
224000 0.138948 0.32627 0.248664 0.713883
225000 0.122711 0.289718 0.257984 0.670413
226000 0.12967 0.292455 0.237033 0.659158
227000 0.124403 0.299128 0.239834 0.663364
228000 0.113175 0.287447 0.250464 0.651086
229000 0.142142 0.331132 0.248099 0.721372
230000 0.133615 0.286902 0.254919 0.675437
231000 0.119484 0.284903 0.236433 0.64082
232000 0.141259 0.326554 0.270657 0.738469
233000 0.129578 0.281892 0.251178 0.662648
234000 0.117871 0.308075 0.247959 0.673905
235000 0.122325 0.300748 0.256089 0.679162
236000 0.115624 0.279599 0.239998 0.635221
237000 0.11827 0.299123 0.256587 0.67398
238000 0.114602 0.286792 0.240938 0.642332
239000 0.121401 0.278319 0.244199 0.643918
240000 0.122192 0.319894 0.263556 0.705642
241000 0.121738 0.288313 0.246993 0.657044
242000 0.142454 0.327889 0.237892 0.708236
243000 0.143814 0.307612 0.240119 0.691545
244000 0.134094 0.304347 0.246465 0.684906
245000 0.128245 0.319329 0.256845 0.70442
246000 0.115606 0.30401 0.234243 0.653859
247000 0.140615 0.344637 0.25145 0.736702
248000 0.141101 0.298129 0.244813 0.684043
249000 0.131059 0.330065 0.246099 0.707224
250000 0.141837 0.335948 0.256685 0.73447
251000 0.123907 0.315927 0.254476 0.69431
252000 0.145662 0.352191 0.249804 0.747657
253000 0.135177 0.327484 0.269956 0.732617
254000 0.134982 0.346055 0.265261 0.746298
255000 0.157269 0.331056 0.263429 0.751754
256000 0.141496 0.331439 0.267642 0.740576
257000 0.14577 0.354015 0.286813 0.786598
258000 0.144073 0.328321 0.259414 0.731808
259000 0.151123 0.33721 0.257543 0.745876
260000 0.144888 0.340863 0.274201 0.759951
261000 0.135182 0.324646 0.257046 0.716873
262000 0.133301 0.354546 0.292904 0.78075
263000 0.13424 0.336637 0.275531 0.746408
264000 0.128894 0.339869 0.282199 0.750962
265000 0.129026 0.322104 0.271404 0.722534
266000 0.125007 0.334495 0.271682 0.731184
267000 0.132388 0.328839 0.287507 0.748734
268000 0.150785 0.337278 0.27139 0.759453
269000 0.140782 0.333159 0.27716 0.751101
270000 0.143789 0.343816 0.278905 0.76651
271000 0.134841 0.322822 0.291346 0.749009
272000 0.141741 0.333303 0.275579 0.750623
273000 0.149444 0.345498 0.280007 0.774949
274000 0.141256 0.339684 0.267106 0.748047
275000 0.137376 0.361556 0.270384 0.769317
276000 0.135068 0.327162 0.288032 0.750262
277000 0.143325 0.353807 0.281727 0.778858
278000 0.154331 0.333753 0.299386 0.787471
279000 0.133462 0.344525 0.282259 0.760247
280000 0.131386 0.359094 0.290646 0.781126
281000 0.133433 0.344702 0.295999 0.774134
282000 0.152737 0.351167 0.276152 0.780056
283000 0.144948 0.320189 0.291486 0.756623
284000 0.134499 0.344053 0.268717 0.747269
285000 0.137901 0.334988 0.288664 0.761552
286000 0.143889 0.332628 0.284065 0.760582
287000 0.146397 0.339673 0.285716 0.771785
288000 0.13298 0.329106 0.294993 0.757079
289000 0.145062 0.350475 0.274378 0.769915
290000 0.152001 0.333401 0.291205 0.776608
291000 0.13435 0.330867 0.274124 0.739341
292000 0.136259 0.342678 0.279239 0.758176
293000 0.14696 0.335956 0.301839 0.784756
294000 0.149985 0.333764 0.284308 0.768057
295000 0.137253 0.329448 0.30598 0.772682
296000 0.138431 0.33674 0.273171 0.748343
297000 0.152313 0.35687 0.285041 0.794223
298000 0.132582 0.338907 0.3081 0.779589
299000 0.146527 0.382169 0.282305 0.811001
300000 0.143677 0.357843 0.309613 0.811134
301000 0.151851 0.357373 0.298066 0.80729
302000 0.141735 0.354102 0.281204 0.77704
303000 0.150406 0.348786 0.306522 0.805714
304000 0.143062 0.359709 0.298339 0.80111
305000 0.131463 0.346635 0.30629 0.784389
306000 0.142474 0.358422 0.286075 0.786971
307000 0.15452 0.377173 0.287357 0.819051
308000 0.149802 0.357957 0.302084 0.809843
309000 0.147879 0.384862 0.304267 0.837009
310000 0.145917 0.355462 0.305192 0.806571
311000 0.141941 0.344174 0.31381 0.799924
312000 0.146437 0.391208 0.304967 0.842611
313000 0.144195 0.352832 0.313088 0.810115
314000 0.135009 0.362837 0.302465 0.800311
315000 0.137643 0.346813 0.288682 0.773139
316000 0.141893 0.370554 0.311666 0.824113
317000 0.149317 0.358414 0.2938 0.801531
318000 0.140807 0.382178 0.31425 0.837235
319000 0.146429 0.371671 0.296261 0.814361
320000 0.143015 0.357517 0.307546 0.808078
321000 0.154457 0.397775 0.333315 0.885547
322000 0.142187 0.363142 0.323844 0.829173
323000 0.153637 0.395673 0.326891 0.876201
324000 0.143991 0.368048 0.322364 0.834403
325000 0.154514 0.377195 0.310188 0.841897
326000 0.155134 0.390454 0.341036 0.886624
327000 0.154928 0.366924 0.310959 0.83281
328000 0.162223 0.396654 0.318326 0.877204
329000 0.145071 0.383908 0.331466 0.860445
330000 0.144769 0.381409 0.31533 0.841508
331000 0.1592 0.389976 0.334572 0.883748
332000 0.163706 0.374663 0.332711 0.87108
333000 0.149028 0.395736 0.326798 0.871562
334000 0.141359 0.368158 0.329721 0.839237
335000 0.147839 0.384106 0.339062 0.871007
336000 0.15453 0.406031 0.336676 0.897236
337000 0.144348 0.390464 0.349289 0.884101
338000 0.149172 0.391302 0.347433 0.887907
339000 0.148105 0.389319 0.358962 0.896386
340000 0.153159 0.388733 0.341599 0.883491
341000 0.148394 0.402617 0.342062 0.893073
342000 0.145398 0.382467 0.366533 0.894398
343000 0.152084 0.403452 0.337955 0.893491
344000 0.142728 0.388284 0.365781 0.896793
345000 0.162665 0.400327 0.341079 0.904071
346000 0.15083 0.410084 0.339657 0.900571
347000 0.141294 0.390568 0.366368 0.89823
348000 0.167858 0.404805 0.338378 0.911041
349000 0.155382 0.410342 0.349026 0.91475
350000 0.152093 0.387043 0.338694 0.877829
351000 0.164664 0.415504 0.345429 0.925598
352000 0.14948 0.407529 0.370306 0.927314
353000 0.14739 0.404395 0.353002 0.904787
354000 0.148953 0.423227 0.371492 0.943673
355000 0.149334 0.409603 0.344188 0.903125
356000 0.159576 0.411719 0.349232 0.920526
357000 0.159014 0.398115 0.367943 0.925072
358000 0.156372 0.380055 0.349809 0.886237
359000 0.177195 0.42452 0.355055 0.95677
360000 0.145364 0.395458 0.337002 0.877824
361000 0.161622 0.422489 0.348643 0.932754
362000 0.161498 0.396571 0.365271 0.92334
363000 0.151926 0.384496 0.354662 0.891084
364000 0.151694 0.435719 0.349015 0.936428
365000 0.144917 0.408401 0.350224 0.903542
366000 0.143991 0.404251 0.359519 0.907761
367000 0.160814 0.428068 0.378063 0.966945
368000 0.161859 0.41139 0.376851 0.9501
369000 0.163875 0.461712 0.376982 1.00257
370000 0.162224 0.420932 0.391555 0.974711
371000 0.181535 0.441328 0.380398 1.00326
372000 0.179007 0.440493 0.406446 1.02595
373000 0.152531 0.433583 0.367122 0.953236
374000 0.164189 0.447559 0.382307 0.994055
375000 0.159617 0.439263 0.40159 1.00047
376000 0.175362 0.469231 0.389444 1.03404
377000 0.150015 0.418324 0.392576 0.960915
378000 0.167348 0.437692 0.380208 0.985248
379000 0.162683 0.455601 0.379031 0.997314
380000 0.155551 0.433416 0.380749 0.969716
381000 0.168811 0.461068 0.373559 1.00344
382000 0.158598 0.444545 0.407579 1.01072
383000 0.152433 0.462176 0.379129 0.993739
384000 0.159547 0.450873 0.397187 1.00761
385000 0.158931 0.437208 0.397043 0.993182
386000 0.165081 0.473859 0.393992 1.03293
387000 0.16042 0.448413 0.414171 1.023
388000 0.174426 0.467159 0.404738 1.04632
389000 0.162509 0.465165 0.397038 1.02471
390000 0.152593 0.446078 0.3945 0.993171
391000 0.161747 0.494658 0.395801 1.05221
392000 0.154238 0.453357 0.419425 1.02702
393000 0.16597 0.481972 0.419794 1.06774
394000 0.166067 0.472284 0.414165 1.05252
395000 0.166018 0.465966 0.400229 1.03221
396000 0.157284 0.485013 0.39756 1.03986
397000 0.150847 0.4762 0.430287 1.05733
398000 0.16647 0.501536 0.403837 1.07184
399000 0.161022 0.466042 0.42597 1.05303
400000 0.161159 0.480387 0.41028 1.05183
401000 0.171141 0.540975 0.402635 1.11475
402000 0.159234 0.481394 0.424989 1.06562
403000 0.189664 0.51705 0.413066 1.11978
404000 0.181168 0.49276 0.407007 1.08094
405000 0.180273 0.492369 0.430703 1.10334
406000 0.157316 0.50899 0.406458 1.07276
407000 0.159388 0.503135 0.430077 1.0926
408000 0.161779 0.500026 0.413171 1.07498
409000 0.156408 0.479528 0.420063 1.056
410000 0.161619 0.507861 0.431607 1.10109
411000 0.149282 0.483637 0.42958 1.0625
412000 0.164298 0.479209 0.437721 1.08123
413000 0.178604 0.522974 0.432642 1.13422
414000 0.169832 0.49089 0.428974 1.0897
415000 0.180158 0.523353 0.438358 1.14187
416000 0.157848 0.50494 0.434285 1.09707
417000 0.168694 0.514112 0.445759 1.12857
418000 0.170409 0.505038 0.429299 1.10475
419000 0.173555 0.526387 0.446168 1.14611
420000 0.154139 0.506463 0.432967 1.09357
421000 0.164949 0.502438 0.422607 1.08999
422000 0.183058 0.551836 0.447194 1.18209
423000 0.165032 0.518364 0.449709 1.1331
424000 0.169861 0.53625 0.438897 1.14501
425000 0.174657 0.541105 0.444712 1.16047
426000 0.162263 0.531616 0.441586 1.13546
427000 0.171838 0.517289 0.440891 1.13002
428000 0.171054 0.517985 0.453709 1.14275
429000 0.178448 0.527618 0.449731 1.1558
430000 0.175353 0.535401 0.437495 1.14825
431000 0.186944 0.525976 0.460303 1.17322
432000 0.170756 0.51526 0.453018 1.13903
433000 0.177541 0.552637 0.45748 1.18766
434000 0.184511 0.530522 0.459353 1.17439
435000 0.16531 0.52175 0.435565 1.12263
436000 0.169703 0.534002 0.462083 1.16579
437000 0.180118 0.517097 0.471293 1.16851
438000 0.182375 0.541915 0.447067 1.17136
439000 0.172533 0.539797 0.465548 1.17788
440000 0.167315 0.519236 0.4562 1.14275
441000 0.188628 0.547809 0.472232 1.20867
442000 0.194477 0.529029 0.460823 1.18433
443000 0.171991 0.527747 0.467631 1.16737
444000 0.164935 0.534527 0.457476 1.15694
445000 0.179847 0.522738 0.454842 1.15743
446000 0.17941 0.535582 0.47378 1.18877
447000 0.176473 0.509334 0.466089 1.1519
448000 0.169789 0.539805 0.460443 1.17004
449000 0.188524 0.540005 0.473178 1.20171
450000 0.174117 0.521102 0.473662 1.16888
451000 0.179228 0.536321 0.476667 1.19222
452000 0.169447 0.525687 0.473977 1.16911
453000 0.177895 0.540626 0.457623 1.17614
454000 0.191125 0.525657 0.460578 1.17736
455000 0.193137 0.530651 0.467736 1.19152
456000 0.17519 0.53838 0.488779 1.20235
457000 0.1784 0.522206 0.46643 1.16704
458000 0.175683 0.554373 0.491211 1.22127
459000 0.182386 0.523073 0.460425 1.16588
460000 0.187685 0.552359 0.462109 1.20215
461000 0.179854 0.515919 0.49825 1.19402
462000 0.191057 0.555853 0.471536 1.21845
463000 0.19422 0.539802 0.498692 1.23271
464000 0.180891 0.531782 0.472175 1.18485
465000 0.184885 0.544263 0.469499 1.19865
466000 0.185597 0.557215 0.513986 1.2568
467000 0.185196 0.535672 0.495674 1.21654
468000 0.192392 0.558053 0.523872 1.27432
469000 0.184204 0.553589 0.483637 1.22143
470000 0.174198 0.550287 0.490178 1.21466
471000 0.179525 0.518507 0.508308 1.20634
472000 0.198323 0.574554 0.491469 1.26434
473000 0.18113 0.540704 0.525154 1.24699
474000 0.180193 0.539242 0.489123 1.20856
475000 0.192674 0.57301 0.488934 1.25462
476000 0.167632 0.550484 0.50587 1.22399
477000 0.190712 0.572697 0.498253 1.26166
478000 0.181662 0.526467 0.525098 1.23323
479000 0.198594 0.563692 0.480596 1.24288
480000 0.182678 0.549437 0.489934 1.22205
481000 0.18011 0.53122 0.49926 1.21059
482000 0.195599 0.572515 0.490615 1.25873
483000 0.189906 0.53421 0.511617 1.23573
484000 0.180871 0.549448 0.48977 1.22009
485000 0.183744 0.569035 0.495217 1.248
486000 0.194209 0.540503 0.512239 1.24695
487000 0.195024 0.559996 0.50497 1.25999
488000 0.195581 0.543225 0.49829 1.2371
489000 0.193566 0.553378 0.505871 1.25282
490000 0.18559 0.556082 0.489072 1.23074
491000 0.176054 0.549364 0.508366 1.23378
492000 0.185351 0.587689 0.490294 1.26333
493000 0.191733 0.535452 0.486937 1.21412
494000 0.183705 0.574803 0.490711 1.24922
495000 0.173709 0.560536 0.500079 1.23432
496000 0.175116 0.539683 0.514245 1.22904
497000 0.196977 0.59189 0.512466 1.30133
498000 0.179808 0.535254 0.493905 1.20897
499000 0.188601 0.586849 0.503317 1.27877
500000 0.177304 0.553186 0.493415 1.2239
501000 0.182953 0.561181 0.530125 1.27426
502000 0.196135 0.568126 0.50289 1.26715
503000 0.182551 0.546508 0.506342 1.2354
504000 0.194299 0.606784 0.521039 1.32212
505000 0.187473 0.536775 0.496377 1.22062
506000 0.189284 0.551444 0.544871 1.2856
507000 0.189356 0.585837 0.496355 1.27155
508000 0.190187 0.553503 0.517706 1.2614
509000 0.197379 0.591099 0.491486 1.27996
510000 0.186365 0.566307 0.493801 1.24647
511000 0.194041 0.558255 0.52207 1.27437
512000 0.187579 0.610612 0.50563 1.30382
513000 0.18663 0.542817 0.524065 1.25351
514000 0.181891 0.563307 0.50362 1.24882
515000 0.193053 0.572478 0.522099 1.28763
516000 0.18818 0.563011 0.542565 1.29376
517000 0.191472 0.569412 0.505889 1.26677
518000 0.189451 0.555556 0.530496 1.2755
519000 0.207437 0.567522 0.500638 1.2756
520000 0.197658 0.558331 0.513883 1.26987
521000 0.192087 0.578057 0.513693 1.28384
522000 0.203713 0.579653 0.513265 1.29663
523000 0.218488 0.586551 0.531888 1.33693
524000 0.21484 0.600341 0.49677 1.31195
525000 0.191759 0.569561 0.517456 1.27878
526000 0.197065 0.585675 0.513325 1.29607
527000 0.193105 0.592652 0.520552 1.30631
528000 0.202174 0.572228 0.545129 1.31953
529000 0.211155 0.602832 0.537535 1.35152
530000 0.212288 0.561842 0.544172 1.3183
531000 0.216043 0.587118 0.536627 1.33979
532000 0.201918 0.586052 0.532598 1.32057
533000 0.202419 0.573661 0.528121 1.3042
534000 0.211475 0.577355 0.524939 1.31377
535000 0.20427 0.570861 0.526313 1.30144
536000 0.189861 0.595343 0.536794 1.322
537000 0.186368 0.57181 0.521987 1.28016
538000 0.204851 0.598236 0.564256 1.36734
539000 0.205339 0.577291 0.526307 1.30894
540000 0.196993 0.585047 0.540594 1.32263
541000 0.191038 0.594731 0.538742 1.32451
542000 0.187281 0.588639 0.552543 1.32846
543000 0.201925 0.609506 0.546509 1.35794
544000 0.191012 0.598461 0.529473 1.31895
545000 0.198358 0.59411 0.5605 1.35297
546000 0.194002 0.600226 0.530793 1.32502
547000 0.21465 0.587205 0.540887 1.34274
548000 0.212974 0.627565 0.547069 1.38761
549000 0.200086 0.607931 0.555837 1.36385
550000 0.190548 0.597156 0.553927 1.34163
551000 0.206589 0.633434 0.545902 1.38592
552000 0.197396 0.594816 0.557035 1.34925
553000 0.217685 0.618136 0.556208 1.39203
554000 0.213923 0.625355 0.547638 1.38692
555000 0.199742 0.591476 0.551603 1.34282
556000 0.207461 0.620166 0.528972 1.3566
557000 0.198548 0.591006 0.547586 1.33714
558000 0.198353 0.597947 0.555013 1.35131
559000 0.212084 0.629085 0.530726 1.3719
560000 0.192494 0.59512 0.540817 1.32843
561000 0.201145 0.637253 0.556625 1.39502
562000 0.199497 0.610939 0.546681 1.35712
563000 0.210352 0.638279 0.542519 1.39115
564000 0.204515 0.610723 0.546074 1.36131
565000 0.198008 0.604062 0.56205 1.36412
566000 0.218186 0.624901 0.546251 1.38934
567000 0.204156 0.615851 0.573787 1.39379
568000 0.187788 0.629373 0.559346 1.37651
569000 0.195163 0.604226 0.558769 1.35816
570000 0.209014 0.619751 0.547603 1.37637
571000 0.199723 0.637448 0.558461 1.39563
572000 0.197787 0.609076 0.563325 1.37019
573000 0.210466 0.642689 0.563509 1.41666
574000 0.209119 0.612402 0.555075 1.3766
575000 0.205758 0.621498 0.551748 1.379
576000 0.203396 0.639494 0.565299 1.40819
577000 0.191139 0.59815 0.568896 1.35818
578000 0.217551 0.639584 0.563942 1.42108
579000 0.199115 0.620435 0.566836 1.38639
580000 0.202995 0.634623 0.581561 1.41918
581000 0.213738 0.649379 0.566824 1.42994
582000 0.191367 0.630444 0.573095 1.39491
583000 0.225035 0.676928 0.574422 1.47638
584000 0.223773 0.619254 0.564456 1.40748
585000 0.234246 0.654231 0.564019 1.4525
586000 0.21074 0.666209 0.57044 1.44739
587000 0.194244 0.633209 0.574106 1.40156
588000 0.210985 0.673889 0.565241 1.45011
589000 0.214423 0.638717 0.565537 1.41868
590000 0.211909 0.640108 0.585199 1.43722
591000 0.207282 0.675129 0.570578 1.45299
592000 0.210914 0.647344 0.604701 1.46296
593000 0.21267 0.664244 0.568476 1.44539
594000 0.205023 0.657133 0.584982 1.44714
595000 0.200289 0.677368 0.578571 1.45623
596000 0.214 0.651027 0.576315 1.44134
597000 0.205902 0.672531 0.603941 1.48237
598000 0.217197 0.677049 0.577582 1.47183
599000 0.201712 0.664467 0.585402 1.45158
600000 0.200655 0.658305 0.603622 1.46258
601000 0.226932 0.657155 0.580496 1.46458
602000 0.210579 0.648382 0.587556 1.44652
603000 0.208203 0.684694 0.57826 1.47116
604000 0.219188 0.66017 0.612577 1.49193
605000 0.208809 0.67791 0.581429 1.46815
606000 0.208344 0.653022 0.593908 1.45527
607000 0.219029 0.668967 0.587228 1.47522
608000 0.221088 0.697276 0.588882 1.50725
609000 0.216291 0.647287 0.586923 1.4505
610000 0.215365 0.665829 0.599123 1.48032
611000 0.221618 0.668042 0.592718 1.48238
612000 0.207247 0.661237 0.577584 1.44607
613000 0.207905 0.680816 0.585764 1.47448
614000 0.204538 0.661315 0.587211 1.45306
615000 0.205007 0.656317 0.578142 1.43947
616000 0.220281 0.685159 0.58788 1.49332
617000 0.2116 0.68016 0.580563 1.47232
618000 0.209865 0.672103 0.581603 1.46357
619000 0.217934 0.668566 0.59094 1.47744
620000 0.195031 0.659105 0.584785 1.43892
621000 0.216695 0.684707 0.599375 1.50078
622000 0.213095 0.67727 0.600505 1.49087
623000 0.22479 0.673857 0.609311 1.50796
624000 0.211927 0.681326 0.582434 1.47569
625000 0.196928 0.670094 0.595665 1.46269
626000 0.211559 0.688046 0.575011 1.47462
627000 0.216865 0.678586 0.58682 1.48227
628000 0.209252 0.685335 0.601344 1.49593
629000 0.221065 0.664282 0.585052 1.4704
630000 0.216257 0.669703 0.588009 1.47397
631000 0.220503 0.69006 0.601609 1.51217
632000 0.224284 0.682039 0.594667 1.50099
633000 0.218892 0.687627 0.595962 1.50248
634000 0.228543 0.714888 0.595981 1.53941
635000 0.218569 0.682676 0.612667 1.51391
636000 0.231833 0.692675 0.593518 1.51803
637000 0.224441 0.685823 0.610777 1.52104
638000 0.209541 0.671686 0.584029 1.46526
639000 0.230837 0.696443 0.591429 1.51871
640000 0.210848 0.672691 0.595257 1.4788
641000 0.23902 0.726149 0.598162 1.56333
642000 0.227183 0.690518 0.602417 1.52012
643000 0.234441 0.697711 0.620826 1.55298
644000 0.211844 0.709565 0.596195 1.5176
645000 0.217591 0.681448 0.598999 1.49804
646000 0.224001 0.698173 0.603121 1.5253
647000 0.205246 0.694762 0.612915 1.51292
648000 0.228206 0.719306 0.612755 1.56027
649000 0.230338 0.697796 0.595076 1.52321
650000 0.239 0.705849 0.611468 1.55632
651000 0.2288 0.691147 0.613116 1.53306
652000 0.223697 0.679779 0.605316 1.50879
653000 0.225231 0.695705 0.604871 1.52581
654000 0.229709 0.696466 0.605371 1.53155
655000 0.219495 0.696808 0.62051 1.53681
656000 0.216017 0.70892 0.625015 1.54995
657000 0.209387 0.693604 0.60388 1.50687
658000 0.223143 0.686212 0.609258 1.51861
659000 0.238128 0.741131 0.613074 1.59233
660000 0.24324 0.711669 0.603754 1.55866
661000 0.244037 0.709232 0.599565 1.55283
662000 0.215222 0.737041 0.606805 1.55907
663000 0.220177 0.710325 0.61667 1.54717
664000 0.235919 0.719246 0.611555 1.56672
665000 0.221426 0.702937 0.612745 1.53711
666000 0.22452 0.73127 0.61907 1.57486
667000 0.246397 0.702378 0.610632 1.55941
668000 0.242714 0.694043 0.600186 1.53694
669000 0.224646 0.719942 0.612998 1.55759
670000 0.219537 0.719601 0.614846 1.55398
671000 0.229683 0.762866 0.607457 1.60001
672000 0.230898 0.707579 0.622949 1.56143
673000 0.225194 0.723955 0.604031 1.55318
674000 0.238056 0.736655 0.608226 1.58294
675000 0.226186 0.736686 0.606982 1.56985
676000 0.238668 0.765236 0.617896 1.6218
677000 0.243587 0.722992 0.602336 1.56892
678000 0.234485 0.736225 0.62005 1.59076
679000 0.242864 0.753535 0.617767 1.61417
680000 0.220886 0.726153 0.635037 1.58208
681000 0.240784 0.787156 0.621436 1.64938
682000 0.225939 0.736616 0.624929 1.58748
683000 0.245138 0.743528 0.626645 1.61531
684000 0.227736 0.762934 0.605182 1.59585
685000 0.218344 0.745262 0.610474 1.57408
686000 0.24023 0.784676 0.615016 1.63992
687000 0.227714 0.72825 0.612483 1.56845
688000 0.230858 0.76208 0.66371 1.65665
689000 0.234673 0.714947 0.63731 1.58693
690000 0.235101 0.737379 0.636754 1.60923
691000 0.235462 0.757406 0.623906 1.61677
692000 0.244667 0.740574 0.640301 1.62554
693000 0.249235 0.737241 0.662773 1.64925
694000 0.248405 0.759424 0.646682 1.65451
695000 0.239717 0.749535 0.648033 1.63729
696000 0.247418 0.770734 0.631182 1.64933
697000 0.246019 0.760879 0.641599 1.6485
698000 0.254189 0.760895 0.651282 1.66637
699000 0.233333 0.758704 0.618062 1.6101
700000 0.237264 0.765875 0.63381 1.63695
701000 0.2484 0.767379 0.653814 1.66959
702000 0.245626 0.75003 0.629384 1.62504
703000 0.235623 0.764532 0.634484 1.63464
704000 0.244629 0.752872 0.626728 1.62423
705000 0.254394 0.763788 0.65066 1.66884
706000 0.224078 0.766412 0.644969 1.63546
707000 0.22846 0.751732 0.64097 1.62116
708000 0.256334 0.764161 0.660665 1.68116
709000 0.236805 0.760476 0.642765 1.64005
710000 0.247597 0.760002 0.636506 1.6441
711000 0.245563 0.808309 0.648256 1.70213
712000 0.229368 0.750889 0.636224 1.61648
713000 0.244751 0.776907 0.661258 1.68292
714000 0.241194 0.731492 0.649031 1.62172
715000 0.242318 0.769893 0.641591 1.6538
716000 0.248354 0.761104 0.660702 1.67016
717000 0.236332 0.764395 0.655524 1.65625
718000 0.241366 0.802134 0.653074 1.69657
719000 0.238693 0.777924 0.642159 1.65878
720000 0.249377 0.764138 0.641785 1.6553
721000 0.256866 0.772231 0.645299 1.6744
722000 0.243934 0.760409 0.626713 1.63106
723000 0.23269 0.782428 0.648807 1.66393
724000 0.247788 0.769219 0.638595 1.6556
725000 0.271958 0.763389 0.640551 1.6759
726000 0.264868 0.816005 0.640828 1.7217
727000 0.266834 0.759203 0.642328 1.66836
728000 0.235778 0.771681 0.663779 1.67124
729000 0.242895 0.755979 0.651947 1.65082
730000 0.262137 0.770584 0.636842 1.66956
731000 0.253583 0.772982 0.642007 1.66857
732000 0.245651 0.762239 0.64397 1.65186
733000 0.247748 0.779523 0.644016 1.67129
734000 0.248578 0.77019 0.631871 1.65064
735000 0.273071 0.796698 0.644999 1.71477
736000 0.285111 0.789156 0.63443 1.7087
737000 0.253442 0.756432 0.640849 1.65072
738000 0.245732 0.833317 0.649253 1.7283
739000 0.250329 0.771481 0.637583 1.65939
740000 0.244583 0.802848 0.643373 1.6908
741000 0.254169 0.757434 0.638315 1.64992
742000 0.243173 0.770243 0.645981 1.6594
743000 0.238008 0.802785 0.674605 1.7154
744000 0.244058 0.771829 0.65909 1.67498
745000 0.2461 0.799796 0.6601 1.706
746000 0.242644 0.801284 0.637803 1.68173
747000 0.234826 0.793184 0.646936 1.67495
748000 0.249869 0.827005 0.657736 1.73461
749000 0.261583 0.822574 0.656333 1.74049
750000 0.25775 0.824778 0.667179 1.74971
751000 0.25459 0.819476 0.698542 1.77261
752000 0.265154 0.799047 0.668209 1.73241
753000 0.254526 0.812602 0.69053 1.75766
754000 0.249202 0.818631 0.670787 1.73862
755000 0.242453 0.819199 0.660317 1.72197
756000 0.24511 0.815715 0.684786 1.74561
757000 0.264018 0.82903 0.669081 1.76213
758000 0.24922 0.80824 0.673943 1.7314
759000 0.256317 0.788958 0.666311 1.71159
760000 0.256952 0.817208 0.691882 1.76604
761000 0.249482 0.787785 0.704481 1.74175
762000 0.254949 0.81786 0.704977 1.77779
763000 0.24873 0.786118 0.697323 1.73217
764000 0.262576 0.785968 0.713539 1.76208
765000 0.260319 0.793423 0.704416 1.75816
766000 0.23626 0.808496 0.725218 1.76998
767000 0.259429 0.830515 0.709248 1.79919
768000 0.253951 0.805819 0.736194 1.79596
769000 0.274686 0.814174 0.710467 1.79933
770000 0.248219 0.806805 0.705875 1.7609
771000 0.242888 0.808367 0.724897 1.77615
772000 0.26268 0.820032 0.711119 1.79383
773000 0.255165 0.796594 0.707687 1.75945
774000 0.259134 0.826557 0.702906 1.7886
775000 0.252685 0.825557 0.736828 1.81507
776000 0.258155 0.827503 0.7201 1.80576
777000 0.258604 0.807142 0.7285 1.79425
778000 0.253589 0.824323 0.720355 1.79827
779000 0.258805 0.840922 0.696687 1.79641
780000 0.260511 0.836538 0.717886 1.81493
781000 0.248526 0.826371 0.712836 1.78773
782000 0.255388 0.827472 0.719489 1.80235
783000 0.259437 0.822451 0.704774 1.78666
784000 0.257844 0.848114 0.719088 1.82505
785000 0.250736 0.82554 0.753404 1.82968
786000 0.247288 0.818733 0.721796 1.78782
787000 0.255356 0.827093 0.729896 1.81235
788000 0.249065 0.829708 0.728784 1.80756
789000 0.260793 0.835869 0.747219 1.84388
790000 0.25695 0.821674 0.744345 1.82297
791000 0.249945 0.820403 0.750382 1.82073
792000 0.264392 0.854051 0.73088 1.84932
793000 0.249714 0.814998 0.734486 1.7992
794000 0.255838 0.838134 0.711881 1.80585
795000 0.256151 0.851239 0.721878 1.82927
796000 0.262036 0.842733 0.735426 1.84019
797000 0.271478 0.854316 0.720085 1.84588
798000 0.259345 0.842636 0.722575 1.82456
799000 0.265637 0.845066 0.723865 1.83457
800000 0.269962 0.849423 0.720394 1.83978
801000 0.262572 0.817317 0.718595 1.79848
802000 0.278929 0.886336 0.741248 1.90651
803000 0.266546 0.832695 0.73227 1.83151
804000 0.274619 0.854909 0.716357 1.84589
805000 0.271291 0.838956 0.73538 1.84563
806000 0.268147 0.844118 0.743391 1.85566
807000 0.266275 0.869942 0.729661 1.86588
808000 0.269994 0.834992 0.764291 1.86928
809000 0.267502 0.840976 0.720082 1.82856
810000 0.278139 0.823514 0.762416 1.86407
811000 0.275262 0.840249 0.727409 1.84292
812000 0.272222 0.840844 0.726155 1.83922
813000 0.267005 0.842899 0.744786 1.85469
814000 0.264224 0.846064 0.724223 1.83451
815000 0.2539 0.824401 0.717171 1.79547
816000 0.277002 0.837613 0.742251 1.85687
817000 0.283581 0.821265 0.727762 1.83261
818000 0.27058 0.855807 0.765158 1.89155
819000 0.262386 0.873461 0.739078 1.87493
820000 0.24615 0.846942 0.737455 1.83055
821000 0.274716 0.854515 0.724428 1.85366
822000 0.27842 0.864663 0.750599 1.89368
823000 0.270824 0.857485 0.762643 1.89095
824000 0.24876 0.879995 0.743164 1.87192
825000 0.281139 0.854244 0.746153 1.88154
826000 0.284274 0.885881 0.732402 1.90256
827000 0.254943 0.86418 0.741054 1.86018
828000 0.254471 0.874448 0.747932 1.87685
829000 0.280661 0.880642 0.733358 1.89466
830000 0.276629 0.844838 0.737302 1.85877
831000 0.261008 0.88425 0.751735 1.89699
832000 0.283065 0.866636 0.744744 1.89444
833000 0.279233 0.861302 0.739784 1.88032
834000 0.28204 0.888351 0.749417 1.91981
835000 0.275456 0.863293 0.72771 1.86646
836000 0.275537 0.89719 0.750227 1.92295
837000 0.264551 0.855851 0.735302 1.8557
838000 0.278115 0.870532 0.732138 1.88078
839000 0.273435 0.874995 0.731338 1.87977
840000 0.270807 0.838584 0.727255 1.83665
841000 0.276824 0.874414 0.748969 1.90021
842000 0.278444 0.848526 0.746218 1.87319
843000 0.270646 0.886491 0.749576 1.90671
844000 0.276749 0.853039 0.742886 1.87267
845000 0.271675 0.854661 0.740688 1.86702
846000 0.285497 0.863523 0.785474 1.93449
847000 0.275356 0.837472 0.751484 1.86431
848000 0.278962 0.866904 0.771036 1.9169
849000 0.27597 0.851531 0.766577 1.89408
850000 0.286907 0.835328 0.77016 1.89239
851000 0.284005 0.874726 0.791298 1.95003
852000 0.262949 0.846983 0.753132 1.86306
853000 0.270113 0.849162 0.739775 1.85905
854000 0.290567 0.859358 0.79682 1.94674
855000 0.287356 0.862452 0.806172 1.95598
856000 0.279543 0.881931 0.792731 1.95421
857000 0.288829 0.869615 0.804944 1.96339
858000 0.288611 0.869115 0.778717 1.93644
859000 0.274388 0.866557 0.817963 1.95891
860000 0.26848 0.866045 0.801969 1.93649
861000 0.270163 0.886219 0.800475 1.95686
862000 0.281575 0.854394 0.767364 1.90333
863000 0.27607 0.859938 0.766447 1.90246
864000 0.270065 0.860914 0.796791 1.92777
865000 0.287839 0.862304 0.810392 1.96054
866000 0.287004 0.851837 0.813672 1.95251
867000 0.27138 0.840025 0.790579 1.90198
868000 0.270746 0.873439 0.802067 1.94625
869000 0.275349 0.858732 0.792102 1.92618
870000 0.279598 0.872385 0.784634 1.93662
871000 0.265276 0.881406 0.812942 1.95962
872000 0.278263 0.889629 0.81623 1.98412
873000 0.286365 0.864337 0.817497 1.9682
874000 0.287664 0.850398 0.801368 1.93943
875000 0.275549 0.856922 0.822606 1.95508
876000 0.27532 0.867013 0.870083 2.01242
877000 0.298301 0.868754 0.820537 1.98759
878000 0.274804 0.861708 0.871363 2.00787
879000 0.294552 0.882919 0.847893 2.02536
880000 0.298623 0.870095 0.847927 2.01665
881000 0.288035 0.866265 0.846045 2.00035
882000 0.276845 0.877564 0.858238 2.01265
883000 0.290839 0.864275 0.870801 2.02591
884000 0.272106 0.885682 0.829571 1.98736
885000 0.286836 0.866512 0.838831 1.99218
886000 0.281889 0.864977 0.871443 2.01831
887000 0.286359 0.854082 0.859296 1.99974
888000 0.290357 0.857803 0.908875 2.05704
889000 0.274111 0.869027 0.865859 2.009
890000 0.289086 0.874741 0.888409 2.05224
891000 0.29075 0.874939 0.872912 2.0386
892000 0.281055 0.884915 0.874326 2.0403
893000 0.284554 0.89463 0.894067 2.07325
894000 0.296333 0.899262 0.882102 2.0777
895000 0.298099 0.877054 0.88967 2.06482
896000 0.292143 0.896991 0.853026 2.04216
897000 0.281179 0.875958 0.869652 2.02679
898000 0.271357 0.87774 0.867564 2.01666
899000 0.302981 0.935549 0.87377 2.1123
900000 0.273084 0.872577 0.883897 2.02956
901000 0.289854 0.891111 0.862471 2.04344
902000 0.293947 0.867398 0.866197 2.02754
903000 0.293302 0.867253 0.883092 2.04365
904000 0.291129 0.934588 0.870934 2.09665
905000 0.280752 0.875789 0.879516 2.03606
906000 0.291785 0.903028 0.886013 2.08083
907000 0.27819 0.900343 0.873789 2.05232
908000 0.282907 0.870671 0.885767 2.03935
909000 0.299744 0.909242 0.896356 2.10534
910000 0.286885 0.863221 0.90712 2.05723
911000 0.292677 0.908806 0.895996 2.09748
912000 0.284496 0.881585 0.874488 2.04057
913000 0.286738 0.891427 0.859327 2.03749
914000 0.294338 0.884192 0.883551 2.06208
915000 0.273721 0.862378 0.869359 2.00546
916000 0.314293 0.8975 0.893659 2.10545
917000 0.29957 0.882663 0.872583 2.05482
918000 0.282318 0.891035 0.869398 2.04275
919000 0.275139 0.907343 0.929422 2.1119
920000 0.285126 0.869266 0.880162 2.03455
921000 0.293976 0.899642 0.896204 2.08982
922000 0.276287 0.874035 0.871448 2.02177
923000 0.275964 0.898514 0.876195 2.05067
924000 0.299746 0.892212 0.926094 2.11805
925000 0.270753 0.876489 0.896394 2.04364
926000 0.284488 0.935404 0.909402 2.12929
927000 0.288252 0.864924 0.889812 2.04299
928000 0.282161 0.883294 0.87473 2.04018
929000 0.294944 0.891318 0.929383 2.11565
930000 0.281307 0.873199 0.910086 2.06459
931000 0.306898 0.876917 0.880028 2.06384
932000 0.289802 0.883667 0.88695 2.06042
933000 0.281586 0.881776 0.892475 2.05584
934000 0.297437 0.877886 0.925709 2.10103
935000 0.293326 0.870016 0.901777 2.06512
936000 0.296982 0.892192 0.93473 2.1239
937000 0.273509 0.875804 0.88163 2.03094
938000 0.279614 0.896661 0.8658 2.04207
939000 0.29973 0.886717 0.949466 2.13591
940000 0.29 0.870457 0.887238 2.04769
941000 0.288756 0.903357 0.907328 2.09944
942000 0.282989 0.871852 0.875308 2.03015
943000 0.305605 0.922144 0.878766 2.10652
944000 0.283586 0.897438 0.908726 2.08975
945000 0.286052 0.911609 0.89076 2.08842
946000 0.280524 0.929269 0.933241 2.14303
947000 0.286702 0.905522 0.884365 2.07659
948000 0.307227 0.916278 0.882212 2.10572
949000 0.299845 0.892806 0.914323 2.10697
950000 0.293523 0.901792 0.891582 2.0869
951000 0.281162 0.930738 0.89204 2.10394
952000 0.295702 0.901083 0.903766 2.10055
953000 0.298117 0.922632 0.907841 2.12859
954000 0.291684 0.892239 0.894509 2.07843
955000 0.28735 0.925408 0.885196 2.09795
956000 0.281723 0.89132 0.907582 2.08062
957000 0.274219 0.904803 0.888147 2.06717
958000 0.291634 0.934885 0.909119 2.13564
959000 0.287137 0.886284 0.922608 2.09603
960000 0.307454 0.908282 0.900561 2.1163
961000 0.318137 0.89515 0.943536 2.15682
962000 0.301932 0.893954 0.900597 2.09648
963000 0.295353 0.923444 0.90922 2.12802
964000 0.291031 0.881324 0.884394 2.05675
965000 0.292959 0.923555 0.88909 2.1056
966000 0.308471 0.872236 0.926662 2.10737
967000 0.293308 0.901927 0.906157 2.10139
968000 0.282268 0.937937 0.944217 2.16442
969000 0.282296 0.889784 0.902453 2.07453
970000 0.281786 0.91186 0.899807 2.09345
971000 0.291117 0.906423 0.939767 2.13731
972000 0.322837 0.901383 0.929852 2.15407
973000 0.323628 0.919849 0.912429 2.15591
974000 0.306277 0.912453 0.918954 2.13768
975000 0.294493 0.910822 0.927649 2.13296
976000 0.284491 0.902307 0.92613 2.11293
977000 0.27619 0.910625 0.915427 2.10224
978000 0.291 0.95651 0.916081 2.16359
979000 0.29506 0.912028 0.897948 2.10504
980000 0.316343 0.942588 0.888839 2.14777
981000 0.306929 0.927366 0.908189 2.14248
982000 0.279614 0.909513 0.893988 2.08311
983000 0.282964 0.951049 0.893242 2.12726
984000 0.291398 0.917197 0.930215 2.13881
985000 0.305167 0.93345 0.934139 2.17276
986000 0.281016 0.936929 0.914594 2.13254
987000 0.289853 0.929642 0.912609 2.1321
988000 0.288394 0.939145 0.916519 2.14406
989000 0.30334 0.939178 0.897318 2.13984
990000 0.32162 0.948341 0.911929 2.18189
991000 0.299021 0.951252 0.901878 2.15215
992000 0.279337 0.930395 0.917575 2.12731
993000 0.299645 0.952147 0.90165 2.15344
994000 0.302803 0.927854 0.905538 2.13619
995000 0.301535 0.960715 0.935967 2.19822
996000 0.289722 0.975021 0.898811 2.16355
997000 0.289532 0.96195 0.931866 2.18335
998000 0.29714 0.966889 0.920159 2.18419
999000 0.304062 0.946154 0.923369 2.17359
1000000 0.318745 0.944088 0.919402 2.18223
1001000 0.317084 0.953144 0.894717 2.16495
1002000 0.30749 0.953049 0.928569 2.18911
1003000 0.297811 0.991921 0.899003 2.18874
1004000 0.283121 0.964509 0.913781 2.16141
1005000 0.294802 0.952725 0.908649 2.15618
1006000 0.309228 0.979191 0.901394 2.18981
1007000 0.285782 0.967069 0.937687 2.19054
1008000 0.308873 1.01596 0.929733 2.25457
1009000 0.298665 0.950107 0.906044 2.15482
1010000 0.305152 0.986143 0.940075 2.23137
1011000 0.29736 0.972281 0.933004 2.20264
1012000 0.298951 1.01096 0.967899 2.27781
1013000 0.311587 1.0084 0.906008 2.22599
1014000 0.298674 0.998319 0.936862 2.23386
1015000 0.311655 0.999641 0.946768 2.25806
1016000 0.317521 0.999756 0.943487 2.26076
1017000 0.311427 1.00363 0.989436 2.30449
1018000 0.314214 1.0106 0.938501 2.26332
1019000 0.309515 1.02491 0.960368 2.29479
1020000 0.308012 0.999513 0.935699 2.24322
1021000 0.30987 1.02615 0.952778 2.2888
1022000 0.309531 1.01237 0.978081 2.29998
1023000 0.319416 1.00551 0.946223 2.27115
1024000 0.300241 1.00286 0.928366 2.23147
1025000 0.294096 0.973984 0.931336 2.19942
1026000 0.332455 1.01238 0.942035 2.28687
1027000 0.320348 0.985573 0.942809 2.24873
1028000 0.314235 1.02198 0.919978 2.25619
1029000 0.327834 0.996331 0.904004 2.22817
1030000 0.333048 1.00589 0.963465 2.3024
