# Time-averaged data for fix 1
# TimeStep c_msd_all[1] c_msd_all[2] c_msd_all[3] c_msd_all[4]
31000 0.0806039 0.0802801 0.0680093 0.228893
32000 0.0661134 0.0773351 0.0882306 0.231679
33000 0.0609789 0.0800114 0.065803 0.206793
34000 0.0731659 0.0781502 0.0934563 0.244772
35000 0.0650551 0.0716088 0.070907 0.207571
36000 0.0695784 0.0711586 0.06887 0.209607
37000 0.0726397 0.0832124 0.087145 0.242997
38000 0.0847742 0.0858285 0.0661355 0.236738
39000 0.0653411 0.0796347 0.0828929 0.227869
40000 0.071938 0.0777354 0.0772254 0.226899
41000 0.0834093 0.0808855 0.0658809 0.230176
42000 0.0781095 0.0702558 0.0816833 0.230049
43000 0.0993259 0.0879068 0.0770746 0.264307
44000 0.0789372 0.0869822 0.0882213 0.254141
45000 0.0786745 0.097489 0.0800118 0.256175
46000 0.0951584 0.0909924 0.075403 0.261554
47000 0.0810451 0.0944417 0.0700859 0.245573
48000 0.0822432 0.0997069 0.0796314 0.261582
49000 0.0826818 0.104576 0.0973907 0.284648
50000 0.0792906 0.0979344 0.0862543 0.263479
51000 0.0872444 0.111968 0.107523 0.306735
52000 0.0854242 0.12128 0.0954563 0.30216
53000 0.0910267 0.0997612 0.0851925 0.27598
54000 0.0833553 0.100263 0.121165 0.304783
55000 0.0829326 0.0922828 0.0874841 0.2627
56000 0.0855649 0.092884 0.0828986 0.261348
57000 0.0762118 0.0988713 0.104088 0.279171
58000 0.0875391 0.0976636 0.0936498 0.278853
59000 0.0804071 0.100865 0.102888 0.284159
60000 0.092278 0.105083 0.0901744 0.287536
61000 0.0958254 0.0946655 0.0813531 0.271844
62000 0.079488 0.094924 0.0942308 0.268643
63000 0.107098 0.106891 0.0957672 0.309756
64000 0.0869795 0.108038 0.0997707 0.294788
65000 0.0857243 0.114526 0.0974454 0.297696
66000 0.08612 0.104337 0.0935951 0.284052
67000 0.0927857 0.106889 0.0900921 0.289767
68000 0.0779909 0.102903 0.0902975 0.271192
69000 0.0872719 0.108424 0.0962061 0.291902
70000 0.105349 0.107385 0.0876271 0.300361
71000 0.0879762 0.114216 0.0949762 0.297168
72000 0.0947412 0.104865 0.0987976 0.298404
73000 0.102549 0.110223 0.0936056 0.306378
74000 0.0924051 0.110968 0.10455 0.307923
75000 0.11128 0.117696 0.096356 0.325332
76000 0.0903677 0.114571 0.0979121 0.30285
77000 0.0889827 0.113072 0.0990104 0.301065
78000 0.100914 0.12126 0.101093 0.323267
79000 0.095597 0.114576 0.0919637 0.302137
80000 0.0983942 0.107429 0.104437 0.310261
81000 0.0889346 0.111073 0.0961734 0.296181
82000 0.0923646 0.112992 0.108778 0.314134
83000 0.112577 0.11903 0.11101 0.342617
84000 0.0871016 0.103756 0.0935397 0.284397
85000 0.095051 0.108423 0.0972387 0.300713
86000 0.0858724 0.121074 0.102039 0.308985
87000 0.0856978 0.118321 0.109527 0.313546
88000 0.104077 0.12395 0.109172 0.337198
89000 0.0881515 0.127175 0.114912 0.330239
90000 0.0991059 0.126307 0.123877 0.34929
91000 0.09358 0.118987 0.10968 0.322247
92000 0.0847013 0.116689 0.141221 0.342611
93000 0.0921698 0.124468 0.10814 0.324778
94000 0.0901626 0.125036 0.118305 0.333504
95000 0.087032 0.124262 0.12864 0.339934
96000 0.0959627 0.131814 0.124623 0.3524
97000 0.0937411 0.137823 0.143217 0.374781
98000 0.0918704 0.140903 0.127678 0.360452
99000 0.0868582 0.130349 0.124788 0.341996
100000 0.0970597 0.145469 0.128313 0.370841
101000 0.0890483 0.142536 0.129374 0.360958
102000 0.0894788 0.129929 0.147238 0.366646
103000 0.0919925 0.13803 0.128296 0.358318
104000 0.10207 0.141508 0.14787 0.391448
105000 0.10557 0.14821 0.134898 0.388678
106000 0.0983183 0.135986 0.140377 0.374682
107000 0.108013 0.1377 0.153654 0.399367
108000 0.0907408 0.14261 0.137662 0.371013
109000 0.0874033 0.136474 0.149348 0.373226
110000 0.11167 0.140844 0.141228 0.393742
111000 0.102674 0.151114 0.17102 0.424807
112000 0.118361 0.149428 0.142742 0.410531
113000 0.0984675 0.156568 0.143262 0.398297
114000 0.102989 0.151084 0.169785 0.423859
115000 0.0950543 0.15418 0.146382 0.395616
116000 0.101328 0.146675 0.162888 0.410891
117000 0.0970089 0.145863 0.14566 0.388532
118000 0.112933 0.153458 0.137053 0.403443
119000 0.101815 0.154912 0.189588 0.446315
120000 0.0948065 0.149172 0.147233 0.391211
121000 0.101635 0.150588 0.167463 0.419686
122000 0.0913436 0.144708 0.15681 0.392862
123000 0.0939769 0.145654 0.145971 0.385603
124000 0.100059 0.140139 0.188493 0.428691
125000 0.0995948 0.148849 0.152685 0.401129
126000 0.101719 0.149553 0.177065 0.428337
127000 0.109883 0.145687 0.159489 0.415058
128000 0.0998346 0.153767 0.154168 0.40777
129000 0.093296 0.15562 0.214007 0.462923
130000 0.0965642 0.15417 0.173058 0.423792
131000 0.100263 0.157925 0.203445 0.461633
132000 0.114492 0.165418 0.166097 0.446007
133000 0.0938532 0.170549 0.166701 0.431103
134000 0.107674 0.169362 0.198871 0.475908
135000 0.0983373 0.160311 0.167365 0.426014
136000 0.112136 0.160164 0.180046 0.452347
137000 0.0906941 0.174729 0.168297 0.43372
138000 0.101279 0.171194 0.167348 0.439822
139000 0.115291 0.168235 0.183116 0.466641
140000 0.0945737 0.158159 0.167471 0.420204
141000 0.129933 0.1926 0.194582 0.517115
142000 0.108124 0.176371 0.18157 0.466064
143000 0.102112 0.183108 0.198996 0.484216
144000 0.0944613 0.18793 0.175738 0.45813
145000 0.108351 0.175566 0.176236 0.460153
146000 0.116108 0.185022 0.211269 0.512398
147000 0.113518 0.204192 0.172803 0.490513
148000 0.105211 0.185312 0.202455 0.492978
149000 0.101589 0.188859 0.18107 0.471517
150000 0.106023 0.197359 0.196093 0.499475
151000 0.10675 0.198317 0.197662 0.502728
152000 0.119409 0.191719 0.176961 0.488088
153000 0.112672 0.207426 0.217432 0.53753
154000 0.101806 0.192611 0.190973 0.48539
155000 0.11369 0.198753 0.210002 0.522446
156000 0.10677 0.199249 0.211267 0.517285
157000 0.115297 0.194849 0.185257 0.495403
158000 0.111288 0.199812 0.221084 0.532184
159000 0.107483 0.19693 0.188558 0.49297
160000 0.120034 0.21644 0.203244 0.539718
161000 0.110703 0.206204 0.204222 0.521129
162000 0.102815 0.209323 0.202137 0.514276
163000 0.129912 0.216169 0.218075 0.564156
164000 0.110103 0.205385 0.200443 0.515932
165000 0.111359 0.218735 0.210028 0.540123
166000 0.109132 0.22821 0.213986 0.551328
167000 0.115438 0.218485 0.206052 0.539975
168000 0.118393 0.212039 0.209193 0.539625
169000 0.110954 0.220141 0.200058 0.531153
170000 0.122917 0.214231 0.217142 0.55429
171000 0.116716 0.226246 0.210172 0.553134
172000 0.12812 0.250921 0.216226 0.595267
173000 0.126576 0.258863 0.230247 0.615686
174000 0.126131 0.220426 0.208489 0.555045
175000 0.121193 0.211346 0.217685 0.550223
176000 0.13081 0.218948 0.213759 0.563517
177000 0.122743 0.225023 0.2075 0.555266
178000 0.12591 0.229603 0.212225 0.567738
179000 0.123653 0.229962 0.216603 0.570219
180000 0.12878 0.223093 0.206526 0.5584
181000 0.135335 0.228901 0.213195 0.57743
182000 0.122448 0.208053 0.218594 0.549095
183000 0.142773 0.233878 0.228211 0.604862
184000 0.124293 0.218794 0.210706 0.553793
185000 0.126146 0.235675 0.221252 0.583073
186000 0.122735 0.225391 0.232495 0.580621
187000 0.121898 0.230923 0.223406 0.576227
188000 0.139041 0.236717 0.238234 0.613992
189000 0.1288 0.225109 0.221959 0.575869
190000 0.137751 0.226889 0.216334 0.580974
191000 0.139331 0.233088 0.242148 0.614568
192000 0.127732 0.240181 0.231856 0.599769
193000 0.136664 0.243297 0.231698 0.61166
194000 0.131104 0.242864 0.233558 0.607526
195000 0.146878 0.238921 0.225586 0.611385
196000 0.1323 0.251245 0.231698 0.615243
197000 0.131023 0.233918 0.222824 0.587766
198000 0.126196 0.235919 0.242182 0.604297
199000 0.126479 0.247919 0.23039 0.604789
200000 0.145075 0.235867 0.245693 0.626635
201000 0.136268 0.247107 0.250111 0.633487
202000 0.148078 0.245776 0.236739 0.630593
203000 0.133077 0.249793 0.253769 0.636639
204000 0.124877 0.255491 0.243195 0.623563
205000 0.133712 0.240715 0.225032 0.599458
206000 0.133073 0.24444 0.246039 0.623552
207000 0.134566 0.229134 0.221721 0.585421
208000 0.133937 0.233688 0.244438 0.612064
209000 0.136274 0.235777 0.251945 0.623996
210000 0.128635 0.231722 0.238971 0.599327
211000 0.139554 0.230183 0.257993 0.627731
212000 0.1224 0.236451 0.236114 0.594965
213000 0.133782 0.243168 0.244664 0.621614
214000 0.132552 0.234392 0.23775 0.604694
215000 0.134487 0.249023 0.257571 0.641082
216000 0.149935 0.237686 0.257439 0.64506
217000 0.133423 0.243859 0.241434 0.618715
218000 0.164533 0.241574 0.252893 0.659
219000 0.137998 0.251647 0.251615 0.641259
220000 0.144706 0.237568 0.253787 0.636061
221000 0.135581 0.238416 0.237277 0.611274
222000 0.137949 0.255369 0.256212 0.64953
223000 0.137737 0.249205 0.249846 0.636788
224000 0.145599 0.254448 0.257469 0.657516
225000 0.168918 0.25183 0.245893 0.66664
226000 0.153353 0.248561 0.240253 0.642166
227000 0.147611 0.247167 0.261308 0.656086
228000 0.138969 0.249727 0.255823 0.644519
229000 0.146533 0.271146 0.264205 0.681883
230000 0.145687 0.275994 0.264341 0.686022
231000 0.138231 0.249457 0.252849 0.640537
232000 0.15592 0.266953 0.278355 0.701229
233000 0.154207 0.272625 0.243101 0.669933
234000 0.143007 0.273477 0.289045 0.705529
235000 0.141846 0.260689 0.256902 0.659437
236000 0.1388 0.263403 0.26166 0.663863
237000 0.149422 0.269013 0.269495 0.68793
238000 0.140001 0.280117 0.266379 0.686497
239000 0.155337 0.270628 0.270446 0.696411
240000 0.143004 0.277393 0.281182 0.701579
241000 0.158139 0.281632 0.283528 0.723299
242000 0.145856 0.265531 0.273304 0.684691
243000 0.134523 0.260142 0.259034 0.653699
244000 0.16578 0.266493 0.274249 0.706522
245000 0.138724 0.27301 0.272251 0.683985
246000 0.153184 0.266828 0.267611 0.687623
247000 0.136778 0.276768 0.266306 0.679853
248000 0.137852 0.285104 0.284948 0.707905
249000 0.149132 0.286422 0.280821 0.716376
250000 0.139259 0.273711 0.288156 0.701126
251000 0.142863 0.275135 0.283405 0.701404
252000 0.152095 0.281099 0.288149 0.721342
253000 0.144468 0.269561 0.278434 0.692463
254000 0.156147 0.274891 0.296456 0.727495
255000 0.142908 0.281903 0.283508 0.708319
256000 0.145179 0.276128 0.280548 0.701854
257000 0.144927 0.27514 0.263617 0.683684
258000 0.146375 0.272589 0.286134 0.705099
259000 0.140682 0.289168 0.29259 0.722441
260000 0.133862 0.281946 0.277273 0.69308
261000 0.135975 0.268692 0.299099 0.703766
262000 0.133315 0.275452 0.276498 0.685265
263000 0.155099 0.276663 0.287568 0.719329
264000 0.14678 0.274081 0.280648 0.701509
265000 0.14713 0.266721 0.287373 0.701223
266000 0.15398 0.277976 0.279964 0.71192
267000 0.140501 0.281121 0.28742 0.709042
268000 0.150703 0.285488 0.291258 0.727449
269000 0.140468 0.281499 0.278452 0.700419
270000 0.145689 0.277833 0.278413 0.701935
271000 0.143588 0.276159 0.293563 0.71331
272000 0.143147 0.28727 0.291891 0.722308
273000 0.149095 0.298195 0.284373 0.731663
274000 0.142809 0.290613 0.279138 0.71256
275000 0.151038 0.272382 0.290149 0.71357
276000 0.142995 0.277416 0.272803 0.693214
277000 0.138719 0.283035 0.291274 0.713027
278000 0.143223 0.275111 0.273242 0.691576
279000 0.140461 0.268991 0.279338 0.68879
280000 0.16233 0.271776 0.281823 0.715929
281000 0.142339 0.277738 0.27212 0.692198
282000 0.140507 0.287155 0.299388 0.72705
283000 0.143072 0.274464 0.287113 0.704649
284000 0.136404 0.271483 0.291989 0.699876
285000 0.153017 0.276367 0.283134 0.712518
286000 0.139081 0.278062 0.275054 0.692197
287000 0.140939 0.286027 0.293353 0.720319
288000 0.164995 0.284131 0.275543 0.724669
289000 0.147252 0.284649 0.293244 0.725144
290000 0.169069 0.282475 0.275121 0.726664
291000 0.145301 0.276755 0.271401 0.693457
292000 0.157278 0.301061 0.30041 0.758748
293000 0.155462 0.290275 0.27933 0.725067
294000 0.1487 0.27508 0.278653 0.702432
295000 0.159375 0.283953 0.306583 0.74991
296000 0.154818 0.272925 0.275496 0.703239
297000 0.152929 0.266523 0.292428 0.71188
298000 0.138524 0.2806 0.283275 0.702399
299000 0.137603 0.280957 0.283574 0.702133
300000 0.177372 0.286962 0.28972 0.754054
301000 0.150068 0.290085 0.283979 0.724132
302000 0.168737 0.298122 0.302293 0.769152
303000 0.145539 0.304004 0.299561 0.749104
304000 0.153606 0.297103 0.310578 0.761287
305000 0.158077 0.296491 0.279497 0.734066
306000 0.149816 0.299882 0.285189 0.734888
307000 0.177635 0.302165 0.294389 0.774189
308000 0.158409 0.295499 0.283621 0.737529
309000 0.163592 0.301774 0.311958 0.777325
310000 0.145971 0.303023 0.292502 0.741497
311000 0.144379 0.296881 0.311738 0.752998
312000 0.161411 0.299047 0.288813 0.749271
313000 0.157166 0.30998 0.302414 0.76956
314000 0.161344 0.309359 0.308451 0.779154
315000 0.140036 0.299061 0.275357 0.714453
316000 0.171168 0.32014 0.311529 0.802837
317000 0.153705 0.299954 0.289496 0.743156
318000 0.150252 0.30676 0.304237 0.76125
319000 0.154315 0.306328 0.307821 0.768463
320000 0.146981 0.297804 0.285178 0.729963
321000 0.166258 0.309565 0.314192 0.790016
322000 0.155002 0.291145 0.291005 0.737151
323000 0.175494 0.31356 0.291414 0.780468
324000 0.151289 0.303733 0.310601 0.765623
325000 0.156665 0.30971 0.290243 0.756618
326000 0.160326 0.305235 0.328735 0.794296
327000 0.152714 0.301114 0.288838 0.742666
328000 0.184213 0.313371 0.309208 0.806792
329000 0.157502 0.309405 0.354221 0.821128
330000 0.156264 0.306743 0.297024 0.760031
331000 0.15596 0.318632 0.329934 0.804526
332000 0.154212 0.302024 0.308257 0.764493
333000 0.155057 0.335609 0.334151 0.824817
334000 0.147677 0.314491 0.320585 0.782753
335000 0.145287 0.302194 0.293796 0.741276
336000 0.162707 0.328602 0.335478 0.826787
337000 0.155903 0.323507 0.316481 0.795891
338000 0.147758 0.317313 0.330484 0.795555
339000 0.157602 0.314997 0.30605 0.778649
340000 0.149874 0.317694 0.309592 0.77716
341000 0.150492 0.315972 0.320843 0.787307
342000 0.180731 0.322119 0.302003 0.804853
343000 0.172866 0.352846 0.329413 0.855126
344000 0.174124 0.3388 0.310329 0.823253
345000 0.142136 0.320256 0.321922 0.784314
346000 0.150368 0.313141 0.325092 0.788601
347000 0.169422 0.321788 0.316415 0.807625
348000 0.157932 0.330543 0.328142 0.816617
349000 0.180947 0.349705 0.320341 0.850993
350000 0.171108 0.325943 0.321757 0.818808
351000 0.163726 0.330371 0.360922 0.855019
352000 0.155521 0.33224 0.332512 0.820273
353000 0.149703 0.328972 0.366063 0.844738
354000 0.166757 0.351605 0.336124 0.854487
355000 0.157819 0.344798 0.325099 0.827717
356000 0.173464 0.342109 0.361179 0.876752
357000 0.154958 0.336077 0.33902 0.830054
358000 0.159184 0.341878 0.380944 0.882007
359000 0.160501 0.329053 0.346597 0.836151
360000 0.156282 0.32993 0.332492 0.818704
361000 0.194796 0.361492 0.398238 0.954526
362000 0.160381 0.335492 0.3546 0.850474
363000 0.169269 0.333136 0.378251 0.880655
364000 0.15768 0.337628 0.35009 0.845398
365000 0.161165 0.346471 0.347609 0.855245
366000 0.173218 0.366932 0.411798 0.951949
367000 0.158751 0.34893 0.359473 0.867154
368000 0.187709 0.355523 0.392942 0.936173
369000 0.176671 0.359765 0.344417 0.880853
370000 0.179396 0.362427 0.334221 0.876045
371000 0.160001 0.355028 0.382083 0.897112
372000 0.158626 0.366435 0.364221 0.889282
373000 0.197249 0.388788 0.404066 0.990103
374000 0.174606 0.379839 0.346787 0.901232
375000 0.191382 0.357298 0.347073 0.895753
376000 0.165323 0.373677 0.376054 0.915053
377000 0.163944 0.38446 0.362643 0.911047
378000 0.168681 0.405201 0.414851 0.988734
379000 0.161863 0.393589 0.376724 0.932175
380000 0.167405 0.381526 0.385687 0.934618
381000 0.155523 0.385006 0.377326 0.917855
382000 0.167962 0.38517 0.355888 0.90902
383000 0.165073 0.387795 0.377628 0.930496
384000 0.160494 0.392882 0.359183 0.912559
385000 0.169114 0.382212 0.380012 0.931339
386000 0.163283 0.370042 0.359232 0.892557
387000 0.182771 0.378861 0.367747 0.929379
388000 0.158772 0.382689 0.382551 0.924012
389000 0.161048 0.387519 0.363752 0.912318
390000 0.166758 0.397961 0.376781 0.941499
391000 0.175262 0.382697 0.378024 0.935984
392000 0.208952 0.388303 0.361009 0.958264
393000 0.174579 0.384725 0.384577 0.943881
394000 0.187915 0.389697 0.354626 0.932238
395000 0.168184 0.395508 0.382344 0.946036
396000 0.162241 0.391977 0.382213 0.93643
397000 0.170665 0.384713 0.366146 0.921525
398000 0.161058 0.381981 0.389778 0.932817
399000 0.188924 0.384836 0.358905 0.932665
400000 0.162963 0.392312 0.380098 0.935374
401000 0.178972 0.388562 0.371339 0.938873
402000 0.176384 0.378458 0.392276 0.947119
403000 0.16414 0.376031 0.403494 0.943665
404000 0.161776 0.380282 0.383208 0.925267
405000 0.157399 0.392589 0.383354 0.933341
406000 0.187978 0.386653 0.382109 0.956741
407000 0.160438 0.39093 0.381637 0.933005
408000 0.173653 0.386991 0.385193 0.945836
409000 0.165893 0.381703 0.385827 0.933423
410000 0.183056 0.393879 0.380936 0.95787
411000 0.167118 0.385976 0.374816 0.92791
412000 0.160036 0.377968 0.405702 0.943706
413000 0.178514 0.402427 0.398286 0.979226
414000 0.17646 0.393736 0.397698 0.967895
415000 0.167712 0.401598 0.404201 0.973511
416000 0.173922 0.390985 0.381078 0.945986
417000 0.170166 0.390579 0.420142 0.980887
418000 0.192425 0.407814 0.391403 0.991642
419000 0.180543 0.397336 0.394632 0.97251
420000 0.173519 0.389235 0.431629 0.994382
421000 0.177679 0.378858 0.386851 0.943388
422000 0.172373 0.393292 0.40558 0.971245
423000 0.176167 0.406278 0.411887 0.994333
424000 0.179545 0.387984 0.387395 0.954924
425000 0.168123 0.389668 0.408215 0.966006
426000 0.189078 0.389299 0.383886 0.962263
427000 0.166442 0.388399 0.408259 0.9631
428000 0.174954 0.403465 0.405336 0.983755
429000 0.187306 0.392162 0.381761 0.96123
430000 0.170973 0.392794 0.438229 1.002
431000 0.174381 0.390406 0.382965 0.947752
432000 0.170821 0.385822 0.431616 0.988258
433000 0.169949 0.414329 0.388008 0.972286
434000 0.178926 0.402262 0.378794 0.959983
435000 0.166527 0.399433 0.416184 0.982144
436000 0.184838 0.414511 0.403446 1.00279
437000 0.164919 0.396001 0.401029 0.961949
438000 0.164672 0.393892 0.396867 0.955432
439000 0.187285 0.403175 0.399812 0.990272
440000 0.17502 0.403737 0.413323 0.99208
441000 0.198178 0.415345 0.391863 1.00539
442000 0.181541 0.406239 0.406074 0.993854
443000 0.179528 0.40195 0.407418 0.988896
444000 0.188538 0.427244 0.404932 1.02071
445000 0.173256 0.421427 0.426352 1.02104
446000 0.174928 0.409454 0.412457 0.996839
447000 0.177231 0.416346 0.433378 1.02695
448000 0.189367 0.425178 0.40889 1.02344
449000 0.194699 0.402572 0.410177 1.00745
450000 0.180817 0.405506 0.398839 0.985162
451000 0.176361 0.419952 0.391546 0.987859
452000 0.192441 0.410746 0.429331 1.03252
453000 0.173284 0.417424 0.39524 0.985948
454000 0.172344 0.412772 0.398466 0.983582
455000 0.172516 0.418486 0.400886 0.991889
456000 0.179438 0.423411 0.414105 1.01695
457000 0.196006 0.433251 0.423674 1.05293
458000 0.186934 0.425168 0.408739 1.02084
459000 0.191771 0.416349 0.415828 1.02395
460000 0.18072 0.419325 0.402371 1.00242
461000 0.180187 0.427867 0.399583 1.00764
462000 0.18833 0.428206 0.44342 1.05996
463000 0.176697 0.423921 0.409257 1.00988
464000 0.196628 0.450521 0.42832 1.07547
465000 0.185048 0.438647 0.41171 1.0354
466000 0.175562 0.431031 0.401567 1.00816
467000 0.194328 0.419757 0.43735 1.05144
468000 0.172067 0.441968 0.399943 1.01398
469000 0.194683 0.457942 0.407021 1.05965
470000 0.173428 0.454096 0.407783 1.03531
471000 0.19139 0.450371 0.41786 1.05962
472000 0.173367 0.432193 0.445847 1.05141
473000 0.184486 0.449966 0.41294 1.04739
474000 0.196018 0.467805 0.4347 1.09852
475000 0.172494 0.444275 0.420096 1.03686
476000 0.213853 0.4656 0.418509 1.09796
477000 0.181982 0.450017 0.436725 1.06872
478000 0.198484 0.434454 0.416436 1.04937
479000 0.191906 0.44885 0.415793 1.05655
480000 0.184402 0.452503 0.420053 1.05696
481000 0.199476 0.442085 0.412891 1.05445
482000 0.184263 0.439632 0.460853 1.08475
483000 0.209465 0.452182 0.412914 1.07456
484000 0.183401 0.443238 0.428443 1.05508
485000 0.189855 0.434211 0.443855 1.06792
486000 0.190228 0.446302 0.406652 1.04318
487000 0.187339 0.437524 0.451675 1.07654
488000 0.210411 0.440592 0.408928 1.05993
489000 0.189958 0.436657 0.428644 1.05526
490000 0.186687 0.444103 0.427486 1.05828
491000 0.181133 0.420122 0.392356 0.99361
492000 0.185998 0.43416 0.44386 1.06402
493000 0.1905 0.448646 0.40805 1.0472
494000 0.182291 0.436045 0.419715 1.03805
495000 0.186993 0.44454 0.440227 1.07176
496000 0.182595 0.437648 0.418452 1.0387
497000 0.191809 0.452203 0.441827 1.08584
498000 0.185592 0.450533 0.402773 1.0389
499000 0.190399 0.453515 0.417783 1.0617
500000 0.189961 0.430339 0.436758 1.05706
501000 0.189413 0.444332 0.416539 1.05028
502000 0.189923 0.44389 0.422931 1.05674
503000 0.198734 0.446365 0.408309 1.05341
504000 0.175696 0.433607 0.415909 1.02521
505000 0.186009 0.43442 0.44135 1.06178
506000 0.199316 0.44792 0.407371 1.05461
507000 0.196866 0.454821 0.413624 1.06531
508000 0.195649 0.446366 0.411683 1.0537
509000 0.192994 0.443923 0.41765 1.05457
510000 0.205116 0.459594 0.426242 1.09095
511000 0.204621 0.462091 0.40132 1.06803
512000 0.18876 0.458969 0.442687 1.09042
513000 0.216584 0.459251 0.4263 1.10213
514000 0.192031 0.444163 0.414384 1.05058
515000 0.197418 0.462605 0.437066 1.09709
516000 0.191651 0.472112 0.422176 1.08594
517000 0.19834 0.464256 0.445035 1.10763
518000 0.201193 0.455281 0.427331 1.0838
519000 0.184993 0.462889 0.42829 1.07617
520000 0.214707 0.47905 0.455202 1.14896
521000 0.188002 0.451885 0.41815 1.05804
522000 0.199956 0.466748 0.45219 1.11889
523000 0.207371 0.476082 0.427195 1.11065
524000 0.191159 0.476137 0.427789 1.09508
525000 0.200535 0.488944 0.44399 1.13347
526000 0.196509 0.460377 0.419149 1.07604
527000 0.18688 0.46984 0.464868 1.12159
528000 0.207605 0.46358 0.431801 1.10299
529000 0.214498 0.465696 0.431287 1.11148
530000 0.190362 0.471506 0.437093 1.09896
531000 0.197388 0.458086 0.422732 1.07821
532000 0.193546 0.470979 0.485477 1.15
533000 0.201516 0.456247 0.431433 1.0892
534000 0.192367 0.446729 0.429445 1.06854
535000 0.200056 0.459879 0.462793 1.12273
536000 0.183704 0.458933 0.428047 1.07068
537000 0.194579 0.47046 0.495323 1.16036
538000 0.210209 0.45154 0.455879 1.11763
539000 0.198866 0.460587 0.454475 1.11393
540000 0.201984 0.480381 0.468252 1.15062
541000 0.192795 0.463749 0.451157 1.1077
542000 0.199353 0.46634 0.490493 1.15619
543000 0.209721 0.464501 0.449687 1.12391
544000 0.195105 0.475791 0.436209 1.1071
545000 0.192331 0.448554 0.464596 1.10548
546000 0.209366 0.470707 0.445691 1.12576
547000 0.194903 0.471723 0.464425 1.13105
548000 0.205752 0.471335 0.430704 1.10779
549000 0.196149 0.461019 0.455968 1.11314
550000 0.1978 0.460384 0.45814 1.11632
551000 0.19362 0.467799 0.440512 1.10193
552000 0.198949 0.481339 0.452928 1.13322
553000 0.195817 0.464676 0.439063 1.09956
554000 0.192965 0.475267 0.462329 1.13056
555000 0.198162 0.484947 0.438395 1.1215
556000 0.190366 0.471047 0.47084 1.13225
557000 0.217725 0.501329 0.472179 1.19123
558000 0.187982 0.477839 0.460312 1.12613
559000 0.218201 0.48525 0.482299 1.18575
560000 0.217302 0.490023 0.458785 1.16611
561000 0.20596 0.478153 0.467738 1.15185
562000 0.202566 0.482023 0.475246 1.15984
563000 0.209422 0.487358 0.479037 1.17582
564000 0.199798 0.487985 0.463908 1.15169
565000 0.21357 0.512711 0.481475 1.20776
566000 0.196913 0.481707 0.469422 1.14804
567000 0.210677 0.481374 0.4599 1.15195
568000 0.218355 0.489931 0.47009 1.17838
569000 0.206954 0.480737 0.464938 1.15263
570000 0.21083 0.495694 0.47027 1.17679
571000 0.203987 0.491567 0.466818 1.16237
572000 0.196469 0.475099 0.488804 1.16037
573000 0.199854 0.490853 0.47647 1.16718
574000 0.204463 0.508196 0.482675 1.19533
575000 0.217609 0.483174 0.470092 1.17088
576000 0.205406 0.493908 0.473986 1.1733
577000 0.210661 0.483029 0.469286 1.16298
578000 0.212442 0.48898 0.480962 1.18238
579000 0.203612 0.497365 0.464584 1.16556
580000 0.214408 0.49145 0.481332 1.18719
581000 0.215563 0.50307 0.469631 1.18826
582000 0.207688 0.491902 0.468661 1.16825
583000 0.20534 0.511614 0.496194 1.21315
584000 0.206678 0.494229 0.457461 1.15837
585000 0.204772 0.507942 0.472861 1.18557
586000 0.210531 0.494977 0.477449 1.18296
587000 0.200313 0.489758 0.466644 1.15672
588000 0.211496 0.482058 0.494702 1.18826
589000 0.229939 0.495877 0.46589 1.19171
590000 0.220491 0.49235 0.478527 1.19137
591000 0.214242 0.493926 0.475893 1.18406
592000 0.19953 0.487054 0.468618 1.1552
593000 0.206185 0.503011 0.496664 1.20586
594000 0.216724 0.502265 0.450394 1.16938
595000 0.198151 0.495703 0.485338 1.17919
596000 0.213306 0.509853 0.475601 1.19876
597000 0.239116 0.506009 0.451139 1.19626
598000 0.216077 0.499315 0.507016 1.22241
599000 0.22378 0.493802 0.453437 1.17102
600000 0.229012 0.493318 0.487418 1.20975
601000 0.222536 0.485792 0.470196 1.17852
602000 0.213522 0.483514 0.465509 1.16254
603000 0.201727 0.482552 0.480172 1.16445
604000 0.217213 0.478558 0.461396 1.15717
605000 0.219259 0.483838 0.502777 1.20587
606000 0.233008 0.493477 0.470313 1.1968
607000 0.225687 0.477614 0.465757 1.16906
608000 0.206299 0.486747 0.476643 1.16969
609000 0.219417 0.494559 0.466784 1.18076
610000 0.230763 0.482961 0.477004 1.19073
611000 0.214031 0.492007 0.473652 1.17969
612000 0.220352 0.492028 0.47249 1.18487
613000 0.232044 0.505843 0.479987 1.21787
614000 0.22496 0.491877 0.461882 1.17872
615000 0.218432 0.509214 0.491761 1.21941
616000 0.215206 0.499858 0.461799 1.17686
617000 0.227369 0.489999 0.477585 1.19495
618000 0.22121 0.50528 0.486441 1.21293
619000 0.226594 0.509649 0.474192 1.21043
620000 0.223011 0.518624 0.493017 1.23465
621000 0.217644 0.501677 0.47739 1.19671
622000 0.234619 0.50338 0.480001 1.218
623000 0.216923 0.508906 0.491701 1.21753
624000 0.216019 0.520218 0.485914 1.22215
625000 0.210707 0.500896 0.477065 1.18867
626000 0.221767 0.490389 0.481156 1.19331
627000 0.218893 0.500846 0.483289 1.20303
628000 0.222551 0.509936 0.500042 1.23253
629000 0.231404 0.508526 0.481337 1.22127
630000 0.212503 0.502732 0.494746 1.20998
631000 0.220553 0.512023 0.517334 1.24991
632000 0.21412 0.511814 0.493995 1.21993
633000 0.216281 0.514524 0.501902 1.23271
634000 0.21732 0.516073 0.494005 1.2274
635000 0.218585 0.52872 0.507243 1.25455
636000 0.20917 0.512213 0.488249 1.20963
637000 0.21203 0.506575 0.493423 1.21203
638000 0.209607 0.512709 0.513866 1.23618
639000 0.226057 0.516285 0.500152 1.24249
640000 0.215562 0.50658 0.528964 1.25111
641000 0.223142 0.508516 0.492593 1.22425
642000 0.217001 0.503763 0.501995 1.22276
643000 0.215536 0.511039 0.520571 1.24715
644000 0.23388 0.517241 0.476171 1.22729
645000 0.220321 0.506302 0.503071 1.22969
646000 0.244485 0.516176 0.494542 1.2552
647000 0.212046 0.507511 0.492626 1.21218
648000 0.222584 0.515186 0.514228 1.252
649000 0.233577 0.504703 0.495781 1.23406
650000 0.212543 0.508734 0.497553 1.21883
651000 0.240719 0.528051 0.49305 1.26182
652000 0.216505 0.519696 0.511836 1.24804
653000 0.22562 0.530327 0.533974 1.28992
654000 0.219193 0.531907 0.503819 1.25492
655000 0.213928 0.527032 0.521642 1.2626
656000 0.213768 0.527344 0.500011 1.24112
657000 0.212611 0.510237 0.501997 1.22485
658000 0.216034 0.507949 0.532377 1.25636
659000 0.209434 0.53387 0.494754 1.23806
660000 0.231257 0.539961 0.532535 1.30375
661000 0.233776 0.541384 0.496374 1.27153
662000 0.21833 0.532068 0.501216 1.25161
663000 0.221937 0.528507 0.539708 1.29015
664000 0.220645 0.526372 0.502695 1.24971
665000 0.208708 0.535874 0.5436 1.28818
666000 0.207055 0.544702 0.509036 1.26079
667000 0.21639 0.556399 0.507968 1.28076
668000 0.218242 0.544693 0.547413 1.31035
669000 0.209923 0.518176 0.503689 1.23179
670000 0.220149 0.542678 0.533067 1.29589
671000 0.215852 0.555229 0.525606 1.29669
672000 0.220823 0.566929 0.524311 1.31206
673000 0.203323 0.535737 0.534079 1.27314
674000 0.221547 0.539436 0.513739 1.27472
675000 0.211922 0.533909 0.540723 1.28655
676000 0.229141 0.557135 0.515283 1.30156
677000 0.22291 0.546538 0.528771 1.29822
678000 0.213369 0.548955 0.52179 1.28411
679000 0.24021 0.551234 0.526828 1.31827
680000 0.210486 0.532814 0.519821 1.26312
681000 0.221786 0.538024 0.514967 1.27478
682000 0.221385 0.562604 0.524809 1.3088
683000 0.216065 0.533301 0.526314 1.27568
684000 0.237367 0.533225 0.524431 1.29502
685000 0.208303 0.554043 0.526828 1.28918
686000 0.229343 0.528932 0.525169 1.28344
687000 0.213545 0.518869 0.502846 1.23526
688000 0.218289 0.536635 0.547486 1.30241
689000 0.255315 0.556084 0.523078 1.33448
690000 0.203263 0.537886 0.534032 1.27518
691000 0.212572 0.525351 0.517233 1.25516
692000 0.227783 0.547795 0.510956 1.28653
693000 0.219858 0.542443 0.538758 1.30106
694000 0.247284 0.550355 0.518188 1.31583
695000 0.214187 0.533972 0.53463 1.28279
696000 0.220015 0.554002 0.513636 1.28765
697000 0.234256 0.533537 0.499858 1.26765
698000 0.209537 0.534623 0.539615 1.28378
699000 0.248119 0.53844 0.52514 1.3117
700000 0.227062 0.543496 0.523852 1.29441
701000 0.246423 0.544474 0.525893 1.31679
702000 0.217335 0.536745 0.531134 1.28521
703000 0.233003 0.558589 0.550404 1.342
704000 0.234976 0.550671 0.537421 1.32307
705000 0.20873 0.537031 0.566931 1.31269
706000 0.240707 0.548527 0.523642 1.31288
707000 0.225452 0.566888 0.55307 1.34541
708000 0.209923 0.537847 0.53412 1.28189
709000 0.22547 0.566658 0.530944 1.32307
710000 0.210294 0.554622 0.560861 1.32578
711000 0.217032 0.548235 0.540686 1.30595
712000 0.202216 0.568403 0.539949 1.31057
713000 0.20787 0.547031 0.522629 1.27753
714000 0.230263 0.557291 0.551387 1.33894
715000 0.219574 0.555886 0.531466 1.30693
716000 0.222117 0.576988 0.529272 1.32838
717000 0.210639 0.560741 0.552053 1.32343
718000 0.231683 0.56764 0.542042 1.34136
719000 0.236827 0.546083 0.53425 1.31716
720000 0.222532 0.567155 0.524693 1.31438
721000 0.224294 0.556324 0.550893 1.33151
722000 0.220844 0.556787 0.535456 1.31309
723000 0.232439 0.557301 0.519718 1.30946
724000 0.225891 0.553068 0.55568 1.33464
725000 0.21964 0.578714 0.533919 1.33227
726000 0.241941 0.589911 0.533303 1.36516
727000 0.217558 0.570953 0.545973 1.33448
728000 0.221758 0.563134 0.53252 1.31741
729000 0.211455 0.567527 0.539116 1.3181
730000 0.223432 0.580876 0.538132 1.34244
731000 0.233605 0.583702 0.536207 1.35351
732000 0.220528 0.584349 0.544282 1.34916
733000 0.235352 0.588712 0.543144 1.36721
734000 0.220653 0.576933 0.550884 1.34847
735000 0.248515 0.591162 0.542622 1.3823
736000 0.227752 0.571166 0.538747 1.33766
737000 0.243511 0.581286 0.541644 1.36644
738000 0.245219 0.600955 0.537199 1.38337
739000 0.216859 0.57702 0.537064 1.33094
740000 0.224033 0.592974 0.561536 1.37854
741000 0.230629 0.59925 0.543241 1.37312
742000 0.225609 0.589187 0.567597 1.38239
743000 0.23672 0.583255 0.549178 1.36915
744000 0.227684 0.586804 0.531173 1.34566
745000 0.255288 0.58559 0.579369 1.42025
746000 0.229599 0.597109 0.543637 1.37035
747000 0.232402 0.608085 0.539061 1.37955
748000 0.223212 0.591402 0.565473 1.38009
749000 0.222828 0.594882 0.534293 1.352
750000 0.222726 0.585847 0.569848 1.37842
751000 0.231298 0.614181 0.545075 1.39055
752000 0.231649 0.635298 0.566407 1.43335
753000 0.224648 0.619576 0.54879 1.39301
754000 0.222818 0.604699 0.550021 1.37754
755000 0.237277 0.615168 0.595908 1.44835
756000 0.235545 0.586953 0.559839 1.38234
757000 0.240154 0.605817 0.577842 1.42381
758000 0.232665 0.615955 0.550935 1.39956
759000 0.234294 0.609027 0.556122 1.39944
760000 0.238249 0.609841 0.567742 1.41583
761000 0.252793 0.617324 0.546735 1.41685
762000 0.231462 0.595029 0.598966 1.42546
763000 0.239532 0.603277 0.569437 1.41224
764000 0.252444 0.619344 0.563792 1.43558
765000 0.23139 0.579572 0.576831 1.38779
766000 0.239558 0.608571 0.562763 1.41089
767000 0.230351 0.613601 0.581452 1.4254
768000 0.241102 0.603789 0.572895 1.41779
769000 0.235583 0.608215 0.563386 1.40718
770000 0.236663 0.613031 0.599536 1.44923
771000 0.244148 0.625939 0.565786 1.43587
772000 0.246357 0.624745 0.589903 1.461
773000 0.235021 0.626863 0.591475 1.45336
774000 0.250855 0.633508 0.578501 1.46286
775000 0.243828 0.634123 0.58391 1.46186
776000 0.247331 0.624807 0.571263 1.4434
777000 0.244466 0.626222 0.590318 1.46101
778000 0.245898 0.654316 0.581578 1.48179
779000 0.253645 0.623601 0.590863 1.46811
780000 0.240018 0.642979 0.607231 1.49023
781000 0.251602 0.655742 0.5953 1.50264
782000 0.245004 0.645084 0.62602 1.51611
783000 0.259406 0.634436 0.579143 1.47299
784000 0.244879 0.642211 0.602507 1.4896
785000 0.24646 0.632234 0.602055 1.48075
786000 0.251142 0.646133 0.602579 1.49985
787000 0.247676 0.653207 0.628439 1.52932
788000 0.245263 0.650339 0.615137 1.51074
789000 0.232506 0.650019 0.637881 1.5204
790000 0.247109 0.648835 0.61394 1.50988
791000 0.250165 0.655133 0.599666 1.50496
792000 0.252738 0.64956 0.604909 1.50721
793000 0.256697 0.657089 0.603914 1.5177
794000 0.25356 0.659674 0.592066 1.5053
795000 0.249457 0.655935 0.60189 1.50728
796000 0.252061 0.659821 0.609546 1.52143
797000 0.24764 0.68345 0.628702 1.55979
798000 0.252602 0.672475 0.606219 1.5313
799000 0.249216 0.657253 0.615953 1.52242
800000 0.249772 0.666154 0.626722 1.54265
801000 0.238993 0.677079 0.601337 1.51741
802000 0.254374 0.674492 0.621582 1.55045
803000 0.264373 0.684977 0.606626 1.55598
804000 0.254023 0.682568 0.617731 1.55432
805000 0.262366 0.67916 0.649823 1.59135
806000 0.268773 0.705683 0.617408 1.59186
807000 0.243736 0.685176 0.648986 1.5779
808000 0.262348 0.688156 0.625344 1.57585
809000 0.256098 0.675684 0.616289 1.54807
810000 0.251831 0.68946 0.633037 1.57433
811000 0.256197 0.677474 0.622838 1.55651
812000 0.253674 0.67835 0.619193 1.55122
813000 0.282496 0.673221 0.619305 1.57502
814000 0.264471 0.686221 0.632847 1.58354
815000 0.257395 0.680731 0.644895 1.58302
816000 0.254561 0.676205 0.631818 1.56258
817000 0.258139 0.694998 0.634288 1.58743
818000 0.250957 0.688099 0.631496 1.57055
819000 0.256723 0.70352 0.647406 1.60765
820000 0.257396 0.694237 0.630305 1.58194
821000 0.264197 0.690945 0.649531 1.60467
822000 0.269148 0.698361 0.640755 1.60827
823000 0.251853 0.719802 0.659127 1.63078
824000 0.273115 0.695459 0.648236 1.61681
825000 0.263265 0.690072 0.641477 1.59481
826000 0.261693 0.69536 0.64104 1.59809
827000 0.254492 0.7014 0.645657 1.60155
828000 0.250712 0.716265 0.634992 1.60197
829000 0.276278 0.712001 0.644525 1.6328
830000 0.25655 0.690267 0.632622 1.57944
831000 0.275085 0.703253 0.65569 1.63403
832000 0.249544 0.712413 0.6742 1.63616
833000 0.264245 0.704691 0.64338 1.61232
834000 0.272995 0.708306 0.665795 1.6471
835000 0.256699 0.705679 0.638458 1.60084
836000 0.268275 0.720881 0.636068 1.62522
837000 0.259551 0.719554 0.678725 1.65783
838000 0.255657 0.715527 0.669221 1.64041
839000 0.253718 0.728425 0.666149 1.64829
840000 0.265646 0.741872 0.668039 1.67556
841000 0.262029 0.696613 0.67127 1.62991
842000 0.260747 0.701558 0.675416 1.63772
843000 0.259844 0.687998 0.656838 1.60468
844000 0.265103 0.701876 0.677081 1.64406
845000 0.258316 0.710746 0.653941 1.623
846000 0.267569 0.697928 0.659311 1.62481
847000 0.266366 0.70347 0.660507 1.63034
848000 0.269034 0.710674 0.663506 1.64321
849000 0.266958 0.703973 0.65475 1.62568
850000 0.267834 0.713227 0.659519 1.64058
851000 0.267627 0.73015 0.664733 1.66251
852000 0.25755 0.73109 0.658175 1.64681
853000 0.271921 0.706038 0.658976 1.63693
854000 0.273942 0.710266 0.6572 1.64141
855000 0.270851 0.720455 0.668227 1.65953
856000 0.259498 0.713314 0.660133 1.63295
857000 0.268629 0.713687 0.657584 1.6399
858000 0.267302 0.693738 0.671688 1.63273
859000 0.266606 0.718959 0.658999 1.64456
860000 0.270354 0.71218 0.682706 1.66524
861000 0.275478 0.720263 0.670431 1.66617
862000 0.275458 0.720153 0.67461 1.67022
863000 0.268048 0.716767 0.671894 1.65671
864000 0.280905 0.720458 0.659237 1.6606
865000 0.263096 0.706427 0.676295 1.64582
866000 0.268187 0.703307 0.671752 1.64325
867000 0.272434 0.71077 0.680681 1.66388
868000 0.259792 0.714085 0.669802 1.64368
869000 0.282158 0.723834 0.694371 1.70036
870000 0.257083 0.72065 0.6731 1.65083
871000 0.294414 0.724853 0.707195 1.72646
872000 0.274565 0.732779 0.690687 1.69803
873000 0.279055 0.711037 0.694377 1.68447
874000 0.27289 0.731942 0.695301 1.70013
875000 0.259835 0.714636 0.703613 1.67808
876000 0.310118 0.721031 0.701855 1.733
877000 0.274221 0.736348 0.683941 1.69451
878000 0.301989 0.739091 0.69752 1.7386
879000 0.267854 0.747173 0.71154 1.72657
880000 0.306797 0.753684 0.701306 1.76179
881000 0.280975 0.718922 0.704916 1.70481
882000 0.284429 0.72972 0.695518 1.70967
883000 0.2923 0.730525 0.694831 1.71766
884000 0.282995 0.743302 0.722607 1.7489
885000 0.289049 0.738457 0.693319 1.72083
886000 0.300261 0.752223 0.721798 1.77428
887000 0.30867 0.751062 0.703935 1.76367
888000 0.28558 0.738581 0.688042 1.7122
889000 0.324378 0.771188 0.746146 1.84171
890000 0.283318 0.756013 0.719206 1.75854
891000 0.320915 0.753373 0.727741 1.80203
892000 0.294301 0.776471 0.725979 1.79675
893000 0.291356 0.77143 0.725863 1.78865
894000 0.322255 0.783977 0.7365 1.84273
895000 0.301175 0.771534 0.735986 1.80869
896000 0.310089 0.77644 0.726936 1.81347
897000 0.308506 0.78692 0.749521 1.84495
898000 0.284424 0.777176 0.720235 1.78184
899000 0.323195 0.778653 0.746107 1.84796
900000 0.294453 0.788306 0.731934 1.81469
901000 0.324921 0.80539 0.760785 1.8911
902000 0.291533 0.776392 0.725716 1.79364
903000 0.307516 0.78548 0.738133 1.83113
904000 0.299909 0.793187 0.755546 1.84864
905000 0.294221 0.800049 0.738621 1.83289
906000 0.292565 0.785383 0.766562 1.84451
907000 0.308518 0.787761 0.740316 1.8366
908000 0.311597 0.794985 0.759899 1.86648
909000 0.302256 0.798987 0.755071 1.85631
910000 0.310851 0.784712 0.756873 1.85244
911000 0.307386 0.803622 0.769137 1.88015
912000 0.311871 0.789548 0.754107 1.85553
913000 0.302735 0.77963 0.739124 1.82149
914000 0.298974 0.802679 0.777892 1.87954
915000 0.315002 0.816437 0.748603 1.88004
916000 0.30664 0.799944 0.767486 1.87407
917000 0.313746 0.810203 0.768169 1.89212
918000 0.305585 0.811334 0.760733 1.87765
919000 0.317465 0.81105 0.773474 1.90199
920000 0.343898 0.819636 0.764652 1.92819
921000 0.315093 0.813583 0.762171 1.89085
922000 0.305573 0.830933 0.789654 1.92616
923000 0.310522 0.824964 0.767593 1.90308
924000 0.306124 0.80745 0.776807 1.89038
925000 0.339051 0.81153 0.771078 1.92166
926000 0.299428 0.827306 0.761615 1.88835
927000 0.328379 0.798054 0.805522 1.93195
928000 0.321885 0.798463 0.791751 1.9121
929000 0.311356 0.814419 0.801535 1.92731
930000 0.321337 0.81535 0.771207 1.90789
931000 0.294716 0.82536 0.753735 1.87381
932000 0.327657 0.808186 0.815182 1.95102
933000 0.298063 0.807016 0.755466 1.86054
934000 0.3073 0.826358 0.805768 1.93943
935000 0.306186 0.806517 0.783149 1.89585
936000 0.308349 0.832174 0.781725 1.92225
937000 0.314793 0.830971 0.824342 1.97011
938000 0.346882 0.834924 0.787848 1.96965
939000 0.307595 0.860281 0.819282 1.98716
940000 0.317811 0.842021 0.801181 1.96101
941000 0.325787 0.852319 0.789629 1.96773
942000 0.310999 0.820713 0.821833 1.95354
943000 0.324303 0.855505 0.807836 1.98764
944000 0.347053 0.843998 0.835124 2.02617
945000 0.31223 0.842821 0.789038 1.94409
946000 0.329911 0.851397 0.785979 1.96729
947000 0.316427 0.83141 0.838665 1.9865
948000 0.324539 0.862188 0.792112 1.97884
949000 0.321437 0.842744 0.836472 2.00065
950000 0.320848 0.849996 0.785173 1.95602
951000 0.325591 0.832872 0.792211 1.95067
952000 0.32541 0.860587 0.841316 2.02731
953000 0.332399 0.865081 0.804829 2.00231
954000 0.326191 0.854116 0.842499 2.02281
955000 0.326061 0.859318 0.796838 1.98222
956000 0.328709 0.854157 0.815989 1.99885
957000 0.338926 0.851667 0.814256 2.00485
958000 0.325305 0.851073 0.803089 1.97947
959000 0.328472 0.845784 0.838246 2.0125
960000 0.320593 0.873673 0.789776 1.98404
961000 0.323305 0.881233 0.799193 2.00373
962000 0.353156 0.904276 0.817157 2.07459
963000 0.314753 0.870204 0.781599 1.96656
964000 0.32671 0.894501 0.811174 2.03238
965000 0.339548 0.886515 0.805217 2.03128
966000 0.313601 0.868405 0.800186 1.98219
967000 0.335258 0.883071 0.828029 2.04636
968000 0.330727 0.884512 0.776165 1.9914
969000 0.326204 0.897021 0.831265 2.05449
970000 0.32289 0.907571 0.806063 2.03652
971000 0.317822 0.911804 0.804306 2.03393
972000 0.32735 0.907064 0.822496 2.05691
973000 0.328263 0.918129 0.795733 2.04213
974000 0.315552 0.920302 0.82781 2.06366
975000 0.328988 0.902569 0.803527 2.03508
976000 0.337124 0.927529 0.809634 2.07429
977000 0.328671 0.954838 0.81945 2.10296
978000 0.329943 0.940708 0.815909 2.08656
979000 0.333293 0.94146 0.849704 2.12446
980000 0.346632 0.939455 0.813733 2.09982
981000 0.338103 0.95143 0.813372 2.10291
982000 0.350455 0.94131 0.807784 2.09955
983000 0.32993 0.947777 0.809449 2.08716
984000 0.340189 0.955795 0.826529 2.12251
985000 0.325948 0.932582 0.822266 2.0808
986000 0.342748 0.941034 0.815755 2.09954
987000 0.319841 0.921165 0.833005 2.07401
988000 0.330577 0.936276 0.805561 2.07241
989000 0.346659 0.981725 0.833706 2.16209
990000 0.334499 0.948433 0.828418 2.11135
991000 0.335682 0.945175 0.80887 2.08973
992000 0.34524 0.959288 0.852735 2.15726
993000 0.343027 0.943149 0.839906 2.12608
994000 0.338624 1.0031 0.840164 2.18188
995000 0.342235 0.960802 0.813946 2.11698
996000 0.33486 0.951267 0.818516 2.10464
997000 0.346983 0.956591 0.835538 2.13911
998000 0.330375 0.940362 0.823855 2.09459
999000 0.343924 0.972342 0.82308 2.13935
1000000 0.328766 0.953812 0.847179 2.12976
1001000 0.332352 0.972884 0.83717 2.14241
1002000 0.355869 0.946851 0.849167 2.15189
1003000 0.332445 0.944401 0.836497 2.11334
1004000 0.351816 0.979958 0.848982 2.18076
1005000 0.33936 0.969952 0.873205 2.18252
1006000 0.332723 0.956902 0.846681 2.13631
1007000 0.355699 0.97685 0.856365 2.18891
1008000 0.329385 0.943527 0.840183 2.1131
1009000 0.345973 0.950288 0.840838 2.1371
1010000 0.354646 0.972069 0.880199 2.20691
1011000 0.356775 0.966219 0.828904 2.1519
1012000 0.344921 0.993775 0.857534 2.19623
1013000 0.35274 0.972185 0.853112 2.17804
1014000 0.356216 0.981138 0.838568 2.17592
1015000 0.343856 0.977918 0.861025 2.1828
1016000 0.346102 0.967752 0.851747 2.1656
1017000 0.334905 0.96552 0.855542 2.15597
1018000 0.353754 0.968415 0.834552 2.15672
1019000 0.357599 0.978683 0.855584 2.19187
1020000 0.350657 0.96165 0.857822 2.17013
1021000 0.375134 0.989112 0.835668 2.19991
1022000 0.342952 0.98655 0.855894 2.1854
1023000 0.338271 0.988543 0.854612 2.18143
1024000 0.335122 0.99127 0.858724 2.18511
1025000 0.335444 0.969217 0.865901 2.17056
1026000 0.352921 0.972345 0.856862 2.18213
1027000 0.349178 0.974763 0.877599 2.20154
1028000 0.350833 1.00587 0.85808 2.21478
1029000 0.360276 0.989905 0.841723 2.1919
1030000 0.354228 1.00141 0.839034 2.19468
