# Time-averaged data for fix 1
# TimeStep c_msd_all[1] c_msd_all[2] c_msd_all[3] c_msd_all[4]
31000 0.0618283 0.0687697 0.0605156 0.191114
32000 0.0698289 0.0720835 0.13024 0.272153
33000 0.0639612 0.0734582 0.0852195 0.222639
34000 0.0714479 0.0765319 0.102707 0.250686
35000 0.0689101 0.0798041 0.0759997 0.224714
36000 0.0679493 0.0830743 0.0723919 0.223415
37000 0.0697601 0.0821818 0.109198 0.26114
38000 0.0681554 0.0898806 0.0781513 0.236187
39000 0.0702796 0.0868792 0.117132 0.274291
40000 0.0719912 0.093588 0.0840054 0.249585
41000 0.0743379 0.0897398 0.0912912 0.255369
42000 0.0683735 0.0892429 0.123771 0.281388
43000 0.0763201 0.0909067 0.100188 0.267415
44000 0.0649241 0.0900689 0.123273 0.278266
45000 0.070287 0.0922394 0.113323 0.275849
46000 0.0798513 0.0971737 0.109273 0.286298
47000 0.0731141 0.0999915 0.122488 0.295594
48000 0.090011 0.105922 0.11245 0.308383
49000 0.0795724 0.10117 0.12585 0.306593
50000 0.077645 0.102471 0.11811 0.298226
51000 0.0719661 0.120638 0.132227 0.324831
52000 0.0728072 0.10748 0.136472 0.316759
53000 0.0815195 0.11559 0.124698 0.321808
54000 0.0737859 0.101878 0.127135 0.302799
55000 0.0745668 0.116686 0.130578 0.321831
56000 0.076255 0.129575 0.137725 0.343555
57000 0.0860141 0.122411 0.134502 0.342926
58000 0.083581 0.124223 0.141154 0.348958
59000 0.0843036 0.149083 0.137999 0.371385
60000 0.0777141 0.119488 0.131693 0.328895
61000 0.07426 0.131745 0.136439 0.342444
62000 0.0814137 0.129577 0.152104 0.363095
63000 0.0764435 0.138837 0.158259 0.373539
64000 0.0786069 0.132643 0.20308 0.41433
65000 0.0710702 0.136896 0.14533 0.353297
66000 0.0785608 0.151617 0.173042 0.403219
67000 0.0797836 0.148297 0.173858 0.401938
68000 0.0710233 0.142675 0.163974 0.377673
69000 0.0859901 0.144984 0.210291 0.441265
70000 0.0751057 0.143894 0.171622 0.390622
71000 0.0704352 0.138797 0.183663 0.392895
72000 0.0791065 0.147329 0.198866 0.425302
73000 0.0790473 0.145905 0.174013 0.398965
74000 0.0747371 0.141196 0.231253 0.447186
75000 0.0824806 0.143266 0.18134 0.407087
76000 0.0752989 0.146916 0.174408 0.396624
77000 0.0951734 0.148692 0.198649 0.442515
78000 0.0850688 0.141192 0.181013 0.407274
79000 0.0755478 0.148092 0.22521 0.448849
80000 0.0856752 0.161368 0.18748 0.434523
81000 0.0832916 0.159305 0.189837 0.432434
82000 0.0954341 0.155294 0.23965 0.490378
83000 0.0895884 0.148886 0.180009 0.418483
84000 0.085591 0.152523 0.204426 0.44254
85000 0.0852371 0.165607 0.186418 0.437262
86000 0.0783426 0.164664 0.173985 0.416992
87000 0.0830077 0.157653 0.231608 0.472268
88000 0.0889234 0.15602 0.181118 0.426061
89000 0.103347 0.165417 0.218771 0.487535
90000 0.0897654 0.182041 0.188373 0.460179
91000 0.0931672 0.16845 0.187229 0.448846
92000 0.0879703 0.167224 0.21905 0.474245
93000 0.0926147 0.175268 0.195125 0.463008
94000 0.0964872 0.166501 0.230985 0.493974
95000 0.0948109 0.179832 0.204917 0.47956
96000 0.0936849 0.168297 0.199866 0.461847
97000 0.102411 0.169739 0.229751 0.501901
98000 0.0913264 0.179325 0.192079 0.46273
99000 0.0994476 0.168993 0.221042 0.489483
100000 0.0997619 0.179721 0.196337 0.47582
101000 0.0956102 0.174506 0.1963 0.466416
102000 0.100845 0.179294 0.2239 0.50404
103000 0.101385 0.178194 0.194334 0.473914
104000 0.102199 0.189971 0.216848 0.509018
105000 0.101272 0.17441 0.203648 0.47933
106000 0.0961158 0.178385 0.200131 0.474632
107000 0.0987861 0.178943 0.229833 0.507563
108000 0.093702 0.180535 0.196922 0.471159
109000 0.104497 0.170837 0.195765 0.471099
110000 0.0981701 0.183716 0.206428 0.488314
111000 0.0962418 0.167599 0.196764 0.460605
112000 0.107907 0.169777 0.224723 0.502408
113000 0.0985966 0.174583 0.199114 0.472294
114000 0.115542 0.181417 0.210236 0.507194
115000 0.106853 0.189119 0.216185 0.512158
116000 0.112014 0.191158 0.212963 0.516136
117000 0.0931436 0.191394 0.236053 0.52059
118000 0.103386 0.20272 0.200507 0.506614
119000 0.104874 0.19421 0.221525 0.520609
120000 0.104076 0.198707 0.213324 0.516108
121000 0.108308 0.202908 0.216327 0.527543
122000 0.103741 0.205395 0.247524 0.55666
123000 0.100805 0.208622 0.223498 0.532926
124000 0.101208 0.209456 0.2218 0.532464
125000 0.105341 0.193167 0.228295 0.526803
126000 0.105345 0.191038 0.20995 0.506333
127000 0.103062 0.189429 0.221085 0.513576
128000 0.106716 0.199956 0.234203 0.540875
129000 0.103321 0.192166 0.223125 0.518612
130000 0.107968 0.193288 0.223698 0.524953
131000 0.102349 0.193325 0.227164 0.522839
132000 0.112966 0.190756 0.228188 0.53191
133000 0.113603 0.205851 0.225901 0.545354
134000 0.105461 0.19178 0.224528 0.521769
135000 0.0983278 0.194514 0.220218 0.513059
136000 0.12148 0.20995 0.233137 0.564567
137000 0.108876 0.196576 0.227429 0.532881
138000 0.109953 0.21052 0.240709 0.561182
139000 0.104621 0.214984 0.228811 0.548416
140000 0.104984 0.214323 0.243541 0.562847
141000 0.119338 0.205895 0.234558 0.55979
142000 0.104296 0.215752 0.237914 0.557962
143000 0.124274 0.230974 0.242582 0.59783
144000 0.112011 0.242634 0.24983 0.604474
145000 0.109387 0.217501 0.247341 0.57423
146000 0.108362 0.218094 0.242423 0.568879
147000 0.106147 0.221849 0.250006 0.578003
148000 0.110524 0.226446 0.237919 0.574889
149000 0.114671 0.229356 0.257707 0.601735
150000 0.10774 0.217365 0.253172 0.578278
151000 0.107789 0.228418 0.24534 0.581547
152000 0.118611 0.243526 0.261042 0.62318
153000 0.111304 0.24437 0.257953 0.613626
154000 0.114046 0.252552 0.257888 0.624487
155000 0.115531 0.255983 0.263407 0.634921
156000 0.122874 0.246302 0.258631 0.627807
157000 0.130178 0.249739 0.261264 0.641182
158000 0.11057 0.250731 0.254546 0.615846
159000 0.124812 0.249401 0.260482 0.634694
160000 0.114964 0.250354 0.263107 0.628425
161000 0.131274 0.254052 0.261251 0.646577
162000 0.112113 0.259851 0.256355 0.628318
163000 0.114594 0.256317 0.26539 0.636301
164000 0.112214 0.24743 0.263176 0.622819
165000 0.114479 0.256663 0.265752 0.636894
166000 0.115484 0.264151 0.273098 0.652733
167000 0.118352 0.275498 0.268065 0.661915
168000 0.116324 0.265343 0.274421 0.656087
169000 0.114984 0.27494 0.272286 0.662209
170000 0.115712 0.283972 0.260489 0.660174
171000 0.123699 0.282424 0.283132 0.689255
172000 0.122977 0.27352 0.277921 0.674417
173000 0.116858 0.280336 0.273018 0.670211
174000 0.110941 0.284723 0.27486 0.670524
175000 0.109253 0.283128 0.279326 0.671707
176000 0.123983 0.304531 0.296272 0.724786
177000 0.109663 0.287203 0.276048 0.672913
178000 0.103355 0.281591 0.299952 0.684898
179000 0.103192 0.29464 0.331345 0.729177
180000 0.116977 0.309934 0.29697 0.723881
181000 0.147121 0.294065 0.341643 0.782829
182000 0.122412 0.297274 0.316697 0.736383
183000 0.124769 0.322707 0.317252 0.764728
184000 0.112007 0.30759 0.33723 0.756827
185000 0.10999 0.283553 0.31142 0.704963
186000 0.109192 0.296528 0.347889 0.753609
187000 0.113501 0.305831 0.29805 0.717382
188000 0.124599 0.301847 0.296031 0.722477
189000 0.106434 0.296466 0.314264 0.717164
190000 0.11772 0.310528 0.295989 0.724237
191000 0.114911 0.291724 0.339935 0.746569
192000 0.108431 0.296964 0.303999 0.709393
193000 0.129193 0.302468 0.309426 0.741087
194000 0.1178 0.312262 0.338988 0.76905
195000 0.125082 0.305354 0.307854 0.73829
196000 0.110307 0.312031 0.32946 0.751798
197000 0.112697 0.302175 0.307848 0.72272
198000 0.11374 0.314135 0.316978 0.744854
199000 0.116738 0.307216 0.343573 0.767527
200000 0.118911 0.312183 0.318801 0.749895
201000 0.1126 0.316245 0.347818 0.776663
202000 0.122309 0.312259 0.316807 0.751374
203000 0.113345 0.313722 0.326464 0.753531
204000 0.120554 0.332919 0.329493 0.782965
205000 0.118738 0.322713 0.327976 0.769427
206000 0.119218 0.325349 0.362942 0.807509
207000 0.121733 0.339128 0.334419 0.79528
208000 0.117054 0.325921 0.352813 0.795788
209000 0.13273 0.326959 0.334564 0.794253
210000 0.114666 0.333846 0.352933 0.801445
211000 0.119093 0.352337 0.386199 0.85763
212000 0.146529 0.358023 0.364089 0.868641
213000 0.121242 0.381711 0.396052 0.899005
214000 0.111885 0.363044 0.377633 0.852562
215000 0.120164 0.342652 0.374393 0.837209
216000 0.121246 0.34731 0.377986 0.846543
217000 0.134014 0.382856 0.363272 0.880142
218000 0.123924 0.380853 0.380857 0.885635
219000 0.134229 0.379819 0.363702 0.877749
220000 0.115901 0.358731 0.367616 0.842249
221000 0.116654 0.361839 0.39367 0.872163
222000 0.126459 0.36555 0.36175 0.853758
223000 0.107704 0.356343 0.372631 0.836678
224000 0.122601 0.373679 0.375105 0.871385
225000 0.115358 0.380349 0.37754 0.873248
226000 0.124939 0.359104 0.393637 0.87768
227000 0.119848 0.347893 0.367099 0.83484
228000 0.122608 0.356618 0.366157 0.845383
229000 0.115404 0.351751 0.372201 0.839356
230000 0.116961 0.372655 0.379794 0.86941
231000 0.1191 0.363139 0.371446 0.853685
232000 0.127701 0.364207 0.380931 0.872839
233000 0.112128 0.357708 0.365833 0.835669
234000 0.110883 0.361348 0.383082 0.855313
235000 0.12458 0.380855 0.397105 0.90254
236000 0.115287 0.37245 0.388985 0.876722
237000 0.133233 0.354287 0.393721 0.881241
238000 0.110465 0.368912 0.380653 0.860029
239000 0.113121 0.375782 0.397139 0.886042
240000 0.119343 0.379033 0.397382 0.895758
241000 0.125914 0.382365 0.410156 0.918435
242000 0.135741 0.387786 0.41458 0.938107
243000 0.116092 0.392246 0.408136 0.916474
244000 0.123405 0.387863 0.400567 0.911835
245000 0.113298 0.382876 0.419576 0.915749
246000 0.116174 0.393161 0.402786 0.912121
247000 0.12014 0.381488 0.411525 0.913154
248000 0.120418 0.389337 0.421537 0.931293
249000 0.112558 0.387552 0.411457 0.911567
250000 0.124028 0.415088 0.424078 0.963193
251000 0.12184 0.407095 0.414141 0.943077
252000 0.125559 0.391309 0.426477 0.943346
253000 0.118954 0.403876 0.422618 0.945448
254000 0.129834 0.381677 0.413285 0.924796
255000 0.116679 0.39664 0.426301 0.939621
256000 0.135465 0.411163 0.423287 0.969916
257000 0.119518 0.381532 0.414242 0.915292
258000 0.12615 0.397739 0.41021 0.9341
259000 0.122515 0.407764 0.423127 0.953405
260000 0.122896 0.404573 0.428426 0.955896
261000 0.140973 0.406233 0.410322 0.957527
262000 0.116911 0.406156 0.417878 0.940945
263000 0.111648 0.400323 0.423396 0.935367
264000 0.139691 0.405737 0.411468 0.956896
265000 0.131178 0.432605 0.420601 0.984384
266000 0.134138 0.420649 0.413913 0.9687
267000 0.123514 0.431658 0.422225 0.977397
268000 0.132537 0.407792 0.421327 0.961656
269000 0.119327 0.416562 0.409497 0.945386
270000 0.119993 0.428679 0.432827 0.9815
271000 0.141931 0.437403 0.417667 0.997
272000 0.127995 0.43713 0.417561 0.982686
273000 0.11823 0.419662 0.429526 0.967418
274000 0.121932 0.424306 0.421572 0.96781
275000 0.127566 0.420934 0.427015 0.975515
276000 0.133399 0.412078 0.434956 0.980433
277000 0.120307 0.430919 0.430988 0.982215
278000 0.128833 0.42099 0.421977 0.971799
279000 0.12198 0.427631 0.429903 0.979515
280000 0.120444 0.414023 0.412109 0.946576
281000 0.123885 0.42216 0.418611 0.964655
282000 0.121484 0.429319 0.416683 0.967486
283000 0.136624 0.439297 0.440343 1.01626
284000 0.120159 0.418208 0.429319 0.967686
285000 0.126919 0.421526 0.438376 0.986821
286000 0.126769 0.412203 0.428881 0.967853
287000 0.125833 0.429835 0.417738 0.973405
288000 0.15354 0.415917 0.438284 1.00774
289000 0.12705 0.424593 0.432021 0.983664
290000 0.13106 0.427228 0.426698 0.984987
291000 0.12537 0.430578 0.460662 1.01661
292000 0.130798 0.420245 0.433832 0.984875
293000 0.152255 0.451988 0.443546 1.04779
294000 0.135659 0.447193 0.422297 1.00515
295000 0.133018 0.437065 0.435844 1.00593
296000 0.128687 0.446469 0.443246 1.0184
297000 0.131974 0.413531 0.450094 0.995599
298000 0.130018 0.446448 0.450141 1.02661
299000 0.137635 0.450234 0.441872 1.02974
300000 0.177984 0.424697 0.447184 1.04987
301000 0.140461 0.428758 0.450897 1.02012
302000 0.142362 0.448481 0.446257 1.0371
303000 0.13334 0.455169 0.437687 1.0262
304000 0.144234 0.45211 0.44862 1.04496
305000 0.150591 0.429432 0.443388 1.02341
306000 0.14124 0.435302 0.428543 1.00509
307000 0.142376 0.439309 0.438126 1.01981
308000 0.142281 0.422022 0.442809 1.00711
309000 0.143965 0.438933 0.442863 1.02576
310000 0.162957 0.435463 0.463106 1.06153
311000 0.1519 0.449939 0.444185 1.04602
312000 0.177225 0.463627 0.46657 1.10742
313000 0.137354 0.456272 0.468055 1.06168
314000 0.136644 0.458161 0.459153 1.05396
315000 0.136834 0.464291 0.461836 1.06296
316000 0.14363 0.457573 0.468089 1.06929
317000 0.153134 0.457519 0.468152 1.0788
318000 0.134014 0.458411 0.472971 1.0654
319000 0.155676 0.456317 0.471102 1.0831
320000 0.141931 0.461207 0.47405 1.07719
321000 0.152594 0.466185 0.467064 1.08584
322000 0.144313 0.493447 0.487744 1.1255
323000 0.146607 0.467522 0.474492 1.08862
324000 0.15123 0.462564 0.484016 1.09781
325000 0.150333 0.479899 0.46382 1.09405
326000 0.152836 0.480635 0.481723 1.11519
327000 0.143416 0.485395 0.496361 1.12517
328000 0.142279 0.478205 0.471355 1.09184
329000 0.151414 0.466755 0.499038 1.11721
330000 0.143796 0.482212 0.477558 1.10357
331000 0.146469 0.490189 0.49759 1.13425
332000 0.152812 0.500987 0.520774 1.17457
333000 0.143215 0.488561 0.492881 1.12466
334000 0.150313 0.493075 0.507404 1.15079
335000 0.148784 0.50262 0.498656 1.15006
336000 0.141866 0.48651 0.497777 1.12615
337000 0.146009 0.494957 0.524232 1.1652
338000 0.144454 0.47352 0.485835 1.10381
339000 0.152323 0.478704 0.514381 1.14541
340000 0.147003 0.509206 0.490379 1.14659
341000 0.139773 0.484717 0.487806 1.1123
342000 0.150254 0.485166 0.502209 1.13763
343000 0.140561 0.487502 0.490701 1.11876
344000 0.154176 0.493203 0.52271 1.17009
345000 0.148223 0.493824 0.491181 1.13323
346000 0.144467 0.481082 0.484998 1.11055
347000 0.149487 0.504717 0.504043 1.15825
348000 0.150449 0.499627 0.497599 1.14767
349000 0.140663 0.494299 0.521007 1.15597
350000 0.149654 0.499443 0.495957 1.14505
351000 0.145261 0.483754 0.501997 1.13101
352000 0.149025 0.490048 0.512233 1.15131
353000 0.152099 0.508518 0.501202 1.16182
354000 0.139861 0.506792 0.518742 1.16539
355000 0.145502 0.510418 0.516279 1.1722
356000 0.151168 0.487473 0.517285 1.15593
357000 0.158987 0.513734 0.547575 1.2203
358000 0.145179 0.499417 0.516989 1.16158
359000 0.152067 0.507423 0.517087 1.17658
360000 0.144861 0.538468 0.537252 1.22058
361000 0.147297 0.508737 0.515996 1.17203
362000 0.146068 0.505266 0.552491 1.20383
363000 0.149257 0.504396 0.527696 1.18135
364000 0.148421 0.509512 0.522445 1.18038
365000 0.14942 0.52062 0.531069 1.20111
366000 0.149286 0.49548 0.500975 1.14574
367000 0.149334 0.506879 0.554487 1.2107
368000 0.16157 0.533192 0.516801 1.21156
369000 0.163398 0.507492 0.542101 1.21299
370000 0.149194 0.502777 0.520439 1.17241
371000 0.141995 0.506444 0.521241 1.16968
372000 0.149748 0.501935 0.52984 1.18152
373000 0.162886 0.531371 0.532449 1.22671
374000 0.15853 0.507498 0.52412 1.19015
375000 0.1469 0.520187 0.538092 1.20518
376000 0.15456 0.490798 0.530941 1.1763
377000 0.161303 0.496859 0.552585 1.21075
378000 0.144442 0.507263 0.542546 1.19425
379000 0.147724 0.491953 0.540384 1.18006
380000 0.145563 0.514 0.540243 1.19981
381000 0.144236 0.503865 0.535347 1.18345
382000 0.144339 0.49362 0.530117 1.16808
383000 0.153612 0.514215 0.556819 1.22465
384000 0.160353 0.494918 0.533776 1.18905
385000 0.143367 0.542332 0.541787 1.22749
386000 0.155913 0.513763 0.550606 1.22028
387000 0.155514 0.49879 0.539198 1.1935
388000 0.150007 0.523676 0.570207 1.24389
389000 0.157262 0.511796 0.514146 1.1832
390000 0.15408 0.514149 0.555014 1.22324
391000 0.16328 0.521662 0.544334 1.22928
392000 0.166248 0.523652 0.550866 1.24077
393000 0.158694 0.510388 0.593594 1.26268
394000 0.159426 0.53252 0.54979 1.24174
395000 0.162783 0.524087 0.555595 1.24247
396000 0.16126 0.540498 0.574939 1.2767
397000 0.162131 0.541357 0.554921 1.25841
398000 0.160343 0.547483 0.59523 1.30306
399000 0.161762 0.553237 0.539347 1.25435
400000 0.151799 0.550114 0.557124 1.25904
401000 0.162209 0.534184 0.562188 1.25858
402000 0.160446 0.539587 0.54991 1.24994
403000 0.161042 0.556349 0.585031 1.30242
404000 0.157721 0.551454 0.554736 1.26391
405000 0.16938 0.529954 0.552935 1.25227
406000 0.158198 0.557143 0.565044 1.28039
407000 0.163257 0.54501 0.556564 1.26483
408000 0.167426 0.55237 0.606196 1.32599
409000 0.155812 0.551005 0.563774 1.27059
410000 0.154269 0.549761 0.545235 1.24926
411000 0.167618 0.554525 0.560116 1.28226
412000 0.173373 0.572093 0.556723 1.30219
413000 0.161153 0.56499 0.609175 1.33532
414000 0.163933 0.563189 0.553891 1.28101
415000 0.159182 0.555162 0.57485 1.28919
416000 0.174955 0.529612 0.563075 1.26764
417000 0.163716 0.553429 0.574364 1.29151
418000 0.173057 0.576096 0.63037 1.37952
419000 0.168218 0.565014 0.583702 1.31693
420000 0.174519 0.556667 0.589878 1.32106
421000 0.154124 0.562682 0.580707 1.29751
422000 0.161293 0.568104 0.577243 1.30664
423000 0.169741 0.559921 0.624237 1.3539
424000 0.171898 0.568846 0.599441 1.34018
425000 0.164664 0.58417 0.593942 1.34278
426000 0.163536 0.55922 0.595066 1.31782
427000 0.165623 0.568315 0.568697 1.30263
428000 0.168344 0.570969 0.639305 1.37862
429000 0.166478 0.562349 0.56642 1.29525
430000 0.17014 0.562425 0.585633 1.3182
431000 0.162805 0.562877 0.586824 1.31251
432000 0.183338 0.569652 0.583806 1.3368
433000 0.167328 0.578731 0.648159 1.39422
434000 0.172182 0.588441 0.59403 1.35465
435000 0.167353 0.580851 0.605022 1.35323
436000 0.170424 0.575838 0.611245 1.35751
437000 0.184552 0.563878 0.587315 1.33575
438000 0.164719 0.583096 0.635864 1.38368
439000 0.165656 0.577877 0.582401 1.32593
440000 0.167205 0.585128 0.576369 1.3287
441000 0.166259 0.585097 0.59047 1.34183
442000 0.172275 0.589013 0.574809 1.3361
443000 0.170418 0.594853 0.604477 1.36975
444000 0.170211 0.598105 0.580387 1.3487
445000 0.171266 0.61271 0.599924 1.3839
446000 0.161215 0.581861 0.587326 1.3304
447000 0.169201 0.601194 0.604843 1.37524
448000 0.175681 0.588454 0.616641 1.38078
449000 0.190426 0.587676 0.586901 1.365
450000 0.16548 0.614855 0.596799 1.37713
451000 0.167529 0.607263 0.603703 1.37849
452000 0.165959 0.601669 0.592482 1.36011
453000 0.165159 0.597625 0.604181 1.36697
454000 0.196075 0.611081 0.597385 1.40454
455000 0.169997 0.60061 0.60524 1.37585
456000 0.177532 0.615637 0.619925 1.41309
457000 0.192995 0.619733 0.62586 1.43859
458000 0.174121 0.605068 0.632817 1.41201
459000 0.178272 0.617416 0.607747 1.40344
460000 0.169341 0.613149 0.609412 1.3919
461000 0.173676 0.622602 0.622264 1.41854
462000 0.175701 0.603547 0.617636 1.39688
463000 0.167486 0.609955 0.653932 1.43137
464000 0.20909 0.616806 0.626612 1.45251
465000 0.186597 0.638065 0.627693 1.45236
466000 0.193004 0.6337 0.635531 1.46223
467000 0.179545 0.629032 0.626343 1.43492
468000 0.185036 0.623502 0.641894 1.45043
469000 0.177807 0.642647 0.619484 1.43994
470000 0.18157 0.622616 0.614662 1.41885
471000 0.186907 0.640583 0.635712 1.4632
472000 0.180005 0.625829 0.624792 1.43063
473000 0.170408 0.620098 0.645271 1.43578
474000 0.180974 0.639787 0.636518 1.45728
475000 0.170113 0.621726 0.624576 1.41641
476000 0.170551 0.626556 0.640358 1.43747
477000 0.176241 0.628 0.622397 1.42664
478000 0.174853 0.639392 0.656619 1.47086
479000 0.16859 0.623906 0.622008 1.4145
480000 0.170824 0.640081 0.630756 1.44166
481000 0.179053 0.637541 0.6419 1.45849
482000 0.188353 0.62335 0.623458 1.43516
483000 0.178823 0.634273 0.642016 1.45511
484000 0.182013 0.626834 0.629151 1.438
485000 0.179104 0.626267 0.636354 1.44172
486000 0.173367 0.639973 0.640474 1.45381
487000 0.184331 0.625683 0.627923 1.43794
488000 0.179905 0.642594 0.633429 1.45593
489000 0.175073 0.643056 0.619665 1.43779
490000 0.174754 0.63918 0.634778 1.44871
491000 0.179307 0.65412 0.649761 1.48319
492000 0.186327 0.650848 0.623042 1.46022
493000 0.182121 0.628255 0.622911 1.43329
494000 0.179228 0.653325 0.638237 1.47079
495000 0.178416 0.634225 0.641234 1.45387
496000 0.172925 0.654734 0.637997 1.46566
497000 0.182949 0.664343 0.662027 1.50932
498000 0.196047 0.654135 0.644954 1.49514
499000 0.185448 0.650303 0.647175 1.48292
500000 0.169579 0.656471 0.645344 1.47139
501000 0.176827 0.647288 0.661581 1.4857
502000 0.179668 0.676032 0.663584 1.51928
503000 0.190934 0.648919 0.651526 1.49138
504000 0.199749 0.662458 0.654492 1.5167
505000 0.181698 0.64353 0.651278 1.47651
506000 0.178444 0.63524 0.646178 1.45986
507000 0.178301 0.657219 0.640194 1.47571
508000 0.187173 0.645186 0.652551 1.48491
509000 0.170475 0.662049 0.661378 1.4939
510000 0.187527 0.652886 0.667487 1.5079
511000 0.188126 0.655257 0.660474 1.50386
512000 0.195893 0.669923 0.666996 1.53281
513000 0.184182 0.665879 0.676769 1.52683
514000 0.189989 0.668029 0.653955 1.51197
515000 0.189161 0.65826 0.675614 1.52304
516000 0.188159 0.675852 0.657255 1.52127
517000 0.207295 0.661139 0.655456 1.52389
518000 0.187617 0.66946 0.657144 1.51422
519000 0.189979 0.674607 0.676716 1.5413
520000 0.197349 0.659115 0.678918 1.53538
521000 0.189483 0.686419 0.670591 1.54649
522000 0.186452 0.670082 0.678275 1.53481
523000 0.188946 0.659053 0.662183 1.51018
524000 0.193104 0.684196 0.669487 1.54679
525000 0.198863 0.676102 0.70387 1.57884
526000 0.185554 0.663125 0.650189 1.49887
527000 0.195183 0.687387 0.686126 1.56869
528000 0.190222 0.682492 0.662655 1.53537
529000 0.183786 0.670303 0.673968 1.52806
530000 0.190452 0.713021 0.687925 1.5914
531000 0.202942 0.679396 0.681114 1.56345
532000 0.201771 0.689427 0.685092 1.57629
533000 0.193662 0.693063 0.691253 1.57798
534000 0.185963 0.686192 0.681974 1.55413
535000 0.207122 0.693147 0.676675 1.57694
536000 0.201586 0.688219 0.667486 1.55729
537000 0.199096 0.687838 0.690288 1.57722
538000 0.184728 0.676732 0.681446 1.54291
539000 0.191114 0.702724 0.695409 1.58925
540000 0.194346 0.707366 0.678762 1.58047
541000 0.195689 0.716434 0.69194 1.60406
542000 0.193627 0.68273 0.678825 1.55518
543000 0.184285 0.694471 0.687553 1.56631
544000 0.193751 0.675314 0.689307 1.55837
545000 0.187569 0.681905 0.666655 1.53613
546000 0.191689 0.712153 0.695553 1.5994
547000 0.199089 0.691182 0.676666 1.56694
548000 0.197479 0.70373 0.690957 1.59217
549000 0.179058 0.688953 0.68629 1.5543
550000 0.189663 0.6885 0.680978 1.55914
551000 0.194895 0.691588 0.697814 1.5843
552000 0.19548 0.708366 0.68459 1.58844
553000 0.194163 0.698284 0.693689 1.58614
554000 0.194528 0.713179 0.678712 1.58642
555000 0.202312 0.681412 0.723606 1.60733
556000 0.197384 0.698124 0.700132 1.59564
557000 0.19269 0.704125 0.689076 1.58589
558000 0.189333 0.718195 0.697707 1.60523
559000 0.194394 0.70681 0.697238 1.59844
560000 0.203193 0.705363 0.707011 1.61557
561000 0.183632 0.694591 0.712663 1.59089
562000 0.195071 0.701265 0.719562 1.6159
563000 0.191573 0.710455 0.722938 1.62497
564000 0.18406 0.709332 0.714959 1.60835
565000 0.188046 0.716816 0.732423 1.63728
566000 0.189154 0.687015 0.748933 1.6251
567000 0.190635 0.720299 0.745648 1.65658
568000 0.193167 0.698607 0.741717 1.63349
569000 0.191889 0.708342 0.743803 1.64403
570000 0.206882 0.720127 0.749168 1.67618
571000 0.204769 0.738378 0.73447 1.67762
572000 0.194948 0.717042 0.746651 1.65864
573000 0.199083 0.733458 0.731675 1.66422
574000 0.203477 0.734931 0.753747 1.69216
575000 0.209638 0.733314 0.741797 1.68475
576000 0.211791 0.756834 0.769351 1.73798
577000 0.20653 0.72888 0.742224 1.67763
578000 0.194077 0.723321 0.736067 1.65346
579000 0.200055 0.757631 0.742651 1.70034
580000 0.207329 0.747897 0.750646 1.70587
581000 0.203842 0.738084 0.750294 1.69222
582000 0.195473 0.732602 0.733176 1.66125
583000 0.221501 0.767769 0.749223 1.73849
584000 0.204008 0.762783 0.7661 1.73289
585000 0.201993 0.751638 0.747563 1.70119
586000 0.190651 0.743445 0.75169 1.68579
587000 0.200166 0.720018 0.759962 1.68015
588000 0.195832 0.759294 0.736671 1.6918
589000 0.208241 0.785373 0.768215 1.76183
590000 0.216797 0.767243 0.771538 1.75558
591000 0.203907 0.75054 0.778162 1.73261
592000 0.20312 0.778687 0.761863 1.74367
593000 0.203143 0.790727 0.763738 1.75761
594000 0.216806 0.778729 0.781451 1.77699
595000 0.196976 0.78429 0.750461 1.73173
596000 0.184391 0.777961 0.805326 1.76768
597000 0.207299 0.762017 0.749068 1.71838
598000 0.211855 0.801393 0.762108 1.77536
599000 0.223497 0.788693 0.77318 1.78537
600000 0.212339 0.797918 0.774739 1.785
601000 0.20438 0.78408 0.770223 1.75868
602000 0.202186 0.807314 0.763365 1.77286
603000 0.207377 0.809494 0.779126 1.796
604000 0.227744 0.785323 0.799361 1.81243
605000 0.214014 0.86232 0.804429 1.88076
606000 0.213685 0.81661 0.826801 1.8571
607000 0.222278 0.824041 0.803638 1.84996
608000 0.222104 0.837649 0.808586 1.86834
609000 0.214777 0.82053 0.79298 1.82829
610000 0.22014 0.871738 0.803251 1.89513
611000 0.216309 0.825641 0.812532 1.85448
612000 0.218686 0.850582 0.806016 1.87528
613000 0.206798 0.83258 0.802677 1.84206
614000 0.212718 0.839572 0.803892 1.85618
615000 0.223319 0.842426 0.796844 1.86259
616000 0.221711 0.868464 0.817676 1.90785
617000 0.239331 0.827393 0.806185 1.87291
618000 0.223024 0.838172 0.828771 1.88997
619000 0.221941 0.837852 0.810133 1.86993
620000 0.241094 0.840017 0.819549 1.90066
621000 0.219025 0.878987 0.803032 1.90104
622000 0.250915 0.847984 0.800396 1.8993
623000 0.217675 0.817709 0.816429 1.85181
624000 0.221242 0.852872 0.802512 1.87663
625000 0.20965 0.856132 0.807748 1.87353
626000 0.214038 0.859662 0.802673 1.87637
627000 0.233121 0.839349 0.801885 1.87436
628000 0.21901 0.850113 0.813717 1.88284
629000 0.230661 0.864791 0.798537 1.89399
630000 0.22275 0.865141 0.821097 1.90899
631000 0.221473 0.87653 0.820257 1.91826
632000 0.221617 0.83208 0.808291 1.86199
633000 0.22808 0.847438 0.830954 1.90647
634000 0.236906 0.854689 0.820758 1.91235
635000 0.229857 0.846393 0.823554 1.8998
636000 0.231425 0.876857 0.800896 1.90918
637000 0.223562 0.872205 0.811351 1.90712
638000 0.222727 0.864123 0.830757 1.91761
639000 0.232393 0.847705 0.809297 1.88939
640000 0.232144 0.851478 0.799076 1.8827
641000 0.22543 0.87924 0.824877 1.92955
642000 0.219871 0.856248 0.818931 1.89505
643000 0.224183 0.878816 0.840437 1.94344
644000 0.220724 0.854589 0.802663 1.87798
645000 0.211646 0.843603 0.804964 1.86021
646000 0.242149 0.890975 0.835192 1.96832
647000 0.227548 0.865273 0.832986 1.92581
648000 0.223912 0.874775 0.822355 1.92104
649000 0.237418 0.885401 0.825299 1.94812
650000 0.228608 0.893795 0.829811 1.95221
651000 0.223029 0.89766 0.834776 1.95546
652000 0.234939 0.899351 0.833903 1.96819
653000 0.23359 0.894986 0.814895 1.94347
654000 0.223515 0.893024 0.840084 1.95662
655000 0.217263 0.893914 0.842036 1.95321
656000 0.235674 0.891177 0.83128 1.95813
657000 0.222221 0.894069 0.835235 1.95153
658000 0.233339 0.940368 0.84476 2.01847
659000 0.221861 0.902987 0.837125 1.96197
660000 0.219636 0.892552 0.860706 1.97289
661000 0.227433 0.906473 0.880881 2.01479
662000 0.230328 0.879513 0.826455 1.9363
663000 0.22879 0.887603 0.852841 1.96923
664000 0.225613 0.89532 0.85419 1.97512
665000 0.219435 0.893045 0.84377 1.95625
666000 0.227975 0.906331 0.831953 1.96626
667000 0.231455 0.90216 0.846294 1.97991
668000 0.225853 0.907375 0.860262 1.99349
669000 0.229328 0.891796 0.850115 1.97124
670000 0.23428 0.889684 0.868545 1.99251
671000 0.22577 0.907118 0.858704 1.99159
672000 0.23012 0.894401 0.838202 1.96272
673000 0.219395 0.915809 0.858185 1.99339
674000 0.22186 0.901515 0.853478 1.97685
675000 0.234393 0.909977 0.873624 2.01799
676000 0.227377 0.903075 0.838246 1.9687
677000 0.230296 0.898378 0.846127 1.9748
678000 0.229132 0.913667 0.873824 2.01662
679000 0.228946 0.897953 0.839235 1.96613
680000 0.238209 0.889121 0.863084 1.99041
681000 0.228603 0.907656 0.823798 1.96006
682000 0.234574 0.924528 0.857692 2.01679
683000 0.23911 0.935364 0.871839 2.04631
684000 0.250055 0.92329 0.854473 2.02782
685000 0.255359 0.923764 0.873121 2.05224
686000 0.241529 0.961423 0.862277 2.06523
687000 0.235096 0.926496 0.870489 2.03208
688000 0.234168 0.932244 0.859966 2.02638
689000 0.230529 0.925781 0.856615 2.01293
690000 0.24016 0.94221 0.889583 2.07195
691000 0.237532 0.950727 0.875348 2.06361
692000 0.248757 0.955553 0.886837 2.09115
693000 0.225439 0.93962 0.888902 2.05396
694000 0.254222 0.959898 0.884117 2.09824
695000 0.241147 0.947384 0.911688 2.10022
696000 0.238878 0.948528 0.872854 2.06026
697000 0.234781 0.954706 0.874823 2.06431
698000 0.236795 0.936751 0.891798 2.06534
699000 0.229457 0.967174 0.890707 2.08734
700000 0.228971 0.968773 0.90808 2.10583
701000 0.248301 0.964792 0.887434 2.10053
702000 0.248214 0.9427 0.898575 2.08949
703000 0.23304 0.943319 0.895816 2.07218
704000 0.248502 0.9533 0.895351 2.09715
705000 0.23259 0.960361 0.903995 2.09695
706000 0.245248 0.944006 0.890225 2.07948
707000 0.238949 0.954349 0.902722 2.09602
708000 0.236823 0.946458 0.898526 2.08181
709000 0.249077 0.932062 0.887159 2.0683
710000 0.247769 0.941586 0.910381 2.09974
711000 0.237418 0.958151 0.856259 2.05183
712000 0.243601 0.958484 0.904988 2.10707
713000 0.235157 0.938127 0.906886 2.08017
714000 0.245235 0.950154 0.893553 2.08894
715000 0.243849 0.957801 0.926793 2.12844
716000 0.24964 0.968577 0.896331 2.11455
717000 0.240291 0.951536 0.890427 2.08225
718000 0.241552 0.945667 0.900856 2.08807
719000 0.242051 0.967461 0.917889 2.1274
720000 0.247035 0.98136 0.935162 2.16356
721000 0.244621 0.976012 0.898852 2.11949
722000 0.244011 0.959361 0.906309 2.10968
723000 0.248357 0.957893 0.908201 2.11445
724000 0.257552 0.976532 0.906498 2.14058
725000 0.246325 0.990252 0.955548 2.19213
726000 0.246094 0.97729 0.925565 2.14895
727000 0.242258 0.969582 0.922568 2.13441
728000 0.243385 0.960569 0.907206 2.11116
729000 0.245513 0.964956 0.927361 2.13783
730000 0.246447 0.961949 0.95303 2.16143
731000 0.255436 0.982167 0.920699 2.1583
732000 0.262449 0.976433 0.936855 2.17574
733000 0.252454 0.969126 0.908099 2.12968
734000 0.239755 0.960373 0.896226 2.09635
735000 0.245784 0.976819 0.940131 2.16273
736000 0.240274 0.980564 0.901025 2.12186
737000 0.254899 0.97721 0.944647 2.17676
738000 0.261543 0.97815 0.910653 2.15035
739000 0.253389 0.967534 0.912552 2.13348
740000 0.268291 0.98925 0.939564 2.19711
741000 0.24624 0.983291 0.909776 2.13931
742000 0.262607 0.991877 0.94908 2.20356
743000 0.255154 1.01114 0.932475 2.19877
744000 0.251279 0.994099 0.923523 2.1689
745000 0.266659 1.00875 0.916865 2.19227
746000 0.256622 0.994414 0.928828 2.17986
747000 0.277607 1.02045 0.93345 2.2315
748000 0.249251 0.996886 0.931848 2.17799
749000 0.274789 1.02039 0.909247 2.20443
750000 0.244465 1.01452 0.910249 2.16923
751000 0.241471 0.986273 0.924721 2.15246
752000 0.264705 0.997623 0.937197 2.19952
753000 0.244137 0.987271 0.919695 2.1511
754000 0.26585 1.01317 0.914448 2.19347
755000 0.248199 1.01114 0.920146 2.17949
756000 0.259129 1.00432 0.945356 2.20881
757000 0.256146 1.01232 0.926659 2.19513
758000 0.245914 1.001 0.951258 2.19817
759000 0.256319 1.0093 0.916896 2.18252
760000 0.252891 1.02716 0.958326 2.23838
761000 0.260558 1.00981 0.947425 2.21779
762000 0.267331 1.03406 0.930462 2.23185
763000 0.263232 1.01177 0.947847 2.22284
764000 0.275967 1.01521 0.934886 2.22606
765000 0.25809 1.02632 0.933471 2.21789
766000 0.261825 1.03285 0.962944 2.25762
767000 0.245215 1.03761 0.946827 2.22965
768000 0.270383 1.01836 0.962324 2.25107
769000 0.247356 1.02032 0.950721 2.2184
770000 0.262216 1.03393 0.932681 2.22883
771000 0.246745 1.04657 0.980231 2.27355
772000 0.256005 1.03151 0.958211 2.24573
773000 0.270015 1.03648 0.942392 2.24888
774000 0.247158 1.03617 0.991762 2.27509
775000 0.259202 1.02866 0.94675 2.23461
776000 0.264614 1.03927 0.974436 2.27832
777000 0.26191 1.03994 0.963579 2.26543
778000 0.256982 1.01746 0.935459 2.2099
779000 0.249456 1.00413 0.979053 2.23264
780000 0.28036 1.0481 0.948211 2.27667
781000 0.261049 1.04114 0.974789 2.27698
782000 0.278913 1.03425 0.964058 2.27722
783000 0.253901 1.05295 0.948967 2.25582
784000 0.25187 1.03677 0.950415 2.23905
785000 0.270618 1.06965 0.958889 2.29916
786000 0.2567 1.06507 0.980023 2.30179
787000 0.272958 1.07911 0.98525 2.33731
788000 0.250917 1.08107 0.966175 2.29816
789000 0.258477 1.04847 0.982276 2.28922
790000 0.269086 1.07036 0.985456 2.3249
791000 0.264365 1.07272 1.0202 2.35728
792000 0.285124 1.04622 0.95482 2.28616
793000 0.257316 1.06999 0.974781 2.30208
794000 0.271458 1.08318 1.01095 2.36559
795000 0.263448 1.07784 0.9915 2.33279
796000 0.268366 1.04271 1.01463 2.32571
797000 0.273393 1.05094 0.9641 2.28843
798000 0.266389 1.08069 0.962364 2.30945
799000 0.272606 1.07316 1.00511 2.35087
800000 0.267457 1.06697 0.9544 2.28883
801000 0.258801 1.07553 1.00895 2.34328
802000 0.271548 1.05461 0.981542 2.3077
803000 0.256495 1.06597 1.00134 2.32381
804000 0.264712 1.05471 0.99578 2.3152
805000 0.256805 1.08691 0.990488 2.3342
806000 0.263914 1.07773 1.00392 2.34556
807000 0.24831 1.07022 1.00235 2.32088
808000 0.260676 1.05796 0.970273 2.28891
809000 0.256927 1.07501 1.00042 2.33236
810000 0.267766 1.05776 0.975756 2.30128
811000 0.278359 1.03799 0.997879 2.31422
812000 0.266361 1.09196 0.98534 2.34366
813000 0.282429 1.08363 0.983295 2.34935
814000 0.270839 1.08551 0.968103 2.32445
815000 0.263913 1.10197 0.990882 2.35677
816000 0.270752 1.08632 1.00088 2.35796
817000 0.258977 1.1156 0.981036 2.35562
818000 0.277839 1.09312 0.997052 2.36802
819000 0.25742 1.12042 1.01867 2.39651
820000 0.288777 1.08588 0.985279 2.35994
821000 0.277433 1.06578 0.995895 2.33911
822000 0.272063 1.1146 0.98512 2.37179
823000 0.2753 1.09221 1.00408 2.3716
824000 0.266607 1.13527 0.999496 2.40137
825000 0.277213 1.08414 1.00015 2.36151
826000 0.274928 1.06592 0.99038 2.33123
827000 0.274486 1.10406 0.995667 2.37421
828000 0.256968 1.11759 0.998552 2.37311
829000 0.270482 1.10068 0.997619 2.36878
830000 0.261948 1.09951 0.992738 2.3542
831000 0.264491 1.1114 1.01225 2.38814
832000 0.270856 1.11791 1.01049 2.39925
833000 0.256833 1.08617 1.01238 2.35537
834000 0.270498 1.10759 0.99606 2.37415
835000 0.290554 1.08737 1.01016 2.38809
836000 0.275861 1.12728 1.00863 2.41178
837000 0.267481 1.14156 1.02455 2.43359
838000 0.283937 1.13226 1.01298 2.42918
839000 0.273925 1.12515 1.01948 2.41856
840000 0.288643 1.12626 1.02501 2.43991
841000 0.27471 1.12903 1.04628 2.45003
842000 0.26417 1.1309 1.02908 2.42416
843000 0.276158 1.12879 1.03587 2.44081
844000 0.26606 1.12768 1.04626 2.44
845000 0.270572 1.13282 1.03304 2.43644
846000 0.273781 1.12354 1.02666 2.42398
847000 0.284118 1.15644 1.01113 2.45168
848000 0.274616 1.14797 1.01833 2.44092
849000 0.273174 1.12723 1.00019 2.40059
850000 0.283249 1.12827 1.01757 2.42909
851000 0.269813 1.15519 1.0399 2.4649
852000 0.274908 1.16771 1.032 2.47462
853000 0.253644 1.17827 1.058 2.48991
854000 0.272666 1.15044 1.05147 2.47458
855000 0.280856 1.15046 1.04986 2.48117
856000 0.280946 1.15801 1.05147 2.49043
857000 0.284408 1.14794 1.03451 2.46686
858000 0.296736 1.15753 1.04727 2.50153
859000 0.284673 1.1464 1.04942 2.4805
860000 0.278267 1.17454 1.05676 2.50957
861000 0.285233 1.15678 1.05407 2.49608
862000 0.289522 1.15832 1.05625 2.50409
863000 0.285215 1.16596 1.05242 2.5036
864000 0.273681 1.15921 1.07545 2.50835
865000 0.286568 1.15083 1.03281 2.47022
866000 0.28906 1.17339 1.0495 2.51195
867000 0.285252 1.1746 1.05813 2.51798
868000 0.28719 1.18235 1.02962 2.49916
869000 0.286445 1.17871 1.04265 2.5078
870000 0.285368 1.15576 1.03748 2.4786
871000 0.279103 1.1698 1.06234 2.51124
872000 0.285939 1.19151 1.05483 2.53227
873000 0.289543 1.19083 1.08679 2.56717
874000 0.281153 1.18489 1.08328 2.54932
875000 0.308975 1.18618 1.06476 2.55992
876000 0.298425 1.18167 1.08861 2.56871
877000 0.295091 1.18533 1.05469 2.53511
878000 0.300657 1.14743 1.0918 2.53989
879000 0.296039 1.17319 1.05129 2.52051
880000 0.312046 1.14803 1.03802 2.49809
881000 0.30763 1.16038 1.05397 2.52197
882000 0.300371 1.16183 1.04722 2.50942
883000 0.312922 1.17211 1.07972 2.56476
884000 0.302891 1.1915 1.06053 2.55492
885000 0.302018 1.19435 1.05507 2.55143
886000 0.296026 1.20877 1.07972 2.58452
887000 0.307709 1.17702 1.06522 2.54995
888000 0.311275 1.19479 1.0664 2.57247
889000 0.298087 1.18319 1.06816 2.54944
890000 0.309808 1.18921 1.07146 2.57047
891000 0.316537 1.21055 1.07477 2.60186
892000 0.311794 1.1921 1.065 2.56889
893000 0.29913 1.1833 1.08776 2.57018
894000 0.298906 1.1959 1.05503 2.54983
895000 0.317275 1.20678 1.06396 2.58802
896000 0.300651 1.19898 1.07511 2.57474
897000 0.310492 1.17741 1.06527 2.55316
898000 0.300462 1.18145 1.08862 2.57053
899000 0.304787 1.21393 1.07954 2.59826
900000 0.327318 1.19914 1.07155 2.59801
901000 0.315088 1.1992 1.06628 2.58057
902000 0.307608 1.21168 1.06398 2.58326
903000 0.298135 1.19625 1.08403 2.57841
904000 0.307696 1.17126 1.05853 2.53749
905000 0.302579 1.18402 1.0688 2.55539
906000 0.311849 1.22194 1.06366 2.59745
907000 0.320794 1.21154 1.07191 2.60424
908000 0.320789 1.21556 1.08448 2.62083
909000 0.308147 1.19137 1.08463 2.58415
910000 0.301444 1.20044 1.05829 2.56018
911000 0.316416 1.20458 1.08073 2.60173
912000 0.323792 1.20233 1.05204 2.57816
913000 0.325301 1.20623 1.08348 2.61501
914000 0.325526 1.18979 1.08246 2.59778
915000 0.32644 1.18852 1.07231 2.58727
916000 0.316456 1.18462 1.0552 2.55627
917000 0.330886 1.19028 1.09366 2.61482
918000 0.321221 1.17836 1.06898 2.56857
919000 0.320755 1.208 1.07312 2.60188
920000 0.322208 1.21232 1.07785 2.61238
921000 0.305119 1.20731 1.05847 2.5709
922000 0.305491 1.19834 1.06736 2.57119
923000 0.309234 1.20445 1.08398 2.59767
924000 0.319799 1.20755 1.10344 2.63078
925000 0.316878 1.18912 1.08187 2.58787
926000 0.317461 1.22352 1.08021 2.62119
927000 0.316134 1.20223 1.10042 2.61878
928000 0.303396 1.21801 1.08546 2.60687
929000 0.307734 1.21951 1.09458 2.62182
930000 0.31816 1.20925 1.1006 2.628
931000 0.326235 1.2228 1.10258 2.65162
932000 0.332906 1.2309 1.0811 2.6449
933000 0.314338 1.2618 1.08808 2.66421
934000 0.319514 1.23147 1.1011 2.65208
935000 0.310919 1.23962 1.09824 2.64878
936000 0.309079 1.23005 1.09131 2.63043
937000 0.327357 1.23526 1.08954 2.65215
938000 0.32815 1.23321 1.06957 2.63093
939000 0.319578 1.22952 1.07825 2.62735
940000 0.316926 1.22917 1.09702 2.64312
941000 0.311003 1.23606 1.08892 2.63598
942000 0.322173 1.25358 1.10024 2.67599
943000 0.311318 1.24872 1.10393 2.66397
944000 0.318578 1.23321 1.07664 2.62842
945000 0.312774 1.21809 1.08099 2.61186
946000 0.315131 1.2295 1.08466 2.62928
947000 0.323102 1.22435 1.08947 2.63693
948000 0.328567 1.24084 1.11387 2.68328
949000 0.318689 1.23101 1.10154 2.65124
950000 0.318358 1.25424 1.10637 2.67897
951000 0.320926 1.22306 1.08754 2.63152
952000 0.335546 1.24319 1.10627 2.685
953000 0.318922 1.26156 1.08494 2.66542
954000 0.332748 1.21318 1.07575 2.62169
955000 0.32433 1.24788 1.10364 2.67584
956000 0.340338 1.25415 1.10731 2.70179
957000 0.329408 1.26785 1.10461 2.70187
958000 0.31556 1.24716 1.12225 2.68497
959000 0.336235 1.26234 1.11907 2.71765
960000 0.3385 1.26766 1.09533 2.7015
961000 0.314724 1.2478 1.12572 2.68824
962000 0.312967 1.25292 1.10135 2.66724
963000 0.327584 1.282 1.09915 2.70873
964000 0.323564 1.265 1.09286 2.68142
965000 0.327309 1.23943 1.11143 2.67818
966000 0.33836 1.25393 1.10595 2.69824
967000 0.341271 1.24034 1.09229 2.6739
968000 0.323439 1.26338 1.13171 2.71853
969000 0.341942 1.24803 1.13109 2.72106
970000 0.340493 1.25029 1.10923 2.70002
971000 0.34886 1.26463 1.12966 2.74315
972000 0.34007 1.26516 1.11788 2.72312
973000 0.33568 1.26456 1.13413 2.73437
974000 0.343648 1.25627 1.11233 2.71224
975000 0.319838 1.28232 1.14294 2.74511
976000 0.352308 1.26366 1.11649 2.73246
977000 0.325265 1.25271 1.10644 2.68441
978000 0.339148 1.26315 1.11357 2.71586
979000 0.351977 1.24182 1.12755 2.72135
980000 0.328365 1.25749 1.12389 2.70975
981000 0.331868 1.23035 1.13561 2.69782
982000 0.327295 1.25683 1.11378 2.69791
983000 0.312189 1.24537 1.12003 2.67759
984000 0.359455 1.25453 1.12188 2.73587
985000 0.327255 1.26665 1.15326 2.74717
986000 0.340694 1.25017 1.1194 2.71026
987000 0.31529 1.24619 1.12568 2.68716
988000 0.335526 1.24779 1.11184 2.69516
989000 0.326616 1.27508 1.12484 2.72653
990000 0.320484 1.26007 1.13047 2.71102
991000 0.338325 1.27333 1.13229 2.74394
992000 0.324926 1.27158 1.14115 2.73766
993000 0.343876 1.27389 1.13018 2.74795
994000 0.324725 1.29718 1.11126 2.73316
995000 0.335866 1.25858 1.13157 2.72602
996000 0.329692 1.30881 1.1371 2.7756
997000 0.320652 1.26579 1.13676 2.72319
998000 0.319462 1.26826 1.12854 2.71627
999000 0.325782 1.28535 1.15376 2.76489
1000000 0.328265 1.28475 1.13894 2.75195
1001000 0.325178 1.29605 1.17455 2.79578
1002000 0.324371 1.27371 1.15341 2.75149
1003000 0.323848 1.3076 1.15983 2.79128
1004000 0.318727 1.29702 1.1676 2.78335
1005000 0.337516 1.28489 1.16986 2.79227
1006000 0.327279 1.33085 1.19842 2.85654
1007000 0.327335 1.30195 1.15926 2.78854
1008000 0.332287 1.31037 1.18111 2.82376
1009000 0.321876 1.31029 1.18239 2.81455
1010000 0.3298 1.29278 1.16003 2.78262
1011000 0.317291 1.33764 1.18521 2.84014
1012000 0.310842 1.32013 1.21049 2.84145
1013000 0.329833 1.30238 1.19644 2.82865
1014000 0.331384 1.32027 1.22305 2.8747
1015000 0.328447 1.31102 1.19621 2.83568
1016000 0.331362 1.31768 1.2354 2.88445
1017000 0.340324 1.31825 1.1894 2.84798
1018000 0.339318 1.3395 1.22284 2.90165
1019000 0.313951 1.33653 1.1659 2.81638
1020000 0.353988 1.33732 1.21324 2.90456
1021000 0.331487 1.38204 1.22406 2.93759
1022000 0.342041 1.33337 1.22473 2.90015
1023000 0.336333 1.34693 1.24786 2.93112
1024000 0.346907 1.32369 1.22246 2.89306
1025000 0.374472 1.32378 1.20276 2.90101
1026000 0.332563 1.33372 1.22206 2.88834
1027000 0.338963 1.32255 1.21122 2.87273
1028000 0.349218 1.33343 1.242 2.92465
1029000 0.342191 1.28903 1.20435 2.83557
1030000 0.34239 1.31313 1.24914 2.90466
