# Time-averaged data for fix 1
# TimeStep c_msd_all[1] c_msd_all[2] c_msd_all[3] c_msd_all[4]
31000 0.08511 0.0850379 0.0728913 0.243039
32000 0.0694667 0.0782427 0.0885092 0.236219
33000 0.0812648 0.0841551 0.0804327 0.245853
34000 0.0679321 0.0837798 0.0686699 0.220382
35000 0.0582528 0.0734473 0.0664804 0.19818
36000 0.084376 0.0708912 0.0662008 0.221468
37000 0.0867535 0.078554 0.0738215 0.239129
38000 0.0838503 0.0767149 0.0712776 0.231843
39000 0.0655373 0.0872427 0.0718037 0.224584
40000 0.061688 0.0913502 0.0720259 0.225064
41000 0.0825461 0.0914272 0.0724556 0.246429
42000 0.0842534 0.087256 0.0772266 0.248736
43000 0.10616 0.0866733 0.0787923 0.271626
44000 0.065562 0.0948553 0.0816229 0.24204
45000 0.0681059 0.092262 0.082582 0.24295
46000 0.0645111 0.0962807 0.0824071 0.243199
47000 0.0674048 0.100215 0.0905462 0.258166
48000 0.0662436 0.0915269 0.0868082 0.244579
49000 0.0681402 0.108194 0.0849922 0.261327
50000 0.0639367 0.118795 0.0806202 0.263351
51000 0.0747116 0.11486 0.0882172 0.277789
52000 0.0794917 0.105539 0.0912043 0.276236
53000 0.0785321 0.0896179 0.0821831 0.250333
54000 0.0618469 0.110842 0.0846085 0.257298
55000 0.0734795 0.119477 0.0872317 0.280188
56000 0.0672288 0.104436 0.086343 0.258008
57000 0.0628619 0.0951047 0.0891442 0.247111
58000 0.0681795 0.105161 0.0945318 0.267872
59000 0.068133 0.118416 0.097274 0.283823
60000 0.0679835 0.121846 0.0969327 0.286763
61000 0.0821671 0.119613 0.0958349 0.297615
62000 0.0756662 0.118569 0.0985869 0.292823
63000 0.0845736 0.125642 0.102967 0.313182
64000 0.0686754 0.13655 0.106015 0.311241
65000 0.0736954 0.126717 0.103744 0.304155
66000 0.0729992 0.129073 0.102214 0.304286
67000 0.0816956 0.129649 0.0933286 0.304673
68000 0.0638706 0.119958 0.0942185 0.278047
69000 0.0708003 0.128635 0.106722 0.306158
70000 0.0738062 0.124921 0.114362 0.313089
71000 0.0647818 0.123791 0.121314 0.309887
72000 0.0722056 0.127229 0.104929 0.304363
73000 0.0683374 0.119719 0.104006 0.292062
74000 0.0736741 0.125341 0.117028 0.316043
75000 0.0677024 0.112341 0.111353 0.291396
76000 0.0713259 0.130847 0.132563 0.334736
77000 0.0702207 0.135741 0.137028 0.342989
78000 0.0729712 0.135237 0.135063 0.343272
79000 0.0831907 0.136387 0.13724 0.356818
80000 0.0700834 0.134188 0.139942 0.344214
81000 0.0868014 0.163229 0.14399 0.39402
82000 0.0769215 0.149738 0.150846 0.377506
83000 0.0846147 0.144855 0.140304 0.369774
84000 0.0832643 0.160335 0.16993 0.413529
85000 0.0757333 0.152749 0.146304 0.374786
86000 0.0792045 0.14787 0.149757 0.376831
87000 0.0796833 0.144432 0.146634 0.370749
88000 0.0951625 0.158349 0.147842 0.401354
89000 0.0788246 0.143528 0.150773 0.373126
90000 0.0895678 0.156246 0.141535 0.38735
91000 0.0812296 0.159119 0.131777 0.372126
92000 0.0768221 0.154781 0.131197 0.362801
93000 0.0858931 0.16041 0.13719 0.383493
94000 0.0796484 0.155051 0.142671 0.377371
95000 0.070524 0.166655 0.139402 0.376581
96000 0.0835488 0.178231 0.140146 0.401925
97000 0.0723944 0.168056 0.142427 0.382877
98000 0.0728412 0.184027 0.139132 0.396
99000 0.0711137 0.170455 0.137625 0.379194
100000 0.083648 0.194411 0.146023 0.424082
101000 0.0788135 0.178117 0.1503 0.40723
102000 0.0780323 0.173246 0.152295 0.403573
103000 0.0859165 0.181166 0.149007 0.41609
104000 0.0832559 0.179723 0.143962 0.406941
105000 0.0748242 0.177825 0.14493 0.397579
106000 0.0760414 0.181371 0.151955 0.409367
107000 0.0816532 0.176854 0.150504 0.409012
108000 0.0801263 0.185751 0.154923 0.420801
109000 0.0866347 0.197657 0.156047 0.440339
110000 0.0981828 0.1928 0.157156 0.448139
111000 0.0848605 0.192497 0.163409 0.440766
112000 0.0818651 0.194644 0.15032 0.426829
113000 0.0980653 0.190806 0.15865 0.447521
114000 0.0921822 0.195852 0.151033 0.439067
115000 0.116572 0.189591 0.155932 0.462096
116000 0.0950219 0.198245 0.155294 0.448561
117000 0.0994153 0.209724 0.146657 0.455796
118000 0.0881765 0.188032 0.154864 0.431072
119000 0.0899349 0.197317 0.161853 0.449105
120000 0.081843 0.186459 0.158509 0.426811
121000 0.0917279 0.193515 0.159264 0.444507
122000 0.088679 0.181277 0.161454 0.431411
123000 0.0969705 0.189594 0.16608 0.452644
124000 0.0916786 0.188032 0.163102 0.442812
125000 0.0919194 0.171336 0.171334 0.434589
126000 0.101128 0.171948 0.168265 0.441341
127000 0.0891644 0.171933 0.164095 0.425192
128000 0.0882702 0.170975 0.170148 0.429393
129000 0.104277 0.181967 0.179971 0.466216
130000 0.0973307 0.17899 0.179445 0.455766
131000 0.0910717 0.182704 0.166906 0.440681
132000 0.104234 0.190964 0.17601 0.471207
133000 0.10339 0.188747 0.186915 0.479052
134000 0.0977611 0.187894 0.181546 0.467201
135000 0.099697 0.177045 0.175176 0.451918
136000 0.0946085 0.19034 0.182821 0.467769
137000 0.0992096 0.19606 0.180495 0.475765
138000 0.093219 0.183929 0.174702 0.45185
139000 0.0935899 0.19047 0.179613 0.463673
140000 0.0936268 0.20045 0.178126 0.472203
141000 0.0998011 0.204899 0.175009 0.479708
142000 0.0956826 0.194197 0.185281 0.475161
143000 0.0972384 0.200877 0.189723 0.487839
144000 0.103472 0.195104 0.188156 0.486733
145000 0.0933674 0.1989 0.186909 0.479176
146000 0.0968055 0.213512 0.186336 0.496653
147000 0.109761 0.20412 0.189137 0.503018
148000 0.112284 0.201779 0.190392 0.504455
149000 0.101381 0.202168 0.194062 0.49761
150000 0.11165 0.225261 0.193314 0.530226
151000 0.107292 0.220001 0.198034 0.525327
152000 0.103751 0.21505 0.202291 0.521091
153000 0.105625 0.223546 0.193404 0.522575
154000 0.098643 0.227419 0.206932 0.532994
155000 0.0976135 0.219214 0.199712 0.51654
156000 0.113883 0.228401 0.208316 0.5506
157000 0.107908 0.223173 0.209547 0.540628
158000 0.0981295 0.241168 0.197611 0.536908
159000 0.102725 0.2289 0.211598 0.543223
160000 0.100566 0.233429 0.219486 0.553482
161000 0.10641 0.21886 0.209851 0.535121
162000 0.102439 0.224407 0.208176 0.535022
163000 0.109926 0.215077 0.223839 0.548842
164000 0.102262 0.222044 0.21656 0.540866
165000 0.107661 0.242147 0.21146 0.561268
166000 0.102881 0.221564 0.215558 0.540002
167000 0.105348 0.23393 0.225553 0.564831
168000 0.100235 0.22644 0.216139 0.542814
169000 0.0932063 0.221672 0.202572 0.51745
170000 0.111435 0.225111 0.204708 0.541255
171000 0.0987636 0.226347 0.204412 0.529522
172000 0.126583 0.224597 0.196823 0.548002
173000 0.109259 0.225371 0.21267 0.547301
174000 0.115948 0.230403 0.217306 0.563658
175000 0.112354 0.230152 0.232209 0.574715
176000 0.115693 0.252042 0.217283 0.585019
177000 0.109366 0.250128 0.226499 0.585992
178000 0.103704 0.2379 0.229751 0.571355
179000 0.115726 0.235978 0.221664 0.573368
180000 0.114656 0.246387 0.233648 0.594691
181000 0.122491 0.250885 0.223633 0.597008
182000 0.108066 0.249471 0.217789 0.575325
183000 0.112374 0.246848 0.227185 0.586406
184000 0.115037 0.245159 0.23459 0.594785
185000 0.113027 0.235797 0.245778 0.594602
186000 0.137766 0.239182 0.219088 0.596035
187000 0.110196 0.239083 0.210329 0.559607
188000 0.10842 0.26502 0.229581 0.603021
189000 0.117397 0.244992 0.23813 0.60052
190000 0.125675 0.26253 0.228553 0.616758
191000 0.131252 0.238704 0.234984 0.60494
192000 0.115072 0.238765 0.245431 0.599268
193000 0.114713 0.260951 0.234894 0.610558
194000 0.125025 0.261597 0.238497 0.625119
195000 0.127263 0.255257 0.259747 0.642267
196000 0.149575 0.257577 0.271964 0.679116
197000 0.12662 0.266396 0.273151 0.666168
198000 0.113831 0.270984 0.250745 0.635559
199000 0.121626 0.266564 0.266334 0.654524
200000 0.120106 0.261241 0.280889 0.662235
201000 0.116139 0.264125 0.273706 0.65397
202000 0.106236 0.265446 0.250293 0.621975
203000 0.119594 0.259544 0.251431 0.630569
204000 0.115649 0.261654 0.255331 0.632634
205000 0.121012 0.253131 0.270176 0.64432
206000 0.111903 0.258471 0.25697 0.627344
207000 0.11838 0.278523 0.267342 0.664246
208000 0.111619 0.270623 0.263539 0.645781
209000 0.112954 0.263356 0.267224 0.643533
210000 0.117054 0.275951 0.297502 0.690507
211000 0.123043 0.275897 0.283499 0.682439
212000 0.120976 0.274366 0.287688 0.68303
213000 0.123964 0.291489 0.278181 0.693634
214000 0.130318 0.288813 0.284743 0.703875
215000 0.114651 0.266991 0.257613 0.639255
216000 0.1206 0.289366 0.278243 0.688209
217000 0.124594 0.281258 0.289753 0.695605
218000 0.118537 0.285135 0.280598 0.684269
219000 0.120945 0.284616 0.301838 0.707398
220000 0.122685 0.292134 0.285881 0.7007
221000 0.129188 0.304237 0.295028 0.728453
222000 0.133 0.293935 0.312327 0.739262
223000 0.130573 0.297619 0.298656 0.726848
224000 0.128713 0.311584 0.282262 0.722559
225000 0.127381 0.310075 0.290443 0.727898
226000 0.113543 0.300443 0.307216 0.721202
227000 0.118787 0.297788 0.320153 0.736728
228000 0.138235 0.304942 0.302171 0.745348
229000 0.133774 0.298779 0.284203 0.716756
230000 0.126548 0.30967 0.320597 0.756815
231000 0.124 0.306675 0.32043 0.751105
232000 0.141235 0.321979 0.299756 0.762969
233000 0.124524 0.30637 0.302904 0.733799
234000 0.1393 0.303808 0.292989 0.736097
235000 0.135639 0.315595 0.317468 0.768703
236000 0.127291 0.323153 0.296938 0.747383
237000 0.126173 0.320871 0.306282 0.753326
238000 0.127658 0.320818 0.29501 0.743486
239000 0.136088 0.315868 0.293584 0.74554
240000 0.132082 0.323837 0.302902 0.758821
241000 0.129848 0.336471 0.306597 0.772916
242000 0.133053 0.298155 0.310066 0.741273
243000 0.125792 0.331504 0.310294 0.767591
244000 0.141815 0.33113 0.29407 0.767014
245000 0.127143 0.325003 0.300033 0.752178
246000 0.130348 0.324101 0.318509 0.772958
247000 0.127691 0.326253 0.301515 0.755459
248000 0.137736 0.310331 0.313877 0.761945
249000 0.128228 0.330426 0.301496 0.76015
250000 0.122515 0.330007 0.307874 0.760396
251000 0.13892 0.331962 0.308351 0.779233
252000 0.133935 0.314802 0.303664 0.752401
253000 0.152423 0.315603 0.301278 0.769304
254000 0.127652 0.319069 0.307412 0.754134
255000 0.127128 0.315265 0.303353 0.745746
256000 0.12419 0.332645 0.309052 0.765888
257000 0.138973 0.334537 0.309599 0.78311
258000 0.127725 0.328146 0.30962 0.765491
259000 0.134746 0.334018 0.31528 0.784044
260000 0.161414 0.340722 0.318543 0.820678
261000 0.132798 0.348655 0.313246 0.794699
262000 0.140479 0.339683 0.309155 0.789317
263000 0.131719 0.357905 0.311803 0.801427
264000 0.139001 0.357299 0.319139 0.81544
265000 0.134957 0.350699 0.326441 0.812097
266000 0.132033 0.342945 0.311638 0.786616
267000 0.132657 0.356216 0.312183 0.801056
268000 0.129699 0.337688 0.320594 0.78798
269000 0.129151 0.331201 0.315029 0.775381
270000 0.132019 0.339292 0.318242 0.789552
271000 0.141895 0.350062 0.320474 0.812431
272000 0.139596 0.362634 0.312939 0.815169
273000 0.13593 0.355211 0.322673 0.813814
274000 0.131457 0.342232 0.32841 0.802099
275000 0.140313 0.355533 0.32279 0.818636
276000 0.150774 0.353584 0.319122 0.82348
277000 0.157981 0.351648 0.322737 0.832366
278000 0.150354 0.359115 0.325889 0.835359
279000 0.163704 0.361166 0.33448 0.859349
280000 0.145481 0.365078 0.329779 0.840338
281000 0.145127 0.370082 0.33253 0.847739
282000 0.142401 0.380557 0.344976 0.867933
283000 0.150892 0.360872 0.323074 0.834837
284000 0.15761 0.370893 0.318975 0.847478
285000 0.159295 0.376651 0.327412 0.863357
286000 0.146388 0.358953 0.323132 0.828472
287000 0.143672 0.377981 0.322453 0.844107
288000 0.158053 0.368877 0.327072 0.854002
289000 0.157891 0.377169 0.331523 0.866582
290000 0.14108 0.381452 0.334337 0.856869
291000 0.158345 0.386601 0.339736 0.884682
292000 0.152262 0.38155 0.328895 0.862707
293000 0.153586 0.398718 0.333033 0.885337
294000 0.167796 0.38565 0.352334 0.90578
295000 0.157168 0.368873 0.339834 0.865876
296000 0.164312 0.397484 0.347177 0.908973
297000 0.153195 0.385827 0.336928 0.875949
298000 0.15452 0.390764 0.356812 0.902097
299000 0.156239 0.38812 0.358741 0.903101
300000 0.160537 0.392901 0.368871 0.92231
301000 0.16227 0.396381 0.380357 0.939008
302000 0.16318 0.410854 0.364171 0.938205
303000 0.148212 0.398259 0.378389 0.924861
304000 0.160091 0.398814 0.370082 0.928987
305000 0.155778 0.397479 0.368978 0.922235
306000 0.156274 0.3903 0.376768 0.923342
307000 0.155637 0.41557 0.38595 0.957156
308000 0.145788 0.400317 0.376511 0.922616
309000 0.154344 0.411387 0.386008 0.951739
310000 0.159099 0.406543 0.383447 0.94909
311000 0.159294 0.406536 0.387855 0.953685
312000 0.168131 0.413208 0.406211 0.98755
313000 0.156369 0.422114 0.419715 0.998198
314000 0.156232 0.404624 0.407729 0.968586
315000 0.167445 0.409004 0.392277 0.968726
316000 0.161691 0.412675 0.413232 0.987599
317000 0.154835 0.403915 0.403101 0.961851
318000 0.165884 0.405192 0.390728 0.961804
319000 0.166553 0.410614 0.397908 0.975075
320000 0.156518 0.412381 0.398584 0.967484
321000 0.165116 0.430544 0.426143 1.0218
322000 0.160706 0.416724 0.406494 0.983925
323000 0.161654 0.418518 0.422035 1.00221
324000 0.159796 0.440064 0.415878 1.01574
325000 0.160533 0.438137 0.406718 1.00539
326000 0.160827 0.433173 0.410881 1.00488
327000 0.168792 0.437058 0.411395 1.01724
328000 0.166807 0.453031 0.423406 1.04324
329000 0.168293 0.442364 0.431854 1.04251
330000 0.167679 0.453777 0.428892 1.05035
331000 0.166817 0.455417 0.441037 1.06327
332000 0.168439 0.451663 0.423716 1.04382
333000 0.17812 0.470397 0.441022 1.08954
334000 0.171767 0.447714 0.423642 1.04312
335000 0.168937 0.463051 0.434133 1.06612
336000 0.176738 0.455097 0.440672 1.07251
337000 0.180069 0.455501 0.436472 1.07204
338000 0.175732 0.45233 0.431389 1.05945
339000 0.169584 0.460018 0.416777 1.04638
340000 0.172702 0.460083 0.439249 1.07203
341000 0.168384 0.465918 0.452978 1.08728
342000 0.170944 0.461311 0.436507 1.06876
343000 0.177862 0.469991 0.437657 1.08551
344000 0.170804 0.45507 0.436112 1.06199
345000 0.17393 0.465499 0.435293 1.07472
346000 0.165851 0.462227 0.430592 1.05867
347000 0.177175 0.463737 0.448032 1.08894
348000 0.181117 0.45382 0.44252 1.07746
349000 0.186791 0.463133 0.439968 1.08989
350000 0.174572 0.479372 0.431213 1.08516
351000 0.172942 0.454191 0.427177 1.05431
352000 0.179246 0.474736 0.438141 1.09212
353000 0.185217 0.470664 0.426269 1.08215
354000 0.178952 0.451682 0.442062 1.0727
355000 0.168477 0.488719 0.440579 1.09777
356000 0.178621 0.459935 0.452067 1.09062
357000 0.172506 0.483575 0.459294 1.11537
358000 0.176258 0.471222 0.446839 1.09432
359000 0.190699 0.481862 0.447376 1.11994
360000 0.175569 0.479685 0.439969 1.09522
361000 0.17593 0.485492 0.457407 1.11883
362000 0.170552 0.503683 0.464141 1.13838
363000 0.17909 0.496203 0.455988 1.13128
364000 0.194656 0.508603 0.479982 1.18324
365000 0.170847 0.511314 0.473794 1.15595
366000 0.179554 0.496741 0.466091 1.14239
367000 0.197746 0.50315 0.462222 1.16312
368000 0.173171 0.503708 0.473177 1.15006
369000 0.177261 0.503005 0.461925 1.14219
370000 0.17882 0.506415 0.475011 1.16025
371000 0.175212 0.497605 0.468444 1.14126
372000 0.1711 0.490619 0.482579 1.1443
373000 0.175945 0.518323 0.506953 1.20122
374000 0.17549 0.531114 0.490143 1.19675
375000 0.174687 0.498046 0.460045 1.13278
376000 0.173266 0.488484 0.472669 1.13442
377000 0.173279 0.505113 0.480259 1.15865
378000 0.176948 0.514644 0.487283 1.17888
379000 0.175343 0.514253 0.472791 1.16239
380000 0.178906 0.51875 0.481021 1.17868
381000 0.172288 0.522841 0.486885 1.18201
382000 0.175567 0.508066 0.490137 1.17377
383000 0.179437 0.522014 0.481368 1.18282
384000 0.199959 0.536998 0.480057 1.21701
385000 0.176094 0.518706 0.499128 1.19393
386000 0.18272 0.522699 0.485263 1.19068
387000 0.16995 0.521773 0.489208 1.18093
388000 0.166926 0.519119 0.471493 1.15754
389000 0.182209 0.509443 0.478889 1.17054
390000 0.181918 0.52852 0.500807 1.21125
391000 0.186125 0.521322 0.475764 1.18321
392000 0.175448 0.522738 0.500096 1.19828
393000 0.18655 0.526556 0.488129 1.20124
394000 0.169043 0.516062 0.513734 1.19884
395000 0.177672 0.524911 0.515572 1.21816
396000 0.175001 0.516892 0.497344 1.18924
397000 0.181886 0.5407 0.514049 1.23664
398000 0.178082 0.535659 0.485698 1.19944
399000 0.178329 0.526794 0.478822 1.18394
400000 0.178124 0.538551 0.524518 1.24119
401000 0.18163 0.520955 0.494694 1.19728
402000 0.182204 0.52784 0.522523 1.23257
403000 0.185849 0.551688 0.493786 1.23132
404000 0.179691 0.530132 0.509069 1.21889
405000 0.184358 0.550705 0.503477 1.23854
406000 0.187145 0.531203 0.487945 1.20629
407000 0.191312 0.532211 0.519507 1.24303
408000 0.189772 0.520281 0.493392 1.20345
409000 0.190032 0.544158 0.505033 1.23922
410000 0.185102 0.562443 0.503416 1.25096
411000 0.191034 0.545243 0.489957 1.22623
412000 0.196573 0.569518 0.510999 1.27709
413000 0.178193 0.533598 0.506143 1.21793
414000 0.183755 0.545541 0.515836 1.24513
415000 0.193393 0.551691 0.510349 1.25543
416000 0.183769 0.544946 0.508293 1.23701
417000 0.203205 0.57731 0.536412 1.31693
418000 0.186736 0.565719 0.513805 1.26626
419000 0.193348 0.522205 0.496419 1.21197
420000 0.192468 0.549186 0.515976 1.25763
421000 0.183223 0.566888 0.517759 1.26787
422000 0.19847 0.568144 0.538326 1.30494
423000 0.185233 0.549505 0.52014 1.25488
424000 0.195244 0.544993 0.521905 1.26214
425000 0.188777 0.549455 0.538126 1.27636
426000 0.197771 0.543328 0.523404 1.2645
427000 0.192838 0.572514 0.534365 1.29972
428000 0.190799 0.548438 0.522687 1.26192
429000 0.183042 0.527358 0.526197 1.2366
430000 0.192617 0.569624 0.540945 1.30319
431000 0.201496 0.560825 0.528089 1.29041
432000 0.191313 0.581264 0.541121 1.3137
433000 0.185441 0.551402 0.525035 1.26188
434000 0.188949 0.546864 0.557883 1.2937
435000 0.185796 0.56535 0.558904 1.31005
436000 0.187161 0.550296 0.57685 1.31431
437000 0.189893 0.551585 0.556271 1.29775
438000 0.19636 0.554821 0.539356 1.29054
439000 0.202331 0.559608 0.560957 1.3229
440000 0.18401 0.561488 0.551915 1.29741
441000 0.193255 0.582266 0.556839 1.33236
442000 0.188889 0.566047 0.560212 1.31515
443000 0.199428 0.562392 0.554544 1.31636
444000 0.209117 0.557841 0.560522 1.32748
445000 0.200073 0.563755 0.568773 1.3326
446000 0.203019 0.577565 0.575734 1.35632
447000 0.190769 0.592005 0.550858 1.33363
448000 0.206179 0.575539 0.577339 1.35906
449000 0.202146 0.578355 0.572816 1.35332
450000 0.193984 0.595914 0.558712 1.34861
451000 0.202385 0.600296 0.570648 1.37333
452000 0.194441 0.609577 0.564898 1.36892
453000 0.197234 0.591162 0.556166 1.34456
454000 0.193435 0.593322 0.570173 1.35693
455000 0.189316 0.607884 0.57398 1.37118
456000 0.20242 0.62354 0.5794 1.40536
457000 0.1975 0.603929 0.574714 1.37614
458000 0.19902 0.595947 0.578199 1.37317
459000 0.207026 0.595261 0.584852 1.38714
460000 0.199295 0.612722 0.585142 1.39716
461000 0.207334 0.61217 0.585235 1.40474
462000 0.210568 0.590882 0.578837 1.38029
463000 0.194762 0.633467 0.59663 1.42486
464000 0.19041 0.605863 0.582426 1.3787
465000 0.200617 0.623385 0.571738 1.39574
466000 0.195734 0.644258 0.582392 1.42238
467000 0.200615 0.630825 0.57752 1.40896
468000 0.204693 0.614105 0.580462 1.39926
469000 0.191679 0.621959 0.601763 1.4154
470000 0.207709 0.618771 0.592852 1.41933
471000 0.20702 0.62246 0.592486 1.42197
472000 0.200414 0.636927 0.576698 1.41404
473000 0.218406 0.621266 0.575233 1.4149
474000 0.214003 0.624714 0.596776 1.43549
475000 0.204855 0.629124 0.600677 1.43466
476000 0.201703 0.635453 0.619931 1.45709
477000 0.203917 0.651488 0.574854 1.43026
478000 0.207307 0.630893 0.578729 1.41693
479000 0.199067 0.64451 0.613066 1.45664
480000 0.227956 0.611282 0.591139 1.43038
481000 0.205835 0.627936 0.609435 1.4432
482000 0.219592 0.636717 0.581021 1.43733
483000 0.198752 0.65368 0.607923 1.46036
484000 0.211591 0.63894 0.600586 1.45112
485000 0.204696 0.633649 0.607279 1.44562
486000 0.205847 0.638605 0.59186 1.43631
487000 0.214009 0.64815 0.604842 1.467
488000 0.197171 0.626409 0.597939 1.42152
489000 0.203977 0.632476 0.583025 1.41948
490000 0.206866 0.625211 0.600105 1.43218
491000 0.197394 0.636939 0.606053 1.44039
492000 0.231619 0.638253 0.598881 1.46875
493000 0.231108 0.642238 0.59664 1.46999
494000 0.209148 0.642433 0.621178 1.47276
495000 0.206677 0.612184 0.620721 1.43958
496000 0.189694 0.627448 0.605203 1.42235
497000 0.202009 0.617141 0.618985 1.43813
498000 0.199342 0.625054 0.602212 1.42661
499000 0.207258 0.621663 0.603667 1.43259
500000 0.201343 0.624422 0.607905 1.43367
501000 0.205806 0.629888 0.607732 1.44343
502000 0.20194 0.625788 0.583862 1.41159
503000 0.202498 0.631876 0.641314 1.47569
504000 0.203115 0.630133 0.622729 1.45598
505000 0.210966 0.633394 0.61942 1.46378
506000 0.211307 0.634902 0.641904 1.48811
507000 0.206882 0.633824 0.629601 1.47031
508000 0.191976 0.625295 0.625006 1.44228
509000 0.20763 0.627369 0.637058 1.47206
510000 0.201925 0.657578 0.63824 1.49774
511000 0.207898 0.639038 0.640209 1.48715
512000 0.21062 0.649946 0.643275 1.50384
513000 0.199491 0.642053 0.641557 1.4831
514000 0.206977 0.646161 0.65293 1.50607
515000 0.197038 0.662107 0.628172 1.48732
516000 0.235866 0.649973 0.635537 1.52138
517000 0.206537 0.677327 0.63958 1.52344
518000 0.197875 0.631445 0.642684 1.472
519000 0.195307 0.651636 0.636975 1.48392
520000 0.213457 0.657048 0.638455 1.50896
521000 0.226441 0.649335 0.64812 1.5239
522000 0.213729 0.664983 0.660225 1.53894
523000 0.197857 0.645626 0.625297 1.46878
524000 0.1974 0.651226 0.658719 1.50735
525000 0.223528 0.665672 0.63914 1.52834
526000 0.214044 0.647641 0.647239 1.50892
527000 0.201118 0.653235 0.676321 1.53067
528000 0.207087 0.653164 0.648809 1.50906
529000 0.197634 0.650684 0.681182 1.5295
530000 0.194426 0.663344 0.651577 1.50935
531000 0.209595 0.679178 0.660726 1.5495
532000 0.206681 0.673761 0.68201 1.56245
533000 0.201167 0.659061 0.67083 1.53106
534000 0.202984 0.654618 0.683455 1.54106
535000 0.219944 0.659996 0.655158 1.5351
536000 0.202728 0.676314 0.664409 1.54345
537000 0.201829 0.718827 0.69159 1.61225
538000 0.215929 0.667282 0.681717 1.56493
539000 0.222295 0.660604 0.678472 1.56137
540000 0.215748 0.646955 0.6673 1.53
541000 0.202837 0.644232 0.671713 1.51878
542000 0.221646 0.703847 0.688047 1.61354
543000 0.213488 0.67991 0.662317 1.55571
544000 0.214117 0.668732 0.695303 1.57815
545000 0.210975 0.664705 0.668499 1.54418
546000 0.203467 0.668569 0.671044 1.54308
547000 0.210222 0.694963 0.701685 1.60687
548000 0.2122 0.684172 0.671418 1.56779
549000 0.218725 0.68092 0.698995 1.59864
550000 0.209493 0.684826 0.665555 1.55987
551000 0.194526 0.667624 0.67363 1.53578
552000 0.208407 0.700133 0.679564 1.5881
553000 0.203638 0.675954 0.659318 1.53891
554000 0.208617 0.687201 0.683908 1.57973
555000 0.206511 0.657632 0.643636 1.50778
556000 0.21383 0.662321 0.681311 1.55746
557000 0.219207 0.660273 0.704681 1.58416
558000 0.22519 0.658193 0.666353 1.54974
559000 0.214401 0.67698 0.700313 1.59169
560000 0.225078 0.667402 0.680474 1.57295
561000 0.216916 0.680909 0.682429 1.58025
562000 0.214392 0.692099 0.675774 1.58226
563000 0.215744 0.680119 0.685402 1.58127
564000 0.208577 0.666564 0.66717 1.54231
565000 0.226854 0.660955 0.685044 1.57285
566000 0.241765 0.695303 0.676523 1.61359
567000 0.225578 0.689111 0.686798 1.60149
568000 0.211603 0.676594 0.687562 1.57576
569000 0.211917 0.671583 0.697339 1.58084
570000 0.211031 0.684903 0.686598 1.58253
571000 0.209549 0.665959 0.671255 1.54676
572000 0.215233 0.689747 0.680341 1.58532
573000 0.216845 0.706066 0.665038 1.58795
574000 0.225004 0.694201 0.65518 1.57438
575000 0.213246 0.698313 0.67919 1.59075
576000 0.211093 0.694865 0.673812 1.57977
577000 0.214141 0.680462 0.665657 1.56026
578000 0.211189 0.676549 0.66593 1.55367
579000 0.209442 0.68224 0.68018 1.57186
580000 0.217437 0.695412 0.683789 1.59664
581000 0.214539 0.687673 0.688021 1.59023
582000 0.208638 0.685695 0.664167 1.5585
583000 0.212861 0.693561 0.681637 1.58806
584000 0.214004 0.697653 0.664073 1.57573
585000 0.216425 0.695489 0.658959 1.57087
586000 0.216839 0.684096 0.686445 1.58738
587000 0.210228 0.695056 0.676126 1.58141
588000 0.203427 0.702249 0.677394 1.58307
589000 0.210894 0.690972 0.664162 1.56603
590000 0.2205 0.698566 0.670413 1.58948
591000 0.216111 0.689852 0.666407 1.57237
592000 0.227846 0.692004 0.675864 1.59571
593000 0.22351 0.693944 0.651097 1.56855
594000 0.228382 0.688701 0.682395 1.59948
595000 0.219721 0.691179 0.680386 1.59129
596000 0.231906 0.721437 0.680306 1.63365
597000 0.23827 0.695904 0.673068 1.60724
598000 0.230391 0.711471 0.681189 1.62305
599000 0.216887 0.692323 0.670993 1.5802
600000 0.225018 0.723041 0.673115 1.62117
601000 0.221952 0.700273 0.687019 1.60924
602000 0.213907 0.691803 0.677647 1.58336
603000 0.222799 0.698431 0.682763 1.60399
604000 0.218582 0.685727 0.675852 1.58016
605000 0.216018 0.685834 0.682901 1.58475
606000 0.221729 0.701924 0.675163 1.59882
607000 0.210726 0.71847 0.669943 1.59914
608000 0.222958 0.714773 0.710598 1.64833
609000 0.229412 0.716937 0.681644 1.62799
610000 0.218956 0.705373 0.704205 1.62853
611000 0.224348 0.712195 0.679802 1.61635
612000 0.231414 0.7148 0.681903 1.62812
613000 0.226474 0.7022 0.699017 1.62769
614000 0.223086 0.705837 0.70269 1.63161
615000 0.225064 0.699438 0.672454 1.59696
616000 0.224605 0.71546 0.68922 1.62929
617000 0.218209 0.710804 0.684076 1.61309
618000 0.222819 0.711489 0.680899 1.61521
619000 0.22776 0.712839 0.682552 1.62315
620000 0.223452 0.723399 0.678379 1.62523
621000 0.222646 0.74416 0.690049 1.65685
622000 0.222834 0.722172 0.690628 1.63563
623000 0.227127 0.721965 0.693058 1.64215
624000 0.223172 0.71051 0.689284 1.62297
625000 0.226658 0.716075 0.682444 1.62518
626000 0.22773 0.748738 0.702071 1.67854
627000 0.237372 0.7288 0.695047 1.66122
628000 0.214194 0.710029 0.687081 1.6113
629000 0.223364 0.739166 0.704434 1.66696
630000 0.232157 0.722377 0.690082 1.64462
631000 0.229666 0.719808 0.709585 1.65906
632000 0.226471 0.72083 0.691611 1.63891
633000 0.222043 0.718878 0.704054 1.64498
634000 0.224604 0.711492 0.703257 1.63935
635000 0.221249 0.709635 0.70929 1.64017
636000 0.218836 0.719022 0.707408 1.64527
637000 0.229305 0.720612 0.703479 1.6534
638000 0.222111 0.717245 0.694999 1.63435
639000 0.224809 0.719069 0.693861 1.63774
640000 0.21728 0.708347 0.703454 1.62908
641000 0.218289 0.685614 0.699816 1.60372
642000 0.219548 0.725849 0.698025 1.64342
643000 0.212696 0.711106 0.706497 1.6303
644000 0.227442 0.706467 0.693584 1.62749
645000 0.235376 0.710992 0.697089 1.64346
646000 0.234531 0.709033 0.711597 1.65516
647000 0.220389 0.712421 0.703039 1.63585
648000 0.220693 0.728 0.695914 1.64461
649000 0.23315 0.713888 0.704079 1.65112
650000 0.235678 0.723312 0.713081 1.67207
651000 0.226657 0.728924 0.722533 1.67811
652000 0.22385 0.721151 0.713936 1.65894
653000 0.21927 0.722335 0.707829 1.64943
654000 0.236029 0.742187 0.718185 1.6964
655000 0.23483 0.712965 0.708513 1.65631
656000 0.229245 0.757309 0.705847 1.6924
657000 0.228609 0.706936 0.719059 1.6546
658000 0.229108 0.703053 0.716259 1.64842
659000 0.226342 0.738017 0.715321 1.67968
660000 0.228617 0.718116 0.694636 1.64137
661000 0.227819 0.743243 0.710023 1.68109
662000 0.214543 0.715538 0.729895 1.65998
663000 0.224138 0.732747 0.710002 1.66689
664000 0.225915 0.716338 0.712506 1.65476
665000 0.233404 0.717349 0.704014 1.65477
666000 0.22907 0.745594 0.706825 1.68149
667000 0.234828 0.742045 0.718006 1.69488
668000 0.225176 0.729266 0.707176 1.66162
669000 0.235329 0.71514 0.726137 1.67661
670000 0.221173 0.721623 0.701692 1.64449
671000 0.223242 0.727963 0.709402 1.66061
672000 0.225185 0.708164 0.71759 1.65094
673000 0.231387 0.735629 0.709528 1.67654
674000 0.227008 0.735547 0.719455 1.68201
675000 0.22987 0.726796 0.708604 1.66527
676000 0.229081 0.722214 0.695065 1.64636
677000 0.229448 0.729573 0.714583 1.67361
678000 0.229153 0.716653 0.696769 1.64258
679000 0.235334 0.73153 0.723084 1.68995
680000 0.223883 0.73009 0.717826 1.6718
681000 0.229645 0.725021 0.716147 1.67081
682000 0.23378 0.72837 0.721744 1.68389
683000 0.243543 0.743659 0.717231 1.70443
684000 0.241037 0.735722 0.735193 1.71195
685000 0.226014 0.727354 0.727312 1.68068
686000 0.239622 0.734849 0.711983 1.68645
687000 0.221388 0.738918 0.722245 1.68255
688000 0.23029 0.750438 0.71808 1.69881
689000 0.230476 0.743527 0.733943 1.70795
690000 0.233762 0.754339 0.711327 1.69943
691000 0.228642 0.743102 0.723316 1.69506
692000 0.233539 0.757159 0.729172 1.71987
693000 0.244401 0.746744 0.71665 1.7078
694000 0.236064 0.756601 0.73627 1.72893
695000 0.234748 0.755081 0.724595 1.71442
696000 0.23301 0.742205 0.722844 1.69806
697000 0.232325 0.747718 0.715128 1.69517
698000 0.240842 0.743008 0.737206 1.72106
699000 0.22765 0.742861 0.718421 1.68893
700000 0.229713 0.73748 0.726586 1.69378
701000 0.230936 0.740953 0.720775 1.69266
702000 0.232349 0.743814 0.710433 1.6866
703000 0.23105 0.742682 0.75337 1.7271
704000 0.241138 0.751699 0.736081 1.72892
705000 0.234843 0.728122 0.733035 1.696
706000 0.241849 0.745727 0.758229 1.7458
707000 0.237372 0.753439 0.728823 1.71963
708000 0.238211 0.750571 0.737195 1.72598
709000 0.235429 0.738226 0.747684 1.72134
710000 0.235291 0.749766 0.757192 1.74225
711000 0.239852 0.736204 0.74015 1.71621
712000 0.233978 0.753694 0.738219 1.72589
713000 0.227805 0.756149 0.740578 1.72453
714000 0.227081 0.737026 0.743428 1.70753
715000 0.252109 0.736513 0.738361 1.72698
716000 0.232455 0.754378 0.761293 1.74813
717000 0.23655 0.748278 0.735113 1.71994
718000 0.233237 0.753663 0.757993 1.74489
719000 0.234154 0.765552 0.759435 1.75914
720000 0.228876 0.757963 0.72491 1.71175
721000 0.235056 0.761726 0.760813 1.7576
722000 0.241113 0.75187 0.747158 1.74014
723000 0.228039 0.757073 0.750376 1.73549
724000 0.225097 0.761277 0.792999 1.77937
725000 0.237756 0.774927 0.765405 1.77809
726000 0.236545 0.75158 0.741921 1.73005
727000 0.24397 0.736097 0.773427 1.75349
728000 0.230074 0.745262 0.737651 1.71299
729000 0.249266 0.752908 0.780179 1.78235
730000 0.239638 0.748488 0.756465 1.74459
731000 0.230707 0.753068 0.744546 1.72832
732000 0.229085 0.754793 0.778723 1.7626
733000 0.236929 0.762213 0.767724 1.76687
734000 0.241393 0.770203 0.770194 1.78179
735000 0.242127 0.762252 0.77132 1.7757
736000 0.244404 0.754851 0.762368 1.76162
737000 0.231512 0.77397 0.760815 1.7663
738000 0.242554 0.762488 0.764111 1.76915
739000 0.238816 0.765886 0.782996 1.7877
740000 0.240351 0.766834 0.770591 1.77778
741000 0.239562 0.77737 0.774989 1.79192
742000 0.238364 0.777596 0.782884 1.79884
743000 0.235246 0.784517 0.770417 1.79018
744000 0.23304 0.754193 0.7973 1.78453
745000 0.242966 0.762445 0.77312 1.77853
746000 0.241617 0.774262 0.764155 1.78003
747000 0.242361 0.781904 0.789165 1.81343
748000 0.23011 0.76302 0.768046 1.76118
749000 0.230315 0.754366 0.796068 1.78075
750000 0.233938 0.785831 0.784377 1.80415
751000 0.237041 0.767212 0.793834 1.79809
752000 0.244907 0.775297 0.779362 1.79957
753000 0.241975 0.783915 0.787653 1.81354
754000 0.243659 0.774514 0.78024 1.79841
755000 0.242602 0.76885 0.785318 1.79677
756000 0.244515 0.77717 0.813056 1.83474
757000 0.242171 0.781836 0.767712 1.79172
758000 0.240795 0.78094 0.785486 1.80722
759000 0.233026 0.779541 0.78699 1.79956
760000 0.243741 0.76623 0.787279 1.79725
761000 0.246052 0.769167 0.786885 1.8021
762000 0.242517 0.768419 0.786042 1.79698
763000 0.241298 0.772528 0.774284 1.78811
764000 0.241129 0.776452 0.757982 1.77556
765000 0.235536 0.761134 0.785473 1.78214
766000 0.245187 0.787432 0.78882 1.82144
767000 0.246624 0.780249 0.781511 1.80838
768000 0.24251 0.7767 0.78693 1.80614
769000 0.241133 0.786054 0.779403 1.80659
770000 0.251599 0.781164 0.786009 1.81877
771000 0.235496 0.795491 0.788494 1.81948
772000 0.25073 0.775017 0.790648 1.81639
773000 0.243821 0.820331 0.8087 1.87285
774000 0.249239 0.805239 0.78839 1.84287
775000 0.256424 0.800246 0.795774 1.85244
776000 0.248915 0.806524 0.799597 1.85504
777000 0.245162 0.814349 0.791105 1.85062
778000 0.250073 0.798013 0.808148 1.85623
779000 0.237623 0.782302 0.781113 1.80104
780000 0.229475 0.797878 0.79941 1.82676
781000 0.249993 0.808894 0.803369 1.86226
782000 0.241871 0.813289 0.794245 1.84941
783000 0.250446 0.817229 0.82421 1.89189
784000 0.241677 0.802491 0.799051 1.84322
785000 0.25453 0.810261 0.801662 1.86645
786000 0.239293 0.814924 0.825038 1.87925
787000 0.240515 0.801896 0.792699 1.83511
788000 0.256355 0.793064 0.816009 1.86543
789000 0.240012 0.803572 0.775569 1.81915
790000 0.251041 0.797942 0.816684 1.86567
791000 0.234131 0.810342 0.820194 1.86467
792000 0.253278 0.81226 0.810179 1.87572
793000 0.241012 0.805208 0.826326 1.87255
794000 0.244807 0.820071 0.810323 1.8752
795000 0.246842 0.859468 0.835396 1.94171
796000 0.253105 0.828838 0.808041 1.88998
797000 0.243924 0.813405 0.804846 1.86217
798000 0.257007 0.798154 0.789382 1.84454
799000 0.245581 0.838848 0.809845 1.89427
800000 0.249244 0.821969 0.828695 1.89991
801000 0.255282 0.821071 0.821826 1.89818
802000 0.262079 0.816722 0.809098 1.8879
803000 0.253327 0.821535 0.824303 1.89916
804000 0.265794 0.809944 0.831224 1.90696
805000 0.269732 0.817336 0.850439 1.93751
806000 0.264756 0.823539 0.800318 1.88861
807000 0.264407 0.839426 0.826907 1.93074
808000 0.261164 0.832565 0.813375 1.9071
809000 0.243389 0.835838 0.808519 1.88775
810000 0.259512 0.856333 0.818871 1.93472
811000 0.253108 0.828332 0.805645 1.88709
812000 0.263985 0.848997 0.814903 1.92788
813000 0.258387 0.864318 0.815319 1.93802
814000 0.252593 0.868128 0.80965 1.93037
815000 0.25843 0.838255 0.829743 1.92643
816000 0.259616 0.841499 0.791236 1.89235
817000 0.253953 0.842643 0.817439 1.91404
818000 0.268334 0.849027 0.828648 1.94601
819000 0.254983 0.881103 0.815971 1.95206
820000 0.265157 0.851979 0.817147 1.93428
821000 0.262029 0.84673 0.809712 1.91847
822000 0.270599 0.841578 0.829769 1.94195
823000 0.287437 0.856742 0.806103 1.95028
824000 0.271908 0.857464 0.821829 1.9512
825000 0.272716 0.855085 0.824209 1.95201
826000 0.269556 0.829523 0.824735 1.92381
827000 0.257901 0.838435 0.840766 1.9371
828000 0.266514 0.827785 0.821357 1.91566
829000 0.264498 0.859343 0.830471 1.95431
830000 0.261706 0.846287 0.821304 1.9293
831000 0.267082 0.835018 0.827814 1.92991
832000 0.265783 0.845762 0.852674 1.96422
833000 0.260896 0.830375 0.822445 1.91372
834000 0.265752 0.851162 0.816224 1.93314
835000 0.273839 0.843411 0.812617 1.92987
836000 0.268106 0.843388 0.811495 1.92299
837000 0.271826 0.837213 0.821082 1.93012
838000 0.260245 0.818862 0.822864 1.90197
839000 0.2611 0.851173 0.809813 1.92209
840000 0.27097 0.841609 0.814224 1.9268
841000 0.270692 0.859239 0.825575 1.95551
842000 0.25855 0.854137 0.86417 1.97686
843000 0.268438 0.846294 0.816604 1.93134
844000 0.265398 0.83916 0.821401 1.92596
845000 0.279287 0.858856 0.846975 1.98512
846000 0.260065 0.844607 0.829515 1.93419
847000 0.274213 0.842762 0.844046 1.96102
848000 0.255706 0.852466 0.823955 1.93213
849000 0.266869 0.867797 0.823996 1.95866
850000 0.268472 0.868689 0.862056 1.99922
851000 0.277952 0.853309 0.850554 1.98181
852000 0.26851 0.845364 0.856096 1.96997
853000 0.28786 0.872368 0.835806 1.99603
854000 0.275868 0.882462 0.826541 1.98487
855000 0.283991 0.850777 0.850765 1.98553
856000 0.273311 0.848232 0.818287 1.93983
857000 0.269177 0.869059 0.861166 1.9994
858000 0.266886 0.873377 0.845486 1.98575
859000 0.275033 0.859933 0.830979 1.96594
860000 0.278288 0.857599 0.829249 1.96513
861000 0.26348 0.860441 0.840103 1.96402
862000 0.273873 0.872763 0.853795 2.00043
863000 0.266841 0.870159 0.835177 1.97218
864000 0.282502 0.876159 0.825018 1.98368
865000 0.28892 0.876464 0.837302 2.00269
866000 0.27493 0.871373 0.833187 1.97949
867000 0.267968 0.864008 0.858665 1.99064
868000 0.287145 0.866407 0.846546 2.0001
869000 0.264219 0.87292 0.833074 1.97021
870000 0.273241 0.855839 0.832041 1.96112
871000 0.275295 0.863599 0.854023 1.99292
872000 0.278338 0.882099 0.837516 1.99795
873000 0.276673 0.879531 0.839524 1.99573
874000 0.289764 0.882505 0.849923 2.02219
875000 0.281059 0.891378 0.857998 2.03044
876000 0.283943 0.891102 0.85482 2.02987
877000 0.261788 0.886605 0.87124 2.01963
878000 0.269718 0.861926 0.831967 1.96361
879000 0.285549 0.888132 0.865003 2.03868
880000 0.277663 0.870399 0.849887 1.99795
881000 0.270979 0.880093 0.858661 2.00973
882000 0.270399 0.87216 0.831273 1.97383
883000 0.27765 0.903402 0.850575 2.03163
884000 0.271588 0.875465 0.860043 2.0071
885000 0.271246 0.892442 0.863889 2.02758
886000 0.281849 0.898235 0.845123 2.02521
887000 0.302752 0.87656 0.859908 2.03922
888000 0.270355 0.892543 0.856222 2.01912
889000 0.27337 0.891269 0.861864 2.0265
890000 0.271653 0.87555 0.866193 2.0134
891000 0.278033 0.866207 0.853167 1.99741
892000 0.281777 0.880987 0.859438 2.0222
893000 0.273709 0.886093 0.878107 2.03791
894000 0.278245 0.914916 0.880889 2.07405
895000 0.286141 0.900549 0.865423 2.05211
896000 0.271849 0.891117 0.857413 2.02038
897000 0.283024 0.879508 0.878496 2.04103
898000 0.279259 0.878248 0.85147 2.00898
899000 0.280555 0.872868 0.872013 2.02544
900000 0.282313 0.903992 0.866003 2.05231
901000 0.283511 0.901984 0.833377 2.01887
902000 0.276616 0.907014 0.880672 2.0643
903000 0.279536 0.90275 0.869598 2.05188
904000 0.283447 0.89524 0.883778 2.06246
905000 0.281598 0.907423 0.881415 2.07044
906000 0.296361 0.900135 0.873642 2.07014
907000 0.279604 0.909075 0.877967 2.06665
908000 0.271533 0.891135 0.879392 2.04206
909000 0.294258 0.894516 0.876896 2.06567
910000 0.282991 0.920136 0.888427 2.09155
911000 0.291253 0.886961 0.87798 2.05619
912000 0.276679 0.92312 0.878581 2.07838
913000 0.284998 0.903598 0.87606 2.06466
914000 0.27903 0.944973 0.905188 2.12919
915000 0.277929 0.905931 0.894579 2.07844
916000 0.281579 0.902126 0.887613 2.07132
917000 0.286671 0.900765 0.912581 2.10002
918000 0.29117 0.918474 0.923073 2.13272
919000 0.28096 0.934461 0.890694 2.10611
920000 0.276333 0.910035 0.900647 2.08701
921000 0.275502 0.914595 0.894847 2.08494
922000 0.276121 0.929021 0.905243 2.11039
923000 0.274507 0.934903 0.930319 2.13973
924000 0.291003 0.950707 0.911355 2.15307
925000 0.282365 0.926301 0.898319 2.10698
926000 0.280715 0.923316 0.915515 2.11955
927000 0.276415 0.949397 0.896868 2.12268
928000 0.280143 0.934854 0.927581 2.14258
929000 0.282783 0.913069 0.912925 2.10878
930000 0.273249 0.924815 0.919104 2.11717
931000 0.287598 0.92845 0.91143 2.12748
932000 0.292035 0.923872 0.920521 2.13643
933000 0.289407 0.936104 0.907792 2.1333
934000 0.275386 0.915842 0.901998 2.09323
935000 0.27923 0.936211 0.893451 2.10889
936000 0.287346 0.931872 0.897838 2.11706
937000 0.275425 0.94335 0.921142 2.13992
938000 0.291956 0.913518 0.897847 2.10332
939000 0.278137 0.921672 0.936949 2.13676
940000 0.29121 0.939712 0.891636 2.12256
941000 0.276364 0.927836 0.919264 2.12346
942000 0.275715 0.91631 0.923388 2.11541
943000 0.293674 0.933728 0.911539 2.13894
944000 0.281546 0.921126 0.906349 2.10902
945000 0.278043 0.921617 0.930469 2.13013
946000 0.283486 0.924113 0.919626 2.12723
947000 0.272348 0.932085 0.913511 2.11794
948000 0.272992 0.925622 0.904509 2.10312
949000 0.287698 0.911024 0.920342 2.11906
950000 0.287755 0.945902 0.928426 2.16208
951000 0.279498 0.94419 0.940787 2.16448
952000 0.282152 0.935563 0.935971 2.15369
953000 0.271001 0.9385 0.914457 2.12396
954000 0.276549 0.919596 0.952435 2.14858
955000 0.284382 0.974483 0.910709 2.16957
956000 0.29646 0.958302 0.919692 2.17445
957000 0.290114 0.967936 0.943636 2.20169
958000 0.299377 0.922024 0.936227 2.15763
959000 0.290152 0.92926 0.942733 2.16214
960000 0.286331 0.974234 0.941857 2.20242
961000 0.285864 0.9489 0.944583 2.17935
962000 0.284748 0.951227 0.941174 2.17715
963000 0.28993 0.95196 0.942884 2.18477
964000 0.28419 0.958259 0.964763 2.20721
965000 0.292871 0.9367 0.925246 2.15482
966000 0.278595 0.952225 0.9377 2.16852
967000 0.288242 0.967205 0.94252 2.19797
968000 0.294198 0.958483 0.922094 2.17478
969000 0.289886 0.958781 0.969009 2.21768
970000 0.298097 0.953813 0.923146 2.17506
971000 0.282001 0.945252 0.943412 2.17067
972000 0.280951 0.979263 0.964691 2.2249
973000 0.281518 0.971734 0.92016 2.17341
974000 0.290182 0.954454 0.949426 2.19406
975000 0.295478 0.945523 0.942586 2.18359
976000 0.284029 0.964319 0.957857 2.20621
977000 0.287607 0.982486 0.950753 2.22085
978000 0.291972 0.941147 0.918589 2.15171
979000 0.304747 0.973304 0.962002 2.24005
980000 0.285555 0.935247 0.948585 2.16939
981000 0.2934 0.952831 0.936286 2.18252
982000 0.295919 0.964456 0.944822 2.2052
983000 0.287196 0.944703 0.942899 2.1748
984000 0.289866 0.9398 0.976288 2.20595
985000 0.283236 0.969237 0.941162 2.19364
986000 0.283098 0.927485 0.94686 2.15744
987000 0.291307 0.971881 0.955523 2.21871
988000 0.283092 0.947255 0.956099 2.18645
989000 0.28166 0.982524 0.98132 2.2455
990000 0.285338 0.989391 0.966133 2.24086
991000 0.309327 0.993095 1.00587 2.30829
992000 0.299442 0.971735 0.957784 2.22896
993000 0.296361 0.956829 0.968609 2.2218
994000 0.308467 0.976993 1.01507 2.30053
995000 0.292343 0.989152 0.978343 2.25984
996000 0.293909 0.988579 0.995926 2.27841
997000 0.288626 0.971089 0.991414 2.25113
998000 0.310074 0.991808 0.989503 2.29139
999000 0.28551 0.99174 1.0471 2.32435
1000000 0.29663 0.977497 0.966774 2.2409
1001000 0.292398 0.996805 0.994278 2.28348
1002000 0.298694 1.00081 0.975664 2.27517
1003000 0.30011 0.975715 0.990638 2.26646
1004000 0.307008 0.995371 0.994702 2.29708
1005000 0.295742 1.03222 0.974126 2.30208
1006000 0.302524 1.03584 1.00163 2.34
1007000 0.28232 1.00161 0.983586 2.26752
1008000 0.316952 1.02548 0.965418 2.30785
1009000 0.280039 1.01835 0.997996 2.29638
1010000 0.289732 1.03887 0.97414 2.30274
1011000 0.310758 1.02681 0.979104 2.31667
1012000 0.311336 1.01554 1.00218 2.32906
1013000 0.302748 1.0322 0.981005 2.31595
1014000 0.30598 1.01751 1.01111 2.3346
1015000 0.308024 1.01471 0.988954 2.31168
1016000 0.305898 1.03271 0.988267 2.32688
1017000 0.300389 1.05237 1.01199 2.36475
1018000 0.302425 1.04607 1.0082 2.35669
1019000 0.301349 1.01275 0.989206 2.3033
1020000 0.301658 1.03239 1.00403 2.33808
1021000 0.304059 1.0131 0.99609 2.31325
1022000 0.306782 1.03337 1.02046 2.36061
1023000 0.299631 1.06734 1.00009 2.36706
1024000 0.302331 1.02413 1.0267 2.35316
1025000 0.298634 1.03699 1.02364 2.35927
1026000 0.309835 1.04238 0.992561 2.34478
1027000 0.312885 1.05331 1.03624 2.40243
1028000 0.301069 1.0366 1.00337 2.34104
1029000 0.305297 1.01348 1.01503 2.33381
1030000 0.302966 1.05881 1.01551 2.37728
