# Time-averaged data for fix 1
# TimeStep c_msd_all[1] c_msd_all[2] c_msd_all[3] c_msd_all[4]
31000 0.0598815 0.0600092 0.057054 0.176945
32000 0.0697323 0.0699507 0.066998 0.206681
33000 0.0670599 0.0611218 0.0640616 0.192243
34000 0.061476 0.0681156 0.0609497 0.190541
35000 0.062801 0.0607453 0.0547667 0.178313
36000 0.074425 0.0671558 0.0645113 0.206092
37000 0.0676173 0.0640996 0.0609103 0.192627
38000 0.0624486 0.0644401 0.05878 0.185669
39000 0.0618164 0.0657111 0.0594526 0.18698
40000 0.0651454 0.068639 0.0579438 0.191728
41000 0.0587443 0.0643274 0.0623056 0.185377
42000 0.0684097 0.0738995 0.0655826 0.207892
43000 0.0679869 0.0667467 0.0614198 0.196153
44000 0.0660547 0.0565733 0.0630886 0.185717
45000 0.0628132 0.0656977 0.0620222 0.190533
46000 0.0692264 0.0585494 0.0719289 0.199705
47000 0.0694355 0.0674052 0.0627648 0.199606
48000 0.0617873 0.064052 0.0694267 0.195266
49000 0.0628525 0.0656551 0.0642682 0.192776
50000 0.0668696 0.0694404 0.063985 0.200295
51000 0.063386 0.0624173 0.0578196 0.183623
52000 0.0634172 0.0643015 0.067233 0.194952
53000 0.0659928 0.0670759 0.0685651 0.201634
54000 0.0620882 0.0692545 0.0688403 0.200183
55000 0.0639804 0.0652151 0.0736988 0.202894
56000 0.0630914 0.06174 0.0653363 0.190168
57000 0.05642 0.0692657 0.0596905 0.185376
58000 0.0669597 0.0649239 0.0628343 0.194718
59000 0.0594411 0.0728886 0.0612091 0.193539
60000 0.0605508 0.0657232 0.0569619 0.183236
61000 0.0690505 0.06224 0.0649794 0.19627
62000 0.0662077 0.0721652 0.0734057 0.211778
63000 0.0656029 0.0643694 0.0784003 0.208373
64000 0.0657009 0.0723739 0.0685278 0.206603
65000 0.0599756 0.0725442 0.0629391 0.195459
66000 0.0668821 0.0662381 0.0675636 0.200684
67000 0.068158 0.0683903 0.0633647 0.199913
68000 0.0648417 0.0664139 0.073986 0.205242
69000 0.0687663 0.0632957 0.0719029 0.203965
70000 0.070508 0.0736757 0.0706145 0.214798
71000 0.0657556 0.0705058 0.0736526 0.209914
72000 0.0726841 0.0759542 0.0785761 0.227214
73000 0.0760751 0.0655774 0.0784847 0.220137
74000 0.0781755 0.0695501 0.0779658 0.225691
75000 0.0828982 0.0725848 0.0806369 0.23612
76000 0.079745 0.071139 0.0790095 0.229894
77000 0.0647091 0.0691035 0.070815 0.204628
78000 0.0716491 0.0723206 0.0735568 0.217526
79000 0.0770674 0.0717862 0.0765038 0.225357
80000 0.0749325 0.0791675 0.0769314 0.231031
81000 0.0664612 0.073348 0.0759509 0.21576
82000 0.0824376 0.0852676 0.0744702 0.242175
83000 0.0724326 0.0745035 0.0788402 0.225776
84000 0.0746679 0.0796782 0.0759972 0.230343
85000 0.0706632 0.0787097 0.0754072 0.22478
86000 0.0777501 0.0820386 0.0757637 0.235552
87000 0.0752785 0.0783162 0.0729457 0.22654
88000 0.0785149 0.0770808 0.0781458 0.233741
89000 0.0827042 0.0833566 0.0832656 0.249326
90000 0.0732515 0.0848523 0.0852281 0.243332
91000 0.0758459 0.0839186 0.074105 0.23387
92000 0.0742212 0.0805052 0.0747527 0.229479
93000 0.0807611 0.0866782 0.0796953 0.247135
94000 0.08748 0.080798 0.0775296 0.245808
95000 0.076399 0.0789434 0.0818691 0.237211
96000 0.0751279 0.0807132 0.0832176 0.239059
97000 0.0739115 0.0840091 0.084731 0.242652
98000 0.0706107 0.0752651 0.0834392 0.229315
99000 0.0842718 0.0804342 0.085267 0.249973
100000 0.0714992 0.0795534 0.0836215 0.234674
101000 0.0831132 0.0810901 0.0779977 0.242201
102000 0.0755339 0.076052 0.0769814 0.228567
103000 0.0815277 0.0797427 0.0771158 0.238386
104000 0.0786976 0.0821631 0.0874293 0.24829
105000 0.0787152 0.0783022 0.0956948 0.252712
106000 0.077695 0.083247 0.0855399 0.246482
107000 0.0805186 0.0816255 0.0895709 0.251715
108000 0.0713495 0.077928 0.0919857 0.241263
109000 0.0736887 0.0813285 0.0836396 0.238657
110000 0.0806491 0.0803959 0.0805057 0.241551
111000 0.0819543 0.0834531 0.0838474 0.249255
112000 0.0812773 0.0927459 0.0908749 0.264898
113000 0.07777 0.0845218 0.0848787 0.24717
114000 0.0800973 0.0917806 0.0765449 0.248423
115000 0.0821666 0.0879002 0.0900475 0.260114
116000 0.0798452 0.0937836 0.0883625 0.261991
117000 0.0884005 0.0938135 0.085356 0.26757
118000 0.0790564 0.0831372 0.0913072 0.253501
119000 0.0828579 0.0914746 0.0853238 0.259656
120000 0.0847735 0.0869791 0.0833954 0.255148
121000 0.0851368 0.0794575 0.0806069 0.245201
122000 0.0877465 0.0974153 0.0834721 0.268634
123000 0.0792555 0.0881567 0.0859679 0.25338
124000 0.0793677 0.0898142 0.0914346 0.260617
125000 0.0858271 0.096228 0.0910856 0.273141
126000 0.0814078 0.0863376 0.088009 0.255754
127000 0.0832238 0.0902745 0.091721 0.265219
128000 0.0827943 0.0888765 0.0878231 0.259494
129000 0.0774001 0.0818933 0.0900535 0.249347
130000 0.0868873 0.0933533 0.090112 0.270353
131000 0.0871019 0.0836045 0.0836194 0.254326
132000 0.0856325 0.0917326 0.0927811 0.270146
133000 0.0869932 0.100124 0.0885198 0.275637
134000 0.083174 0.092911 0.0898982 0.265983
135000 0.0926225 0.0918052 0.0854845 0.269912
136000 0.0939357 0.0942105 0.0812169 0.269363
137000 0.0890448 0.094367 0.0831666 0.266578
138000 0.0867301 0.0890045 0.0849851 0.26072
139000 0.0925169 0.0961967 0.0862109 0.274925
140000 0.0745193 0.0848909 0.0870996 0.24651
141000 0.0771859 0.0871683 0.0854416 0.249796
142000 0.0968427 0.100253 0.0853786 0.282475
143000 0.081116 0.0862602 0.0908171 0.258193
144000 0.0853703 0.086911 0.0842028 0.256484
145000 0.0815495 0.0921849 0.0795464 0.253281
146000 0.0848154 0.0905114 0.0846184 0.259945
147000 0.0892242 0.101692 0.0853727 0.276289
148000 0.0861024 0.0885871 0.0808109 0.2555
149000 0.084695 0.0923346 0.0891301 0.26616
150000 0.0860088 0.0943821 0.0890915 0.269482
151000 0.0864418 0.0917304 0.0925206 0.270693
152000 0.0876833 0.0963137 0.0903098 0.274307
153000 0.093209 0.0964323 0.0904951 0.280136
154000 0.0896431 0.0999536 0.0997648 0.289362
155000 0.0850748 0.0996442 0.0968136 0.281533
156000 0.091298 0.0951872 0.0974744 0.28396
157000 0.0809121 0.0927936 0.100569 0.274275
158000 0.0924391 0.106191 0.0963864 0.295017
159000 0.088708 0.0993324 0.0932692 0.28131
160000 0.0861453 0.0950505 0.0941894 0.275385
161000 0.0888193 0.0991761 0.0883299 0.276325
162000 0.0852936 0.0912078 0.096058 0.272559
163000 0.0924263 0.103374 0.102784 0.298584
164000 0.0965901 0.101178 0.103835 0.301603
165000 0.0905196 0.0982575 0.0949961 0.283773
166000 0.0995634 0.112608 0.0990622 0.311233
167000 0.0997717 0.111342 0.0996071 0.310721
168000 0.104432 0.115363 0.102281 0.322076
169000 0.102778 0.107201 0.0936022 0.303582
170000 0.100258 0.110532 0.0893945 0.300184
171000 0.103042 0.105521 0.10161 0.310173
172000 0.105947 0.120685 0.0991619 0.325794
173000 0.1016 0.107314 0.098894 0.307808
174000 0.0982996 0.105953 0.104658 0.30891
175000 0.0952259 0.112789 0.0940508 0.302066
176000 0.0936695 0.0982348 0.0939587 0.285863
177000 0.0933034 0.109799 0.0996235 0.302726
178000 0.10244 0.122823 0.104017 0.32928
179000 0.102239 0.107452 0.109731 0.319422
180000 0.101975 0.109875 0.105203 0.317053
181000 0.103114 0.105305 0.100869 0.309288
182000 0.0984605 0.111683 0.0962492 0.306393
183000 0.107908 0.122355 0.105137 0.335401
184000 0.104338 0.107359 0.0995302 0.311228
185000 0.0859737 0.0988168 0.0866639 0.271454
186000 0.103117 0.110805 0.0943714 0.308293
187000 0.0952478 0.108309 0.0965155 0.300073
188000 0.0980816 0.11627 0.0981903 0.312542
189000 0.106679 0.110353 0.110164 0.327197
190000 0.100481 0.10303 0.106267 0.309778
191000 0.100006 0.101042 0.101909 0.302957
192000 0.105599 0.108183 0.0989799 0.312762
193000 0.0979426 0.110179 0.103725 0.311847
194000 0.093702 0.108143 0.0977784 0.299623
195000 0.0915917 0.102497 0.103314 0.297402
196000 0.095563 0.10162 0.0974397 0.294623
197000 0.0979284 0.107121 0.102351 0.3074
198000 0.103733 0.111226 0.101109 0.316068
199000 0.0980104 0.110993 0.106232 0.315236
200000 0.106084 0.114916 0.104753 0.325753
201000 0.104517 0.105709 0.102285 0.312511
202000 0.104912 0.120216 0.101467 0.326595
203000 0.0996895 0.108532 0.100303 0.308525
204000 0.100174 0.112353 0.100541 0.313069
205000 0.101615 0.110649 0.102766 0.31503
206000 0.0962083 0.106288 0.100947 0.303444
207000 0.103435 0.121021 0.11236 0.336816
208000 0.103084 0.118803 0.112787 0.334674
209000 0.107155 0.12541 0.108765 0.34133
210000 0.102269 0.114597 0.113834 0.3307
211000 0.107791 0.118721 0.111744 0.338256
212000 0.10166 0.119773 0.105392 0.326825
213000 0.0964224 0.112786 0.106 0.315208
214000 0.0952207 0.121771 0.108972 0.325965
215000 0.09908 0.114475 0.10492 0.318476
216000 0.0963222 0.110801 0.0981665 0.30529
217000 0.102591 0.118177 0.104105 0.324874
218000 0.0974016 0.114952 0.10649 0.318844
219000 0.0973656 0.108959 0.107678 0.314003
220000 0.106193 0.116512 0.10956 0.332266
221000 0.108344 0.126148 0.110162 0.344655
222000 0.108156 0.117465 0.112953 0.338574
223000 0.105415 0.112607 0.111715 0.329738
224000 0.101823 0.118948 0.112303 0.333074
225000 0.109867 0.117434 0.113378 0.340679
226000 0.10762 0.113872 0.110857 0.332349
227000 0.11189 0.121985 0.110343 0.344218
228000 0.106371 0.117206 0.10879 0.332366
229000 0.111649 0.129275 0.119954 0.360878
230000 0.104822 0.128413 0.117341 0.350575
231000 0.108103 0.120873 0.120373 0.34935
232000 0.104276 0.120241 0.116552 0.341069
233000 0.110031 0.127778 0.115621 0.35343
234000 0.105588 0.123488 0.111746 0.340821
235000 0.107331 0.12412 0.106968 0.338419
236000 0.113553 0.136015 0.120686 0.370254
237000 0.109375 0.132202 0.113603 0.35518
238000 0.114362 0.128169 0.114742 0.357273
239000 0.100595 0.122838 0.112708 0.336141
240000 0.102993 0.120358 0.111945 0.335297
241000 0.118314 0.128712 0.113507 0.360534
242000 0.114778 0.117415 0.116528 0.348722
243000 0.117964 0.123661 0.125712 0.367337
244000 0.122765 0.124121 0.125341 0.372227
245000 0.105799 0.120145 0.115484 0.341428
246000 0.106003 0.129609 0.115485 0.351096
247000 0.120922 0.125294 0.115045 0.361261
248000 0.119513 0.118601 0.11294 0.351055
249000 0.12162 0.131376 0.115584 0.368579
250000 0.115465 0.119036 0.112457 0.346957
251000 0.11201 0.126256 0.11867 0.356936
252000 0.122023 0.129236 0.123443 0.374702
253000 0.112109 0.123963 0.113451 0.349524
254000 0.112683 0.115746 0.113184 0.341613
255000 0.108981 0.127084 0.116052 0.352117
256000 0.112955 0.126043 0.122284 0.361282
257000 0.116881 0.123913 0.116629 0.357424
258000 0.118143 0.129199 0.112171 0.359512
259000 0.11394 0.124302 0.117169 0.355412
260000 0.108889 0.123429 0.111302 0.34362
261000 0.117979 0.134417 0.119348 0.371745
262000 0.119191 0.129398 0.120015 0.368605
263000 0.1195 0.126777 0.115437 0.361715
264000 0.110509 0.123431 0.121672 0.355611
265000 0.116784 0.137719 0.118622 0.373125
266000 0.120391 0.13575 0.117649 0.373789
267000 0.125038 0.126976 0.120331 0.372345
268000 0.117913 0.12827 0.120012 0.366195
269000 0.115283 0.140724 0.11535 0.371356
270000 0.112691 0.132369 0.124826 0.369885
271000 0.118374 0.131879 0.124602 0.374856
272000 0.121694 0.123766 0.126059 0.371519
273000 0.128786 0.135247 0.126528 0.39056
274000 0.12464 0.128897 0.108695 0.362233
275000 0.124429 0.13426 0.115427 0.374117
276000 0.127373 0.133655 0.127122 0.388149
277000 0.126139 0.139993 0.123295 0.389427
278000 0.125991 0.139571 0.12073 0.386292
279000 0.127147 0.139813 0.124838 0.391798
280000 0.126668 0.138299 0.117296 0.382264
281000 0.125969 0.136542 0.118187 0.380699
282000 0.119708 0.145562 0.127697 0.392967
283000 0.123825 0.137914 0.125706 0.387445
284000 0.133081 0.135021 0.121011 0.389112
285000 0.131798 0.140266 0.119509 0.391572
286000 0.127326 0.136879 0.122078 0.386283
287000 0.1234 0.133833 0.123823 0.381056
288000 0.129598 0.144144 0.123265 0.397006
289000 0.128951 0.143496 0.123643 0.396091
290000 0.127189 0.142278 0.124195 0.393661
291000 0.122312 0.139631 0.127716 0.389659
292000 0.1306 0.143716 0.128605 0.402921
293000 0.128803 0.134683 0.128717 0.392203
294000 0.13755 0.148631 0.131513 0.417694
295000 0.120444 0.1397 0.12541 0.385554
296000 0.124775 0.136041 0.125031 0.385847
297000 0.124924 0.138113 0.125474 0.388511
298000 0.118291 0.133138 0.124948 0.376377
299000 0.12449 0.144153 0.123648 0.392291
300000 0.127074 0.140156 0.123841 0.391071
301000 0.121788 0.136393 0.117268 0.375449
302000 0.129978 0.1408 0.116943 0.387721
303000 0.12663 0.140024 0.118262 0.384916
304000 0.128451 0.143754 0.128597 0.400803
305000 0.121284 0.139897 0.137342 0.398523
306000 0.131425 0.151458 0.13936 0.422243
307000 0.125649 0.146583 0.126097 0.398329
308000 0.135716 0.145743 0.13158 0.413039
309000 0.129354 0.149983 0.12946 0.408796
310000 0.13535 0.140401 0.137816 0.413566
311000 0.127876 0.139568 0.127496 0.39494
312000 0.128234 0.142266 0.127992 0.398491
313000 0.133694 0.146417 0.127084 0.407196
314000 0.130733 0.14008 0.135955 0.406768
315000 0.134291 0.136012 0.117055 0.387358
316000 0.130368 0.147614 0.125138 0.40312
317000 0.134976 0.143638 0.130297 0.408911
318000 0.132364 0.142524 0.130384 0.405272
319000 0.134067 0.143135 0.146399 0.423601
320000 0.126186 0.15063 0.146842 0.423658
321000 0.129572 0.146509 0.140917 0.416998
322000 0.124965 0.147345 0.133561 0.405871
323000 0.130877 0.146427 0.13115 0.408454
324000 0.129787 0.140478 0.125021 0.395286
325000 0.128755 0.142208 0.125494 0.396457
326000 0.130298 0.152175 0.125745 0.408219
327000 0.137502 0.149148 0.12658 0.41323
328000 0.126987 0.143687 0.126294 0.396968
329000 0.141471 0.151604 0.128202 0.421276
330000 0.129077 0.142741 0.136336 0.408154
331000 0.12896 0.155993 0.142477 0.42743
332000 0.13287 0.15338 0.130907 0.417157
333000 0.131512 0.163716 0.134066 0.429294
334000 0.133487 0.160331 0.146058 0.439876
335000 0.137167 0.149763 0.136885 0.423815
336000 0.137714 0.164438 0.134429 0.436581
337000 0.138742 0.164732 0.137222 0.440696
338000 0.137535 0.153153 0.135261 0.425949
339000 0.131059 0.165136 0.143421 0.439615
340000 0.142334 0.15867 0.139497 0.4405
341000 0.147708 0.157838 0.136513 0.442059
342000 0.143791 0.158478 0.133531 0.4358
343000 0.143566 0.151087 0.13769 0.432342
344000 0.150936 0.163424 0.137984 0.452344
345000 0.139264 0.158807 0.135714 0.433786
346000 0.140155 0.153164 0.14155 0.434869
347000 0.139832 0.158957 0.141331 0.44012
348000 0.153774 0.161451 0.153615 0.46884
349000 0.139362 0.163788 0.143454 0.446604
350000 0.13861 0.15173 0.140152 0.430493
351000 0.139328 0.156195 0.146887 0.44241
352000 0.136776 0.163333 0.142532 0.442642
353000 0.140087 0.162181 0.140737 0.443004
354000 0.13841 0.161839 0.141074 0.441324
355000 0.132668 0.15322 0.144852 0.43074
356000 0.140231 0.15647 0.144795 0.441496
357000 0.140435 0.159502 0.143987 0.443924
358000 0.14263 0.157729 0.149143 0.449503
359000 0.131602 0.158338 0.142 0.43194
360000 0.136787 0.168138 0.147852 0.452777
361000 0.144458 0.159981 0.140469 0.444909
362000 0.14145 0.161418 0.138694 0.441562
363000 0.148791 0.153822 0.145596 0.448209
364000 0.145806 0.161413 0.15274 0.459958
365000 0.138459 0.169113 0.141493 0.449064
366000 0.140212 0.159311 0.142993 0.442516
367000 0.141331 0.159293 0.138081 0.438704
368000 0.137707 0.154251 0.146579 0.438537
369000 0.137202 0.157949 0.140553 0.435705
370000 0.134756 0.159033 0.143052 0.436841
371000 0.155596 0.160147 0.151176 0.46692
372000 0.139574 0.157375 0.151062 0.448012
373000 0.142936 0.150125 0.147416 0.440477
374000 0.152603 0.159558 0.145407 0.457568
375000 0.152886 0.155363 0.154976 0.463225
376000 0.150213 0.162728 0.153127 0.466067
377000 0.139356 0.160227 0.15551 0.455094
378000 0.144178 0.148071 0.154118 0.446367
379000 0.139577 0.16139 0.148738 0.449704
380000 0.138094 0.156741 0.142838 0.437672
381000 0.142925 0.168027 0.153163 0.464116
382000 0.150416 0.161277 0.149032 0.460725
383000 0.14282 0.164289 0.155661 0.46277
384000 0.14929 0.172998 0.149715 0.472003
385000 0.152267 0.170051 0.157305 0.479623
386000 0.149371 0.169449 0.153102 0.471921
387000 0.146705 0.164774 0.155242 0.466721
388000 0.152415 0.164361 0.147785 0.46456
389000 0.140906 0.166489 0.159735 0.46713
390000 0.154516 0.179745 0.152651 0.486911
391000 0.146312 0.166759 0.154068 0.467139
392000 0.150663 0.174823 0.15916 0.484646
393000 0.147522 0.180086 0.159431 0.48704
394000 0.157325 0.173166 0.159362 0.489852
395000 0.149699 0.171264 0.16109 0.482053
396000 0.147508 0.179501 0.153719 0.480728
397000 0.155931 0.180252 0.153428 0.489611
398000 0.155891 0.16466 0.162199 0.48275
399000 0.157134 0.172264 0.158056 0.487454
400000 0.151617 0.171205 0.155684 0.478506
401000 0.153669 0.168024 0.163321 0.485014
402000 0.158503 0.173229 0.157893 0.489625
403000 0.149115 0.16372 0.158344 0.471179
404000 0.159106 0.172198 0.159101 0.490405
405000 0.154102 0.167737 0.166586 0.488425
406000 0.154769 0.17361 0.158981 0.48736
407000 0.148656 0.169722 0.153197 0.471575
408000 0.151737 0.171326 0.151641 0.474704
409000 0.154711 0.164164 0.165489 0.484364
410000 0.152513 0.174745 0.166433 0.493691
411000 0.14907 0.177015 0.170146 0.496231
412000 0.147422 0.173113 0.161555 0.48209
413000 0.166721 0.178347 0.158591 0.503658
414000 0.163431 0.169928 0.161242 0.494601
415000 0.149826 0.168054 0.161754 0.479635
416000 0.153195 0.170757 0.15455 0.478502
417000 0.152664 0.167658 0.153581 0.473903
418000 0.153086 0.173208 0.160014 0.486308
419000 0.156727 0.174575 0.171632 0.502934
420000 0.149823 0.168923 0.170425 0.489171
421000 0.149087 0.176165 0.159735 0.484987
422000 0.154835 0.160748 0.156278 0.471862
423000 0.158843 0.168833 0.155149 0.482825
424000 0.170805 0.170249 0.159838 0.500892
425000 0.15506 0.172785 0.1566 0.484446
426000 0.150951 0.174215 0.155859 0.481025
427000 0.153995 0.169631 0.157947 0.481573
428000 0.146021 0.171422 0.162341 0.479784
429000 0.157082 0.170813 0.162698 0.490594
430000 0.150107 0.17089 0.175587 0.496585
431000 0.159122 0.176025 0.178551 0.513697
432000 0.152897 0.169208 0.158326 0.480431
433000 0.158141 0.173918 0.161347 0.493406
434000 0.161744 0.185836 0.150511 0.498091
435000 0.148913 0.175171 0.164104 0.488189
436000 0.163283 0.177742 0.152099 0.493124
437000 0.163939 0.187727 0.164413 0.516078
438000 0.159308 0.177921 0.164305 0.501534
439000 0.161747 0.186382 0.167392 0.515521
440000 0.162886 0.186199 0.173592 0.522676
441000 0.159134 0.187598 0.170976 0.517708
442000 0.160816 0.189129 0.164494 0.514439
443000 0.168099 0.177226 0.171208 0.516534
444000 0.170049 0.187074 0.173791 0.530913
445000 0.177345 0.17837 0.178128 0.533843
446000 0.166999 0.178604 0.174207 0.519809
447000 0.164476 0.167789 0.174693 0.506958
448000 0.166739 0.192942 0.176187 0.535868
449000 0.160381 0.194405 0.174376 0.529162
450000 0.167016 0.181015 0.172017 0.520048
451000 0.168541 0.193217 0.172101 0.533859
452000 0.1728 0.178349 0.17136 0.522509
453000 0.160941 0.195222 0.182969 0.539131
454000 0.170696 0.181905 0.187084 0.539685
455000 0.164476 0.180939 0.185044 0.530458
456000 0.156111 0.187785 0.180172 0.524068
457000 0.171009 0.186296 0.17625 0.533555
458000 0.169717 0.185741 0.178888 0.534347
459000 0.160429 0.181468 0.176459 0.518355
460000 0.164642 0.186901 0.179499 0.531042
461000 0.161931 0.18383 0.185569 0.531331
462000 0.164 0.179457 0.168947 0.512404
463000 0.159641 0.192397 0.179895 0.531933
464000 0.157239 0.18628 0.174435 0.517954
465000 0.170037 0.192052 0.185721 0.54781
466000 0.159672 0.188822 0.185723 0.534217
467000 0.15961 0.184366 0.18182 0.525796
468000 0.163766 0.185838 0.185546 0.53515
469000 0.163165 0.18575 0.177042 0.525958
470000 0.174074 0.178783 0.1788 0.531657
471000 0.169217 0.183387 0.175489 0.528093
472000 0.15526 0.173705 0.182632 0.511596
473000 0.159346 0.181786 0.17742 0.518552
474000 0.167956 0.190532 0.179037 0.537526
475000 0.163167 0.174659 0.179995 0.517821
476000 0.163433 0.180657 0.174662 0.518751
477000 0.164524 0.188975 0.177495 0.530994
478000 0.167988 0.179932 0.179462 0.527382
479000 0.158354 0.186046 0.182178 0.526579
480000 0.184331 0.20482 0.187066 0.576217
481000 0.169156 0.173942 0.178887 0.521985
482000 0.170375 0.183731 0.175674 0.529781
483000 0.167207 0.179038 0.188536 0.534781
484000 0.167152 0.178812 0.184042 0.530007
485000 0.169213 0.190885 0.177639 0.537737
486000 0.166751 0.189272 0.190099 0.546122
487000 0.16213 0.174132 0.180031 0.516293
488000 0.164049 0.188222 0.178585 0.530855
489000 0.163878 0.188019 0.177181 0.529078
490000 0.15765 0.17679 0.173241 0.507681
491000 0.174286 0.188161 0.176181 0.538628
492000 0.165767 0.185236 0.183316 0.534319
493000 0.170616 0.177515 0.182211 0.530342
494000 0.164372 0.174029 0.177221 0.515622
495000 0.163836 0.186421 0.186185 0.536442
496000 0.170778 0.186587 0.178441 0.535806
497000 0.163154 0.190717 0.170463 0.524334
498000 0.164999 0.183603 0.17382 0.522422
499000 0.165164 0.204453 0.178839 0.548456
500000 0.158581 0.185295 0.17096 0.514836
501000 0.16461 0.17911 0.17232 0.516041
502000 0.171793 0.195106 0.177939 0.544838
503000 0.157165 0.174968 0.172171 0.504305
504000 0.167245 0.190644 0.170115 0.528004
505000 0.165929 0.173712 0.171648 0.51129
506000 0.163724 0.178884 0.178708 0.521317
507000 0.166885 0.178023 0.180513 0.525421
508000 0.173 0.179859 0.178233 0.531092
509000 0.166341 0.184066 0.173251 0.523658
510000 0.173412 0.172067 0.178387 0.523866
511000 0.169158 0.187921 0.178727 0.535805
512000 0.177117 0.187809 0.182402 0.547328
513000 0.191859 0.187422 0.185084 0.564365
514000 0.179886 0.197151 0.180949 0.557986
515000 0.173471 0.180659 0.179866 0.533996
516000 0.184438 0.18669 0.189493 0.560621
517000 0.18199 0.187964 0.179209 0.549163
518000 0.192346 0.182809 0.180721 0.555876
519000 0.185336 0.181915 0.190076 0.557328
520000 0.187885 0.177754 0.188158 0.553798
521000 0.183821 0.185881 0.177532 0.547233
522000 0.186226 0.186487 0.189465 0.562178
523000 0.20139 0.186327 0.188283 0.575999
524000 0.19582 0.188299 0.180768 0.564887
525000 0.189954 0.184738 0.184891 0.559583
526000 0.191472 0.178916 0.187604 0.557993
527000 0.194411 0.180603 0.191254 0.566268
528000 0.187578 0.186768 0.188936 0.563282
529000 0.208707 0.187407 0.193749 0.589862
530000 0.192359 0.189038 0.186804 0.568201
531000 0.194023 0.188109 0.182079 0.564211
532000 0.20272 0.185127 0.180858 0.568704
533000 0.191771 0.179054 0.182382 0.553207
534000 0.203135 0.186072 0.18742 0.576627
535000 0.207291 0.190496 0.187286 0.585072
536000 0.203686 0.189634 0.189208 0.582527
537000 0.190584 0.188633 0.191252 0.570469
538000 0.200327 0.194902 0.184042 0.579271
539000 0.197838 0.203409 0.19238 0.593627
540000 0.197153 0.192038 0.185946 0.575137
541000 0.195929 0.192938 0.194587 0.583453
542000 0.200269 0.194188 0.188044 0.582502
543000 0.197462 0.198097 0.188701 0.58426
544000 0.201635 0.196509 0.187851 0.585995
545000 0.205491 0.196154 0.187687 0.589333
546000 0.208625 0.19541 0.184524 0.588559
547000 0.20028 0.192033 0.192507 0.584821
548000 0.194747 0.190128 0.188216 0.573091
549000 0.200896 0.197967 0.186388 0.585252
550000 0.197202 0.199845 0.192575 0.589621
551000 0.205256 0.203016 0.191814 0.600086
552000 0.205591 0.188535 0.187292 0.581418
553000 0.202437 0.203314 0.192852 0.598602
554000 0.191611 0.192973 0.197774 0.582358
555000 0.198832 0.200096 0.190445 0.589373
556000 0.220015 0.199699 0.192272 0.611986
557000 0.199715 0.193513 0.192342 0.58557
558000 0.203008 0.199265 0.193055 0.595328
559000 0.214379 0.198999 0.195198 0.608575
560000 0.201344 0.192694 0.187304 0.581342
561000 0.20636 0.197457 0.190967 0.594783
562000 0.204932 0.200662 0.191544 0.597138
563000 0.200888 0.201354 0.193721 0.595963
564000 0.207922 0.19809 0.194171 0.600183
565000 0.203218 0.204295 0.182091 0.589604
566000 0.208503 0.20647 0.189068 0.604041
567000 0.209864 0.207749 0.191375 0.608988
568000 0.202525 0.198736 0.193528 0.59479
569000 0.209199 0.196405 0.195361 0.600964
570000 0.20098 0.193638 0.194623 0.589241
571000 0.199881 0.208223 0.191157 0.599261
572000 0.208175 0.201481 0.192988 0.602644
573000 0.20661 0.194509 0.19304 0.594159
574000 0.206061 0.205099 0.188328 0.599488
575000 0.201589 0.203674 0.185736 0.590999
576000 0.195569 0.20192 0.197588 0.595076
577000 0.200265 0.201811 0.187015 0.589092
578000 0.202985 0.210611 0.204597 0.618193
579000 0.197818 0.212002 0.199522 0.609342
580000 0.204691 0.199657 0.184444 0.588793
581000 0.193624 0.202757 0.200265 0.596647
582000 0.205898 0.205434 0.189472 0.600805
583000 0.196937 0.187893 0.186398 0.571228
584000 0.195337 0.20393 0.192297 0.591564
585000 0.189018 0.202406 0.187303 0.578727
586000 0.193663 0.195518 0.192221 0.581402
587000 0.209384 0.204133 0.192145 0.605663
588000 0.190143 0.198809 0.193842 0.582794
589000 0.219032 0.213566 0.20742 0.640018
590000 0.204323 0.210479 0.207622 0.622425
591000 0.215315 0.205854 0.207941 0.629109
592000 0.201767 0.209298 0.20461 0.615676
593000 0.201188 0.189867 0.20092 0.591976
594000 0.218636 0.216167 0.208954 0.643757
595000 0.220322 0.205292 0.200678 0.626292
596000 0.218282 0.204186 0.199888 0.622356
597000 0.212885 0.210799 0.206755 0.630439
598000 0.21409 0.198733 0.194108 0.60693
599000 0.219691 0.202419 0.198137 0.620247
600000 0.218982 0.202992 0.199515 0.62149
601000 0.212046 0.210408 0.200507 0.622961
602000 0.217438 0.201296 0.202036 0.62077
603000 0.206228 0.205297 0.20649 0.618015
604000 0.218907 0.212013 0.20373 0.63465
605000 0.213223 0.202818 0.200198 0.616239
606000 0.234508 0.211216 0.204304 0.650028
607000 0.218982 0.207364 0.19697 0.623316
608000 0.220831 0.211524 0.200264 0.632619
609000 0.228682 0.207951 0.196162 0.632796
610000 0.22409 0.208787 0.2049 0.637778
611000 0.226633 0.2164 0.215629 0.658663
612000 0.233434 0.22187 0.204498 0.659801
613000 0.231799 0.219517 0.203282 0.654599
614000 0.229856 0.217753 0.2056 0.653209
615000 0.222479 0.215923 0.207611 0.646013
616000 0.245405 0.214252 0.215008 0.674665
617000 0.229146 0.227845 0.212612 0.669603
618000 0.235341 0.233371 0.209824 0.678536
619000 0.22376 0.220825 0.200138 0.644723
620000 0.220966 0.218771 0.215076 0.654814
621000 0.224235 0.224273 0.20542 0.653929
622000 0.228587 0.216333 0.22061 0.66553
623000 0.231622 0.223713 0.211576 0.66691
624000 0.217561 0.21894 0.214737 0.651238
625000 0.223828 0.223202 0.216675 0.663706
626000 0.233158 0.217996 0.209614 0.660769
627000 0.236034 0.227762 0.214671 0.678467
628000 0.230591 0.22556 0.225416 0.681567
629000 0.226543 0.21982 0.210622 0.656985
630000 0.225519 0.217601 0.213061 0.656181
631000 0.237099 0.227849 0.213587 0.678534
632000 0.229646 0.21298 0.210023 0.652649
633000 0.221135 0.21691 0.211504 0.649549
634000 0.225035 0.229636 0.217882 0.672553
635000 0.235122 0.230822 0.214462 0.680406
636000 0.228902 0.22321 0.210082 0.662194
637000 0.241769 0.220992 0.207761 0.670523
638000 0.224226 0.216035 0.222459 0.662719
639000 0.234133 0.221322 0.212464 0.66792
640000 0.222187 0.223592 0.214131 0.659911
641000 0.23419 0.217784 0.219455 0.671429
642000 0.236948 0.211541 0.201892 0.650381
643000 0.232719 0.225306 0.210073 0.668098
644000 0.241002 0.228906 0.202005 0.671913
645000 0.227163 0.225498 0.20631 0.658971
646000 0.226528 0.226753 0.205193 0.658475
647000 0.225755 0.226244 0.206592 0.658592
648000 0.226609 0.219838 0.210331 0.656779
649000 0.234713 0.226152 0.200475 0.661341
650000 0.228053 0.239092 0.208581 0.675727
651000 0.22591 0.219004 0.222585 0.667498
652000 0.231826 0.219371 0.226215 0.677411
653000 0.241119 0.236702 0.210481 0.688302
654000 0.222291 0.218238 0.21064 0.65117
655000 0.23744 0.223476 0.216494 0.677409
656000 0.245964 0.221723 0.210767 0.678454
657000 0.239666 0.22 0.208146 0.667812
658000 0.231334 0.222918 0.214369 0.668621
659000 0.235748 0.22285 0.206808 0.665406
660000 0.229676 0.221492 0.208732 0.6599
661000 0.231214 0.210019 0.214656 0.655889
662000 0.22718 0.206425 0.210256 0.643861
663000 0.228617 0.213296 0.211705 0.653617
664000 0.225887 0.212651 0.211878 0.650416
665000 0.230681 0.227806 0.205543 0.66403
666000 0.229561 0.228667 0.21379 0.672018
667000 0.223161 0.217658 0.230024 0.670843
668000 0.229541 0.218607 0.221291 0.669439
669000 0.232364 0.225207 0.216497 0.674068
670000 0.232285 0.216187 0.223363 0.671835
671000 0.231229 0.228905 0.218977 0.679111
672000 0.237396 0.21665 0.215977 0.670022
673000 0.229545 0.224363 0.218196 0.672103
674000 0.230463 0.214558 0.224522 0.669542
675000 0.228353 0.216305 0.231585 0.676243
676000 0.229508 0.22867 0.221988 0.680166
677000 0.235871 0.225728 0.218363 0.679962
678000 0.227138 0.226368 0.219382 0.672887
679000 0.233814 0.218151 0.226086 0.678052
680000 0.230611 0.224055 0.216932 0.671597
681000 0.238426 0.210303 0.223034 0.671763
682000 0.244258 0.231561 0.229836 0.705654
683000 0.239369 0.227534 0.233187 0.700089
684000 0.228061 0.210665 0.229527 0.668252
685000 0.225609 0.225194 0.223985 0.674788
686000 0.222581 0.221319 0.220243 0.664143
687000 0.224809 0.217693 0.22984 0.672342
688000 0.22661 0.216472 0.235048 0.678131
689000 0.250917 0.21883 0.233204 0.70295
690000 0.229261 0.224184 0.226014 0.679459
691000 0.222745 0.213292 0.242773 0.67881
692000 0.230274 0.226018 0.236009 0.6923
693000 0.219956 0.214081 0.226485 0.660522
694000 0.222364 0.214632 0.230652 0.667648
695000 0.239185 0.240151 0.218244 0.69758
696000 0.23276 0.213385 0.222873 0.669019
697000 0.223929 0.229937 0.222036 0.675902
698000 0.225299 0.225218 0.236351 0.686868
699000 0.233065 0.221776 0.231109 0.68595
700000 0.227715 0.21609 0.228512 0.672318
701000 0.230537 0.22959 0.22621 0.686337
702000 0.230075 0.225481 0.225437 0.680993
703000 0.230184 0.239039 0.232492 0.701715
704000 0.24223 0.223096 0.234201 0.699527
705000 0.240115 0.230276 0.233249 0.70364
706000 0.229297 0.226492 0.224705 0.680494
707000 0.233789 0.234386 0.230421 0.698596
708000 0.232618 0.23407 0.224708 0.691397
709000 0.230584 0.22634 0.237532 0.694456
710000 0.232247 0.234207 0.233361 0.699814
711000 0.22827 0.231041 0.232911 0.692222
712000 0.219152 0.234515 0.253888 0.707555
713000 0.233258 0.241455 0.236003 0.710716
714000 0.230408 0.242181 0.241513 0.714102
715000 0.239393 0.225575 0.236772 0.701739
716000 0.229411 0.243646 0.250178 0.723234
717000 0.244442 0.245864 0.242202 0.732507
718000 0.236595 0.228399 0.248187 0.713181
719000 0.24289 0.235516 0.24214 0.720546
720000 0.230096 0.23863 0.241408 0.710134
721000 0.237261 0.231348 0.257888 0.726497
722000 0.24114 0.230014 0.251477 0.722632
723000 0.240767 0.228942 0.242991 0.7127
724000 0.23726 0.225177 0.242809 0.705246
725000 0.236882 0.233841 0.247126 0.717848
726000 0.244926 0.234914 0.236064 0.715905
727000 0.245348 0.244814 0.245591 0.735753
728000 0.236376 0.22615 0.247089 0.709616
729000 0.240252 0.230126 0.251383 0.72176
730000 0.235325 0.222934 0.256821 0.715079
731000 0.245332 0.232 0.250589 0.727921
732000 0.254392 0.236005 0.259246 0.749643
733000 0.259458 0.234234 0.260128 0.75382
734000 0.237789 0.233697 0.254116 0.725602
735000 0.246778 0.22502 0.2571 0.728898
736000 0.247736 0.246881 0.244044 0.738661
737000 0.255438 0.233737 0.248148 0.737322
738000 0.239901 0.228827 0.258296 0.727024
739000 0.238795 0.23901 0.259451 0.737256
740000 0.238988 0.246851 0.252157 0.737996
741000 0.2416 0.244018 0.242626 0.728244
742000 0.240809 0.241688 0.255508 0.738005
743000 0.236333 0.233676 0.255882 0.725891
744000 0.240241 0.23445 0.262995 0.737686
745000 0.248211 0.234452 0.258391 0.741054
746000 0.253808 0.244254 0.255086 0.753147
747000 0.247662 0.239176 0.255662 0.7425
748000 0.255023 0.236674 0.24456 0.736257
749000 0.245778 0.229643 0.249492 0.724913
750000 0.248699 0.240843 0.25213 0.741672
751000 0.250882 0.235349 0.246507 0.732738
752000 0.256276 0.235096 0.2538 0.745172
753000 0.241357 0.239243 0.259393 0.739993
754000 0.245255 0.237312 0.262832 0.745399
755000 0.247189 0.238684 0.250852 0.736725
756000 0.244096 0.248176 0.256458 0.74873
757000 0.24125 0.244078 0.255981 0.741309
758000 0.250616 0.247685 0.250831 0.749132
759000 0.248851 0.238317 0.256027 0.743194
760000 0.244611 0.247328 0.267652 0.759592
761000 0.252619 0.234556 0.27546 0.762635
762000 0.248961 0.236054 0.266235 0.75125
763000 0.253079 0.245057 0.268726 0.766862
764000 0.243708 0.242791 0.264013 0.750512
765000 0.248687 0.239211 0.258216 0.746113
766000 0.252849 0.254553 0.257873 0.765275
767000 0.252859 0.255574 0.26833 0.776762
768000 0.255634 0.247123 0.273788 0.776545
769000 0.254425 0.240378 0.264145 0.758947
770000 0.247399 0.244286 0.255148 0.746833
771000 0.249749 0.252525 0.264678 0.766952
772000 0.252728 0.24923 0.256671 0.758629
773000 0.244712 0.245201 0.283815 0.773727
774000 0.257789 0.243444 0.282003 0.783237
775000 0.255491 0.264747 0.269896 0.790134
776000 0.249479 0.251864 0.272557 0.7739
777000 0.265793 0.25355 0.27888 0.798223
778000 0.248625 0.252957 0.26245 0.764033
779000 0.248242 0.255931 0.261312 0.765485
780000 0.268713 0.247289 0.274569 0.790571
781000 0.264037 0.266901 0.275125 0.806063
782000 0.262801 0.252912 0.277279 0.792992
783000 0.246251 0.256474 0.261666 0.764392
784000 0.251607 0.259098 0.269591 0.780296
785000 0.255622 0.249022 0.272749 0.777393
786000 0.252774 0.251814 0.279149 0.783736
787000 0.255685 0.255626 0.276071 0.787382
788000 0.254198 0.254395 0.279826 0.788418
789000 0.262943 0.259061 0.288216 0.81022
790000 0.259866 0.257914 0.279083 0.796863
791000 0.258042 0.262957 0.271916 0.792916
792000 0.241798 0.255799 0.264077 0.761675
793000 0.256 0.243401 0.273689 0.77309
794000 0.267094 0.268534 0.282448 0.818076
795000 0.258993 0.25988 0.284465 0.803337
796000 0.25945 0.264968 0.287314 0.811732
797000 0.251625 0.270702 0.283954 0.806281
798000 0.265274 0.259327 0.274034 0.798635
799000 0.266105 0.256372 0.302131 0.824608
800000 0.266736 0.266699 0.298881 0.832315
801000 0.262754 0.259996 0.294371 0.817121
802000 0.28043 0.252724 0.31141 0.844564
803000 0.267901 0.264347 0.320073 0.852322
804000 0.26506 0.253219 0.302061 0.82034
805000 0.270193 0.280848 0.296633 0.847674
806000 0.262046 0.2613 0.300836 0.824182
807000 0.26095 0.260078 0.290812 0.811841
808000 0.265616 0.262943 0.281576 0.810134
809000 0.266625 0.256928 0.295001 0.818554
810000 0.272752 0.257395 0.303558 0.833706
811000 0.27793 0.262734 0.287409 0.828073
812000 0.279594 0.270262 0.302732 0.852588
813000 0.264845 0.261001 0.298727 0.824573
814000 0.267578 0.264167 0.293683 0.825427
815000 0.264367 0.254911 0.291552 0.810831
816000 0.268011 0.263809 0.294259 0.826079
817000 0.277112 0.276547 0.286357 0.840016
818000 0.264014 0.267248 0.289324 0.820586
819000 0.273743 0.270241 0.308499 0.852483
820000 0.264191 0.266192 0.297946 0.828329
821000 0.265399 0.271429 0.294583 0.831411
822000 0.275 0.26755 0.295108 0.837658
823000 0.262512 0.272039 0.285749 0.8203
824000 0.264913 0.266915 0.291775 0.823604
825000 0.274063 0.260725 0.299605 0.834393
826000 0.261864 0.260529 0.29509 0.817483
827000 0.26759 0.273847 0.287822 0.829259
828000 0.279055 0.276385 0.287246 0.842685
829000 0.273398 0.263557 0.298404 0.835359
830000 0.270094 0.266684 0.302186 0.838963
831000 0.268167 0.26447 0.297611 0.830249
832000 0.269958 0.258662 0.295706 0.824327
833000 0.281673 0.267029 0.308039 0.856741
834000 0.266231 0.259024 0.301294 0.826549
835000 0.285668 0.267956 0.291959 0.845582
836000 0.297358 0.271688 0.300525 0.869572
837000 0.272568 0.261134 0.298898 0.8326
838000 0.268035 0.265325 0.293969 0.827329
839000 0.298139 0.271614 0.302137 0.87189
840000 0.28606 0.272532 0.315813 0.874406
841000 0.26984 0.259602 0.310857 0.840299
842000 0.274635 0.264525 0.312875 0.852035
843000 0.286555 0.270659 0.319547 0.876761
844000 0.279679 0.268521 0.307631 0.855831
845000 0.276645 0.255165 0.29443 0.826241
846000 0.270219 0.26565 0.307735 0.843605
847000 0.279234 0.264604 0.312563 0.8564
848000 0.284018 0.280453 0.309733 0.874205
849000 0.273826 0.272549 0.310498 0.856873
850000 0.280249 0.275078 0.32084 0.876168
851000 0.287746 0.274335 0.321259 0.883339
852000 0.276105 0.278097 0.311744 0.865946
853000 0.275863 0.263002 0.303771 0.842637
854000 0.273595 0.266121 0.302183 0.841899
855000 0.274984 0.274538 0.324787 0.874308
856000 0.287651 0.269695 0.313581 0.870927
857000 0.274726 0.261094 0.304873 0.840693
858000 0.282172 0.269962 0.318232 0.870365
859000 0.276562 0.266905 0.302342 0.84581
860000 0.267542 0.266758 0.314235 0.848536
861000 0.282479 0.269658 0.306982 0.85912
862000 0.284378 0.268045 0.313267 0.865691
863000 0.286573 0.274345 0.302008 0.862926
864000 0.290816 0.26809 0.313437 0.872343
865000 0.285456 0.277518 0.319487 0.882461
866000 0.289179 0.279408 0.32024 0.888828
867000 0.283389 0.268156 0.325195 0.876741
868000 0.30172 0.273021 0.328162 0.902903
869000 0.290953 0.278721 0.320106 0.88978
870000 0.277456 0.274536 0.313893 0.865885
871000 0.28202 0.269812 0.32647 0.878303
872000 0.286157 0.277794 0.320574 0.884525
873000 0.291688 0.283546 0.31267 0.887904
874000 0.29377 0.282551 0.317816 0.894137
875000 0.292497 0.294259 0.325229 0.911985
876000 0.290117 0.276888 0.3263 0.893305
877000 0.292901 0.278241 0.317468 0.88861
878000 0.281268 0.286314 0.321606 0.889187
879000 0.288164 0.282439 0.323313 0.893916
880000 0.288302 0.284712 0.317835 0.890849
881000 0.290295 0.285144 0.313163 0.888602
882000 0.296579 0.285968 0.321212 0.903759
883000 0.288296 0.275849 0.32479 0.888936
884000 0.291655 0.287069 0.327055 0.905779
885000 0.299374 0.296006 0.325058 0.920438
886000 0.294016 0.298558 0.327658 0.920232
887000 0.307978 0.284143 0.338213 0.930334
888000 0.303399 0.287209 0.334817 0.925425
889000 0.294629 0.288846 0.331622 0.915097
890000 0.30549 0.304582 0.325356 0.935427
891000 0.299649 0.297495 0.327821 0.924966
892000 0.291199 0.286569 0.335945 0.913713
893000 0.302055 0.291474 0.326834 0.920362
894000 0.305928 0.28598 0.324912 0.91682
895000 0.291583 0.287637 0.319627 0.898847
896000 0.302472 0.300372 0.334003 0.936847
897000 0.308345 0.289293 0.327722 0.92536
898000 0.296994 0.293091 0.32816 0.918245
899000 0.294375 0.292907 0.317007 0.904289
900000 0.294785 0.297034 0.326599 0.918418
901000 0.300322 0.286442 0.320793 0.907557
902000 0.29916 0.295881 0.337886 0.932927
903000 0.303127 0.300793 0.330377 0.934296
904000 0.294894 0.28934 0.333314 0.917548
905000 0.300364 0.295207 0.337131 0.932701
906000 0.301226 0.308431 0.330603 0.94026
907000 0.302369 0.295902 0.341333 0.939604
908000 0.308574 0.297079 0.33189 0.937542
909000 0.306186 0.310578 0.340466 0.95723
910000 0.303112 0.299447 0.322346 0.924904
911000 0.292056 0.285122 0.34626 0.923438
912000 0.306886 0.302121 0.340489 0.949496
913000 0.302242 0.294185 0.328786 0.925213
914000 0.298403 0.294215 0.322726 0.915344
915000 0.298887 0.292771 0.32159 0.913248
916000 0.303789 0.29143 0.328645 0.923863
917000 0.297627 0.304947 0.313736 0.91631
918000 0.297994 0.311347 0.327508 0.936849
919000 0.318046 0.290321 0.346617 0.954984
920000 0.310623 0.304625 0.343181 0.95843
921000 0.308787 0.299458 0.33477 0.943014
922000 0.297927 0.302017 0.329619 0.929562
923000 0.303268 0.30874 0.329727 0.941735
924000 0.297154 0.301635 0.314255 0.913043
925000 0.304011 0.293866 0.335852 0.933729
926000 0.30853 0.304203 0.334612 0.947345
927000 0.302224 0.300593 0.341409 0.944226
928000 0.297906 0.31234 0.33052 0.940766
929000 0.32322 0.312813 0.348257 0.98429
930000 0.305544 0.300298 0.338023 0.943865
931000 0.299547 0.302328 0.330835 0.93271
932000 0.314155 0.309992 0.335168 0.959314
933000 0.319158 0.322032 0.325778 0.966968
934000 0.312131 0.299786 0.32884 0.940757
935000 0.309505 0.308709 0.337715 0.955928
936000 0.321227 0.310663 0.33492 0.96681
937000 0.308699 0.315832 0.332933 0.957465
938000 0.308323 0.321885 0.335826 0.966034
939000 0.301109 0.309561 0.33721 0.94788
940000 0.308595 0.311991 0.332349 0.952935
941000 0.311165 0.316163 0.321227 0.948555
942000 0.314694 0.302926 0.33134 0.948959
943000 0.31476 0.306796 0.330374 0.951929
944000 0.315665 0.31513 0.327531 0.958325
945000 0.308791 0.318078 0.331505 0.958374
946000 0.321827 0.316876 0.330055 0.968759
947000 0.312878 0.318944 0.321988 0.95381
948000 0.312418 0.318917 0.330611 0.961945
949000 0.314443 0.313078 0.341194 0.968715
950000 0.330297 0.322478 0.343735 0.99651
951000 0.307644 0.324873 0.327979 0.960497
952000 0.312509 0.326564 0.327766 0.966839
953000 0.324345 0.318878 0.329287 0.97251
954000 0.313588 0.323213 0.333754 0.970555
955000 0.313679 0.317799 0.32924 0.960718
956000 0.317818 0.315131 0.332874 0.965823
957000 0.322081 0.320281 0.323377 0.965738
958000 0.324025 0.310227 0.329573 0.963825
959000 0.310719 0.314177 0.335469 0.960364
960000 0.323181 0.321489 0.339387 0.984057
961000 0.322077 0.308588 0.338531 0.969196
962000 0.316413 0.317194 0.327062 0.960669
963000 0.311387 0.332323 0.32465 0.96836
964000 0.316566 0.30711 0.33066 0.954336
965000 0.315513 0.313646 0.338759 0.967918
966000 0.313725 0.329261 0.338165 0.981151
967000 0.31899 0.327384 0.333282 0.979656
968000 0.312459 0.334382 0.34097 0.987811
969000 0.318787 0.323884 0.339687 0.982358
970000 0.312371 0.334637 0.329193 0.976201
971000 0.322774 0.321516 0.33146 0.97575
972000 0.333298 0.313182 0.328344 0.974824
973000 0.315471 0.330788 0.328901 0.97516
974000 0.32181 0.31655 0.333561 0.971921
975000 0.312686 0.315662 0.322346 0.950694
976000 0.304516 0.322359 0.327878 0.954753
977000 0.322946 0.325966 0.331798 0.98071
978000 0.30547 0.318152 0.331015 0.954637
979000 0.317671 0.316183 0.326488 0.960342
980000 0.317805 0.314412 0.325735 0.957952
981000 0.317172 0.314645 0.344872 0.976688
982000 0.308002 0.321042 0.337122 0.966166
983000 0.325395 0.313929 0.336063 0.975387
984000 0.326484 0.326977 0.335664 0.989125
985000 0.315472 0.325725 0.337787 0.978984
986000 0.33028 0.311116 0.33203 0.973425
987000 0.316121 0.316509 0.326969 0.959599
988000 0.322167 0.31851 0.335566 0.976242
989000 0.322429 0.322153 0.3457 0.990282
990000 0.313595 0.324994 0.345375 0.983964
991000 0.327892 0.326763 0.336524 0.991179
992000 0.328842 0.318383 0.333983 0.981208
993000 0.31888 0.321681 0.339002 0.979562
994000 0.328093 0.329505 0.338369 0.995967
995000 0.323432 0.319743 0.340062 0.983238
996000 0.331052 0.327035 0.33914 0.997227
997000 0.325284 0.322234 0.323275 0.970793
998000 0.324924 0.333872 0.339674 0.99847
999000 0.326379 0.334952 0.337829 0.99916
1000000 0.316042 0.322529 0.329308 0.967879
1001000 0.321937 0.309346 0.336711 0.967995
1002000 0.331492 0.325883 0.337341 0.994717
1003000 0.31985 0.323516 0.343326 0.986692
1004000 0.337079 0.324758 0.341008 1.00285
1005000 0.334479 0.329459 0.330899 0.994837
1006000 0.324719 0.319433 0.336706 0.980858
1007000 0.330859 0.325514 0.338711 0.995084
1008000 0.334203 0.329109 0.346909 1.01022
1009000 0.323349 0.334854 0.331773 0.989976
1010000 0.326575 0.324526 0.340544 0.991645
1011000 0.338342 0.329011 0.345572 1.01292
1012000 0.333955 0.32242 0.340542 0.996917
1013000 0.336379 0.341795 0.343608 1.02178
1014000 0.320091 0.333196 0.358341 1.01163
1015000 0.335639 0.325905 0.365835 1.02738
1016000 0.348298 0.332126 0.357652 1.03808
1017000 0.335522 0.315904 0.365276 1.0167
1018000 0.326554 0.325294 0.362438 1.01429
1019000 0.333507 0.324623 0.34911 1.00724
1020000 0.327608 0.316262 0.367551 1.01142
1021000 0.334973 0.328512 0.347885 1.01137
1022000 0.328201 0.321383 0.359105 1.00869
1023000 0.33637 0.335485 0.373637 1.04549
1024000 0.340384 0.307821 0.377358 1.02556
1025000 0.325518 0.334422 0.365804 1.02574
1026000 0.332641 0.340997 0.365307 1.03894
1027000 0.327769 0.33092 0.366965 1.02565
1028000 0.337498 0.339807 0.360283 1.03759
1029000 0.332217 0.330426 0.360762 1.02341
1030000 0.321203 0.325911 0.358123 1.00524
