 #  Elapsed Time    Sqr Displ.      Sqr Displ.     Sqr Displ.  KMC step
 #  ************    ***Total***       Atom Ni        Atom NiV  ********
  0.00000000E+00      0.0000000      0.0000000      0.0000000         0
  0.35404574E-11      6.0394458      6.0390183      0.0004275         1
  0.61432845E-11     12.1782837     12.1775317      0.0007520         2
  0.92875942E-11     18.3737917     18.3722024      0.0015893         3
  0.99674474E-11     24.6272662     24.6242659      0.0030003         4
  0.12325860E-10     30.7131192     30.7080028      0.0051164         5
  0.14057133E-10     36.9731968     36.9675348      0.0056619         6
  0.14694418E-10     43.0583014     43.0521075      0.0061939         7
  0.24231736E-10     49.2171891     49.2073105      0.0098786         8
  0.34580044E-10     43.0583040     43.0521101      0.0061939         9
  0.41409999E-10     49.1804481     49.1730233      0.0074247        10
  0.51950627E-10     55.3471584     55.3388492      0.0083093        11
  0.58770595E-10     61.5543937     61.5445654      0.0098283        12
  0.58881607E-10     67.8094657     67.7997871      0.0096785        13
  0.69078371E-10     74.0328950     74.0234745      0.0094205        14
  0.69277400E-10     80.3320843     80.3257270      0.0063573        15
  0.71521186E-10     86.5120901     86.5061900      0.0059001        16
  0.75241230E-10     92.4724118     92.4651961      0.0072157        17
  0.75922977E-10     92.6602096     92.6541205      0.0060891        18
  0.76869389E-10     98.9290815     98.9245538      0.0045277        19
  0.81039698E-10    105.1758353    105.1723963      0.0034389        20
  0.93652706E-10    111.3383804    111.3357324      0.0026480        21
  0.93774913E-10    117.5889860    117.5860363      0.0029497        22
  0.10437414E-09    129.9731359    129.9702740      0.0028619        23
  0.10795106E-09    136.2991223    136.2955908      0.0035315        24
  0.11006802E-09    148.4765045    148.4709590      0.0055455        25
  0.11321929E-09    154.8416278    154.8345715      0.0070563        26
  0.11449443E-09    160.8229683    160.8157238      0.0072446        27
  0.11630481E-09    167.1064872    167.1014970      0.0049902        28
  0.11744164E-09    167.1990084    167.1957509      0.0032575        29
  0.14022162E-09    167.1978971    167.1939481      0.0039490        30
  0.14128982E-09    173.2773085    173.2735970      0.0037115        31
  0.14263606E-09    179.6367776    179.6347942      0.0019834        32
  0.14586287E-09    186.0753151    186.0740194      0.0012957        33
  0.14706205E-09    192.1076140    192.1057007      0.0019133        34
  0.14937362E-09    198.1498649    198.1490607      0.0008042        35
  0.16419841E-09    216.7524983    216.7512876      0.0012107        36
  0.16433841E-09    223.1917531    223.1908501      0.0009030        37
  0.16765831E-09    229.4241235    229.4235270      0.0005965        38
  0.16777142E-09    235.6049171    235.6045277      0.0003894        39
  0.17145314E-09    241.8248914    241.8243395      0.0005518        40
  0.17153165E-09    248.0499289    248.0480825      0.0018463        41
  0.18065046E-09    254.2317126    254.2280802      0.0036323        42
  0.18797809E-09    248.0499220    248.0480757      0.0018463        43
  0.19010095E-09    254.2704628    254.2677784      0.0026844        44
  0.19887028E-09    260.3706747    260.3679993      0.0026754        45
  0.19936907E-09    266.5555636    266.5518561      0.0037075        46
  0.20234395E-09    272.7372945    272.7319235      0.0053709        47
  0.20308667E-09    278.9202085    278.9106280      0.0095805        48
  0.20779249E-09    285.1176631    285.1071046      0.0105585        49
  0.20787782E-09    291.2394471    291.2242927      0.0151544        50
  0.21179888E-09    297.4519231    297.4339980      0.0179251        51
  0.21637635E-09    303.5493420    303.5339853      0.0153568        52
  0.22998755E-09    297.4519222    297.4339972      0.0179250        53
  0.23133376E-09    303.5850922    303.5633422      0.0217499        54
  0.23367789E-09    309.7292929    309.7049410      0.0243518        55
  0.24069003E-09    315.8657711    315.8435373      0.0222338        56
  0.24796645E-09    322.0008590    321.9764029      0.0244562        57
  0.25301111E-09    328.2826281    328.2573503      0.0252778        58
  0.26265165E-09    334.4947026    334.4708581      0.0238445        59
  0.26370744E-09    340.5923145    340.5678807      0.0244339        60
  0.27005564E-09    334.4946784    334.4708338      0.0238445        61
  0.27340924E-09    340.5923178    340.5678839      0.0244339        62
  0.28105640E-09    346.8160034    346.7925489      0.0234546        63
  0.29089320E-09    353.0947394    353.0721225      0.0226169        64
  0.29939991E-09    359.2745965    359.2529832      0.0216133        65
  0.30264325E-09    365.4561271    365.4354534      0.0206737        66
  0.30626778E-09    371.7835797    371.7666629      0.0169168        67
  0.30770397E-09    378.0523411    378.0398776      0.0124635        68
  0.30884055E-09    384.0007668    383.9872157      0.0135511        69
  0.30974455E-09    390.4060160    390.3941202      0.0118958        70
  0.31052414E-09    396.5579588    396.5437114      0.0142474        71
  0.31113346E-09    402.6981567    402.6788453      0.0193114        72
  0.31167786E-09    408.7637973    408.7410124      0.0227849        73
  0.31991676E-09    414.8885544    414.8595070      0.0290475        74
  0.32456934E-09    421.1107069    421.0855397      0.0251673        75
  0.32522843E-09    427.4668984    427.4469707      0.0199277        76
  0.32647411E-09    433.7886916    433.7716666      0.0170251        77
  0.33132432E-09    439.7612656    439.7388323      0.0224334        78
  0.33212517E-09    446.0697099    446.0498309      0.0198791        79
  0.33425460E-09    452.0818348    452.0595848      0.0222500        80
  0.33947398E-09    452.1853527    452.1634907      0.0218620        81
  0.34372069E-09    464.4496307    464.4293566      0.0202741        82
  0.34459704E-09    464.6924637    464.6751577      0.0173060        83
  0.35429632E-09    464.5228357    464.5003260      0.0225097        84
  0.35683552E-09    470.4481903    470.4222836      0.0259067        85
  0.35940090E-09    470.7829364    470.7590788      0.0238576        86
  0.36056794E-09    482.9750453    482.9553654      0.0196799        87
  0.36538720E-09    470.7829626    470.7591050      0.0238576        88
  0.37821087E-09    476.9284268    476.9006344      0.0277924        89
  0.38057925E-09    483.0577202    483.0339272      0.0237931        90
  0.38103330E-09    489.2063151    489.1784325      0.0278826        91
  0.38130190E-09    494.9139468    489.2186101      5.6953368        92
  0.38141383E-09    500.8748851    495.3300383      5.5448468        93
  0.38141991E-09    506.8661851    495.3276553     11.5385298        94
  0.38216037E-09    500.8749301    495.3300754      5.5448547        95
  0.38246565E-09    506.8661855    495.3276540     11.5385314        96
  0.38444855E-09    500.8750223    495.3301440      5.5448782        97
  0.38533180E-09    506.9964504    501.3442025      5.6522478        98
  0.38563020E-09    512.9073784    501.1865456     11.7208329        99
  0.38579476E-09    519.3325842    507.4335378     11.8990465       100
  0.38617627E-09    525.8870832    507.6458673     18.2412159       101
  0.38669126E-09    532.0458152    507.8271029     24.2187123       102
  0.38705134E-09    538.1358054    507.7866455     30.3491599       103
  0.38743981E-09    544.1023375    507.8099492     36.2923883       104
  0.38762961E-09    538.2543023    507.7173859     30.5369164       105
  0.38779596E-09    544.1712226    507.7948700     36.3763526       106
  0.38831356E-09    550.5485907    507.7360695     42.8125212       107
  0.38905495E-09    556.6249938    507.7008031     48.9241907       108
  0.38924605E-09    568.9094017    507.6462080     61.2631937       109
  0.38960025E-09    569.0235687    507.7583140     61.2652546       110
  0.39028880E-09    575.4019978    513.9991034     61.4028944       111
  0.39155797E-09    581.6533418    520.2747277     61.3786140       112
  0.39272011E-09    587.6928243    526.2977248     61.3950995       113
  0.39293381E-09    594.0050829    532.5584627     61.4466201       114
  0.39311676E-09    600.2535438    538.8090799     61.4444639       115
  0.39521693E-09    606.7221513    538.8515982     67.8705531       116
  0.39634469E-09    618.5076380    539.1652578     79.3423802       117
  0.39720001E-09    606.7221531    538.8515975     67.8705556       118
  0.40249166E-09    612.9522609    538.8563096     74.0959513       119
  0.40260631E-09    619.1677973    538.9227693     80.2450280       120
  0.40310905E-09    625.2704996    538.9780747     86.2924249       121
  0.40316827E-09    631.5736389    545.2243041     86.3493348       122
  0.40536535E-09    637.8810053    551.5127096     86.3682957       123
  0.40858232E-09    643.7426220    557.4028312     86.3397909       124
  0.41475155E-09    643.7557639    557.4980542     86.2577096       125
  0.41886746E-09    650.0890765    557.7837089     92.3053676       126
  0.41888808E-09    650.5221674    557.8457589     92.6764086       127
  0.41959214E-09    655.9062432    557.8402899     98.0659533       128
  0.41972815E-09    662.5311933    563.8369008     98.6942924       129
  0.42098846E-09    662.1080069    563.7834222     98.3245847       130
  0.42126175E-09    662.5311892    563.8368960     98.6942931       131
  0.43104091E-09    674.9367946    576.5551237     98.3816709       132
  0.43135977E-09    662.5312351    563.8369420     98.6942931       133
  0.43196583E-09    662.1079913    563.7834212     98.3245701       134
  0.43308790E-09    662.5312309    563.8369371     98.6942938       135
  0.43458589E-09    662.1081060    563.7834586     98.3246475       136
  0.43462011E-09    675.0747936    563.7676339    111.3071597       137
  0.43584871E-09    662.1081874    563.7834547     98.3247327       138
  0.43613173E-09    668.4752837    563.7168975    104.7583862       139
  0.43684475E-09    662.1082273    563.7834780     98.3247492       140
  0.43961366E-09    675.0747769    563.7676226    111.3071542       141
  0.43964353E-09    662.1083086    563.7834742     98.3248345       142
  0.44724197E-09    675.0747760    563.7676238    111.3071522       143
  0.44787406E-09    662.1083900    563.7834703     98.3249197       144
  0.45162410E-09    668.4752820    563.7168735    104.7584085       145
  0.45170032E-09    662.1084299    563.7834937     98.3249362       146
  0.45433095E-09    678.9238204    581.3495944     97.5742260       147
  0.45436209E-09    662.1084081    563.7835008     98.3249074       148
  0.45569548E-09    675.0747942    563.7676364    111.3071578       149
  0.45609105E-09    674.6728634    563.8398359    110.8330274       150
  0.45798691E-09    675.0747255    563.7676173    111.3071083       151
  0.45835927E-09    662.0761321    563.7710537     98.3050784       152
  0.45999535E-09    678.9197517    581.3461676     97.5735841       153
  0.46007056E-09    662.0760998    563.7709685     98.3051313       154
  0.46275039E-09    675.0730980    563.7670776    111.3060204       155
  0.46302689E-09    662.0761812    563.7709645     98.3052167       156
  0.46364261E-09    668.4677622    563.7109287    104.7568335       157
  0.46382931E-09    662.0762213    563.7709882     98.3052331       158
  0.46819926E-09    675.0728723    563.7670405    111.3058318       159
  0.46827825E-09    662.0763026    563.7709842     98.3053185       160
  0.46940039E-09    668.4694164    563.7120863    104.7573301       161
  0.46941470E-09    662.0763429    563.7710079     98.3053350       162
  0.46965986E-09    675.0727479    563.7670458    111.3057021       163
  0.46969735E-09    662.0764243    563.7710039     98.3054204       164
  0.47595348E-09    675.0727470    563.7670469    111.3057002       165
  0.47603061E-09    662.0764972    563.7710074     98.3054898       166
  0.48149930E-09    668.4672499    563.7109905    104.7562595       167
  0.48214508E-09    662.0765166    563.7710454     98.3054712       168
  0.48442045E-09    668.4672530    563.7109908    104.7562622       169
  0.48513230E-09    662.0765346    563.7710921     98.3054425       170
  0.48524468E-09    668.4672560    563.7109911    104.7562649       171
  0.48572447E-09    662.0765546    563.7711382     98.3054164       172
  0.48653374E-09    668.4672591    563.7109915    104.7562676       173
  0.48690046E-09    662.0765713    563.7711900     98.3053813       174
  0.48780519E-09    668.4672621    563.7109918    104.7562703       175
  0.48813342E-09    662.0765908    563.7712408     98.3053500       176
  0.49257697E-09    668.4672652    563.7109921    104.7562730       177
  0.49270174E-09    674.5220749    563.7276967    110.7943783       178
  0.49291830E-09    668.4673078    563.7110159    104.7562919       179
  0.49311308E-09    674.2674099    563.7597513    110.5076586       180
  0.49320738E-09    668.4672435    563.7109455    104.7562980       181
  0.49637956E-09    674.5213037    563.7239843    110.7973193       182
  0.49759676E-09    686.9808187    576.4223950    110.5584236       183
  0.49785950E-09    692.7753058    576.2850073    116.4902985       184
  0.49796934E-09    698.6748780    576.3062451    122.3686330       185
  0.49823482E-09    704.9196836    576.4597844    128.4598992       186
  0.49862475E-09    711.0181028    576.4608094    134.5572934       187
  0.49895122E-09    704.9195778    576.4597499    128.4598279       188
  0.50020651E-09    711.0181055    576.4608115    134.5572939       189
  0.50129726E-09    717.0756501    576.5164883    140.5591619       190
  0.50139080E-09    717.3232973    576.2161285    141.1071688       191
  0.50209289E-09    711.0573210    576.2254888    134.8318322       192
  0.50233736E-09    717.0822698    582.0560531    135.0262168       193
  0.50253897E-09    733.7844639    598.5490689    135.2353950       194
  0.50312919E-09    717.0822056    582.0560290    135.0261766       195
  0.50445317E-09    711.1372765    576.3322953    134.8049812       196
  0.50550213E-09    723.3666119    588.6483687    134.7182432       197
  0.50601572E-09    711.1372149    576.3322791    134.8049358       198
  0.50723258E-09    717.0698425    582.0471817    135.0226608       199
  0.51101082E-09    711.1372711    576.3323083    134.8049628       200
  0.51186671E-09    729.7311639    594.6884914    135.0426725       201
  0.51314465E-09    711.1372607    576.3323007    134.8049601       202
  0.51572700E-09    723.3721038    588.6522622    134.7198416       203
  0.51658157E-09    711.1371991    576.3322843    134.8049148       204
  0.51693830E-09    723.3721094    588.6522696    134.7198397       205
  0.51730554E-09    711.1371376    576.3322680    134.8048696       206
  0.51763677E-09    729.7424061    594.6922389    135.0501672       207
  0.51768768E-09    711.1371270    576.3322611    134.8048659       208
  0.53226631E-09    729.7424061    594.6922400    135.0501662       209
  0.53544939E-09    711.1371156    576.3322533    134.8048624       210
  0.53606558E-09    729.7424062    594.6922411    135.0501651       211
  0.53836875E-09    723.0770278    588.6471119    134.4299159       212
  0.53875610E-09    704.8900700    570.0639935    134.8260765       213
  0.54016119E-09    717.3076395    582.2815349    135.0261045       214
  0.54035405E-09    704.8901224    570.0640200    134.8261024       215
  0.54055860E-09    717.4138203    582.3619742    135.0518460       216
  0.54073637E-09    704.8901113    570.0640128    134.8260985       217
  0.54102634E-09    717.3026225    582.2781374    135.0244850       218
  0.54189167E-09    704.8901632    570.0640378    134.8261254       219
  0.54228419E-09    717.4139491    582.3619570    135.0519921       220
  0.54394625E-09    704.8901523    570.0640310    134.8261212       221
  0.54538688E-09    717.3026204    582.2781090    135.0245114       222
  0.54549882E-09    704.8902042    570.0640561    134.8261481       223
  0.54614810E-09    717.2302879    582.5102857    134.7200022       224
  0.54623850E-09    704.8901424    570.0640398    134.8261025       225
  0.54680294E-09    717.2302936    582.5102933    134.7200003       226
  0.54798630E-09    704.8900805    570.0640237    134.8260569       227
  0.55154672E-09    717.2302994    582.5103010    134.7199984       228
  0.55225888E-09    704.8900185    570.0640074    134.8260111       229
  0.55325056E-09    717.4149536    582.3624147    135.0525389       230
  0.55357025E-09    704.8900074    570.0640004    134.8260070       231
  0.55551668E-09    717.2303387    582.5102536    134.7200852       232
  0.55557832E-09    704.8899455    570.0639841    134.8259614       233
  0.55621222E-09    717.2303445    582.5102613    134.7200832       234
  0.55778631E-09    704.8898664    570.0639690    134.8258974       235
  0.55845848E-09    717.2303503    582.5102690    134.7200813       236
  0.56082319E-09    704.8898050    570.0639521    134.8258530       237
  0.56290715E-09    717.4148797    582.3624021    135.0524776       238
  0.56317828E-09    704.8897959    570.0639423    134.8258536       239
  0.56429410E-09    717.2302424    582.5101600    134.7200824       240
  0.56460240E-09    704.8897379    570.0639227    134.8258152       241
  0.56596957E-09    717.2302482    582.5101677    134.7200805       242
  0.56676645E-09    704.8896811    570.0639034    134.8257776       243
  0.57333053E-09    717.4149636    582.3624658    135.0524978       244
  0.57408801E-09    704.8896751    570.0638931    134.8257820       245
  0.57563729E-09    717.4149636    582.3624669    135.0524967       246
  0.57656445E-09    704.8896690    570.0638835    134.8257855       247
  0.57708671E-09    717.3026034    582.2781180    135.0244853       248
  0.57729307E-09    704.8897226    570.0639075    134.8258152       249
  0.57871925E-09    717.4149518    582.3624737    135.0524781       250
  0.57893258E-09    704.8897179    570.0638974    134.8258204       251
  0.57970440E-09    717.2166526    582.4992001    134.7174525       252
  0.58326297E-09    704.8896624    570.0638796    134.8257829       253
  0.58414217E-09    717.2166599    582.4992090    134.7174509       254
  0.58446804E-09    704.8896100    570.0638612    134.8257488       255
  0.58529991E-09    717.4149542    582.3624394    135.0525148       256
  0.58704515E-09    704.8896087    570.0638523    134.8257564       257
  0.58803173E-09    717.4149543    582.3624405    135.0525138       258
  0.58835725E-09    704.8896090    570.0638425    134.8257665       259
  0.58836833E-09    717.2305513    582.5103833    134.7201680       260
  0.58948485E-09    704.8895284    570.0637998    134.8257285       261
  0.58976583E-09    717.2305570    582.5103909    134.7201660       262
  0.58992161E-09    704.8894788    570.0637832    134.8256957       263
  0.59019029E-09    717.2305627    582.5103986    134.7201641       264
  0.59092225E-09    704.8894237    570.0637591    134.8256646       265
  0.59476657E-09    717.2305684    582.5104062    134.7201622       266
  0.59564681E-09    704.8893766    570.0637428    134.8256338       267
  0.60122834E-09    717.4149110    582.3624208    135.0524902       268
  0.60571856E-09    704.8893794    570.0637349    134.8256445       269
  0.60737411E-09    717.4149111    582.3624219    135.0524892       270
  0.60808824E-09    704.8893867    570.0637276    134.8256591       271
  0.61032641E-09    717.4149112    582.3624230    135.0524882       272
  0.61058504E-09    704.8894151    570.0637464    134.8256687       273
  0.61155605E-09    717.4149113    582.3624240    135.0524872       274
  0.61299858E-09    704.8894256    570.0637397    134.8256859       275
  0.61777556E-09    717.2301954    582.5102293    134.7199661       276
  0.62023699E-09    704.8893711    570.0637236    134.8256476       277
  0.62077713E-09    717.2302012    582.5102370    134.7199642       278
  0.62249723E-09    722.6780139    582.1542988    140.5237151       279
  0.62258488E-09    717.2302510    582.5102194    134.7200316       280
  0.62286488E-09    704.8241047    570.0465569    134.7775478       281
  0.62400237E-09    717.2302567    582.5102271    134.7200296       282
  0.62408534E-09    704.8240427    570.0465406    134.7775021       283
  0.62408773E-09    717.2302624    582.5102348    134.7200276       284
  0.62459832E-09    704.8239807    570.0465242    134.7774565       285
  0.62512307E-09    717.2302681    582.5102426    134.7200256       286
  0.62738905E-09    704.8239188    570.0465079    134.7774109       287
  0.62934485E-09    717.2302738    582.5102503    134.7200235       288
  0.63006954E-09    704.8238567    570.0464916    134.7773651       289
  0.63188392E-09    717.3058045    582.2814829    135.0243216       290
  0.63322474E-09    704.8239085    570.0465163    134.7773922       291
  0.63375648E-09    717.3058037    582.2814818    135.0243219       292
  0.63482885E-09    734.0894364    598.8545096    135.2349268       293
  0.63499727E-09    717.3057360    582.2814543    135.0242817       294
  0.63576928E-09    704.9440532    570.1395993    134.8044539       295
  0.63746005E-09    717.3057353    582.2814532    135.0242821       296
  0.63821882E-09    704.9441051    570.1396241    134.8044810       297
  0.63853848E-09    717.2622177    582.5434876    134.7187301       298
  0.63865157E-09    704.9440433    570.1396076    134.8044357       299
  0.63974458E-09    717.2622233    582.5434950    134.7187282       300
  0.63985800E-09    704.9439816    570.1395912    134.8043904       301
  0.64050473E-09    717.2622288    582.5435024    134.7187264       302
  0.64062161E-09    704.9439199    570.1395748    134.8043451       303
  0.64219606E-09    717.2622344    582.5435098    134.7187245       304
  0.64345766E-09    704.9438582    570.1395584    134.8042998       305
  0.64550491E-09    723.0599739    588.5771039    134.4828700       306
  0.64620388E-09    751.0767808    616.8320261    134.2447547       307
  0.64638264E-09    729.5358136    595.4011587    134.1346550       308
  0.64659909E-09    735.8293209    595.2953892    140.5339317       309
  0.64703524E-09    741.9925548    595.2705188    146.7220359       310
  0.64705919E-09    752.9177642    606.3074962    146.6102679       311
  0.64725943E-09    741.9916691    595.2702408    146.7214284       312
  0.65117069E-09    777.2924027    630.6493759    146.6430268       313
  0.65144207E-09    815.0523512    668.2068320    146.8455193       314
  0.65145946E-09    821.4780629    668.3446726    153.1333903       315
  0.65146173E-09    827.5120544    668.4417311    159.0703233       316
  0.65164100E-09    876.4423450    717.3081517    159.1341933       317
  0.65185699E-09    870.4332060    717.3718749    153.0613311       318
  0.65420228E-09    876.3518055    717.2338925    159.1179130       319
  0.65531774E-09    870.4332398    717.3718656    153.0613742       320
  0.65555362E-09    883.0000621    729.7646773    153.2353848       321
  0.65587257E-09    900.9182574    741.7424090    159.1758484       322
  0.65920140E-09    913.1094214    741.7775914    171.3318300       323
  0.65953866E-09    913.0986225    741.9587543    171.1398682       324
  0.65960100E-09    919.2443476    741.7733878    177.4709597       325
  0.65993538E-09    919.2935694    741.7449162    177.5486532       326
  0.66309425E-09    943.2651647    741.6197636    201.6454011       327
  0.66548964E-09    948.4580972    740.9929783    207.4651189       328
  0.66554607E-09    943.2650542    741.6196966    201.6453576       329
  0.66721406E-09    949.6744269    741.9458185    207.7286083       330
  0.66854515E-09    943.2649197    741.6195767    201.6453430       331
  0.67025968E-09    962.3678698    741.5133314    220.8545384       332
  0.67058812E-09   1004.2763398    783.6549829    220.6213569       333
  0.67075745E-09    998.6587916    783.5078998    215.1508918       334
  0.67100294E-09   1004.2763187    783.6549730    220.6213457       335
  0.67335062E-09    992.7313151    784.2362476    208.4950675       336
  0.71496720E-09    992.6248630    784.4463041    208.1785589       337
  0.71524703E-09    992.7312842    784.2362164    208.4950678       338
  0.72599035E-09    992.6248596    784.4463011    208.1785585       339
  0.72677924E-09    992.7312524    784.2361890    208.4950634       340
  0.74927936E-09   1004.4238792    783.9089875    220.5148916       341
  0.75054178E-09   1012.1570515    791.5646329    220.5924187       342
  0.75105554E-09   1004.4238846    783.9089818    220.5149027       343
  0.75226959E-09    992.8246555    784.3339187    208.4907368       344
  0.77916597E-09    992.6770133    784.4995502    208.1774631       345
  0.77933166E-09    992.8246534    784.3339125    208.4907409       346
  0.81485381E-09   1003.7479508    784.0302924    219.7176584       347
  0.81558312E-09    992.8246387    784.3338889    208.4907499       348
  0.81578631E-09   1004.4613942    783.9506292    220.5107650       349
  0.81856788E-09    998.7201146    783.5838552    215.1362593       350
  0.81867422E-09   1004.4613732    783.9506200    220.5107533       351
  0.82010511E-09    992.8478699    784.3581634    208.4897065       352
  0.83379029E-09    992.6897774    784.5113493    208.1784281       353
  0.83381381E-09   1022.5228874    814.6240270    207.8988604       354
  0.83401707E-09   1028.9011034    814.7549553    214.1461481       355
  0.84151978E-09   1022.5228861    814.6240264    207.8988597       356
  0.84248532E-09   1028.9010710    814.7549313    214.1461397       357
  0.84451537E-09   1022.5228848    814.6240259    207.8988589       358
  0.84456431E-09   1028.9010440    814.7549124    214.1461317       359
  0.84569569E-09   1022.5228835    814.6240253    207.8988582       360
  0.84631780E-09   1023.2068326    814.6966147    208.5102179       361
  0.85958910E-09   1029.0805529    815.1012040    213.9793489       362
  0.85967793E-09   1023.2067932    814.6965779    208.5102152       363
  0.86181350E-09   1041.6935894    814.7000849    226.9935046       364
  0.87442897E-09   1047.5263512    814.6157948    232.9105564       365
  0.87542696E-09   1054.1601166    814.7084483    239.4516683       366
  0.87550545E-09   1059.8303508    820.8747808    238.9555700       367
  0.87726873E-09   1053.5283914    820.6048937    232.9234977       368
  0.87829297E-09   1054.0702061    820.5329919    233.5372141       369
  0.87896054E-09   1053.8838730    820.6749219    233.2089511       370
  0.87908674E-09   1054.0702265    820.5330118    233.5372147       371
  0.87936159E-09   1059.7803979    820.8245275    238.9558704       372
  0.87973503E-09   1102.8617268    863.5035562    239.3581707       373
  0.88055339E-09   1115.5124660    863.7423657    251.7701002       374
  0.88121245E-09   1115.7092360    863.9505648    251.7586713       375
  0.88371395E-09   1115.5124602    863.7423621    251.7700981       376
  0.88436054E-09   1121.6947455    864.0560921    257.6386534       377
  0.88474775E-09   1128.0659908    863.9571387    264.1088521       378
  0.88511482E-09   1128.2530009    863.9724973    264.2805037       379
  0.89597292E-09   1139.9352162    863.5964492    276.3387670       380
  0.89603341E-09   1147.6171665    871.2026629    276.4145035       381
  0.89614244E-09   1139.9353364    863.5964689    276.3388674       382
  0.89674929E-09   1133.9867624    863.1146867    270.8720757       383
  0.90347125E-09   1152.1916443    863.1027745    289.0888698       384
  0.90455142E-09   1133.9954817    863.1189438    270.8765379       385
  0.90586220E-09   1092.9419447    821.7431373    271.1988074       386
  0.90656744E-09   1133.9953892    863.1189422    270.8764470       387
  0.90670591E-09   1152.1922763    863.1027629    289.0895134       388
  0.90675572E-09   1134.0003311    863.1212464    270.8790847       389
  0.90764366E-09   1092.9421124    821.7431152    271.1989972       390
  0.90898186E-09   1134.0002000    863.1212367    270.8789633       391
  0.91132013E-09   1092.9421071    821.7431077    271.1989994       392
  0.91226150E-09   1134.0000362    863.1212245    270.8788117       393
  0.91285923E-09   1092.9421017    821.7431002    271.1990016       394
  0.91501114E-09   1133.9999206    863.1211979    270.8787227       395
  0.91522650E-09   1092.9420964    821.7430927    271.1990037       396
  0.91539075E-09   1133.9998456    863.1211819    270.8786638       397
  0.91583937E-09   1092.9420910    821.7430852    271.1990059       398
  0.91594168E-09   1133.9997606    863.1211540    270.8786067       399
  0.91609247E-09   1092.9420857    821.7430777    271.1990080       400
  0.91653140E-09   1133.9996484    863.1211318    270.8785166       401
  0.91719268E-09   1092.9420804    821.7430702    271.1990102       402
  0.91829116E-09   1133.9994539    863.1211118    270.8783421       403
  0.91838007E-09   1092.9420750    821.7430627    271.1990123       404
  0.91845963E-09   1133.9993388    863.1210842    270.8782546       405
  0.92117084E-09   1092.9420697    821.7430552    271.1990145       406
  0.92229573E-09   1133.9992267    863.1210880    270.8781387       407
  0.92454011E-09   1092.9420644    821.7430477    271.1990166       408
  0.92542422E-09   1104.2467174    821.5628321    282.6838853       409
  0.92566690E-09   1098.6831180    821.4680717    277.2150463       410
  0.92582910E-09   1098.9048061    821.5650715    277.3397346       411
  0.92607470E-09   1139.9146995    862.9006093    277.0140901       412
  0.92689514E-09   1139.8075193    862.8721983    276.9353210       413
  0.93103885E-09   1098.7274043    821.5237768    277.2036275       414
  0.93112710E-09   1110.2576438    821.3395699    288.9180739       415
  0.93124416E-09   1151.2624928    862.6325655    288.6299273       416
  0.93201341E-09   1110.2576487    821.3395693    288.9180794       417
  0.93590152E-09   1151.2625304    862.6325398    288.6299906       418
  0.94045861E-09   1110.2576536    821.3395687    288.9180849       419
  0.94051444E-09   1114.9628977    820.2323694    294.7305283       420
  0.94082546E-09   1110.2573557    821.3393672    288.9179885       421
  0.94117180E-09   1151.2599128    862.6312225    288.6286903       422
  0.94491506E-09   1110.2573611    821.3393669    288.9179942       423
  0.94751040E-09   1151.2599534    862.6311998    288.6287535       424
  0.95135976E-09   1110.2573664    821.3393666    288.9179999       425
  0.95301157E-09   1122.8694672    821.2849745    301.5844926       426
  0.95423061E-09   1110.2574059    821.3393447    288.9180612       427
  0.95622757E-09   1151.2628467    862.6328192    288.6300275       428
  0.95665789E-09   1110.2574112    821.3393444    288.9180668       429
  0.95761334E-09   1151.2628956    862.6328044    288.6300912       430
  0.95868099E-09   1163.9873898    862.6647987    301.3225911       431
  0.95897421E-09   1122.8614583    821.2666334    301.5948249       432
  0.95905516E-09   1163.9874275    862.6647751    301.3226524       433
  0.95936363E-09   1163.9880846    862.6936918    301.2943928       434
  0.95948907E-09   1170.0110335    862.6784493    307.3325843       435
  0.95983286E-09   1181.9988234    862.7824250    319.2163984       436
  0.96000622E-09   1170.0112892    862.6786504    307.3326388       437
  0.96188841E-09   1128.8402146    821.2868653    307.5533493       438
  0.96232582E-09   1170.0113102    862.6786593    307.3326509       439
  0.96310884E-09   1181.9987254    862.7823718    319.2163535       440
  0.96345142E-09   1170.0115659    862.6788605    307.3327054       441
  0.96486338E-09   1181.9987381    862.7823776    319.2163605       442
  0.96538333E-09   1170.0118216    862.6790617    307.3327599       443
  0.96560552E-09   1163.9975301    862.6886856    301.3088445       444
  0.96585522E-09   1164.0382932    862.6248550    301.4134382       445
  0.96636225E-09   1122.8383977    821.2199088    301.6184888       446
  0.96648937E-09   1164.0383323    862.6248337    301.4134986       447
  0.96674339E-09   1168.8742640    862.4469312    306.4273328       448
  0.96687680E-09   1157.5685660    862.6769902    294.8915758       449
  0.96727392E-09   1116.4492839    821.2946022    295.1546818       450
  0.96944827E-09   1157.5685168    862.6769267    294.8915900       451
  0.97082437E-09   1116.4492785    821.2945948    295.1546837       452
  0.97263992E-09   1122.0319838    821.4011490    300.6308348       453
  0.97957119E-09   1163.2820124    862.7705750    300.5114373       454
  0.97970922E-09   1168.5471787    863.5373111    305.0098676       455
  0.98102524E-09   1175.0640996    869.8022465    305.2618532       456
  0.98155249E-09   1180.7603597    869.7064880    311.0538718       457
  0.98158892E-09   1188.2138029    877.2189261    310.9948769       458
  0.98173350E-09   1188.9634926    877.5989120    311.3645806       459
  0.98181740E-09   1201.4292475    877.4874678    323.9417797       460
  0.98234830E-09   1193.8051765    869.9518435    323.8533330       461
  0.98565869E-09   1201.4292459    877.4874671    323.9417788       462
  0.98567997E-09   1219.6469740    895.7965313    323.8504427       463
  0.98572244E-09   1214.0408527    895.8765545    318.1642981       464
  0.98608402E-09   1219.6469430    895.7965652    323.8503778       465
  0.98749455E-09   1214.0408629    895.8765556    318.1643073       466
  0.98843378E-09   1219.6469120    895.7965991    323.8503130       467
  0.98901259E-09   1232.2486360    895.7526134    336.4960226       468
  0.98968857E-09   1213.8411976    877.4217162    336.4194813       469
  0.98971217E-09   1232.2487150    895.7526444    336.4960706       470
  0.98975944E-09   1250.9017359    895.6183698    355.2833661       471
  0.99040236E-09   1232.5981715    877.2769591    355.3212124       472
  0.99099973E-09   1224.9588554    869.6922267    355.2666287       473
  0.99122354E-09   1183.1177717    827.7345069    355.3832649       474
  0.99134580E-09   1224.9587278    869.6922235    355.2665043       475
  0.99147743E-09   1183.1177671    827.7344987    355.3832684       476
  0.99566322E-09   1187.3950608    827.4313975    359.9636633       477
  0.99628399E-09   1183.0784168    827.8482674    355.2301494       478
  0.99677986E-09   1189.4067897    834.0248621    355.3819276       479
  0.99681280E-09   1231.1876097    875.9677493    355.2198604       480
  0.99686662E-09   1242.6993469    887.7703012    354.9290458       481
  0.99730384E-09   1189.1647376    834.3430939    354.8216437       482
  0.99731179E-09   1195.5512286    834.4006713    361.1505573       483
  0.99738890E-09   1249.1926898    887.9202329    361.2724569       484
  0.99760172E-09   1207.2775299    845.9725140    361.3050160       485
  0.10020497E-08   1211.9776152    844.8253788    367.1522365       486
  0.10022918E-08   1207.2773407    845.9723269    361.3050139       487
  0.10025037E-08   1249.1333918    887.9254628    361.2079290       488
  0.10040812E-08   1255.3842150    894.2937371    361.0904779       489
  0.10042044E-08   1260.5567008    894.1423288    366.4143720       490
  0.10042796E-08   1273.1781310    894.3976497    378.7804813       491
  0.10045685E-08   1231.0440096    852.3400728    378.7039368       492
  0.10052020E-08   1261.0846296    852.3154346    408.7691949       493
  0.10063633E-08   1261.7819987    852.5326703    409.2493284       494
  0.10064244E-08   1261.0845265    852.3154508    408.7690757       495
  0.10070885E-08   1302.9929758    894.3080900    408.6848858       496
  0.10071182E-08   1314.4695732    893.9419985    420.5275747       497
  0.10072245E-08   1290.4739675    870.1018607    420.3721067       498
  0.10073200E-08   1314.4699313    893.9422183    420.5277129       499
  0.10074442E-08   1260.7473429    840.5363985    420.2109444       500
  0.10078711E-08   1266.4470403    840.1544568    426.2925834       501
  0.10078713E-08   1278.9580924    852.5065963    426.4514962       502
  0.10079046E-08   1284.9120047    852.4457956    432.4662091       503
  0.10084964E-08   1279.3859399    852.7773070    426.6086329       504
  0.10085786E-08   1332.9960697    906.2390099    426.7570598       505
  0.10097596E-08   1320.8478323    893.8938708    426.9539615       506
  0.10097965E-08   1309.8034472    882.4643511    427.3390962       507
  0.10103837E-08   1318.7362321    893.7226242    425.0136079       508
  0.10103911E-08   1315.5115562    894.1188873    421.3926689       509
  0.10106256E-08   1315.3988510    894.2390563    421.1597947       510
  0.10112427E-08   1327.4009065    906.5210950    420.8798115       511
  0.10115981E-08   1327.5920826    906.4333155    421.1587671       512
  0.10116583E-08   1327.4011186    906.5213895    420.8797291       513
  0.10117683E-08   1285.2743211    864.5659520    420.7083691       514
  0.10124783E-08   1273.4599979    852.2357316    421.2242663       515
  0.10129190E-08   1285.2743192    864.5659450    420.7083741       516
  0.10142007E-08   1273.4600980    852.2359213    421.2241766       517
  0.10149439E-08   1284.8458354    863.8146300    421.0312054       518
  0.10155558E-08   1291.4211205    864.7423636    426.6787569       519
  0.10156750E-08   1291.8140613    864.6275817    427.1864795       520
  0.10163963E-08   1291.4210601    864.7422842    426.6787759       521
  0.10164063E-08   1291.4974467    864.6249502    426.8724964       522
  0.10167109E-08   1291.4210609    864.7422848    426.6787761       523
  0.10174400E-08   1242.1839512    815.6898046    426.4941466       524
  0.10176643E-08   1291.4207775    864.7419610    426.6788165       525
  0.10187256E-08   1284.8092463    863.7852070    421.0240393       526
  0.10191889E-08   1291.4207785    864.7419619    426.6788166       527
  0.10192390E-08   1284.8091512    863.7850585    421.0240927       528
  0.10202242E-08   1332.5241438    905.4809052    427.0432386       529
  0.10204824E-08   1321.1968468    893.9625075    427.2343393       530
  0.10204919E-08   1333.2204217    906.2701192    426.9503025       531
  0.10206294E-08   1285.3873677    864.5777846    420.8095830       532
  0.10215714E-08   1273.4600310    852.2361027    421.2239283       533
  0.10221609E-08   1284.8458256    863.8146524    421.0311732       534
  0.10222146E-08   1291.4143513    864.7415593    426.6727920       535
  0.10225616E-08   1304.2361083    877.3128331    426.9232752       536
  0.10226869E-08   1296.8723493    876.2756869    420.5966624       537
  0.10227373E-08   1302.3529809    876.0287264    426.3242546       538
  0.10228251E-08   1315.3736638    888.1696661    427.2039977       539
  0.10248244E-08   1309.9072070    888.3846374    421.5225696       540
  0.10248517E-08   1303.3160548    882.6118976    420.7041572       541
  0.10248581E-08   1309.9069689    888.3845997    421.5223692       542
  0.10249543E-08   1322.8906720    901.0197719    421.8709001       543
  0.10251052E-08   1317.1367052    901.1249529    416.0117523       544
  0.10252601E-08   1309.8989129    894.5787938    415.3201190       545
  0.10253685E-08   1309.0588394    894.3628958    414.6959437       546
  0.10256572E-08   1289.5310442    875.2416459    414.2893983       547
  0.10257033E-08   1278.2365196    863.7710865    414.4654331       548
  0.10269145E-08   1284.5134656    863.6594326    420.8540330       549
  0.10270508E-08   1278.2365572    863.7712602    414.4652971       550
  0.10272656E-08   1267.6986716    852.5849328    415.1137388       551
  0.10273345E-08   1315.6306446    894.2622926    421.3683519       552
  0.10285037E-08   1309.7484629    894.5598587    415.1886042       553
  0.10290053E-08   1267.9589940    852.6553872    415.3036069       554
  0.10294533E-08   1315.6537648    894.2679821    421.3857827       555
  0.10298365E-08   1326.5441710    905.6526978    420.8914733       556
  0.10299263E-08   1327.7216512    906.3125120    421.4091392       557
  0.10313821E-08   1339.5574976    918.6690233    420.8884742       558
  0.10320704E-08   1333.4780394    918.8314640    414.6465754       559
  0.10324804E-08   1321.9654138    906.5957435    415.3696703       560
  0.10340578E-08   1268.2607169    853.1530549    415.1076620       561
  0.10351773E-08   1268.7766501    852.9869816    415.7896685       562
  0.10352269E-08   1322.4365799    906.4831595    415.9534204       563
  0.10352403E-08   1334.3235042    906.6272944    427.6962098       564
  0.10353861E-08   1334.3695662    906.9866854    427.3828808       565
  0.10376438E-08   1340.5589722    912.8032835    427.7556886       566
  0.10397595E-08   1327.5292774    912.3377903    415.1914871       567
  0.10397649E-08   1322.9638967    912.9979524    409.9659443       568
  0.10399052E-08   1329.1808777    919.2704154    409.9104624       569
  0.10401045E-08   1287.0791601    877.2929480    409.7862121       570
  0.10403872E-08   1334.8607639    918.9364118    415.9243522       571
  0.10405757E-08   1328.9894950    919.2231117    409.7663833       572
  0.10415692E-08   1287.0684649    877.3096863    409.7587786       573
  0.10415794E-08   1293.3064126    883.4475495    409.8588631       574
  0.10419793E-08   1292.6519427    883.2745483    409.3773944       575
  0.10422443E-08   1306.8519698    883.4580751    423.3938947       576
  0.10437637E-08   1304.1795325    883.2302568    420.9492757       577
  0.10437707E-08   1290.7985533    883.2026551    407.5958982       578
  0.10438413E-08   1315.1330518    908.1601496    406.9729022       579
  0.10438472E-08   1329.1423754    908.3402801    420.8020953       580
  0.10439770E-08   1315.1330500    908.1601484    406.9729016       581
  0.10441305E-08   1299.8747217    908.2894606    391.5852611       582
