# Time-averaged data for fix 1
# TimeStep c_msd_all[1] c_msd_all[2] c_msd_all[3] c_msd_all[4]
31000 0.0576392 0.0736777 0.0721211 0.203438
32000 0.0613939 0.0787219 0.0624838 0.2026
33000 0.0554126 0.0668366 0.0709542 0.193203
34000 0.06394 0.0696929 0.0797246 0.213357
35000 0.0715836 0.0735733 0.0711152 0.216272
36000 0.0577838 0.0702703 0.071205 0.199259
37000 0.0650861 0.0787611 0.0666471 0.210494
38000 0.0747519 0.078113 0.0744175 0.227282
39000 0.0714923 0.0821552 0.0757457 0.229393
40000 0.0782046 0.0827002 0.0739674 0.234872
41000 0.0686694 0.0943028 0.0831221 0.246094
42000 0.0653512 0.0965045 0.0855316 0.247387
43000 0.0672592 0.0976702 0.0870621 0.251991
44000 0.0694738 0.100382 0.0945593 0.264415
45000 0.0734815 0.0917125 0.0911113 0.256305
46000 0.0763547 0.0858186 0.0925798 0.254753
47000 0.0689997 0.107908 0.10844 0.285347
48000 0.0699233 0.0934069 0.103767 0.267097
49000 0.0687205 0.0895607 0.101357 0.259638
50000 0.0653065 0.092323 0.0865014 0.244131
51000 0.0736394 0.100342 0.0923746 0.266356
52000 0.0727942 0.105123 0.0945456 0.272463
53000 0.0633286 0.0988119 0.0982667 0.260407
54000 0.0742559 0.105824 0.102229 0.282308
55000 0.0767135 0.100601 0.0980607 0.275375
56000 0.0743261 0.0945628 0.0995087 0.268398
57000 0.0744438 0.107704 0.118035 0.300183
58000 0.065697 0.0999167 0.0959916 0.261605
59000 0.0743666 0.0962816 0.0912105 0.261859
60000 0.071847 0.0918117 0.0970537 0.260712
61000 0.0755707 0.101203 0.102784 0.279557
62000 0.0708431 0.104045 0.106325 0.281212
63000 0.0720835 0.106369 0.105216 0.283668
64000 0.072756 0.10779 0.110168 0.290714
65000 0.0799839 0.107781 0.101084 0.288849
66000 0.0749985 0.110539 0.104369 0.289906
67000 0.0800267 0.106045 0.10839 0.294462
68000 0.0791938 0.120724 0.1076 0.307518
69000 0.0749676 0.119485 0.116226 0.310678
70000 0.0949776 0.11376 0.114632 0.323369
71000 0.0828309 0.121133 0.111084 0.315048
72000 0.0777209 0.11033 0.12159 0.309641
73000 0.0769309 0.12132 0.120929 0.31918
74000 0.0796859 0.117793 0.123204 0.320683
75000 0.0750794 0.123965 0.127646 0.32669
76000 0.0770587 0.108594 0.12078 0.306432
77000 0.0730875 0.116177 0.118718 0.307983
78000 0.0730738 0.10782 0.109182 0.290076
79000 0.0746326 0.113494 0.121575 0.309702
80000 0.0747915 0.113202 0.114045 0.302038
81000 0.0752378 0.107588 0.120043 0.30287
82000 0.0740299 0.109695 0.116305 0.30003
83000 0.0769931 0.109701 0.110032 0.296726
84000 0.0756438 0.112527 0.118277 0.306447
85000 0.077245 0.11362 0.106462 0.297328
86000 0.0825287 0.111471 0.121217 0.315217
87000 0.072927 0.127221 0.10507 0.305218
88000 0.078585 0.104181 0.102742 0.285508
89000 0.0721794 0.120115 0.129993 0.322288
90000 0.0840636 0.135197 0.116071 0.335331
91000 0.0816353 0.113817 0.124414 0.319867
92000 0.0710652 0.115826 0.124162 0.311053
93000 0.0662211 0.10954 0.117819 0.293581
94000 0.0765622 0.116071 0.125902 0.318536
95000 0.0774216 0.125163 0.122946 0.32553
96000 0.0738063 0.117594 0.135339 0.326739
97000 0.0869712 0.12986 0.1235 0.340331
98000 0.072082 0.122815 0.136141 0.331038
99000 0.08498 0.128741 0.143617 0.357337
100000 0.0710429 0.120802 0.12465 0.316494
101000 0.0729809 0.132395 0.154368 0.359744
102000 0.0803653 0.131574 0.155678 0.367617
103000 0.0764761 0.128361 0.151517 0.356354
104000 0.0782963 0.12981 0.160044 0.36815
105000 0.0785519 0.141104 0.158631 0.378287
106000 0.0725967 0.127836 0.150235 0.350668
107000 0.0766929 0.123976 0.140008 0.340677
108000 0.0734071 0.130384 0.139751 0.343542
109000 0.07498 0.130838 0.154756 0.360574
110000 0.0759401 0.141992 0.150873 0.368806
111000 0.0734181 0.134642 0.143854 0.351914
112000 0.0815886 0.156196 0.16036 0.398144
113000 0.0910879 0.157108 0.151068 0.399265
114000 0.0821011 0.137499 0.154705 0.374304
115000 0.0776 0.143147 0.14944 0.370186
116000 0.0802835 0.139355 0.154919 0.374557
117000 0.0757165 0.153876 0.160096 0.389688
118000 0.0744067 0.145061 0.159583 0.379051
119000 0.0811721 0.160228 0.164939 0.40634
120000 0.0790813 0.139717 0.160959 0.379757
121000 0.0706712 0.150312 0.160422 0.381405
122000 0.0775963 0.156469 0.163181 0.397246
123000 0.0907798 0.152141 0.17667 0.41959
124000 0.0798 0.157561 0.178581 0.415941
125000 0.079604 0.156521 0.166254 0.402378
126000 0.089424 0.15374 0.1644 0.407564
127000 0.0833848 0.159115 0.169316 0.411816
128000 0.0873518 0.165228 0.182271 0.43485
129000 0.0765369 0.159375 0.165398 0.40131
130000 0.0828649 0.168338 0.171041 0.422244
131000 0.0839487 0.147807 0.16761 0.399367
132000 0.0862467 0.145928 0.169795 0.40197
133000 0.0898148 0.168237 0.166959 0.42501
134000 0.0946358 0.160303 0.176083 0.431022
135000 0.0913131 0.170657 0.193911 0.455881
136000 0.08083 0.175349 0.183758 0.439937
137000 0.0787179 0.173802 0.18022 0.43274
138000 0.0822318 0.176451 0.182405 0.441088
139000 0.0862814 0.17618 0.180014 0.442476
140000 0.08382 0.178756 0.202912 0.465488
141000 0.0797775 0.182597 0.17679 0.439164
142000 0.0836468 0.170728 0.17512 0.429495
143000 0.0827524 0.168502 0.176705 0.427959
144000 0.0787597 0.171592 0.176501 0.426852
145000 0.0779112 0.177889 0.190058 0.445859
146000 0.0946063 0.192019 0.182242 0.468867
147000 0.0814985 0.188995 0.196451 0.466945
148000 0.0848249 0.189237 0.192918 0.46698
149000 0.0866437 0.190147 0.186417 0.463207
150000 0.0804862 0.202685 0.20447 0.487642
151000 0.0981209 0.194613 0.183472 0.476205
152000 0.0895358 0.217932 0.183338 0.490806
153000 0.0949997 0.194002 0.212316 0.501318
154000 0.0932262 0.206028 0.189654 0.488909
155000 0.0877044 0.215391 0.19214 0.495236
156000 0.10059 0.221926 0.201569 0.524085
157000 0.0945633 0.224982 0.186905 0.506451
158000 0.0953465 0.23043 0.207882 0.533658
159000 0.0984211 0.220343 0.19176 0.510524
160000 0.0980303 0.23842 0.200025 0.536475
161000 0.121032 0.227037 0.205199 0.553269
162000 0.0954698 0.256458 0.190713 0.542641
163000 0.103553 0.223872 0.207675 0.535101
164000 0.0934753 0.228375 0.200723 0.522573
165000 0.0957521 0.223338 0.193803 0.512893
166000 0.106181 0.2202 0.204516 0.530896
167000 0.0934044 0.243685 0.219509 0.556598
168000 0.0967155 0.226156 0.208221 0.531092
169000 0.10156 0.223727 0.195544 0.520831
170000 0.105119 0.229801 0.199732 0.534651
171000 0.10688 0.226061 0.232847 0.565789
172000 0.117946 0.237366 0.216915 0.572227
173000 0.0950751 0.228732 0.226717 0.550524
174000 0.106998 0.244233 0.2116 0.562831
175000 0.105068 0.231034 0.212907 0.549009
176000 0.108487 0.235983 0.235744 0.580213
177000 0.0979442 0.225874 0.223762 0.547581
178000 0.101626 0.242525 0.252693 0.596843
179000 0.117373 0.252534 0.224795 0.594702
180000 0.106308 0.237823 0.216066 0.560197
181000 0.106397 0.240582 0.238924 0.585903
182000 0.105177 0.248565 0.242796 0.596537
183000 0.108052 0.253536 0.266782 0.62837
184000 0.126435 0.242877 0.247974 0.617286
185000 0.111421 0.239846 0.231709 0.582976
186000 0.113542 0.254579 0.238212 0.606333
187000 0.113173 0.246661 0.235862 0.595696
188000 0.114347 0.238956 0.239379 0.592682
189000 0.119095 0.256032 0.244369 0.619497
190000 0.11974 0.25151 0.240492 0.611743
191000 0.118167 0.248084 0.231859 0.598109
192000 0.112046 0.241812 0.234914 0.588772
193000 0.104293 0.238051 0.233601 0.575945
194000 0.105354 0.241228 0.230024 0.576606
195000 0.112629 0.250081 0.249622 0.612332
196000 0.108341 0.259155 0.226081 0.593577
197000 0.111628 0.249939 0.234887 0.596454
198000 0.108265 0.260852 0.235382 0.6045
199000 0.117255 0.254132 0.233542 0.604929
200000 0.124881 0.265482 0.259039 0.649402
201000 0.108518 0.266178 0.246292 0.620989
202000 0.112575 0.268443 0.255416 0.636434
203000 0.110901 0.256263 0.247669 0.614832
204000 0.11756 0.267942 0.246843 0.632345
205000 0.118149 0.263178 0.253038 0.634365
206000 0.121684 0.266264 0.254574 0.642522
207000 0.126354 0.267487 0.262606 0.656447
208000 0.122413 0.276007 0.258829 0.657249
209000 0.110008 0.253322 0.253146 0.616476
210000 0.11018 0.249887 0.270977 0.631045
211000 0.108725 0.249916 0.247607 0.606247
212000 0.128696 0.248854 0.258355 0.635904
213000 0.11551 0.262966 0.245961 0.624436
214000 0.114939 0.255251 0.246067 0.616257
215000 0.107973 0.258542 0.283397 0.649912
216000 0.108804 0.254411 0.263626 0.626841
217000 0.136885 0.276029 0.262874 0.675788
218000 0.126842 0.285562 0.240759 0.653163
219000 0.155786 0.283909 0.24445 0.684146
220000 0.122896 0.270896 0.288541 0.682333
221000 0.12053 0.268217 0.269542 0.658288
222000 0.12187 0.290887 0.277746 0.690503
223000 0.127427 0.276062 0.264306 0.667795
224000 0.126801 0.281691 0.254305 0.662797
225000 0.120794 0.284705 0.278355 0.683854
226000 0.126303 0.287112 0.283447 0.696863
227000 0.116358 0.29444 0.294203 0.705002
228000 0.123875 0.286531 0.262248 0.672654
229000 0.134476 0.295207 0.276322 0.706005
230000 0.117752 0.309083 0.281086 0.70792
231000 0.127288 0.296519 0.272038 0.695846
232000 0.130425 0.312435 0.269915 0.712775
233000 0.127871 0.287736 0.272106 0.687713
234000 0.147958 0.288585 0.279988 0.716531
235000 0.129828 0.305559 0.28082 0.716208
236000 0.125194 0.292079 0.28821 0.705483
237000 0.1229 0.305518 0.289308 0.717726
238000 0.123994 0.308775 0.284005 0.716774
239000 0.122654 0.288073 0.279777 0.690504
240000 0.117031 0.310099 0.305292 0.732422
241000 0.124948 0.296187 0.297234 0.718369
242000 0.123362 0.312604 0.28061 0.716576
243000 0.128942 0.294895 0.292175 0.716012
244000 0.124825 0.30613 0.300515 0.73147
245000 0.127591 0.312044 0.312966 0.7526
246000 0.134073 0.308291 0.299232 0.741596
247000 0.125708 0.334355 0.279562 0.739626
248000 0.139896 0.332379 0.315399 0.787674
249000 0.12329 0.329029 0.293015 0.745335
250000 0.127221 0.311164 0.313597 0.751982
251000 0.134918 0.331122 0.3077 0.77374
252000 0.129721 0.350322 0.288567 0.76861
253000 0.153701 0.324656 0.311834 0.790191
254000 0.133571 0.352067 0.301424 0.787061
255000 0.135884 0.328318 0.299686 0.763888
256000 0.130193 0.335646 0.292903 0.758741
257000 0.127194 0.338089 0.29733 0.762613
258000 0.128782 0.337526 0.306249 0.772558
259000 0.130345 0.351325 0.297833 0.779503
260000 0.149097 0.338293 0.302761 0.790151
261000 0.127174 0.333421 0.293174 0.753769
262000 0.13229 0.349132 0.297802 0.779223
263000 0.127821 0.350744 0.303529 0.782094
264000 0.133389 0.350948 0.303933 0.78827
265000 0.138211 0.328397 0.311905 0.778513
266000 0.1225 0.335945 0.302832 0.761277
267000 0.12782 0.346155 0.324457 0.798432
268000 0.120233 0.340154 0.31938 0.779767
269000 0.124545 0.351005 0.311647 0.787197
270000 0.134293 0.341147 0.325098 0.800539
271000 0.140431 0.349925 0.313 0.803357
272000 0.157544 0.351292 0.315853 0.824688
273000 0.128638 0.362459 0.340482 0.831579
274000 0.12655 0.353421 0.327231 0.807202
275000 0.142635 0.35752 0.319359 0.819514
276000 0.13055 0.361809 0.327424 0.819783
277000 0.12737 0.345811 0.326034 0.799215
278000 0.13447 0.351471 0.3291 0.815041
279000 0.127167 0.361352 0.330513 0.819032
280000 0.143917 0.352259 0.336334 0.83251
281000 0.141983 0.373609 0.339385 0.854978
282000 0.14755 0.341761 0.325367 0.814677
283000 0.134417 0.365182 0.343566 0.843165
284000 0.13215 0.361528 0.338016 0.831694
285000 0.130956 0.360334 0.342272 0.833562
286000 0.133224 0.374744 0.343122 0.851091
287000 0.134227 0.369735 0.343025 0.846987
288000 0.138353 0.36663 0.361711 0.866694
289000 0.133266 0.356514 0.351458 0.841238
290000 0.132512 0.352298 0.355401 0.840211
291000 0.13342 0.364649 0.349357 0.847426
292000 0.13437 0.376723 0.344022 0.855116
293000 0.129082 0.370442 0.344529 0.844053
294000 0.144634 0.388492 0.354985 0.888111
295000 0.126126 0.36473 0.359526 0.850382
296000 0.13879 0.372853 0.356235 0.867878
297000 0.13212 0.389381 0.354374 0.875875
298000 0.129079 0.375747 0.364619 0.869445
299000 0.138253 0.364546 0.351581 0.85438
300000 0.129502 0.381511 0.370078 0.881091
301000 0.14144 0.385357 0.353856 0.880653
302000 0.133101 0.367446 0.362315 0.862862
303000 0.136252 0.392112 0.355743 0.884107
304000 0.132191 0.389908 0.372262 0.894361
305000 0.137522 0.373914 0.348974 0.86041
306000 0.137331 0.384901 0.35668 0.878913
307000 0.140617 0.377697 0.344313 0.862627
308000 0.143149 0.375773 0.364043 0.882964
309000 0.137718 0.369802 0.366506 0.874027
310000 0.144737 0.371 0.3665 0.882237
311000 0.142947 0.382355 0.366596 0.891899
312000 0.132373 0.386307 0.36881 0.88749
313000 0.141484 0.38548 0.370859 0.897822
314000 0.137034 0.396649 0.372938 0.90662
315000 0.141028 0.377732 0.366262 0.885022
316000 0.133949 0.376156 0.379263 0.889368
317000 0.135341 0.391632 0.372104 0.899078
318000 0.142826 0.399426 0.385615 0.927866
319000 0.152618 0.389725 0.382833 0.925176
320000 0.148605 0.399284 0.392568 0.940457
321000 0.150194 0.398191 0.387507 0.935893
322000 0.153157 0.401063 0.382237 0.936456
323000 0.143551 0.396097 0.390871 0.930518
324000 0.15269 0.404144 0.380853 0.937688
325000 0.153072 0.385041 0.395616 0.933729
326000 0.15051 0.40472 0.385405 0.940635
327000 0.161285 0.39258 0.374446 0.928311
328000 0.152032 0.402856 0.376505 0.931393
329000 0.180589 0.400726 0.371779 0.953093
330000 0.153421 0.406861 0.370245 0.930527
331000 0.166071 0.397496 0.394452 0.958018
332000 0.156858 0.409813 0.381619 0.94829
333000 0.149706 0.408021 0.400534 0.958261
334000 0.150644 0.397488 0.388577 0.936708
335000 0.150534 0.400416 0.396688 0.947637
336000 0.145365 0.41282 0.386739 0.944924
337000 0.156624 0.41277 0.381444 0.950838
338000 0.162967 0.4238 0.395268 0.982035
339000 0.172899 0.407519 0.393493 0.973912
340000 0.148013 0.416819 0.397026 0.961858
341000 0.149011 0.409527 0.397364 0.955901
342000 0.158126 0.439219 0.39885 0.996195
343000 0.169367 0.442087 0.388683 1.00014
344000 0.195644 0.437267 0.40968 1.04259
345000 0.159015 0.433727 0.417235 1.00998
346000 0.146983 0.406966 0.385173 0.939122
347000 0.152725 0.40517 0.385184 0.943078
348000 0.153381 0.411071 0.396382 0.960834
349000 0.171227 0.442943 0.405166 1.01934
350000 0.1576 0.427072 0.398118 0.98279
351000 0.160808 0.434293 0.385854 0.980954
352000 0.162904 0.419592 0.409256 0.991751
353000 0.15363 0.419988 0.410524 0.984142
354000 0.167549 0.433088 0.410519 1.01116
355000 0.162335 0.421687 0.402227 0.986248
356000 0.15135 0.409868 0.396322 0.95754
357000 0.16019 0.41826 0.405315 0.983765
358000 0.160046 0.42873 0.39747 0.986246
359000 0.159533 0.434078 0.416192 1.0098
360000 0.157107 0.437068 0.401787 0.995962
361000 0.166765 0.425878 0.39867 0.991313
362000 0.15796 0.423684 0.4022 0.983844
363000 0.158729 0.410262 0.394463 0.963453
364000 0.153528 0.428419 0.393811 0.975758
365000 0.165989 0.429823 0.407204 1.00302
366000 0.164742 0.415362 0.399313 0.979417
367000 0.157067 0.433624 0.407799 0.998489
368000 0.15621 0.45041 0.400078 1.0067
369000 0.162381 0.421429 0.392234 0.976044
370000 0.155519 0.418021 0.407816 0.981356
371000 0.156705 0.42177 0.398721 0.977196
372000 0.159103 0.432224 0.395267 0.986594
373000 0.162887 0.416446 0.400306 0.979638
374000 0.170053 0.448546 0.411183 1.02978
375000 0.15996 0.431378 0.393534 0.984873
376000 0.146518 0.429492 0.390614 0.966624
377000 0.169724 0.425548 0.395987 0.99126
378000 0.161978 0.427348 0.395809 0.985135
379000 0.171813 0.424179 0.389636 0.985628
380000 0.163854 0.429351 0.398209 0.991414
381000 0.154922 0.432513 0.397819 0.985254
382000 0.166635 0.434459 0.398692 0.999786
383000 0.162103 0.426731 0.414109 1.00294
384000 0.166545 0.437313 0.394647 0.998505
385000 0.160432 0.437938 0.416147 1.01452
386000 0.160617 0.441608 0.404591 1.00682
387000 0.163305 0.416389 0.397127 0.976821
388000 0.155977 0.429582 0.395635 0.981195
389000 0.166273 0.418077 0.414705 0.999056
390000 0.167866 0.440511 0.402427 1.0108
391000 0.170994 0.449118 0.401194 1.02131
392000 0.15542 0.424898 0.389477 0.969795
393000 0.15924 0.437707 0.410277 1.00722
394000 0.16599 0.433151 0.40003 0.999171
395000 0.151784 0.418504 0.398381 0.968668
396000 0.187637 0.426619 0.40619 1.02045
397000 0.16923 0.435346 0.398065 1.00264
398000 0.175346 0.415746 0.395923 0.987015
399000 0.160089 0.436064 0.41553 1.01168
400000 0.164105 0.428352 0.408343 1.0008
401000 0.169243 0.433947 0.414132 1.01732
402000 0.175873 0.445888 0.397728 1.01949
403000 0.171098 0.434546 0.409547 1.01519
404000 0.169254 0.437789 0.395087 1.00213
405000 0.162227 0.446043 0.421261 1.02953
406000 0.188541 0.437424 0.411924 1.03789
407000 0.174796 0.442766 0.415278 1.03284
408000 0.166074 0.424007 0.414179 1.00426
409000 0.164257 0.449207 0.427943 1.04141
410000 0.170923 0.436788 0.412031 1.01974
411000 0.17406 0.451195 0.408324 1.03358
412000 0.174378 0.448323 0.415825 1.03853
413000 0.168821 0.433162 0.426796 1.02878
414000 0.167831 0.439891 0.417586 1.02531
415000 0.171623 0.423064 0.420325 1.01501
416000 0.155768 0.457995 0.40621 1.01997
417000 0.175221 0.449016 0.413526 1.03776
418000 0.173072 0.450591 0.425403 1.04907
419000 0.161669 0.438225 0.404802 1.0047
420000 0.185559 0.458122 0.418102 1.06178
421000 0.17313 0.45161 0.419898 1.04464
422000 0.182005 0.466871 0.417501 1.06638
423000 0.160856 0.462385 0.421556 1.0448
424000 0.171648 0.455149 0.419933 1.04673
425000 0.162639 0.444165 0.419895 1.0267
426000 0.163508 0.449188 0.418409 1.03111
427000 0.180403 0.441302 0.415892 1.0376
428000 0.172397 0.461933 0.412633 1.04696
429000 0.175065 0.445294 0.415464 1.03582
430000 0.17984 0.461841 0.410936 1.05262
431000 0.17731 0.439875 0.434116 1.0513
432000 0.177269 0.447959 0.44043 1.06566
433000 0.177967 0.453876 0.433412 1.06526
434000 0.170614 0.440502 0.428307 1.03942
435000 0.174016 0.468441 0.439131 1.08159
436000 0.16607 0.449351 0.409091 1.02451
437000 0.175669 0.449249 0.414864 1.03978
438000 0.168996 0.440459 0.432114 1.04157
439000 0.179243 0.458254 0.420027 1.05752
440000 0.169696 0.453213 0.43493 1.05784
441000 0.164932 0.440033 0.415209 1.02017
442000 0.17137 0.443406 0.413758 1.02853
443000 0.169992 0.44459 0.426223 1.0408
444000 0.176268 0.445757 0.432999 1.05502
445000 0.19925 0.447079 0.424346 1.07067
446000 0.181311 0.46715 0.439295 1.08776
447000 0.184988 0.47638 0.426748 1.08811
448000 0.188591 0.465338 0.436738 1.09067
449000 0.166852 0.447558 0.432383 1.04679
450000 0.190422 0.463085 0.428015 1.08152
451000 0.181608 0.466457 0.423662 1.07173
452000 0.172271 0.485117 0.434242 1.09163
453000 0.172055 0.450713 0.423836 1.0466
454000 0.183858 0.457327 0.438106 1.07929
455000 0.17496 0.462383 0.431482 1.06883
456000 0.176652 0.465817 0.436387 1.07886
457000 0.169017 0.500184 0.437802 1.107
458000 0.175277 0.459208 0.43347 1.06796
459000 0.178339 0.481866 0.435669 1.09587
460000 0.176505 0.451521 0.436602 1.06463
461000 0.188991 0.45894 0.441548 1.08948
462000 0.176515 0.476828 0.440092 1.09344
463000 0.182051 0.486097 0.436198 1.10435
464000 0.180108 0.506999 0.438544 1.12565
465000 0.180724 0.481432 0.437076 1.09923
466000 0.179118 0.454735 0.434719 1.06857
467000 0.180884 0.470257 0.436415 1.08756
468000 0.169135 0.461223 0.445457 1.07582
469000 0.169856 0.493233 0.443979 1.10707
470000 0.179839 0.458481 0.43536 1.07368
471000 0.176212 0.483261 0.435888 1.09536
472000 0.175267 0.448455 0.445314 1.06904
473000 0.182505 0.47075 0.449647 1.1029
474000 0.175337 0.488915 0.457063 1.12131
475000 0.183966 0.47239 0.445069 1.10142
476000 0.176444 0.466069 0.443849 1.08636
477000 0.170013 0.466876 0.442002 1.07889
478000 0.174698 0.47407 0.447354 1.09612
479000 0.205337 0.483067 0.448706 1.13711
480000 0.189779 0.47501 0.4604 1.12519
481000 0.213466 0.478462 0.462276 1.1542
482000 0.179283 0.473997 0.452357 1.10564
483000 0.186464 0.470457 0.465219 1.12214
484000 0.192584 0.499059 0.463789 1.15543
485000 0.188836 0.476699 0.45684 1.12237
486000 0.194784 0.513998 0.453149 1.16193
487000 0.187081 0.48763 0.463354 1.13807
488000 0.179898 0.46757 0.473523 1.12099
489000 0.177464 0.486624 0.450139 1.11423
490000 0.185757 0.484157 0.452868 1.12278
491000 0.190362 0.473696 0.455432 1.11949
492000 0.182517 0.491292 0.460138 1.13395
493000 0.184883 0.477823 0.479505 1.14221
494000 0.189882 0.473165 0.475707 1.13875
495000 0.179547 0.490462 0.460779 1.13079
496000 0.192612 0.474258 0.467466 1.13434
497000 0.181286 0.474634 0.461643 1.11756
498000 0.184629 0.464893 0.47552 1.12504
499000 0.185904 0.493998 0.459725 1.13963
500000 0.176308 0.488408 0.446835 1.11155
501000 0.18673 0.492854 0.465962 1.14555
502000 0.177162 0.474835 0.468264 1.12026
503000 0.19404 0.484264 0.494774 1.17308
504000 0.18036 0.488541 0.473386 1.14229
505000 0.186548 0.487774 0.470173 1.14449
506000 0.182456 0.481287 0.476316 1.14006
507000 0.185714 0.489228 0.473346 1.14829
508000 0.180765 0.484351 0.477308 1.14242
509000 0.184979 0.478145 0.475565 1.13869
510000 0.188888 0.485221 0.466638 1.14075
511000 0.178737 0.503198 0.478795 1.16073
512000 0.180749 0.465855 0.482239 1.12884
513000 0.177231 0.479916 0.484686 1.14183
514000 0.177685 0.473066 0.478952 1.1297
515000 0.184639 0.473274 0.465096 1.12301
516000 0.183185 0.473458 0.468104 1.12475
517000 0.186692 0.491609 0.461345 1.13965
518000 0.18342 0.503598 0.466563 1.15358
519000 0.172966 0.484777 0.464825 1.12257
520000 0.181874 0.491024 0.474527 1.14742
521000 0.169119 0.511333 0.482392 1.16284
522000 0.180947 0.489678 0.472004 1.14263
523000 0.185244 0.494813 0.47796 1.15802
524000 0.186408 0.506765 0.485299 1.17847
525000 0.172298 0.489616 0.50688 1.16879
526000 0.180341 0.478298 0.493569 1.15221
527000 0.184341 0.499437 0.484169 1.16795
528000 0.185703 0.51089 0.485933 1.18253
529000 0.202558 0.525619 0.475558 1.20374
530000 0.180827 0.5215 0.486075 1.1884
531000 0.185333 0.500462 0.486629 1.17242
532000 0.18446 0.494058 0.487428 1.16595
533000 0.176766 0.500712 0.468303 1.14578
534000 0.186015 0.501985 0.5018 1.1898
535000 0.181339 0.517581 0.488993 1.18791
536000 0.209449 0.505414 0.489943 1.20481
537000 0.185594 0.50461 0.494387 1.18459
538000 0.179422 0.515211 0.498719 1.19335
539000 0.186615 0.492403 0.506773 1.18579
540000 0.188713 0.547708 0.503643 1.24006
541000 0.186878 0.504366 0.485373 1.17662
542000 0.202159 0.516021 0.486732 1.20491
543000 0.194494 0.50741 0.497184 1.19909
544000 0.189436 0.505069 0.499172 1.19368
545000 0.198791 0.505448 0.493558 1.1978
546000 0.192653 0.501307 0.487048 1.18101
547000 0.183993 0.537704 0.496453 1.21815
548000 0.1917 0.514892 0.498969 1.20556
549000 0.187993 0.520291 0.501674 1.20996
550000 0.248694 0.547068 0.492724 1.28849
551000 0.19768 0.514657 0.504429 1.21677
552000 0.207201 0.508619 0.501165 1.21698
553000 0.19197 0.510582 0.51135 1.2139
554000 0.189309 0.511948 0.486828 1.18809
555000 0.220258 0.517633 0.494581 1.23247
556000 0.210144 0.497629 0.505141 1.21291
557000 0.195952 0.512575 0.508953 1.21748
558000 0.183486 0.517929 0.498286 1.1997
559000 0.197311 0.521418 0.49897 1.2177
560000 0.193338 0.516981 0.49871 1.20903
561000 0.190289 0.502034 0.505946 1.19827
562000 0.203707 0.523 0.499765 1.22647
563000 0.190675 0.516974 0.507553 1.2152
564000 0.20159 0.537784 0.516802 1.25617
565000 0.199917 0.523024 0.508974 1.23191
566000 0.196594 0.510407 0.501386 1.20839
567000 0.200213 0.52476 0.491825 1.2168
568000 0.198484 0.516044 0.496631 1.21116
569000 0.193189 0.544769 0.505689 1.24365
570000 0.190132 0.511655 0.502389 1.20418
571000 0.201001 0.52786 0.508061 1.23692
572000 0.20649 0.514372 0.499695 1.22056
573000 0.207689 0.522038 0.502499 1.23223
574000 0.193152 0.529792 0.495691 1.21864
575000 0.200469 0.514598 0.503411 1.21848
576000 0.201793 0.521541 0.50021 1.22354
577000 0.196601 0.509709 0.509542 1.21585
578000 0.213697 0.535094 0.538234 1.28703
579000 0.199841 0.535201 0.552721 1.28776
580000 0.196549 0.516813 0.53509 1.24845
581000 0.20394 0.538126 0.514355 1.25642
582000 0.196122 0.533075 0.52795 1.25715
583000 0.2141 0.53392 0.537372 1.28539
584000 0.193319 0.54202 0.554825 1.29016
585000 0.188955 0.53804 0.535843 1.26284
586000 0.205993 0.525238 0.507759 1.23899
587000 0.194542 0.533132 0.527422 1.2551
588000 0.203139 0.546972 0.535968 1.28608
589000 0.197257 0.53982 0.553669 1.29075
590000 0.206617 0.538282 0.537156 1.28205
591000 0.20693 0.553163 0.502455 1.26255
592000 0.197846 0.559677 0.510281 1.2678
593000 0.194077 0.5386 0.53148 1.26416
594000 0.193074 0.545376 0.567183 1.30563
595000 0.202049 0.531652 0.525259 1.25896
596000 0.195873 0.542021 0.505046 1.24294
597000 0.191749 0.538311 0.520081 1.25014
598000 0.196925 0.536486 0.537239 1.27065
599000 0.1949 0.547986 0.535609 1.2785
600000 0.207903 0.554113 0.536921 1.29894
601000 0.193707 0.546344 0.533402 1.27345
602000 0.218975 0.550134 0.512855 1.28196
603000 0.201192 0.545416 0.517284 1.26389
604000 0.191285 0.53529 0.534325 1.2609
605000 0.201474 0.523402 0.526485 1.25136
606000 0.199087 0.524189 0.535338 1.25861
607000 0.219465 0.547168 0.50925 1.27588
608000 0.206354 0.53226 0.524388 1.263
609000 0.215655 0.536173 0.523078 1.27491
610000 0.200656 0.55945 0.531182 1.29129
611000 0.195048 0.535864 0.514713 1.24562
612000 0.210271 0.538613 0.518741 1.26763
613000 0.212775 0.540596 0.514106 1.26748
614000 0.247933 0.551102 0.51561 1.31465
615000 0.210383 0.539795 0.518801 1.26898
616000 0.216879 0.543421 0.52898 1.28928
617000 0.206541 0.544343 0.531715 1.2826
618000 0.198986 0.556909 0.526387 1.28228
619000 0.225075 0.568474 0.519708 1.31326
620000 0.216755 0.559028 0.534823 1.31061
621000 0.22478 0.546827 0.51032 1.28193
622000 0.210161 0.548226 0.527552 1.28594
623000 0.206352 0.549098 0.517511 1.27296
624000 0.212604 0.562271 0.527382 1.30226
625000 0.20214 0.544243 0.527226 1.27361
626000 0.204595 0.545709 0.531424 1.28173
627000 0.218079 0.555616 0.529522 1.30322
628000 0.205998 0.570609 0.529072 1.30568
629000 0.214903 0.551923 0.536112 1.30294
630000 0.234555 0.559457 0.532984 1.327
631000 0.214935 0.560165 0.536754 1.31185
632000 0.210359 0.564504 0.543153 1.31802
633000 0.220386 0.579419 0.533542 1.33335
634000 0.211814 0.585397 0.549028 1.34624
635000 0.219147 0.570983 0.55338 1.34351
636000 0.216243 0.578323 0.554067 1.34863
637000 0.224517 0.586621 0.553959 1.3651
638000 0.206763 0.572716 0.541231 1.32071
639000 0.215491 0.576201 0.531636 1.32333
640000 0.208391 0.583648 0.540518 1.33256
641000 0.211072 0.543482 0.539813 1.29437
642000 0.218536 0.583743 0.561121 1.3634
643000 0.214681 0.581782 0.534683 1.33115
644000 0.21335 0.572857 0.526903 1.31311
645000 0.209885 0.571745 0.541011 1.32264
646000 0.219499 0.557124 0.530308 1.30693
647000 0.231766 0.574905 0.540131 1.3468
648000 0.207053 0.571392 0.545689 1.32413
649000 0.226237 0.565645 0.540944 1.33283
650000 0.219328 0.576385 0.533446 1.32916
651000 0.216697 0.560831 0.546494 1.32402
652000 0.211896 0.578692 0.540056 1.33064
653000 0.211526 0.58087 0.543414 1.33581
654000 0.214885 0.572825 0.552206 1.33992
655000 0.220722 0.581976 0.545461 1.34816
656000 0.217584 0.576358 0.561043 1.35499
657000 0.219409 0.563852 0.560047 1.34331
658000 0.217794 0.574138 0.568678 1.36061
659000 0.213517 0.577394 0.558108 1.34902
660000 0.217958 0.574382 0.545368 1.33771
661000 0.220802 0.573159 0.557349 1.35131
662000 0.208538 0.58272 0.54439 1.33565
663000 0.213922 0.576198 0.551804 1.34192
664000 0.212731 0.594117 0.559891 1.36674
665000 0.22842 0.574904 0.557387 1.36071
666000 0.220102 0.581473 0.557065 1.35864
667000 0.223369 0.585001 0.550757 1.35913
668000 0.230044 0.577189 0.557756 1.36499
669000 0.222348 0.574394 0.567808 1.36455
670000 0.232595 0.576998 0.571843 1.38144
671000 0.230146 0.600675 0.545924 1.37675
672000 0.222759 0.587139 0.572392 1.38229
673000 0.224161 0.610001 0.556009 1.39017
674000 0.208415 0.579593 0.563983 1.35199
675000 0.226811 0.571864 0.553132 1.35181
676000 0.210585 0.576479 0.562596 1.34966
677000 0.233794 0.592633 0.574274 1.4007
678000 0.214266 0.585615 0.557457 1.35734
679000 0.221633 0.569891 0.574737 1.36626
680000 0.2184 0.586637 0.567362 1.3724
681000 0.216929 0.577195 0.561051 1.35518
682000 0.222065 0.598819 0.593383 1.41427
683000 0.223302 0.590985 0.576477 1.39076
684000 0.209805 0.576946 0.571769 1.35852
685000 0.234724 0.581591 0.563511 1.37983
686000 0.22184 0.608946 0.588743 1.41953
687000 0.216988 0.577509 0.570462 1.36496
688000 0.221335 0.588264 0.571406 1.38101
689000 0.217519 0.585976 0.563065 1.36656
690000 0.223088 0.590175 0.573172 1.38643
691000 0.218962 0.592035 0.563509 1.37451
692000 0.221322 0.59462 0.556856 1.3728
693000 0.207354 0.61152 0.574782 1.39366
694000 0.217754 0.597545 0.555924 1.37122
695000 0.229193 0.607909 0.578489 1.41559
696000 0.219436 0.594014 0.556545 1.36999
697000 0.224172 0.589246 0.583825 1.39724
698000 0.213893 0.611721 0.549453 1.37507
699000 0.235589 0.599723 0.556762 1.39207
700000 0.219706 0.622055 0.572083 1.41384
701000 0.229147 0.603435 0.563063 1.39564
702000 0.220195 0.620958 0.554257 1.39541
703000 0.216076 0.603708 0.584395 1.40418
704000 0.227395 0.614398 0.572761 1.41455
705000 0.219905 0.61439 0.565928 1.40022
706000 0.237636 0.596401 0.56241 1.39645
707000 0.218425 0.620151 0.568877 1.40745
708000 0.234825 0.59931 0.566778 1.40091
709000 0.21272 0.608732 0.553229 1.37468
710000 0.206699 0.590771 0.564006 1.36148
711000 0.239844 0.582647 0.556445 1.37894
712000 0.221329 0.604135 0.571882 1.39735
713000 0.239062 0.605708 0.56875 1.41352
714000 0.224359 0.613135 0.569234 1.40673
715000 0.224138 0.595388 0.573449 1.39297
716000 0.21582 0.604252 0.562554 1.38263
717000 0.22375 0.627533 0.563548 1.41483
718000 0.214067 0.61141 0.572734 1.39821
719000 0.217763 0.607847 0.56672 1.39233
720000 0.221643 0.606453 0.562315 1.39041
721000 0.22253 0.620511 0.578037 1.42108
722000 0.215179 0.639223 0.579556 1.43396
723000 0.238517 0.616826 0.574475 1.42982
724000 0.226342 0.602673 0.583099 1.41211
725000 0.216934 0.615518 0.550464 1.38292
726000 0.227601 0.613702 0.554478 1.39578
727000 0.227303 0.620342 0.570718 1.41836
728000 0.22133 0.606322 0.561356 1.38901
729000 0.235411 0.603827 0.571348 1.41059
730000 0.217986 0.613514 0.565994 1.39749
731000 0.248948 0.604948 0.581539 1.43543
732000 0.229071 0.627775 0.597022 1.45387
733000 0.224333 0.616533 0.575971 1.41684
734000 0.234513 0.624511 0.597388 1.45641
735000 0.23112 0.614901 0.588564 1.43458
736000 0.222994 0.632714 0.597863 1.45357
737000 0.221069 0.630731 0.588655 1.44046
738000 0.215305 0.60858 0.575739 1.39962
739000 0.228415 0.616124 0.57513 1.41967
740000 0.234377 0.620693 0.5777 1.43277
741000 0.236093 0.617772 0.587429 1.44129
742000 0.224544 0.620625 0.580961 1.42613
743000 0.220086 0.604822 0.585061 1.40997
744000 0.255021 0.626267 0.584743 1.46603
745000 0.220812 0.611827 0.576876 1.40951
746000 0.26743 0.618877 0.588536 1.47484
747000 0.219218 0.625294 0.599444 1.44396
748000 0.220742 0.622194 0.580733 1.42367
749000 0.231881 0.624205 0.589477 1.44556
750000 0.216166 0.640264 0.576615 1.43304
751000 0.234996 0.61852 0.585016 1.43853
752000 0.223712 0.623662 0.588474 1.43585
753000 0.21407 0.623089 0.567466 1.40463
754000 0.237445 0.628291 0.589291 1.45503
755000 0.227265 0.635256 0.586319 1.44884
756000 0.250027 0.62627 0.577782 1.45408
757000 0.224654 0.635869 0.583751 1.44427
758000 0.230399 0.625903 0.588422 1.44472
759000 0.240151 0.626384 0.582419 1.44895
760000 0.230451 0.633285 0.583959 1.44769
761000 0.23738 0.627946 0.594288 1.45961
762000 0.234644 0.649782 0.594668 1.47909
763000 0.228546 0.627722 0.599799 1.45607
764000 0.237784 0.641525 0.587873 1.46718
765000 0.219903 0.641084 0.588318 1.44931
766000 0.237584 0.620901 0.602782 1.46127
767000 0.230361 0.618192 0.586363 1.43492
768000 0.229256 0.643373 0.609964 1.48259
769000 0.232235 0.637356 0.606944 1.47654
770000 0.23511 0.64336 0.597902 1.47637
771000 0.229759 0.644723 0.622725 1.49721
772000 0.241243 0.645694 0.59845 1.48539
773000 0.24298 0.657719 0.597298 1.498
774000 0.253534 0.64491 0.609195 1.50764
775000 0.228247 0.657085 0.599357 1.48469
776000 0.232575 0.654758 0.612306 1.49964
777000 0.238245 0.638705 0.609206 1.48616
778000 0.24172 0.655895 0.605678 1.50329
779000 0.265103 0.676921 0.609834 1.55186
780000 0.252021 0.649093 0.619837 1.52095
781000 0.255728 0.635656 0.595376 1.48676
782000 0.23876 0.640381 0.614152 1.49329
783000 0.239982 0.6654 0.605812 1.51119
784000 0.267726 0.652259 0.613758 1.53374
785000 0.246602 0.650733 0.630962 1.5283
786000 0.249034 0.6559 0.654707 1.55964
787000 0.234268 0.643332 0.637619 1.51522
788000 0.233103 0.662782 0.644366 1.54025
789000 0.278745 0.674559 0.634544 1.58785
790000 0.242677 0.648822 0.636473 1.52797
791000 0.274744 0.657699 0.643787 1.57623
792000 0.235613 0.649858 0.670278 1.55575
793000 0.251919 0.662962 0.673052 1.58793
794000 0.241595 0.644086 0.663748 1.54943
795000 0.239034 0.667698 0.668705 1.57544
796000 0.233114 0.650321 0.653984 1.53742
797000 0.242329 0.663279 0.665798 1.57141
798000 0.232677 0.660641 0.675907 1.56923
799000 0.233005 0.651238 0.666095 1.55034
800000 0.252944 0.665194 0.680736 1.59887
801000 0.244165 0.643605 0.677917 1.56569
802000 0.249009 0.664936 0.662416 1.57636
803000 0.245074 0.679428 0.65809 1.58259
804000 0.246004 0.660843 0.663828 1.57067
805000 0.258936 0.684683 0.687629 1.63125
806000 0.260163 0.711666 0.682532 1.65436
807000 0.274499 0.692064 0.688491 1.65505
808000 0.243678 0.690286 0.685262 1.61923
809000 0.276355 0.700733 0.686531 1.66362
810000 0.244717 0.708719 0.689902 1.64334
811000 0.246899 0.698576 0.680109 1.62558
812000 0.252266 0.71275 0.69434 1.65936
813000 0.25518 0.715715 0.680582 1.65148
814000 0.280983 0.711668 0.678852 1.6715
815000 0.262198 0.692916 0.687903 1.64302
816000 0.247987 0.677785 0.682862 1.60863
817000 0.277123 0.689467 0.712719 1.67931
818000 0.255469 0.702335 0.681543 1.63935
819000 0.258307 0.685557 0.668286 1.61215
820000 0.256404 0.715327 0.697707 1.66944
821000 0.262058 0.694474 0.677197 1.63373
822000 0.249109 0.686659 0.697785 1.63355
823000 0.255887 0.699409 0.673733 1.62903
824000 0.256463 0.704747 0.691353 1.65256
825000 0.264947 0.705333 0.706143 1.67642
826000 0.248671 0.679663 0.679467 1.6078
827000 0.259557 0.717215 0.677557 1.65433
828000 0.250001 0.697701 0.700581 1.64828
829000 0.269058 0.699096 0.678039 1.64619
830000 0.25216 0.700568 0.696523 1.64925
831000 0.267297 0.697715 0.71426 1.67927
832000 0.24905 0.713529 0.709222 1.6718
833000 0.258265 0.731391 0.7027 1.69236
834000 0.27088 0.715794 0.697278 1.68395
835000 0.253704 0.712933 0.69086 1.6575
836000 0.263681 0.703628 0.69794 1.66525
837000 0.258182 0.727971 0.698157 1.68431
838000 0.279385 0.703945 0.688056 1.67139
839000 0.271251 0.712841 0.695509 1.6796
840000 0.274363 0.711456 0.696049 1.68187
841000 0.275032 0.72024 0.717549 1.71282
842000 0.256035 0.721093 0.705533 1.68266
843000 0.285679 0.713858 0.703395 1.70293
844000 0.252961 0.741614 0.72497 1.71954
845000 0.267448 0.701992 0.700139 1.66958
846000 0.264111 0.709699 0.694301 1.66811
847000 0.263084 0.733902 0.683661 1.68065
848000 0.256774 0.737732 0.691099 1.68561
849000 0.259837 0.738811 0.722743 1.72139
850000 0.269397 0.704077 0.731808 1.70528
851000 0.270241 0.721369 0.711599 1.70321
852000 0.275679 0.732526 0.708766 1.71697
853000 0.258589 0.731186 0.733442 1.72322
854000 0.273 0.74508 0.72935 1.74743
855000 0.256543 0.739988 0.705442 1.70197
856000 0.276825 0.724374 0.699076 1.70027
857000 0.257174 0.716537 0.729541 1.70325
858000 0.28498 0.713545 0.720353 1.71888
859000 0.249516 0.733836 0.732944 1.7163
860000 0.252022 0.70754 0.747585 1.70715
861000 0.273413 0.726486 0.722922 1.72282
862000 0.269926 0.739319 0.713906 1.72315
863000 0.278977 0.739049 0.722689 1.74071
864000 0.249123 0.721616 0.724903 1.69564
865000 0.27176 0.720442 0.734694 1.7269
866000 0.266335 0.741282 0.714031 1.72165
867000 0.261737 0.731953 0.729675 1.72336
868000 0.284156 0.738124 0.716701 1.73898
869000 0.279245 0.739322 0.739756 1.75832
870000 0.278538 0.73551 0.742826 1.75687
871000 0.274178 0.764248 0.748398 1.78682
872000 0.273128 0.725454 0.736834 1.73542
873000 0.292184 0.772657 0.741662 1.8065
874000 0.263965 0.725522 0.758618 1.7481
875000 0.278047 0.732477 0.742648 1.75317
876000 0.267811 0.736685 0.742997 1.74749
877000 0.273325 0.741308 0.748162 1.7628
878000 0.276376 0.758124 0.736108 1.77061
879000 0.274322 0.758436 0.748157 1.78092
880000 0.283757 0.738247 0.766673 1.78868
881000 0.270947 0.748014 0.763772 1.78273
882000 0.263697 0.777282 0.760389 1.80137
883000 0.278823 0.770046 0.744589 1.79346
884000 0.265772 0.747806 0.763191 1.77677
885000 0.278041 0.750443 0.754814 1.7833
886000 0.264167 0.74473 0.778463 1.78736
887000 0.275768 0.736596 0.744219 1.75658
888000 0.280327 0.76419 0.772435 1.81695
889000 0.267884 0.739071 0.742109 1.74906
890000 0.261374 0.741633 0.758787 1.76179
891000 0.270504 0.770043 0.768738 1.80929
892000 0.276525 0.746602 0.753056 1.77618
893000 0.268718 0.761916 0.769016 1.79965
894000 0.268086 0.748112 0.769079 1.78528
895000 0.285146 0.774173 0.764635 1.82395
896000 0.284562 0.763489 0.745713 1.79376
897000 0.264138 0.771896 0.757909 1.79394
898000 0.319199 0.776093 0.777877 1.87317
899000 0.287021 0.778839 0.789892 1.85575
900000 0.304011 0.769175 0.770479 1.84367
901000 0.280364 0.775744 0.766762 1.82287
902000 0.280852 0.793471 0.78904 1.86336
903000 0.291777 0.773562 0.782862 1.8482
904000 0.280725 0.785775 0.800565 1.86706
905000 0.306126 0.793516 0.797758 1.8974
906000 0.302039 0.791255 0.782528 1.87582
907000 0.31256 0.788796 0.792087 1.89344
908000 0.270019 0.783549 0.786066 1.83963
909000 0.281991 0.787051 0.777655 1.8467
910000 0.32045 0.78985 0.778083 1.88838
911000 0.275297 0.785017 0.778841 1.83916
912000 0.286057 0.798286 0.796242 1.88059
913000 0.281975 0.786819 0.792746 1.86154
914000 0.277029 0.795272 0.790481 1.86278
915000 0.279704 0.802393 0.792422 1.87452
916000 0.276244 0.782941 0.789696 1.84888
917000 0.275706 0.777603 0.820186 1.8735
918000 0.269335 0.777079 0.798448 1.84486
919000 0.282774 0.781759 0.81917 1.8837
920000 0.286582 0.787271 0.798535 1.87239
921000 0.282567 0.78501 0.808327 1.8759
922000 0.282702 0.785016 0.812148 1.87987
923000 0.289294 0.802851 0.810409 1.90255
924000 0.295658 0.77689 0.786957 1.8595
925000 0.284308 0.793343 0.794842 1.87249
926000 0.30585 0.787369 0.794981 1.8882
927000 0.285505 0.779331 0.822492 1.88733
928000 0.299455 0.78452 0.817057 1.90103
929000 0.277854 0.789287 0.805812 1.87295
930000 0.28144 0.782576 0.814957 1.87897
931000 0.302413 0.802456 0.800469 1.90534
932000 0.29454 0.818326 0.821484 1.93435
933000 0.313045 0.805685 0.826789 1.94552
934000 0.287642 0.804346 0.801192 1.89318
935000 0.30204 0.811399 0.831494 1.94493
936000 0.299916 0.823623 0.800875 1.92441
937000 0.276313 0.808061 0.824683 1.90906
938000 0.297743 0.794361 0.812455 1.90456
939000 0.300857 0.819092 0.813979 1.93393
940000 0.310077 0.797236 0.810242 1.91755
941000 0.29784 0.812995 0.80785 1.91869
942000 0.297092 0.82377 0.81568 1.93654
943000 0.300872 0.816568 0.818415 1.93586
944000 0.296369 0.821274 0.817273 1.93492
945000 0.317161 0.829967 0.799347 1.94648
946000 0.296364 0.814198 0.79533 1.90589
947000 0.288661 0.796998 0.812141 1.8978
948000 0.325502 0.805463 0.817451 1.94842
949000 0.304555 0.819255 0.814375 1.93818
950000 0.346732 0.79156 0.801809 1.9401
951000 0.301485 0.839121 0.831982 1.97259
952000 0.306562 0.825073 0.844557 1.97619
953000 0.296271 0.82297 0.818252 1.93749
954000 0.300124 0.817642 0.822113 1.93988
955000 0.302806 0.824914 0.832112 1.95983
956000 0.300231 0.843035 0.818937 1.9622
957000 0.303969 0.823443 0.872783 2.0002
958000 0.295164 0.81489 0.83145 1.9415
959000 0.302501 0.828208 0.833929 1.96464
960000 0.304841 0.843786 0.82546 1.97409
961000 0.326134 0.809813 0.817805 1.95375
962000 0.31205 0.823472 0.831103 1.96662
963000 0.306721 0.82423 0.819332 1.95028
964000 0.304739 0.823736 0.844145 1.97262
965000 0.314445 0.837269 0.811003 1.96272
966000 0.313448 0.810526 0.814983 1.93896
967000 0.297544 0.823732 0.83053 1.95181
968000 0.304287 0.846761 0.819115 1.97016
969000 0.295779 0.844675 0.821616 1.96207
970000 0.318269 0.843747 0.852498 2.01451
971000 0.303967 0.818903 0.841391 1.96426
972000 0.314696 0.864242 0.8485 2.02744
973000 0.300993 0.839045 0.854198 1.99424
974000 0.308912 0.835661 0.862898 2.00747
975000 0.314678 0.834271 0.840674 1.98962
976000 0.324879 0.864071 0.851006 2.03996
977000 0.306472 0.838263 0.865274 2.01001
978000 0.302361 0.862177 0.86429 2.02883
979000 0.312245 0.84581 0.872053 2.03011
980000 0.320646 0.869576 0.855119 2.04534
981000 0.288169 0.856975 0.846776 1.99192
982000 0.303105 0.846214 0.856206 2.00552
983000 0.302095 0.851885 0.845578 1.99956
984000 0.304106 0.871579 0.852489 2.02817
985000 0.32247 0.871887 0.879622 2.07398
986000 0.304764 0.842723 0.880968 2.02845
987000 0.308778 0.839252 0.834128 1.98216
988000 0.297501 0.882913 0.864476 2.04489
989000 0.314897 0.877964 0.878103 2.07096
990000 0.319296 0.902065 0.886148 2.10751
991000 0.308641 0.873764 0.888814 2.07122
992000 0.308245 0.894658 0.858267 2.06117
993000 0.312436 0.885308 0.892509 2.09025
994000 0.311771 0.912064 0.926359 2.15019
995000 0.301481 0.887903 0.866824 2.05621
996000 0.318335 0.900286 0.90932 2.12794
997000 0.31442 0.890819 0.882121 2.08736
998000 0.305135 0.899785 0.881786 2.08671
999000 0.297706 0.891463 0.880948 2.07012
1000000 0.306272 0.923692 0.887341 2.11731
1001000 0.30731 0.903755 0.896769 2.10783
1002000 0.328255 0.906105 0.874735 2.10909
1003000 0.314592 0.901021 0.892658 2.10827
1004000 0.330138 0.91185 0.909354 2.15134
1005000 0.328515 0.922597 0.880843 2.13195
1006000 0.323012 0.921407 0.90073 2.14515
1007000 0.330455 0.924082 0.870023 2.12456
1008000 0.331449 0.906244 0.862902 2.10059
1009000 0.331236 0.91039 0.90795 2.14958
1010000 0.321537 0.911849 0.891194 2.12458
1011000 0.335648 0.917401 0.946859 2.19991
1012000 0.316486 0.911343 0.888553 2.11638
1013000 0.325212 0.922671 0.90093 2.14881
1014000 0.335605 0.909511 0.874317 2.11943
1015000 0.325294 0.929555 0.909797 2.16465
1016000 0.310389 0.930154 0.94624 2.18678
1017000 0.322203 0.922511 0.914645 2.15936
1018000 0.322606 0.938777 0.891418 2.1528
1019000 0.33131 0.902565 0.886318 2.12019
1020000 0.343057 0.940224 0.894331 2.17761
1021000 0.310281 0.930745 0.902861 2.14389
1022000 0.328646 0.921404 0.914297 2.16435
1023000 0.322912 0.943927 0.925275 2.19212
1024000 0.329198 0.915487 0.889142 2.13383
1025000 0.316847 0.916015 0.908585 2.14145
1026000 0.315856 0.93204 0.945802 2.1937
1027000 0.360616 0.91357 0.901311 2.1755
1028000 0.326018 0.914587 0.927991 2.1686
1029000 0.348295 0.920914 0.873823 2.14303
1030000 0.315571 0.939297 0.908253 2.16312
