# Time-averaged data for fix 1
# TimeStep c_msd_all[1] c_msd_all[2] c_msd_all[3] c_msd_all[4]
31000 0.0726381 0.0699021 0.0582695 0.20081
32000 0.0706273 0.0758338 0.0671718 0.213633
33000 0.0599656 0.0711434 0.0653318 0.196441
34000 0.0595193 0.083009 0.0713473 0.213876
35000 0.0680929 0.0763204 0.0736684 0.218082
36000 0.082619 0.0786558 0.0715043 0.232779
37000 0.0793083 0.0747221 0.0727549 0.226785
38000 0.0791547 0.0782726 0.0656536 0.223081
39000 0.0775129 0.0995429 0.0698407 0.246896
40000 0.0660168 0.0824208 0.0757431 0.224181
41000 0.0707903 0.0867496 0.085815 0.243355
42000 0.0767804 0.0842835 0.10115 0.262214
43000 0.0741689 0.081654 0.0738774 0.2297
44000 0.0656024 0.0876772 0.0754477 0.228727
45000 0.0716157 0.0891833 0.0901911 0.25099
46000 0.0644245 0.0969487 0.0839716 0.245345
47000 0.0599312 0.0851567 0.0889372 0.234025
48000 0.0713081 0.091675 0.0881995 0.251183
49000 0.0710549 0.0873555 0.0775542 0.235965
50000 0.0819468 0.0841139 0.0840576 0.250118
51000 0.0712072 0.0943764 0.0850488 0.250632
52000 0.0784289 0.0952945 0.100411 0.274134
53000 0.0777465 0.103198 0.0982192 0.279164
54000 0.0657363 0.101818 0.0919424 0.259497
55000 0.0677304 0.104275 0.0958987 0.267904
56000 0.0696764 0.121315 0.103144 0.294135
57000 0.0740382 0.129492 0.111256 0.314786
58000 0.0642995 0.12656 0.0970574 0.287917
59000 0.0699708 0.117624 0.0910744 0.27867
60000 0.0671746 0.125569 0.0961864 0.28893
61000 0.0738917 0.11009 0.095816 0.279797
62000 0.0688582 0.112332 0.100021 0.281212
63000 0.058696 0.123366 0.108285 0.290347
64000 0.0691692 0.110237 0.0989867 0.278392
65000 0.0650429 0.110026 0.111477 0.286547
66000 0.0702881 0.11481 0.118931 0.304029
67000 0.0714491 0.111596 0.106804 0.289849
68000 0.0631743 0.115175 0.11303 0.291379
69000 0.0641727 0.104723 0.10525 0.274146
70000 0.0702878 0.111049 0.117564 0.298901
71000 0.0657263 0.108088 0.125746 0.29956
72000 0.0853288 0.122078 0.128379 0.335785
73000 0.077145 0.117022 0.106092 0.30026
74000 0.0708095 0.115585 0.113555 0.29995
75000 0.0685689 0.116309 0.12818 0.313058
76000 0.0733101 0.113644 0.11851 0.305465
77000 0.0752417 0.115968 0.118564 0.309774
78000 0.0753779 0.123532 0.118214 0.317124
79000 0.0797647 0.126025 0.111776 0.317565
80000 0.0825151 0.123396 0.11466 0.320571
81000 0.101633 0.143847 0.115866 0.361346
82000 0.086036 0.140395 0.125026 0.351457
83000 0.0708381 0.141701 0.130983 0.343523
84000 0.0724652 0.149635 0.143051 0.365151
85000 0.0791611 0.152322 0.123631 0.355114
86000 0.0732715 0.145525 0.116001 0.334798
87000 0.080967 0.154293 0.129777 0.365037
88000 0.0831032 0.146501 0.119625 0.349229
89000 0.0825976 0.140273 0.124437 0.347308
90000 0.0781837 0.144391 0.123052 0.345627
91000 0.0691162 0.137484 0.135119 0.341719
92000 0.0852307 0.134154 0.121074 0.340459
93000 0.0808326 0.147859 0.129388 0.358079
94000 0.0832299 0.157745 0.133013 0.373988
95000 0.0732385 0.157796 0.139938 0.370972
96000 0.0771677 0.165043 0.129263 0.371474
97000 0.0696138 0.164206 0.136523 0.370343
98000 0.0846969 0.158674 0.13293 0.376302
99000 0.074732 0.162194 0.136237 0.373164
100000 0.0731758 0.179569 0.132924 0.385669
101000 0.0794841 0.165763 0.128815 0.374062
102000 0.0678329 0.148684 0.135016 0.351533
103000 0.068723 0.156722 0.137891 0.363336
104000 0.0833847 0.151548 0.126728 0.361661
105000 0.0880633 0.144272 0.127409 0.359744
106000 0.0893266 0.166792 0.130242 0.38636
107000 0.0730835 0.157468 0.129956 0.360507
108000 0.0760945 0.149362 0.144545 0.370002
109000 0.0902192 0.167296 0.140543 0.398058
110000 0.089576 0.180925 0.149325 0.419827
111000 0.0871764 0.163735 0.13445 0.385361
112000 0.0773726 0.176104 0.131668 0.385145
113000 0.0749872 0.201464 0.141989 0.418439
114000 0.0718851 0.187905 0.151806 0.411596
115000 0.0819073 0.198613 0.164008 0.444528
116000 0.0824445 0.198005 0.144419 0.424869
117000 0.086399 0.201882 0.154754 0.443035
118000 0.0833067 0.191743 0.141678 0.416728
119000 0.0759782 0.181781 0.155267 0.413026
120000 0.0876783 0.1954 0.174923 0.458002
121000 0.0796239 0.198311 0.172201 0.450136
122000 0.0829959 0.205013 0.166923 0.454932
123000 0.07768 0.19012 0.1518 0.4196
124000 0.0781052 0.212762 0.162423 0.453291
125000 0.0751223 0.215305 0.155853 0.446281
126000 0.0802343 0.194239 0.153336 0.42781
127000 0.0772796 0.198954 0.157812 0.434045
128000 0.0790454 0.203326 0.156945 0.439317
129000 0.0875113 0.227093 0.158525 0.473129
130000 0.0781185 0.217437 0.171006 0.466562
131000 0.076362 0.187213 0.153444 0.41702
132000 0.084384 0.198312 0.160603 0.4433
133000 0.0889376 0.21581 0.151672 0.456419
134000 0.0835566 0.21381 0.166074 0.46344
135000 0.0798306 0.215959 0.163211 0.459001
136000 0.0816229 0.194531 0.161551 0.437705
137000 0.0836326 0.20547 0.173786 0.462889
138000 0.0907585 0.199608 0.170713 0.461079
139000 0.0832075 0.19733 0.172235 0.452772
140000 0.0803492 0.214756 0.164679 0.459784
141000 0.0814645 0.220504 0.167241 0.46921
142000 0.0786401 0.224444 0.179797 0.482882
143000 0.0830842 0.202125 0.167431 0.45264
144000 0.0779548 0.217859 0.169767 0.46558
145000 0.0864114 0.222566 0.173553 0.482529
146000 0.0894401 0.209459 0.173533 0.472432
147000 0.0751216 0.215 0.174216 0.464338
148000 0.0816975 0.212573 0.17332 0.46759
149000 0.088062 0.242063 0.182977 0.513102
150000 0.0843043 0.213522 0.17343 0.471256
151000 0.0784873 0.217701 0.176927 0.473115
152000 0.085704 0.224888 0.174436 0.485028
153000 0.0886077 0.251226 0.185135 0.524969
154000 0.0861894 0.235972 0.179037 0.501199
155000 0.0830007 0.229999 0.174997 0.487996
156000 0.0849824 0.229674 0.192671 0.507327
157000 0.0915032 0.237347 0.181004 0.509854
158000 0.0874321 0.237087 0.18231 0.506829
159000 0.0813389 0.234156 0.167888 0.483382
160000 0.082414 0.234866 0.186724 0.504004
161000 0.085897 0.245497 0.189107 0.520501
162000 0.0902312 0.238427 0.179213 0.507871
163000 0.0816903 0.235656 0.191371 0.508718
164000 0.0837286 0.243805 0.177675 0.505209
165000 0.08048 0.258989 0.183238 0.522707
166000 0.0902641 0.254266 0.18841 0.532941
167000 0.0858136 0.239835 0.189375 0.515024
168000 0.0978022 0.240957 0.202707 0.541466
169000 0.092959 0.258342 0.184196 0.535498
170000 0.0876727 0.267527 0.193575 0.548775
171000 0.0921016 0.25488 0.189331 0.536312
172000 0.0877523 0.235992 0.182653 0.506397
173000 0.0852324 0.228612 0.189237 0.503081
174000 0.0879063 0.240339 0.189627 0.517872
175000 0.0965142 0.270469 0.184433 0.551416
176000 0.089889 0.250117 0.180946 0.520952
177000 0.0999687 0.250713 0.19199 0.542671
178000 0.0822179 0.242903 0.190081 0.515202
179000 0.0845215 0.248877 0.188574 0.521972
180000 0.0825368 0.245414 0.197835 0.525785
181000 0.0872425 0.251589 0.186039 0.52487
182000 0.0942613 0.251875 0.199199 0.545336
183000 0.0947623 0.244101 0.211689 0.550552
184000 0.0872629 0.243515 0.194376 0.525153
185000 0.0968883 0.249007 0.19624 0.542135
186000 0.0917183 0.258653 0.190161 0.540532
187000 0.0939642 0.267156 0.204042 0.565162
188000 0.0900724 0.274933 0.203657 0.568662
189000 0.088402 0.247101 0.206707 0.54221
190000 0.104692 0.26328 0.205654 0.573626
191000 0.0944304 0.251759 0.209372 0.555562
192000 0.0911358 0.243916 0.215345 0.550397
193000 0.0945907 0.251245 0.207612 0.553447
194000 0.0897804 0.262878 0.211818 0.564477
195000 0.101113 0.256815 0.219318 0.577246
196000 0.100638 0.251857 0.22126 0.573755
197000 0.101876 0.250554 0.204952 0.557383
198000 0.0900205 0.253378 0.215016 0.558414
199000 0.0906941 0.276314 0.202972 0.56998
200000 0.0969668 0.276583 0.216431 0.589981
201000 0.0848639 0.262976 0.235321 0.583161
202000 0.0872133 0.247426 0.231486 0.566125
203000 0.0879673 0.260989 0.239547 0.588503
204000 0.0854143 0.27801 0.225163 0.588587
205000 0.0918158 0.272977 0.239178 0.603972
206000 0.090462 0.264799 0.243566 0.598827
207000 0.103367 0.261258 0.242302 0.606926
208000 0.094099 0.269406 0.2418 0.605305
209000 0.0884594 0.279125 0.243359 0.610944
210000 0.0828807 0.26741 0.243294 0.593585
211000 0.0834144 0.30134 0.254148 0.638903
212000 0.0925713 0.268574 0.262294 0.62344
213000 0.0888907 0.277398 0.249243 0.615532
214000 0.0898957 0.262819 0.237239 0.589954
215000 0.090561 0.279345 0.245313 0.61522
216000 0.0891814 0.27679 0.249735 0.615706
217000 0.0918844 0.292722 0.249843 0.63445
218000 0.0876655 0.279041 0.260047 0.626753
219000 0.101812 0.273925 0.253282 0.629019
220000 0.100189 0.280082 0.24804 0.62831
221000 0.088155 0.272688 0.264037 0.624881
222000 0.0899591 0.267975 0.252362 0.610296
223000 0.0861093 0.286578 0.271926 0.644613
224000 0.0937468 0.295592 0.238528 0.627867
225000 0.0891038 0.287851 0.24603 0.622985
226000 0.0912285 0.299644 0.243986 0.634858
227000 0.0815398 0.294624 0.250606 0.62677
228000 0.0888562 0.293397 0.254291 0.636543
229000 0.0885317 0.304168 0.258801 0.651501
230000 0.0842635 0.273124 0.251093 0.60848
231000 0.0903365 0.294683 0.268134 0.653153
232000 0.0878192 0.279647 0.266721 0.634188
233000 0.105216 0.277969 0.256129 0.639314
234000 0.104278 0.294733 0.267069 0.66608
235000 0.0951035 0.308256 0.255653 0.659013
236000 0.0950938 0.286042 0.256655 0.637791
237000 0.10082 0.289632 0.254199 0.644651
238000 0.116963 0.303264 0.258713 0.678941
239000 0.096073 0.289925 0.255455 0.641453
240000 0.0945343 0.295008 0.250119 0.639661
241000 0.0937108 0.297229 0.269663 0.660603
242000 0.109246 0.281368 0.254738 0.645353
243000 0.116549 0.299963 0.27133 0.687842
244000 0.0906939 0.279324 0.274501 0.644519
245000 0.0958244 0.291373 0.269044 0.656242
246000 0.10207 0.300334 0.277908 0.680313
247000 0.0972884 0.293105 0.284468 0.674861
248000 0.0996613 0.290282 0.294459 0.684402
249000 0.0948023 0.291415 0.280996 0.667214
250000 0.0940873 0.30556 0.275163 0.67481
251000 0.0971336 0.306522 0.294352 0.698008
252000 0.0877745 0.312228 0.268331 0.668334
253000 0.0923448 0.294001 0.28103 0.667375
254000 0.0910532 0.291586 0.272459 0.655098
255000 0.09536 0.301695 0.275936 0.672991
256000 0.0945518 0.29224 0.300325 0.687116
257000 0.0926801 0.326303 0.295813 0.714797
258000 0.0998585 0.312055 0.299976 0.71189
259000 0.0953439 0.313047 0.278763 0.687155
260000 0.0937811 0.313012 0.285495 0.692287
261000 0.0993934 0.297269 0.289261 0.685923
262000 0.0972076 0.330099 0.289029 0.716336
263000 0.108135 0.321287 0.297672 0.727095
264000 0.0937649 0.318768 0.286201 0.698734
265000 0.0987171 0.306687 0.276714 0.682118
266000 0.106441 0.315536 0.28765 0.709627
267000 0.099828 0.342159 0.290241 0.732229
268000 0.106984 0.302986 0.301362 0.711331
269000 0.0962308 0.315342 0.274353 0.685926
270000 0.0958109 0.319251 0.29698 0.712042
271000 0.0970327 0.30906 0.2982 0.704293
272000 0.0883535 0.32531 0.298144 0.711808
273000 0.0996784 0.333451 0.305545 0.738674
274000 0.0948197 0.326281 0.289306 0.710407
275000 0.100018 0.321854 0.29014 0.712012
276000 0.0943706 0.326453 0.296596 0.717419
277000 0.08064 0.341393 0.288214 0.710247
278000 0.0939222 0.3294 0.300666 0.723989
279000 0.101716 0.354121 0.286908 0.742745
280000 0.104472 0.330445 0.300221 0.735138
281000 0.0946099 0.320129 0.294387 0.709126
282000 0.0931764 0.345663 0.287691 0.726531
283000 0.0994809 0.351915 0.299984 0.75138
284000 0.095561 0.355675 0.295974 0.74721
285000 0.0987557 0.324153 0.296662 0.71957
286000 0.103641 0.34848 0.303014 0.755135
287000 0.0994642 0.341766 0.308154 0.749385
288000 0.107585 0.332855 0.315176 0.755617
289000 0.110522 0.350585 0.312258 0.773366
290000 0.114812 0.338243 0.30568 0.758735
291000 0.105361 0.351526 0.321419 0.778306
292000 0.096956 0.364765 0.316495 0.778216
293000 0.0952946 0.340549 0.328941 0.764785
294000 0.119356 0.327698 0.324195 0.771248
295000 0.112759 0.337616 0.309004 0.759379
296000 0.106035 0.340424 0.311943 0.758402
297000 0.0960636 0.33228 0.319381 0.747724
298000 0.10172 0.348446 0.331171 0.781337
299000 0.101841 0.355466 0.330645 0.787952
300000 0.097126 0.340023 0.320706 0.757855
301000 0.104165 0.3637 0.323732 0.791597
302000 0.0985833 0.357586 0.326991 0.78316
303000 0.105273 0.344545 0.359222 0.809041
304000 0.108247 0.369999 0.336128 0.814374
305000 0.111091 0.362549 0.341048 0.814688
306000 0.0990791 0.371715 0.349554 0.820348
307000 0.10502 0.355705 0.345052 0.805777
308000 0.12395 0.350506 0.359938 0.834394
309000 0.12316 0.37345 0.348528 0.845138
310000 0.104276 0.362861 0.34361 0.810746
311000 0.0954574 0.362327 0.345341 0.803126
312000 0.109937 0.353208 0.349724 0.81287
313000 0.106746 0.35369 0.372693 0.83313
314000 0.107544 0.352048 0.362477 0.822069
315000 0.104757 0.380662 0.355251 0.84067
316000 0.101359 0.363086 0.353126 0.817572
317000 0.116227 0.359094 0.368105 0.843426
318000 0.113289 0.376923 0.390911 0.881123
319000 0.117821 0.396084 0.350339 0.864244
320000 0.115229 0.389204 0.343878 0.848311
321000 0.113778 0.377758 0.348093 0.839628
322000 0.11872 0.360742 0.361947 0.84141
323000 0.105945 0.35266 0.373367 0.831972
324000 0.109775 0.403771 0.356495 0.87004
325000 0.119227 0.379421 0.353875 0.852523
326000 0.124224 0.368221 0.35648 0.848926
327000 0.103925 0.360659 0.36173 0.826315
328000 0.11028 0.371152 0.36543 0.846862
329000 0.106209 0.396204 0.353751 0.856164
330000 0.102951 0.384058 0.351609 0.838619
331000 0.113373 0.369156 0.351539 0.834069
332000 0.108527 0.36494 0.353789 0.827256
333000 0.116261 0.37981 0.36115 0.857221
334000 0.117254 0.361934 0.34622 0.825408
335000 0.113433 0.374217 0.354461 0.842111
336000 0.118904 0.383343 0.339781 0.842029
337000 0.106099 0.368433 0.345556 0.820089
338000 0.124657 0.382318 0.348703 0.855677
339000 0.113486 0.36971 0.359669 0.842865
340000 0.110897 0.379203 0.355027 0.845127
341000 0.128404 0.385662 0.359368 0.873434
342000 0.122461 0.373832 0.349251 0.845544
343000 0.110145 0.376251 0.359641 0.846038
344000 0.124992 0.388788 0.356929 0.870709
345000 0.125597 0.388661 0.36114 0.875398
346000 0.125589 0.372774 0.348375 0.846737
347000 0.123655 0.388311 0.36765 0.879616
348000 0.118522 0.375966 0.359607 0.854095
349000 0.109967 0.388698 0.367239 0.865904
350000 0.109731 0.382212 0.386757 0.878699
351000 0.106551 0.391837 0.376155 0.874543
352000 0.116398 0.385996 0.388664 0.891058
353000 0.114471 0.393059 0.361463 0.868993
354000 0.111587 0.389121 0.359966 0.860673
355000 0.109688 0.398111 0.392346 0.900146
356000 0.105378 0.393251 0.386347 0.884976
357000 0.108556 0.394567 0.390734 0.893857
358000 0.110865 0.408686 0.395198 0.914748
359000 0.120201 0.413562 0.372995 0.906758
360000 0.119947 0.395491 0.404133 0.919571
361000 0.116726 0.42762 0.395738 0.940084
362000 0.128777 0.420926 0.401287 0.95099
363000 0.14345 0.415671 0.384242 0.943364
364000 0.125323 0.424829 0.377538 0.92769
365000 0.124931 0.414957 0.421533 0.961422
366000 0.107623 0.431828 0.399463 0.938913
367000 0.130357 0.424999 0.419058 0.974414
368000 0.143874 0.434121 0.393241 0.971236
369000 0.14477 0.425705 0.395796 0.966271
370000 0.119132 0.425237 0.406537 0.950907
371000 0.11372 0.43627 0.391533 0.941523
372000 0.122472 0.417108 0.40982 0.9494
373000 0.122494 0.424787 0.397065 0.944346
374000 0.125111 0.444236 0.401759 0.971105
375000 0.125605 0.42736 0.40475 0.957715
376000 0.117548 0.428487 0.406164 0.952198
377000 0.116458 0.413396 0.408509 0.938363
378000 0.115121 0.435955 0.39746 0.948535
379000 0.112244 0.430751 0.405193 0.948188
380000 0.136989 0.444361 0.399039 0.980389
381000 0.134456 0.436706 0.390775 0.961937
382000 0.121716 0.43763 0.392043 0.951389
383000 0.114925 0.434861 0.39544 0.945226
384000 0.120918 0.425739 0.387655 0.934312
385000 0.115528 0.418687 0.405146 0.939361
386000 0.116263 0.419292 0.393098 0.928653
387000 0.133282 0.428382 0.385205 0.946869
388000 0.110149 0.418365 0.388354 0.916868
389000 0.11781 0.419761 0.387099 0.92467
390000 0.112825 0.424244 0.395709 0.932778
391000 0.112595 0.432473 0.390379 0.935447
392000 0.136144 0.44128 0.400578 0.978002
393000 0.138298 0.452478 0.382686 0.973462
394000 0.119449 0.432504 0.392459 0.944412
395000 0.124986 0.42758 0.395808 0.948373
396000 0.122362 0.446876 0.394563 0.963801
397000 0.132871 0.464152 0.385254 0.982277
398000 0.124865 0.447469 0.390418 0.962753
399000 0.134364 0.447696 0.387751 0.969811
400000 0.140033 0.458176 0.382079 0.980288
401000 0.132207 0.438624 0.379319 0.95015
402000 0.123972 0.45535 0.385011 0.964333
403000 0.122266 0.459099 0.381029 0.962394
404000 0.144446 0.456735 0.397153 0.998334
405000 0.127621 0.446969 0.392734 0.967325
406000 0.144295 0.465145 0.397407 1.00685
407000 0.122198 0.442253 0.383591 0.948042
408000 0.119231 0.444876 0.370625 0.934732
409000 0.12731 0.430328 0.377905 0.935543
410000 0.133054 0.451009 0.391191 0.975254
411000 0.129178 0.447069 0.391668 0.967915
412000 0.133528 0.452525 0.390533 0.976586
413000 0.124601 0.459055 0.390872 0.974528
414000 0.145011 0.448241 0.403907 0.997159
415000 0.140772 0.451589 0.397002 0.989364
416000 0.136864 0.450544 0.39638 0.983787
417000 0.145399 0.44115 0.408325 0.994874
418000 0.121855 0.465526 0.393529 0.98091
419000 0.128292 0.436601 0.3919 0.956794
420000 0.137431 0.447877 0.398758 0.984065
421000 0.147589 0.433513 0.404847 0.98595
422000 0.147627 0.456811 0.406823 1.01126
423000 0.129617 0.443442 0.40316 0.976219
424000 0.120713 0.450025 0.404205 0.974943
425000 0.127306 0.466485 0.387691 0.981482
426000 0.129841 0.446079 0.384695 0.960615
427000 0.139385 0.442009 0.395682 0.977076
428000 0.124257 0.461748 0.392506 0.97851
429000 0.131773 0.470764 0.41912 1.02166
430000 0.130704 0.455167 0.391496 0.977367
431000 0.134287 0.43055 0.385619 0.950456
432000 0.138906 0.443035 0.417503 0.999444
433000 0.127325 0.466068 0.4107 1.00409
434000 0.141013 0.455366 0.405075 1.00145
435000 0.134158 0.444228 0.408366 0.986752
436000 0.127396 0.455156 0.403876 0.986428
437000 0.144578 0.454884 0.41355 1.01301
438000 0.124873 0.454769 0.419341 0.998982
439000 0.125577 0.443877 0.413576 0.983031
440000 0.136141 0.43428 0.419295 0.989716
441000 0.129146 0.463846 0.415251 1.00824
442000 0.137829 0.446503 0.423373 1.00771
443000 0.135009 0.461798 0.426143 1.02295
444000 0.137718 0.446959 0.427254 1.01193
445000 0.132737 0.451415 0.427919 1.01207
446000 0.135877 0.449046 0.420681 1.0056
447000 0.132529 0.472885 0.42295 1.02836
448000 0.133801 0.460328 0.430186 1.02431
449000 0.136488 0.446202 0.426416 1.00911
450000 0.134201 0.454169 0.424907 1.01328
451000 0.137275 0.456938 0.416564 1.01078
452000 0.16465 0.446122 0.43556 1.04633
453000 0.136072 0.484295 0.417413 1.03778
454000 0.14985 0.462215 0.426309 1.03837
455000 0.134567 0.462448 0.432802 1.02982
456000 0.136684 0.477877 0.435756 1.05032
457000 0.141768 0.454203 0.428833 1.0248
458000 0.150647 0.493624 0.443057 1.08733
459000 0.149357 0.469798 0.44294 1.06209
460000 0.137809 0.466762 0.446923 1.05149
461000 0.134782 0.450992 0.457307 1.04308
462000 0.139042 0.456375 0.452871 1.04829
463000 0.139375 0.45122 0.448175 1.03877
464000 0.141479 0.453521 0.44289 1.03789
465000 0.140626 0.450849 0.442711 1.03419
466000 0.149281 0.466392 0.481757 1.09743
467000 0.15157 0.45588 0.470158 1.07761
468000 0.14363 0.502853 0.464581 1.11106
469000 0.140533 0.479612 0.459117 1.07926
470000 0.140672 0.499037 0.454816 1.09453
471000 0.147554 0.465937 0.491524 1.10501
472000 0.141992 0.465651 0.461433 1.06908
473000 0.14954 0.508362 0.479369 1.13727
474000 0.158141 0.47819 0.482579 1.11891
475000 0.153739 0.483273 0.466782 1.10379
476000 0.136616 0.47007 0.447442 1.05413
477000 0.139898 0.460607 0.466405 1.06691
478000 0.14237 0.472078 0.473204 1.08765
479000 0.165552 0.485455 0.473458 1.12447
480000 0.140088 0.514366 0.460848 1.1153
481000 0.158147 0.51411 0.481864 1.15412
482000 0.143611 0.504905 0.463056 1.11157
483000 0.146188 0.483888 0.469286 1.09936
484000 0.153955 0.482691 0.463776 1.10042
485000 0.143492 0.498962 0.461868 1.10432
486000 0.156287 0.484108 0.478629 1.11902
487000 0.169885 0.47971 0.457283 1.10688
488000 0.147292 0.503115 0.474336 1.12474
489000 0.157732 0.481122 0.458223 1.09708
490000 0.139456 0.478602 0.466096 1.08415
491000 0.151081 0.486367 0.484766 1.12221
492000 0.150055 0.488511 0.501108 1.13967
493000 0.144442 0.472282 0.473657 1.09038
494000 0.157484 0.494886 0.474512 1.12688
495000 0.146318 0.501466 0.480231 1.12801
496000 0.145781 0.478667 0.475099 1.09955
497000 0.15024 0.476898 0.461419 1.08856
498000 0.14582 0.491469 0.478428 1.11572
499000 0.154503 0.503773 0.493498 1.15177
500000 0.14198 0.510018 0.49014 1.14214
501000 0.151478 0.495934 0.503444 1.15086
502000 0.142765 0.493952 0.478837 1.11555
503000 0.14492 0.498628 0.485468 1.12902
504000 0.154019 0.51247 0.496161 1.16265
505000 0.160459 0.503698 0.500521 1.16468
506000 0.157983 0.50222 0.513989 1.17419
507000 0.147047 0.513699 0.492643 1.15339
508000 0.171295 0.53471 0.502959 1.20896
509000 0.146316 0.510179 0.492797 1.14929
510000 0.152192 0.509456 0.494172 1.15582
511000 0.158087 0.520787 0.529415 1.20829
512000 0.164542 0.534161 0.505337 1.20404
513000 0.161502 0.527569 0.523666 1.21274
514000 0.154756 0.532263 0.504915 1.19193
515000 0.158657 0.526578 0.495652 1.18089
516000 0.163345 0.525636 0.512573 1.20155
517000 0.157005 0.523787 0.513451 1.19424
518000 0.155691 0.523628 0.518081 1.1974
519000 0.159109 0.533388 0.510825 1.20332
520000 0.166624 0.503228 0.510105 1.17996
521000 0.150216 0.514608 0.519071 1.1839
522000 0.16083 0.532084 0.518213 1.21113
523000 0.15206 0.517921 0.5137 1.18368
524000 0.160841 0.512159 0.53536 1.20836
525000 0.171806 0.525289 0.515834 1.21293
526000 0.158866 0.510934 0.52538 1.19518
527000 0.171864 0.514297 0.521646 1.20781
528000 0.155818 0.520229 0.552503 1.22855
529000 0.162504 0.520689 0.516698 1.19989
530000 0.1708 0.521155 0.507039 1.19899
531000 0.15464 0.508423 0.526875 1.18994
532000 0.164744 0.504033 0.536584 1.20536
533000 0.160879 0.508285 0.576525 1.24569
534000 0.154855 0.53147 0.560638 1.24696
535000 0.166704 0.502982 0.550839 1.22053
536000 0.173724 0.492092 0.530209 1.19602
537000 0.165243 0.494516 0.540197 1.19996
538000 0.166161 0.502431 0.560683 1.22928
539000 0.159564 0.520945 0.52662 1.20713
540000 0.17911 0.523651 0.559344 1.2621
541000 0.160673 0.515608 0.538902 1.21518
542000 0.15975 0.502857 0.538726 1.20133
543000 0.174085 0.508426 0.556637 1.23915
544000 0.169759 0.515062 0.53559 1.22041
545000 0.160094 0.527403 0.544784 1.23228
546000 0.163196 0.52607 0.526922 1.21619
547000 0.175196 0.516905 0.53351 1.22561
548000 0.159341 0.498 0.551344 1.20868
549000 0.185937 0.511543 0.535491 1.23297
550000 0.175616 0.510229 0.5315 1.21734
551000 0.195262 0.498913 0.539558 1.23373
552000 0.155148 0.511063 0.539286 1.2055
553000 0.163746 0.509161 0.541292 1.2142
554000 0.16717 0.520294 0.545074 1.23254
555000 0.1645 0.492133 0.550462 1.2071
556000 0.171581 0.505981 0.531884 1.20945
557000 0.159673 0.501363 0.538909 1.19995
558000 0.164123 0.492425 0.543761 1.20031
559000 0.156967 0.505914 0.539962 1.20284
560000 0.160727 0.52382 0.548671 1.23322
561000 0.176264 0.499879 0.552511 1.22865
562000 0.167679 0.509925 0.547514 1.22512
563000 0.170249 0.510797 0.539448 1.22049
564000 0.166172 0.503448 0.518448 1.18807
565000 0.157829 0.491685 0.527725 1.17724
566000 0.16372 0.508549 0.543331 1.2156
567000 0.177106 0.53929 0.529093 1.24549
568000 0.167812 0.503175 0.543574 1.21456
569000 0.170339 0.534183 0.55398 1.2585
570000 0.174355 0.536088 0.560799 1.27124
571000 0.167358 0.529125 0.547777 1.24426
572000 0.17221 0.534814 0.533163 1.24019
573000 0.170488 0.505677 0.533785 1.20995
574000 0.18188 0.549307 0.561096 1.29228
575000 0.165279 0.530489 0.58318 1.27895
576000 0.160728 0.524075 0.546591 1.23139
577000 0.170148 0.504305 0.562736 1.23719
578000 0.16844 0.520649 0.562162 1.25125
579000 0.173862 0.546511 0.569104 1.28948
580000 0.169108 0.542655 0.579138 1.2909
581000 0.16644 0.542785 0.550483 1.25971
582000 0.168805 0.520465 0.562256 1.25153
583000 0.160044 0.536349 0.576973 1.27337
584000 0.163952 0.526282 0.558365 1.2486
585000 0.177016 0.526531 0.57132 1.27487
586000 0.158261 0.540272 0.577806 1.27634
587000 0.161257 0.555725 0.55639 1.27337
588000 0.167022 0.536061 0.567985 1.27107
589000 0.171901 0.537555 0.567053 1.27651
590000 0.175335 0.550105 0.59841 1.32385
591000 0.16421 0.554729 0.568208 1.28715
592000 0.173402 0.547978 0.553038 1.27442
593000 0.186113 0.552301 0.565824 1.30424
594000 0.180963 0.540322 0.591807 1.31309
595000 0.177086 0.523204 0.58083 1.28112
596000 0.171486 0.547568 0.588589 1.30764
597000 0.162458 0.541598 0.583003 1.28706
598000 0.167624 0.560104 0.558489 1.28622
599000 0.184827 0.559021 0.5626 1.30645
600000 0.184826 0.557806 0.612867 1.3555
601000 0.167342 0.575719 0.586124 1.32918
602000 0.172328 0.551057 0.598894 1.32228
603000 0.171081 0.554446 0.567866 1.29339
604000 0.177954 0.548935 0.573171 1.30006
605000 0.18788 0.558757 0.592672 1.33931
606000 0.179951 0.552143 0.578381 1.31047
607000 0.168193 0.56171 0.584369 1.31427
608000 0.170327 0.575677 0.563575 1.30958
609000 0.174904 0.556541 0.577852 1.3093
610000 0.171138 0.555478 0.588019 1.31464
611000 0.166787 0.556626 0.566693 1.29011
612000 0.159317 0.549857 0.565946 1.27512
613000 0.20075 0.564475 0.602541 1.36777
614000 0.178191 0.552725 0.583987 1.3149
615000 0.178221 0.555213 0.582283 1.31572
616000 0.171294 0.545103 0.584713 1.30111
617000 0.189194 0.554341 0.57072 1.31426
618000 0.204751 0.547251 0.579471 1.33147
619000 0.188851 0.568756 0.57356 1.33117
620000 0.178954 0.541485 0.570413 1.29085
621000 0.172506 0.551399 0.572351 1.29626
622000 0.168541 0.563872 0.578036 1.31045
623000 0.168369 0.571942 0.575411 1.31572
624000 0.173413 0.558553 0.571466 1.30343
625000 0.202802 0.548616 0.595457 1.34688
626000 0.192792 0.557167 0.580744 1.3307
627000 0.192874 0.578757 0.582195 1.35383
628000 0.162859 0.561069 0.584709 1.30864
629000 0.17702 0.58308 0.582662 1.34276
630000 0.192417 0.589236 0.604654 1.38631
631000 0.188779 0.583782 0.573604 1.34617
632000 0.175296 0.564057 0.584227 1.32358
633000 0.168427 0.557291 0.569592 1.29531
634000 0.165852 0.553898 0.582288 1.30204
635000 0.179091 0.590668 0.575386 1.34514
636000 0.177274 0.572237 0.587522 1.33703
637000 0.176634 0.581741 0.59845 1.35682
638000 0.179311 0.564873 0.592946 1.33713
639000 0.177224 0.571244 0.591706 1.34017
640000 0.168148 0.555671 0.582068 1.30589
641000 0.173233 0.579661 0.618604 1.3715
642000 0.176952 0.577875 0.605606 1.36043
643000 0.169628 0.566725 0.62514 1.36149
644000 0.174727 0.567245 0.603332 1.3453
645000 0.187896 0.548703 0.600487 1.33708
646000 0.179841 0.550894 0.591568 1.3223
647000 0.177659 0.559285 0.597742 1.33469
648000 0.170506 0.564525 0.601001 1.33603
649000 0.187118 0.574225 0.60322 1.36456
650000 0.169707 0.560622 0.599901 1.33023
651000 0.170774 0.577474 0.613845 1.36209
652000 0.185827 0.568729 0.621116 1.37567
653000 0.173203 0.583667 0.606608 1.36348
654000 0.181382 0.566537 0.602173 1.35009
655000 0.18035 0.587442 0.597149 1.36494
656000 0.171704 0.587923 0.606284 1.36591
657000 0.175065 0.573336 0.606831 1.35523
658000 0.168244 0.561594 0.601792 1.33163
659000 0.191079 0.576849 0.620606 1.38853
660000 0.196557 0.579744 0.602256 1.37856
661000 0.17583 0.575932 0.593595 1.34536
662000 0.170115 0.567934 0.622268 1.36032
663000 0.186284 0.593515 0.621566 1.40137
664000 0.186212 0.596345 0.636107 1.41866
665000 0.187486 0.594018 0.61492 1.39642
666000 0.18065 0.591917 0.612205 1.38477
667000 0.170992 0.590824 0.620953 1.38277
668000 0.193781 0.587459 0.629258 1.4105
669000 0.199402 0.620905 0.642405 1.46271
670000 0.202649 0.594063 0.633332 1.43004
671000 0.210109 0.583916 0.629527 1.42355
672000 0.19506 0.577458 0.628484 1.401
673000 0.175651 0.575743 0.626394 1.37779
674000 0.178887 0.587258 0.632945 1.39909
675000 0.186045 0.599533 0.616687 1.40227
676000 0.177282 0.615379 0.614807 1.40747
677000 0.172854 0.596756 0.629307 1.39892
678000 0.173691 0.597272 0.62027 1.39123
679000 0.176384 0.592823 0.627144 1.39635
680000 0.185435 0.611956 0.623122 1.42051
681000 0.171576 0.601585 0.619119 1.39228
682000 0.175201 0.594919 0.637367 1.40749
683000 0.17013 0.589766 0.61815 1.37805
684000 0.176746 0.579869 0.611377 1.36799
685000 0.183755 0.597965 0.62806 1.40978
686000 0.17553 0.584402 0.624673 1.3846
687000 0.203187 0.623707 0.631749 1.45864
688000 0.174845 0.587087 0.625624 1.38756
689000 0.188346 0.587277 0.6355 1.41112
690000 0.197482 0.605899 0.628411 1.43179
691000 0.189917 0.606971 0.630513 1.4274
692000 0.178393 0.590063 0.646804 1.41526
693000 0.182903 0.597787 0.623306 1.404
694000 0.187563 0.592392 0.659838 1.43979
695000 0.189589 0.587779 0.636584 1.41395
696000 0.180749 0.615131 0.61661 1.41249
697000 0.201968 0.589577 0.639176 1.43072
698000 0.191653 0.599525 0.624791 1.41597
699000 0.201243 0.610269 0.627079 1.43859
700000 0.186485 0.610327 0.634175 1.43099
701000 0.189712 0.604465 0.64594 1.44012
702000 0.186984 0.614468 0.64113 1.44258
703000 0.186823 0.626836 0.647 1.46066
704000 0.196054 0.603534 0.646922 1.44651
705000 0.188414 0.604056 0.646299 1.43877
706000 0.184518 0.610493 0.647338 1.44235
707000 0.182975 0.616516 0.642851 1.44234
708000 0.194375 0.629708 0.644876 1.46896
709000 0.189099 0.61275 0.650424 1.45227
710000 0.207291 0.608678 0.643094 1.45906
711000 0.190204 0.627474 0.654156 1.47183
712000 0.198907 0.605638 0.641034 1.44558
713000 0.205467 0.617879 0.653491 1.47684
714000 0.203354 0.616457 0.666128 1.48594
715000 0.203259 0.610064 0.664517 1.47784
716000 0.191701 0.609408 0.646773 1.44788
717000 0.214408 0.612226 0.643109 1.46974
718000 0.219421 0.628558 0.643764 1.49174
719000 0.214345 0.62276 0.685105 1.52221
720000 0.200265 0.630588 0.672034 1.50289
721000 0.207175 0.628471 0.680216 1.51586
722000 0.201291 0.605948 0.647774 1.45501
723000 0.203429 0.623137 0.665295 1.49186
724000 0.209246 0.620217 0.667161 1.49662
725000 0.203757 0.608039 0.67371 1.48551
726000 0.207272 0.612779 0.697386 1.51744
727000 0.204197 0.637508 0.644291 1.486
728000 0.212467 0.639121 0.638332 1.48992
729000 0.207087 0.609679 0.672636 1.4894
730000 0.203286 0.620483 0.662469 1.48624
731000 0.213213 0.637974 0.678041 1.52923
732000 0.201615 0.648017 0.659552 1.50918
733000 0.20918 0.624219 0.659341 1.49274
734000 0.203814 0.621716 0.66079 1.48632
735000 0.206953 0.622102 0.684086 1.51314
736000 0.211264 0.644807 0.668684 1.52476
737000 0.213361 0.630149 0.658528 1.50204
738000 0.208613 0.613322 0.658816 1.48075
739000 0.202888 0.635406 0.655197 1.49349
740000 0.209457 0.646058 0.666305 1.52182
741000 0.212487 0.638773 0.659028 1.51029
742000 0.201246 0.617731 0.668911 1.48789
743000 0.213565 0.659885 0.649768 1.52322
744000 0.238277 0.64142 0.685303 1.565
745000 0.222948 0.616408 0.665254 1.50461
746000 0.206818 0.653823 0.652892 1.51353
747000 0.224941 0.656725 0.683318 1.56498
748000 0.215192 0.654088 0.667452 1.53673
749000 0.208432 0.638239 0.675076 1.52175
750000 0.209953 0.640853 0.67849 1.5293
751000 0.220435 0.637423 0.68788 1.54574
752000 0.217088 0.644125 0.671788 1.533
753000 0.204234 0.665989 0.677287 1.54751
754000 0.219462 0.626782 0.666595 1.51284
755000 0.219143 0.6334 0.680972 1.53351
756000 0.216949 0.640273 0.677052 1.53427
757000 0.212677 0.648045 0.683259 1.54398
758000 0.209713 0.644728 0.652799 1.50724
759000 0.234634 0.636352 0.678846 1.54983
760000 0.21621 0.666694 0.666432 1.54934
761000 0.227732 0.662421 0.676129 1.56628
762000 0.212532 0.639328 0.678198 1.53006
763000 0.208831 0.631926 0.676375 1.51713
764000 0.221118 0.647749 0.686319 1.55519
765000 0.216169 0.666123 0.68312 1.56541
766000 0.213682 0.638564 0.681309 1.53355
767000 0.208494 0.633841 0.683591 1.52593
768000 0.211025 0.664127 0.695771 1.57092
769000 0.216413 0.659629 0.694071 1.57011
770000 0.210102 0.651158 0.679888 1.54115
771000 0.214049 0.633735 0.674235 1.52202
772000 0.217685 0.649458 0.670074 1.53722
773000 0.219896 0.640071 0.676597 1.53656
774000 0.212847 0.658202 0.690485 1.56153
775000 0.217944 0.635129 0.672553 1.52563
776000 0.212541 0.656005 0.692078 1.56062
777000 0.208921 0.633329 0.689651 1.5319
778000 0.224018 0.655017 0.68069 1.55973
779000 0.207152 0.643199 0.672016 1.52237
780000 0.219056 0.629663 0.682839 1.53156
781000 0.213023 0.675106 0.668285 1.55641
782000 0.206851 0.648622 0.687197 1.54267
783000 0.209367 0.644762 0.696118 1.55025
784000 0.212024 0.653534 0.693148 1.55871
785000 0.206622 0.647961 0.694671 1.54925
786000 0.216202 0.667689 0.667677 1.55157
787000 0.214827 0.667082 0.700605 1.58251
788000 0.220676 0.666189 0.693927 1.58079
789000 0.230819 0.65349 0.665877 1.55019
790000 0.205906 0.665432 0.703326 1.57466
791000 0.215707 0.649356 0.693638 1.5587
792000 0.214649 0.647055 0.696509 1.55821
793000 0.23054 0.66505 0.710333 1.60592
794000 0.225123 0.674905 0.694433 1.59446
795000 0.207543 0.669222 0.690025 1.56679
796000 0.219926 0.654043 0.696446 1.57042
797000 0.215808 0.654546 0.695023 1.56538
798000 0.216828 0.666097 0.702549 1.58547
799000 0.228349 0.672099 0.687168 1.58762
800000 0.216038 0.689598 0.720613 1.62625
801000 0.213772 0.673812 0.692998 1.58058
802000 0.215088 0.678032 0.70815 1.60127
803000 0.225349 0.676749 0.706853 1.60895
804000 0.226863 0.662969 0.693313 1.58314
805000 0.221507 0.681875 0.710819 1.6142
806000 0.221103 0.670445 0.723407 1.61496
807000 0.216893 0.670246 0.704113 1.59125
808000 0.217566 0.682444 0.715973 1.61598
809000 0.210143 0.678071 0.70235 1.59056
810000 0.21838 0.687673 0.713531 1.61958
811000 0.203738 0.678252 0.689454 1.57144
812000 0.221786 0.673041 0.715731 1.61056
813000 0.225616 0.667246 0.73044 1.6233
814000 0.223753 0.690269 0.702593 1.61661
815000 0.210584 0.695574 0.696642 1.6028
816000 0.220648 0.707778 0.703466 1.63189
817000 0.222635 0.673617 0.701302 1.59755
818000 0.228057 0.679923 0.715301 1.62328
819000 0.225478 0.693455 0.70302 1.62195
820000 0.231238 0.693243 0.706556 1.63104
821000 0.222812 0.684191 0.704478 1.61148
822000 0.226123 0.690172 0.705655 1.62195
823000 0.229692 0.681803 0.742804 1.6543
824000 0.234339 0.699926 0.713679 1.64794
825000 0.226504 0.68795 0.701129 1.61558
826000 0.232629 0.716399 0.714676 1.6637
827000 0.226368 0.696035 0.695256 1.61766
828000 0.236475 0.669609 0.703758 1.60984
829000 0.222838 0.695832 0.693483 1.61215
830000 0.234653 0.702295 0.701551 1.6385
831000 0.234834 0.69953 0.717724 1.65209
832000 0.223707 0.69385 0.700449 1.61801
833000 0.239606 0.703376 0.708285 1.65127
834000 0.250918 0.684655 0.707528 1.6431
835000 0.230487 0.701401 0.714666 1.64655
836000 0.225907 0.700854 0.699705 1.62647
837000 0.216364 0.692715 0.708034 1.61711
838000 0.222036 0.685083 0.713779 1.6209
839000 0.223106 0.701439 0.71596 1.64051
840000 0.226538 0.693208 0.718959 1.6387
841000 0.226538 0.695598 0.712167 1.6343
842000 0.229216 0.716455 0.713279 1.65895
843000 0.227949 0.711876 0.719081 1.6589
844000 0.224043 0.70102 0.708011 1.63307
845000 0.241133 0.69243 0.750222 1.68379
846000 0.230958 0.692364 0.741911 1.66523
847000 0.228594 0.70284 0.73865 1.67008
848000 0.213651 0.695775 0.726898 1.63632
849000 0.214216 0.70939 0.715238 1.63884
850000 0.230069 0.715161 0.718562 1.66379
851000 0.228117 0.715009 0.71066 1.65379
852000 0.244186 0.719609 0.727294 1.69109
853000 0.232277 0.704965 0.76499 1.70223
854000 0.228953 0.704075 0.713092 1.64612
855000 0.229642 0.725398 0.733439 1.68848
856000 0.223318 0.71792 0.725049 1.66629
857000 0.2415 0.712846 0.724143 1.67849
858000 0.231851 0.703505 0.756813 1.69217
859000 0.226565 0.7126 0.727288 1.66645
860000 0.237781 0.73008 0.735435 1.7033
861000 0.225097 0.719763 0.750282 1.69514
862000 0.238178 0.706225 0.73502 1.67942
863000 0.235966 0.718259 0.745963 1.70019
864000 0.218338 0.729778 0.725562 1.67368
865000 0.234502 0.76353 0.740215 1.73825
866000 0.221689 0.744475 0.740577 1.70674
867000 0.237389 0.731596 0.739428 1.70841
868000 0.228258 0.733418 0.732695 1.69437
869000 0.229049 0.73696 0.757819 1.72383
870000 0.245377 0.740543 0.746132 1.73205
871000 0.243704 0.794357 0.737685 1.77575
872000 0.256589 0.751458 0.736805 1.74485
873000 0.244096 0.762585 0.738979 1.74566
874000 0.224194 0.746229 0.705635 1.67606
875000 0.234976 0.751285 0.752653 1.73891
876000 0.233439 0.748983 0.748065 1.73049
877000 0.251967 0.755029 0.742136 1.74913
878000 0.227806 0.746358 0.736186 1.71035
879000 0.238325 0.729451 0.741983 1.70976
880000 0.224539 0.747567 0.764772 1.73688
881000 0.222865 0.765574 0.752982 1.74142
882000 0.240174 0.772484 0.762836 1.77549
883000 0.227356 0.784947 0.745512 1.75781
884000 0.22776 0.754242 0.752485 1.73449
885000 0.225741 0.732808 0.772717 1.73127
886000 0.23718 0.755104 0.750401 1.74268
887000 0.230011 0.745439 0.777745 1.75319
888000 0.227214 0.75115 0.749359 1.72772
889000 0.218766 0.749071 0.747893 1.71573
890000 0.221961 0.756558 0.759855 1.73837
891000 0.2327 0.759779 0.747184 1.73966
892000 0.240484 0.765474 0.77502 1.78098
893000 0.234532 0.772028 0.764999 1.77156
894000 0.224868 0.75877 0.761336 1.74497
895000 0.235985 0.745314 0.753845 1.73514
896000 0.23497 0.752158 0.756516 1.74364
897000 0.226349 0.749251 0.759797 1.7354
898000 0.248523 0.766556 0.758383 1.77346
899000 0.239001 0.763338 0.744196 1.74654
900000 0.238341 0.746247 0.767714 1.7523
901000 0.239972 0.770179 0.751987 1.76214
902000 0.228513 0.768865 0.754403 1.75178
903000 0.241252 0.765554 0.756777 1.76358
904000 0.230588 0.765811 0.744155 1.74055
905000 0.228453 0.766943 0.753159 1.74855
906000 0.244748 0.761557 0.758667 1.76497
907000 0.234033 0.747383 0.751767 1.73318
908000 0.233232 0.760014 0.754233 1.74748
909000 0.223235 0.756056 0.768685 1.74798
910000 0.225753 0.781032 0.766075 1.77286
911000 0.236807 0.771892 0.765692 1.77439
912000 0.231004 0.789775 0.767528 1.78831
913000 0.235851 0.771505 0.764283 1.77164
914000 0.229368 0.768977 0.765461 1.76381
915000 0.233417 0.774036 0.761059 1.76851
916000 0.234536 0.768982 0.74666 1.75018
917000 0.238277 0.795756 0.769524 1.80356
918000 0.231118 0.780907 0.750396 1.76242
919000 0.238716 0.777328 0.770367 1.78641
920000 0.238585 0.751271 0.739716 1.72957
921000 0.239591 0.752872 0.777161 1.76962
922000 0.24665 0.769129 0.752369 1.76815
923000 0.229406 0.767892 0.742024 1.73932
924000 0.240712 0.77378 0.73946 1.75395
925000 0.240683 0.777467 0.759313 1.77746
926000 0.239122 0.752137 0.744875 1.73613
927000 0.227556 0.762276 0.752873 1.74271
928000 0.240853 0.760224 0.740672 1.74175
929000 0.265078 0.774224 0.759111 1.79841
930000 0.243852 0.756063 0.763315 1.76323
931000 0.239296 0.754198 0.751062 1.74456
932000 0.236061 0.771473 0.762163 1.7697
933000 0.235087 0.779008 0.761442 1.77554
934000 0.247357 0.774552 0.767047 1.78896
935000 0.240546 0.76903 0.762618 1.77219
936000 0.253306 0.756625 0.747419 1.75735
937000 0.237534 0.779344 0.743988 1.76087
938000 0.242029 0.75858 0.749986 1.75059
939000 0.234023 0.759599 0.75214 1.74576
940000 0.238566 0.749404 0.769168 1.75714
941000 0.23646 0.77267 0.773386 1.78252
942000 0.236051 0.780832 0.755508 1.77239
943000 0.251775 0.777126 0.762838 1.79174
944000 0.244065 0.77001 0.759356 1.77343
945000 0.237767 0.74898 0.758966 1.74571
946000 0.23137 0.772989 0.750124 1.75448
947000 0.236826 0.773811 0.764404 1.77504
948000 0.255286 0.770236 0.766208 1.79173
949000 0.251782 0.782857 0.769194 1.80383
950000 0.24004 0.768703 0.76502 1.77376
951000 0.237758 0.776399 0.741347 1.7555
952000 0.2269 0.773659 0.753176 1.75374
953000 0.227911 0.777941 0.758341 1.76419
954000 0.235529 0.78287 0.777057 1.79546
955000 0.235268 0.763951 0.769876 1.76909
956000 0.229668 0.771781 0.767488 1.76894
957000 0.229414 0.780581 0.770816 1.78081
958000 0.239 0.787501 0.75181 1.77831
959000 0.234501 0.789736 0.777468 1.80171
960000 0.238148 0.779049 0.767467 1.78466
961000 0.227451 0.787289 0.784396 1.79914
962000 0.231876 0.750225 0.76448 1.74658
963000 0.228737 0.764534 0.771422 1.76469
964000 0.237739 0.778733 0.774743 1.79121
965000 0.23823 0.768266 0.772063 1.77856
966000 0.233769 0.774409 0.767491 1.77567
967000 0.24043 0.789203 0.795532 1.82517
968000 0.243277 0.774555 0.7667 1.78453
969000 0.236808 0.798322 0.789904 1.82503
970000 0.236795 0.7899 0.783333 1.81003
971000 0.246866 0.767407 0.781046 1.79532
972000 0.237548 0.795003 0.797298 1.82985
973000 0.247383 0.799522 0.787553 1.83446
974000 0.243252 0.78867 0.779138 1.81106
975000 0.251818 0.795149 0.780853 1.82782
976000 0.25259 0.779692 0.775402 1.80768
977000 0.248926 0.796534 0.801972 1.84743
978000 0.25258 0.788444 0.79456 1.83558
979000 0.2484 0.792631 0.79475 1.83578
980000 0.250538 0.783306 0.80267 1.83651
981000 0.263487 0.790609 0.794863 1.84896
982000 0.240054 0.79996 0.791231 1.83124
983000 0.2549 0.81041 0.797893 1.8632
984000 0.244746 0.804156 0.810085 1.85899
985000 0.242024 0.818331 0.809213 1.86957
986000 0.241598 0.795892 0.800287 1.83778
987000 0.244193 0.810752 0.806808 1.86175
988000 0.240482 0.797086 0.791579 1.82915
989000 0.239448 0.796375 0.822827 1.85865
990000 0.241551 0.810128 0.830135 1.88181
991000 0.256315 0.814435 0.813019 1.88377
992000 0.237528 0.795798 0.831671 1.865
993000 0.252658 0.805703 0.80063 1.85899
994000 0.242249 0.802611 0.796434 1.84129
995000 0.244529 0.829609 0.812906 1.88704
996000 0.245913 0.808252 0.792785 1.84695
997000 0.252538 0.801384 0.81917 1.87309
998000 0.253466 0.818676 0.810869 1.88301
999000 0.251702 0.787173 0.806114 1.84499
1000000 0.247014 0.817528 0.80724 1.87178
1001000 0.249911 0.82057 0.799444 1.86993
1002000 0.24363 0.811909 0.829483 1.88502
1003000 0.256959 0.78996 0.822572 1.86949
1004000 0.250459 0.812683 0.818615 1.88176
1005000 0.254713 0.828623 0.807135 1.89047
1006000 0.240434 0.803589 0.798701 1.84272
1007000 0.250185 0.819364 0.81189 1.88144
1008000 0.239723 0.82245 0.824742 1.88691
1009000 0.251383 0.816308 0.831155 1.89885
1010000 0.243334 0.802255 0.841963 1.88755
1011000 0.250835 0.822256 0.822329 1.89542
1012000 0.255482 0.827093 0.821652 1.90423
1013000 0.25132 0.824375 0.800654 1.87635
1014000 0.249824 0.804042 0.826791 1.88066
1015000 0.261482 0.806338 0.807026 1.87485
1016000 0.24081 0.835557 0.822307 1.89867
1017000 0.257353 0.816718 0.816075 1.89015
1018000 0.240408 0.830889 0.82846 1.89976
1019000 0.259711 0.84323 0.843745 1.94669
1020000 0.245006 0.816957 0.819572 1.88154
1021000 0.252653 0.829811 0.822934 1.9054
1022000 0.255398 0.830465 0.820472 1.90633
1023000 0.25654 0.802256 0.839883 1.89868
1024000 0.245882 0.826245 0.834161 1.90629
1025000 0.246584 0.834263 0.809883 1.89073
1026000 0.255064 0.835241 0.846873 1.93718
1027000 0.24459 0.821765 0.82435 1.89071
1028000 0.250565 0.848331 0.839454 1.93835
1029000 0.238939 0.842225 0.842125 1.92329
1030000 0.247336 0.830368 0.825702 1.90341
