# Time-averaged data for fix 1
# TimeStep c_msd_all[1] c_msd_all[2] c_msd_all[3] c_msd_all[4]
31000 0.0772171 0.0731022 0.0621903 0.21251
32000 0.0671873 0.0654855 0.0643036 0.196976
33000 0.0772838 0.0690806 0.060315 0.206679
34000 0.0729466 0.0687811 0.0665589 0.208287
35000 0.0835671 0.075083 0.0722701 0.23092
36000 0.070028 0.0625153 0.0735366 0.20608
37000 0.0742596 0.0668072 0.0621914 0.203258
38000 0.0859229 0.0720629 0.0651478 0.223134
39000 0.0671869 0.063612 0.0714436 0.202243
40000 0.0755298 0.0709851 0.0669885 0.213503
41000 0.0751611 0.0671785 0.0606324 0.202972
42000 0.069978 0.0616299 0.071467 0.203075
43000 0.0743921 0.082135 0.0647635 0.221291
44000 0.0755733 0.0649303 0.0649878 0.205491
45000 0.0687257 0.0685731 0.0666066 0.203905
46000 0.0791508 0.0706123 0.0591156 0.208879
47000 0.0830086 0.0738466 0.0677312 0.224586
48000 0.0706411 0.0687795 0.0657137 0.205134
49000 0.069479 0.0642594 0.0627226 0.196461
50000 0.0833018 0.0659314 0.0661324 0.215366
51000 0.082338 0.0776138 0.0716644 0.231616
52000 0.0682331 0.0588632 0.0662751 0.193371
53000 0.0778897 0.0782593 0.072762 0.228911
54000 0.0653224 0.0702005 0.0668143 0.202337
55000 0.0765568 0.0695363 0.0697082 0.215801
56000 0.0689032 0.0690074 0.067243 0.205154
57000 0.0764073 0.0716308 0.0663197 0.214358
58000 0.0678282 0.0708536 0.0773716 0.216053
59000 0.0883417 0.0733648 0.0733705 0.235077
60000 0.0815187 0.0710118 0.0694598 0.22199
61000 0.0813479 0.0780058 0.0661234 0.225477
62000 0.0820037 0.0669433 0.0701042 0.219051
63000 0.0862618 0.0780829 0.0653667 0.229711
64000 0.0812939 0.0849345 0.072874 0.239102
65000 0.083371 0.0820775 0.075121 0.24057
66000 0.0828691 0.084563 0.0733528 0.240785
67000 0.0781402 0.0791105 0.0668994 0.22415
68000 0.0842902 0.0857571 0.0731166 0.243164
69000 0.0908931 0.0809386 0.0732352 0.245067
70000 0.0821975 0.0802926 0.078458 0.240948
71000 0.0892912 0.0860942 0.0695049 0.24489
72000 0.0817553 0.0813908 0.0699581 0.233104
73000 0.0856819 0.0794447 0.0745026 0.239629
74000 0.0898585 0.0768204 0.0742605 0.240939
75000 0.0863632 0.0870867 0.0730245 0.246474
76000 0.0914382 0.0861965 0.0740189 0.251654
77000 0.0864373 0.0835359 0.0686063 0.23858
78000 0.0771766 0.0954996 0.0659149 0.238591
79000 0.108424 0.0953285 0.0735235 0.277276
80000 0.0937355 0.0895602 0.0750996 0.258395
81000 0.0838961 0.0889306 0.0697656 0.242592
82000 0.10536 0.0868133 0.0743365 0.266509
83000 0.0926575 0.0838735 0.079399 0.25593
84000 0.0923611 0.0928933 0.0764268 0.261681
85000 0.0978747 0.0872543 0.0803045 0.265433
86000 0.0819787 0.0870074 0.0809517 0.249938
87000 0.0982839 0.0934369 0.0789999 0.270721
88000 0.0886836 0.0902246 0.0779754 0.256884
89000 0.0889833 0.0874268 0.083216 0.259626
90000 0.0998987 0.0987183 0.0810172 0.279634
91000 0.0916351 0.0924178 0.0818861 0.265939
92000 0.103567 0.0932622 0.0854951 0.282324
93000 0.0972858 0.0903843 0.0732928 0.260963
94000 0.0834261 0.10118 0.0730813 0.257687
95000 0.0818999 0.0925544 0.0871545 0.261609
96000 0.0895901 0.0911748 0.0859461 0.266711
97000 0.0908535 0.101255 0.0859517 0.27806
98000 0.0844318 0.086197 0.0836786 0.254307
99000 0.0996709 0.0889519 0.0886797 0.277302
100000 0.0880309 0.0907327 0.0858842 0.264648
101000 0.0904477 0.109947 0.074974 0.275368
102000 0.0895309 0.0956107 0.0891882 0.27433
103000 0.0817734 0.0984778 0.0940705 0.274322
104000 0.104524 0.0993617 0.0859326 0.289818
105000 0.0889993 0.0873388 0.0831385 0.259477
106000 0.087735 0.104103 0.0939412 0.285779
107000 0.0938825 0.0941995 0.0826541 0.270736
108000 0.0903374 0.0926931 0.0789925 0.262023
109000 0.088883 0.0986226 0.0881088 0.275614
110000 0.0865806 0.0882929 0.0832139 0.258087
111000 0.0803764 0.0927371 0.0812025 0.254316
112000 0.0950091 0.0950325 0.0903728 0.280414
113000 0.102993 0.0985771 0.0956181 0.297189
114000 0.0905199 0.0860206 0.0838154 0.260356
115000 0.0985051 0.0892434 0.0799636 0.267712
116000 0.10364 0.100726 0.0854945 0.28986
117000 0.105177 0.0967159 0.09275 0.294642
118000 0.0939719 0.112713 0.085135 0.29182
119000 0.0868809 0.0953735 0.0833953 0.26565
120000 0.0916612 0.0955304 0.0924583 0.27965
121000 0.103714 0.0954618 0.0869166 0.286092
122000 0.0904109 0.0956779 0.097341 0.28343
123000 0.109277 0.103287 0.092978 0.305542
124000 0.0965254 0.0955252 0.087322 0.279373
125000 0.093561 0.10361 0.0907196 0.287891
126000 0.100611 0.10811 0.0842841 0.293005
127000 0.0967989 0.101292 0.088959 0.28705
128000 0.108711 0.109112 0.101309 0.319132
129000 0.0912119 0.10068 0.101235 0.293127
130000 0.0995412 0.105408 0.0905236 0.295473
131000 0.110364 0.105503 0.0919658 0.307833
132000 0.104628 0.105994 0.0923436 0.302966
133000 0.100139 0.102804 0.0972069 0.30015
134000 0.0929149 0.110547 0.0935063 0.296968
135000 0.0962419 0.109826 0.0997556 0.305824
136000 0.0917359 0.108204 0.103017 0.302957
137000 0.0929464 0.114173 0.088948 0.296068
138000 0.0985545 0.102355 0.0940444 0.294953
139000 0.0902035 0.1005 0.0917146 0.282418
140000 0.0950265 0.111166 0.0876715 0.293864
141000 0.0933821 0.0973088 0.0934728 0.284164
142000 0.0917388 0.103339 0.0923591 0.287437
143000 0.0968152 0.111461 0.0905445 0.298821
144000 0.102937 0.102765 0.0971073 0.302809
145000 0.0953528 0.100818 0.0959081 0.292079
146000 0.102772 0.107351 0.0943232 0.304446
147000 0.103208 0.102642 0.0886356 0.294486
148000 0.098432 0.105741 0.101917 0.30609
149000 0.104479 0.107845 0.0963947 0.30872
150000 0.101274 0.0981505 0.0894904 0.288914
151000 0.0963295 0.0968175 0.0959306 0.289078
152000 0.102828 0.108177 0.0946025 0.305607
153000 0.103229 0.104837 0.0940881 0.302154
154000 0.104181 0.0982418 0.0950825 0.297506
155000 0.11667 0.112623 0.100672 0.329965
156000 0.10619 0.108681 0.101463 0.316334
157000 0.116899 0.110565 0.0971409 0.324605
158000 0.109109 0.109109 0.0971913 0.315409
159000 0.120925 0.111638 0.102803 0.335366
160000 0.105067 0.110197 0.0959195 0.311184
161000 0.10084 0.110845 0.0962906 0.307976
162000 0.121598 0.112863 0.0949241 0.329385
163000 0.112263 0.109273 0.101956 0.323492
164000 0.110191 0.110904 0.109095 0.33019
165000 0.110713 0.111708 0.106202 0.328623
166000 0.108461 0.106781 0.104424 0.319666
167000 0.10314 0.106854 0.0994024 0.309396
168000 0.11406 0.108375 0.101487 0.323922
169000 0.102411 0.108966 0.103742 0.315119
170000 0.101269 0.103644 0.0957633 0.300676
171000 0.117575 0.110917 0.0956921 0.324185
172000 0.118372 0.108859 0.101953 0.329184
173000 0.107261 0.112758 0.112058 0.332076
174000 0.100837 0.109312 0.0968882 0.307037
175000 0.0981087 0.105025 0.100055 0.303189
176000 0.107985 0.108831 0.105733 0.32255
177000 0.10827 0.108891 0.102305 0.319465
178000 0.109833 0.108083 0.101786 0.319702
179000 0.118863 0.108839 0.106074 0.333777
180000 0.101853 0.108388 0.10548 0.31572
181000 0.109406 0.111007 0.113338 0.333751
182000 0.115509 0.111298 0.105426 0.332233
183000 0.10861 0.114374 0.102815 0.3258
184000 0.116837 0.106087 0.111687 0.334611
185000 0.116455 0.109111 0.100019 0.325585
186000 0.112502 0.106665 0.102952 0.322119
187000 0.115091 0.110349 0.105361 0.330801
188000 0.105917 0.106787 0.109364 0.322068
189000 0.10635 0.117657 0.1079 0.331907
190000 0.105828 0.113911 0.102767 0.322506
191000 0.116656 0.111215 0.105007 0.332878
192000 0.115364 0.114866 0.103231 0.333461
193000 0.110059 0.113571 0.103462 0.327092
194000 0.133193 0.117591 0.113547 0.364331
195000 0.107054 0.110318 0.109287 0.326659
196000 0.116987 0.119572 0.105642 0.3422
197000 0.108732 0.108868 0.0989775 0.316578
198000 0.116996 0.116882 0.117213 0.351091
199000 0.114892 0.108958 0.108731 0.332582
200000 0.1067 0.105457 0.102275 0.314433
201000 0.121451 0.112978 0.105107 0.339536
202000 0.112916 0.105732 0.120857 0.339506
203000 0.119961 0.111459 0.112736 0.344156
204000 0.110926 0.114909 0.10836 0.334195
205000 0.104431 0.105643 0.109668 0.319742
206000 0.119687 0.124529 0.110106 0.354322
207000 0.108558 0.117603 0.113742 0.339903
208000 0.114288 0.117025 0.109937 0.34125
209000 0.110718 0.120203 0.102993 0.333915
210000 0.118194 0.111335 0.113798 0.343327
211000 0.106884 0.109216 0.113512 0.329612
212000 0.108036 0.116377 0.106472 0.330884
213000 0.121549 0.118209 0.120613 0.36037
214000 0.105934 0.121401 0.1252 0.352535
215000 0.111706 0.13489 0.112672 0.359267
216000 0.117934 0.119157 0.11493 0.352021
217000 0.104308 0.122852 0.116558 0.343718
218000 0.116005 0.118069 0.117895 0.35197
219000 0.113923 0.116202 0.115954 0.346079
220000 0.110753 0.11935 0.112455 0.342557
221000 0.117112 0.114527 0.1093 0.340939
222000 0.113015 0.10892 0.112161 0.334095
223000 0.119831 0.118135 0.125062 0.363027
224000 0.130516 0.128651 0.12017 0.379337
225000 0.115617 0.12181 0.111869 0.349296
226000 0.119352 0.123233 0.11652 0.359106
227000 0.123879 0.120391 0.121756 0.366026
228000 0.113998 0.123531 0.123163 0.360693
229000 0.115718 0.118321 0.111636 0.345675
230000 0.111068 0.1214 0.121092 0.35356
231000 0.11085 0.127469 0.125203 0.363522
232000 0.12686 0.124702 0.119003 0.370565
233000 0.126222 0.118221 0.127587 0.37203
234000 0.127943 0.123845 0.126201 0.37799
235000 0.126552 0.121155 0.122637 0.370344
236000 0.124359 0.121966 0.131144 0.377469
237000 0.133485 0.121499 0.138131 0.393114
238000 0.114918 0.121086 0.125259 0.361263
239000 0.118946 0.124159 0.124292 0.367397
240000 0.127205 0.121235 0.133038 0.381478
241000 0.125183 0.12831 0.126605 0.380098
242000 0.135176 0.123915 0.115899 0.37499
243000 0.124828 0.122615 0.12602 0.373463
244000 0.129824 0.116491 0.118496 0.364811
245000 0.120584 0.118455 0.12298 0.362019
246000 0.130385 0.125548 0.114757 0.37069
247000 0.140175 0.126149 0.128314 0.394639
248000 0.125718 0.123465 0.120267 0.36945
249000 0.130805 0.12318 0.125237 0.379222
250000 0.133906 0.128769 0.13061 0.393285
251000 0.136452 0.127718 0.126262 0.390432
252000 0.145597 0.125227 0.121764 0.392588
253000 0.151865 0.124217 0.127998 0.404079
254000 0.138277 0.127679 0.127443 0.393399
255000 0.139961 0.135184 0.127338 0.402483
256000 0.136072 0.124619 0.127507 0.388198
257000 0.129908 0.121924 0.127924 0.379755
258000 0.151154 0.146184 0.131004 0.428342
259000 0.130316 0.123196 0.1251 0.378613
260000 0.131506 0.133723 0.130447 0.395676
261000 0.143508 0.139715 0.130188 0.413412
262000 0.134911 0.129284 0.13224 0.396436
263000 0.137912 0.128779 0.122196 0.388887
264000 0.138781 0.130537 0.132109 0.401426
265000 0.139524 0.129995 0.124405 0.393924
266000 0.1459 0.135739 0.127421 0.40906
267000 0.14325 0.148406 0.137045 0.428702
268000 0.138641 0.135307 0.133448 0.407396
269000 0.14379 0.132018 0.129351 0.40516
270000 0.131281 0.134493 0.132158 0.397932
271000 0.144797 0.133313 0.135327 0.413437
272000 0.139961 0.136194 0.132617 0.408771
273000 0.146596 0.140549 0.130295 0.417441
274000 0.146066 0.133009 0.132448 0.411523
275000 0.137966 0.136135 0.132969 0.40707
276000 0.146781 0.131007 0.136002 0.41379
277000 0.139412 0.126225 0.122624 0.388261
278000 0.137932 0.133219 0.127907 0.399057
279000 0.143304 0.124616 0.134051 0.401971
280000 0.131291 0.124087 0.13747 0.392848
281000 0.138235 0.135459 0.133322 0.407015
282000 0.158244 0.130236 0.127702 0.416182
283000 0.155797 0.132935 0.135406 0.424139
284000 0.147296 0.128502 0.134396 0.410194
285000 0.135636 0.125589 0.140064 0.401289
286000 0.135107 0.127663 0.130047 0.392818
287000 0.138423 0.143335 0.134829 0.416587
288000 0.153514 0.135595 0.129954 0.419063
289000 0.149403 0.132732 0.127707 0.409841
290000 0.148362 0.131617 0.135913 0.415893
291000 0.14417 0.134815 0.135795 0.414781
292000 0.143336 0.130089 0.137126 0.410551
293000 0.140867 0.134677 0.131535 0.407079
294000 0.149628 0.13689 0.13293 0.419449
295000 0.151489 0.139104 0.130103 0.420696
296000 0.147792 0.139298 0.13468 0.42177
297000 0.16375 0.141439 0.132879 0.438068
298000 0.148809 0.143428 0.137531 0.429768
299000 0.138503 0.133455 0.131974 0.403933
300000 0.167493 0.143534 0.135519 0.446547
301000 0.143331 0.133265 0.138684 0.415279
302000 0.151471 0.14084 0.140061 0.432372
303000 0.146279 0.13486 0.132749 0.413889
304000 0.161157 0.139857 0.127595 0.42861
305000 0.154144 0.130854 0.139776 0.424774
306000 0.138975 0.140798 0.132044 0.411816
307000 0.147874 0.13664 0.126107 0.410621
308000 0.144824 0.132172 0.126929 0.403925
309000 0.140518 0.146696 0.132124 0.419339
310000 0.142948 0.137397 0.129394 0.409738
311000 0.139846 0.126416 0.131568 0.39783
312000 0.134899 0.132248 0.137005 0.404153
313000 0.165493 0.142454 0.136148 0.444095
314000 0.150851 0.139001 0.14009 0.429942
315000 0.141003 0.134382 0.135436 0.410821
316000 0.160714 0.134909 0.132394 0.428018
317000 0.146802 0.142942 0.133548 0.423292
318000 0.157293 0.148823 0.134934 0.44105
319000 0.147819 0.128489 0.132677 0.408985
320000 0.146997 0.137244 0.139783 0.424024
321000 0.147092 0.142609 0.138787 0.428488
322000 0.152071 0.142057 0.136819 0.430947
323000 0.153485 0.138156 0.138368 0.430008
324000 0.157511 0.139592 0.137674 0.434777
325000 0.145883 0.137036 0.144202 0.427121
326000 0.145141 0.131073 0.139534 0.415748
327000 0.145986 0.140086 0.142123 0.428195
328000 0.143433 0.136934 0.131796 0.412164
329000 0.145339 0.131866 0.143815 0.42102
330000 0.156141 0.145996 0.129339 0.431477
331000 0.145509 0.146648 0.137188 0.429345
332000 0.158621 0.145736 0.13532 0.439676
333000 0.159088 0.149829 0.138782 0.447699
334000 0.162727 0.145309 0.135868 0.443905
335000 0.152323 0.154014 0.138983 0.445321
336000 0.154983 0.147314 0.138942 0.441239
337000 0.152651 0.143192 0.141396 0.437239
338000 0.153138 0.143958 0.142658 0.439754
339000 0.149541 0.145452 0.136806 0.431799
340000 0.15824 0.150472 0.136846 0.445558
341000 0.167241 0.14782 0.138732 0.453793
342000 0.169207 0.151485 0.146463 0.467154
343000 0.163689 0.14759 0.137335 0.448614
344000 0.150879 0.144628 0.138517 0.434024
345000 0.151269 0.140782 0.146281 0.438331
346000 0.165033 0.149325 0.14664 0.460998
347000 0.156198 0.154985 0.144068 0.45525
348000 0.157527 0.133837 0.14124 0.432605
349000 0.161014 0.144377 0.143908 0.449299
350000 0.15479 0.145153 0.157256 0.457198
351000 0.166347 0.154255 0.149183 0.469785
352000 0.164142 0.160194 0.153665 0.478001
353000 0.161437 0.154625 0.14735 0.463412
354000 0.164017 0.143942 0.149146 0.457105
355000 0.169985 0.149366 0.153992 0.473343
356000 0.178402 0.157102 0.146409 0.481913
357000 0.170535 0.156795 0.14615 0.47348
358000 0.156661 0.154608 0.148478 0.459746
359000 0.176705 0.156521 0.149506 0.482732
360000 0.162496 0.146803 0.151074 0.460372
361000 0.170277 0.145722 0.14331 0.459309
362000 0.15867 0.145306 0.152615 0.456591
363000 0.169722 0.15016 0.154758 0.47464
364000 0.170556 0.156208 0.161248 0.488012
365000 0.171556 0.153342 0.140577 0.465475
366000 0.180675 0.155537 0.151516 0.487728
367000 0.161241 0.156721 0.150716 0.468678
368000 0.16424 0.152402 0.146929 0.463571
369000 0.171693 0.156026 0.145145 0.472864
370000 0.157098 0.141968 0.139268 0.438333
371000 0.168475 0.154432 0.152732 0.475639
372000 0.183275 0.161149 0.149473 0.493897
373000 0.15799 0.153383 0.138517 0.44989
374000 0.164836 0.154817 0.141926 0.461579
375000 0.171443 0.163795 0.152423 0.48766
376000 0.156097 0.15662 0.136993 0.44971
377000 0.170476 0.163484 0.145879 0.479839
378000 0.174425 0.154334 0.151245 0.480004
379000 0.166517 0.150773 0.147513 0.464803
380000 0.165493 0.146266 0.146046 0.457805
381000 0.164617 0.14823 0.150923 0.463769
382000 0.162247 0.147428 0.147665 0.457341
383000 0.167808 0.153409 0.157723 0.478939
384000 0.167844 0.161012 0.150424 0.47928
385000 0.170878 0.158727 0.151826 0.481431
386000 0.155259 0.159035 0.157975 0.472269
387000 0.163767 0.156721 0.15473 0.475218
388000 0.165121 0.165242 0.153728 0.484091
389000 0.160731 0.153631 0.152082 0.466444
390000 0.162123 0.147826 0.147024 0.456973
391000 0.165927 0.147257 0.1499 0.463084
392000 0.177782 0.149433 0.15828 0.485495
393000 0.167909 0.149504 0.161891 0.479305
394000 0.171728 0.161109 0.14797 0.480807
395000 0.171984 0.148208 0.153494 0.473687
396000 0.16524 0.152991 0.151208 0.469439
397000 0.166169 0.161256 0.162006 0.48943
398000 0.16944 0.162877 0.156986 0.489303
399000 0.156676 0.150286 0.149127 0.456089
400000 0.165563 0.148669 0.150517 0.464749
401000 0.183613 0.159209 0.161657 0.504479
402000 0.184189 0.155789 0.156152 0.49613
403000 0.181093 0.159303 0.149885 0.490281
404000 0.179823 0.164256 0.157239 0.501318
405000 0.163336 0.163028 0.158577 0.484941
406000 0.169803 0.175673 0.155865 0.501341
407000 0.17533 0.173657 0.160821 0.509808
408000 0.163165 0.164995 0.157055 0.485215
409000 0.168926 0.16312 0.159708 0.491755
410000 0.17943 0.171661 0.160975 0.512066
411000 0.179483 0.159198 0.155733 0.494414
412000 0.181718 0.174519 0.16036 0.516598
413000 0.173469 0.169409 0.164183 0.50706
414000 0.169558 0.170628 0.167521 0.507707
415000 0.194907 0.180106 0.166751 0.541764
416000 0.18115 0.177813 0.157712 0.516676
417000 0.173806 0.168793 0.16618 0.508778
418000 0.182959 0.162705 0.158757 0.504421
419000 0.178368 0.159286 0.162988 0.500642
420000 0.182793 0.176263 0.16831 0.527366
421000 0.18339 0.171049 0.162564 0.517004
422000 0.178381 0.168292 0.168386 0.515058
423000 0.18217 0.168423 0.163016 0.513609
424000 0.189488 0.17168 0.170083 0.531251
425000 0.180516 0.167603 0.158126 0.506246
426000 0.184105 0.176617 0.160959 0.521681
427000 0.16941 0.171913 0.16915 0.510473
428000 0.172222 0.160139 0.161884 0.494245
429000 0.174334 0.167463 0.163635 0.505431
430000 0.17991 0.17322 0.155772 0.508901
431000 0.189754 0.173957 0.165487 0.529197
432000 0.195371 0.169442 0.170153 0.534967
433000 0.177078 0.175546 0.170303 0.522926
434000 0.174601 0.164987 0.16363 0.503218
435000 0.169281 0.15835 0.159936 0.487567
436000 0.194126 0.166825 0.173877 0.534828
437000 0.166679 0.166737 0.163425 0.496841
438000 0.184226 0.17043 0.166378 0.521034
439000 0.185672 0.166981 0.160417 0.51307
440000 0.184241 0.169777 0.158189 0.512207
441000 0.17419 0.161253 0.164599 0.500042
442000 0.18092 0.161612 0.16725 0.509782
443000 0.182616 0.161508 0.161759 0.505882
444000 0.183084 0.166288 0.164071 0.513443
445000 0.176301 0.169359 0.165065 0.510725
446000 0.174488 0.162324 0.165626 0.502438
447000 0.169247 0.165108 0.162928 0.497283
448000 0.180378 0.173929 0.175412 0.529719
449000 0.178804 0.180851 0.167217 0.526871
450000 0.181316 0.183174 0.169002 0.533493
451000 0.189 0.170663 0.169034 0.528697
452000 0.180653 0.17627 0.174032 0.530955
453000 0.187895 0.178468 0.177132 0.543495
454000 0.186664 0.179353 0.174876 0.540893
455000 0.188524 0.171371 0.174311 0.534206
456000 0.192976 0.170706 0.167619 0.531302
457000 0.195951 0.177861 0.178945 0.552757
458000 0.195545 0.175506 0.169066 0.540117
459000 0.193996 0.189014 0.172649 0.555658
460000 0.193246 0.193117 0.171659 0.558022
461000 0.192376 0.182978 0.176617 0.551972
462000 0.185407 0.176872 0.176097 0.538376
463000 0.183283 0.179243 0.168722 0.531249
464000 0.185247 0.172165 0.177886 0.535298
465000 0.185977 0.17267 0.181844 0.540491
466000 0.188355 0.181524 0.173242 0.543121
467000 0.19189 0.177026 0.187011 0.555926
468000 0.181775 0.182532 0.181204 0.54551
469000 0.180112 0.188133 0.17122 0.539466
470000 0.192439 0.176249 0.179213 0.547901
471000 0.19217 0.183234 0.179951 0.555354
472000 0.202825 0.182877 0.179917 0.565619
473000 0.198785 0.177039 0.196896 0.57272
474000 0.211294 0.1905 0.187278 0.589072
475000 0.191238 0.195145 0.194457 0.58084
476000 0.197969 0.180692 0.186954 0.565614
477000 0.203085 0.192422 0.181212 0.576719
478000 0.192468 0.186446 0.182749 0.561663
479000 0.201046 0.184352 0.178077 0.563475
480000 0.197104 0.173707 0.182893 0.553704
481000 0.198939 0.182564 0.192636 0.574138
482000 0.210673 0.190121 0.192715 0.593509
483000 0.199037 0.182603 0.176146 0.557786
484000 0.204487 0.185003 0.183219 0.572708
485000 0.204959 0.178968 0.185375 0.569301
486000 0.205268 0.18719 0.185275 0.577733
487000 0.202363 0.184434 0.180138 0.566935
488000 0.193662 0.179262 0.18322 0.556143
489000 0.202983 0.18499 0.18434 0.572313
490000 0.201055 0.190373 0.186035 0.577463
491000 0.199706 0.186444 0.175735 0.561886
492000 0.222004 0.194512 0.191177 0.607693
493000 0.200702 0.188101 0.184877 0.573681
494000 0.200247 0.193548 0.190385 0.584179
495000 0.204615 0.183525 0.187274 0.575414
496000 0.197011 0.183396 0.193614 0.574022
497000 0.19565 0.187311 0.183991 0.566951
498000 0.199915 0.18431 0.191936 0.576161
499000 0.206339 0.178896 0.180494 0.565728
500000 0.208121 0.188185 0.184718 0.581023
501000 0.212662 0.182793 0.184373 0.579828
502000 0.211371 0.189683 0.181085 0.582138
503000 0.21458 0.193647 0.189373 0.5976
504000 0.216401 0.182542 0.194429 0.593372
505000 0.211076 0.181772 0.181532 0.57438
506000 0.213942 0.195358 0.185719 0.595019
507000 0.216675 0.184295 0.186578 0.587548
508000 0.200859 0.191793 0.181717 0.574369
509000 0.207183 0.191486 0.18387 0.582539
510000 0.209021 0.184721 0.193978 0.587721
511000 0.212796 0.182087 0.183544 0.578427
512000 0.231714 0.198241 0.18827 0.618225
513000 0.221381 0.198689 0.184219 0.60429
514000 0.210242 0.196506 0.183179 0.589927
515000 0.205205 0.192212 0.190454 0.587871
516000 0.220556 0.19265 0.191625 0.604831
517000 0.214227 0.203471 0.192702 0.6104
518000 0.217741 0.19444 0.189289 0.60147
519000 0.209658 0.190907 0.190931 0.591496
520000 0.231601 0.195421 0.199301 0.626323
521000 0.247462 0.206241 0.202542 0.656245
522000 0.21638 0.200113 0.196294 0.612787
523000 0.22631 0.194397 0.194864 0.615571
524000 0.226229 0.198614 0.18932 0.614163
525000 0.208222 0.203873 0.202803 0.614898
526000 0.225762 0.190763 0.197579 0.614104
527000 0.220821 0.195506 0.190636 0.606964
528000 0.223002 0.192709 0.194223 0.609935
529000 0.227949 0.189953 0.19795 0.615851
530000 0.212957 0.188354 0.192422 0.593733
531000 0.227717 0.195911 0.189222 0.61285
532000 0.227933 0.191928 0.205152 0.625013
533000 0.2199 0.196378 0.19951 0.615788
534000 0.22291 0.188221 0.192849 0.60398
535000 0.22482 0.191661 0.205927 0.622408
536000 0.225995 0.202835 0.199956 0.628786
537000 0.209066 0.201193 0.201597 0.611856
538000 0.225872 0.200373 0.20173 0.627974
539000 0.210543 0.20577 0.200486 0.616799
540000 0.227904 0.203981 0.194529 0.626414
541000 0.223568 0.209783 0.199009 0.63236
542000 0.217687 0.208142 0.197636 0.623465
543000 0.242859 0.198722 0.192438 0.634019
544000 0.206934 0.201134 0.195488 0.603556
545000 0.212925 0.20329 0.195045 0.611261
546000 0.227938 0.201658 0.206899 0.636495
547000 0.222425 0.200429 0.204826 0.62768
548000 0.224509 0.211267 0.206539 0.642316
549000 0.235653 0.213191 0.203554 0.652398
550000 0.219548 0.214169 0.215827 0.649544
551000 0.230277 0.224889 0.195996 0.651162
552000 0.217454 0.204493 0.211062 0.633008
553000 0.230262 0.221528 0.20736 0.65915
554000 0.219018 0.212797 0.204573 0.636388
555000 0.237409 0.217374 0.20167 0.656453
556000 0.232944 0.225577 0.204063 0.662584
557000 0.232277 0.206916 0.205637 0.64483
558000 0.23761 0.215186 0.206772 0.659568
559000 0.236799 0.212518 0.21254 0.661857
560000 0.234227 0.215957 0.196434 0.646618
561000 0.248007 0.235053 0.204334 0.687394
562000 0.23495 0.218744 0.203321 0.657015
563000 0.228413 0.20377 0.209137 0.641319
564000 0.232897 0.232538 0.202249 0.667684
565000 0.235357 0.223068 0.200216 0.658641
566000 0.239016 0.219398 0.209322 0.667735
567000 0.246386 0.219104 0.204597 0.670087
568000 0.248728 0.221372 0.193191 0.663291
569000 0.233743 0.213741 0.206418 0.653902
570000 0.245336 0.218795 0.218197 0.682328
571000 0.247632 0.236644 0.209711 0.693988
572000 0.251077 0.224798 0.212788 0.688664
573000 0.240152 0.222032 0.21109 0.673274
574000 0.24456 0.22213 0.226303 0.692992
575000 0.242814 0.227168 0.21827 0.688252
576000 0.249548 0.21851 0.209015 0.677073
577000 0.227477 0.220144 0.205166 0.652788
578000 0.248944 0.226109 0.207779 0.682832
579000 0.237839 0.22418 0.211957 0.673975
580000 0.264688 0.224646 0.212961 0.702295
581000 0.260228 0.219917 0.214945 0.695091
582000 0.255991 0.213125 0.210133 0.679249
583000 0.257831 0.221201 0.214671 0.693703
584000 0.233116 0.216756 0.211343 0.661214
585000 0.264633 0.228503 0.211663 0.704799
586000 0.25755 0.222015 0.214347 0.693912
587000 0.246597 0.214749 0.207765 0.669111
588000 0.247252 0.221862 0.213663 0.682777
589000 0.2456 0.226295 0.202984 0.674879
590000 0.256218 0.219655 0.21699 0.692864
591000 0.254049 0.212181 0.214278 0.680507
592000 0.24665 0.212359 0.21887 0.677879
593000 0.258085 0.216736 0.207833 0.682654
594000 0.24678 0.208898 0.215832 0.67151
595000 0.252715 0.218946 0.212329 0.68399
596000 0.263021 0.223181 0.208476 0.694678
597000 0.251452 0.228401 0.218101 0.697954
598000 0.257153 0.232288 0.212662 0.702104
599000 0.236252 0.221103 0.222456 0.679811
600000 0.239398 0.228485 0.226019 0.693903
601000 0.235184 0.228462 0.224437 0.688083
602000 0.243975 0.229607 0.212161 0.685743
603000 0.250678 0.227499 0.213206 0.691383
604000 0.264092 0.227338 0.216662 0.708093
605000 0.269705 0.240665 0.221499 0.731869
606000 0.262701 0.239398 0.222748 0.724847
607000 0.264368 0.229552 0.219883 0.713803
608000 0.246175 0.225861 0.216751 0.688787
609000 0.242333 0.230434 0.20691 0.679676
610000 0.255139 0.219822 0.222642 0.697603
611000 0.244395 0.213093 0.217923 0.675411
612000 0.264394 0.234854 0.22221 0.721459
613000 0.261919 0.231135 0.220332 0.713386
614000 0.239751 0.210183 0.224522 0.674456
615000 0.268847 0.234538 0.214162 0.717548
616000 0.256568 0.228459 0.218249 0.703276
617000 0.248898 0.223689 0.225084 0.697672
618000 0.26129 0.230086 0.229401 0.720777
619000 0.246517 0.236157 0.223835 0.70651
620000 0.239942 0.222326 0.218455 0.680723
621000 0.273199 0.238531 0.225057 0.736787
622000 0.24776 0.228092 0.226304 0.702155
623000 0.261736 0.230739 0.222136 0.714612
624000 0.257523 0.222769 0.238053 0.718345
625000 0.253134 0.229805 0.225165 0.708105
626000 0.257818 0.230572 0.232718 0.721108
627000 0.245482 0.243674 0.233788 0.722944
628000 0.259452 0.242457 0.23664 0.738549
629000 0.251638 0.237912 0.223339 0.712888
630000 0.250583 0.234535 0.232188 0.717306
631000 0.25343 0.236183 0.231174 0.720787
632000 0.275756 0.233705 0.240859 0.75032
633000 0.285281 0.243832 0.23218 0.761293
634000 0.265151 0.233966 0.224624 0.723741
635000 0.247944 0.235176 0.230558 0.713678
636000 0.271555 0.249834 0.237856 0.759245
637000 0.26428 0.235207 0.232068 0.731555
638000 0.260748 0.232708 0.232507 0.725962
639000 0.251737 0.224854 0.224325 0.700917
640000 0.243347 0.230483 0.222582 0.696413
641000 0.271008 0.243597 0.226646 0.741252
642000 0.263479 0.230786 0.241791 0.736056
643000 0.264736 0.231581 0.234347 0.730664
644000 0.270834 0.23366 0.234625 0.73912
645000 0.268935 0.230273 0.231702 0.730911
646000 0.250503 0.230368 0.241318 0.722189
647000 0.270041 0.233713 0.245001 0.748755
648000 0.258931 0.232011 0.233019 0.723961
649000 0.252913 0.233812 0.235644 0.722369
650000 0.258688 0.2416 0.235161 0.735448
651000 0.254483 0.23326 0.235662 0.723406
652000 0.254795 0.242536 0.235663 0.732995
653000 0.252547 0.238544 0.234111 0.725201
654000 0.268519 0.230577 0.230838 0.729934
655000 0.265934 0.231133 0.231998 0.729065
656000 0.244769 0.242288 0.22835 0.715408
657000 0.256441 0.228517 0.23438 0.719339
658000 0.271587 0.252692 0.223468 0.747748
659000 0.286222 0.237904 0.235269 0.759396
660000 0.288862 0.234563 0.233136 0.756561
661000 0.270746 0.231927 0.235894 0.738567
662000 0.275523 0.236094 0.224932 0.736549
663000 0.268895 0.238173 0.226028 0.733096
664000 0.273287 0.241844 0.241695 0.756825
665000 0.25653 0.243587 0.243154 0.743271
666000 0.259931 0.237284 0.237791 0.735005
667000 0.260387 0.240917 0.227427 0.72873
668000 0.27064 0.238126 0.238172 0.746937
669000 0.2616 0.237974 0.23022 0.729795
670000 0.268416 0.240384 0.23987 0.748669
671000 0.266074 0.222232 0.241167 0.729474
672000 0.261176 0.236763 0.246423 0.744362
673000 0.259749 0.240003 0.23622 0.735972
674000 0.261224 0.238514 0.244237 0.743975
675000 0.263676 0.246238 0.248852 0.758766
676000 0.275323 0.237555 0.245476 0.758353
677000 0.260216 0.242834 0.234171 0.737221
678000 0.266283 0.238792 0.234378 0.739453
679000 0.25253 0.246475 0.238934 0.737938
680000 0.280268 0.247381 0.252766 0.780416
681000 0.263546 0.238858 0.244477 0.746881
682000 0.275426 0.244921 0.25287 0.773217
683000 0.272135 0.252159 0.247962 0.772256
684000 0.279219 0.236902 0.241987 0.758109
685000 0.269807 0.235014 0.238048 0.742869
686000 0.268694 0.239666 0.255495 0.763855
687000 0.26317 0.238293 0.242836 0.744299
688000 0.261452 0.23683 0.253919 0.752201
689000 0.272315 0.235039 0.24722 0.754574
690000 0.259343 0.243979 0.248271 0.751593
691000 0.270701 0.248764 0.247048 0.766513
692000 0.263963 0.245533 0.248553 0.758049
693000 0.286174 0.253647 0.25446 0.794282
694000 0.26595 0.253053 0.237445 0.756449
695000 0.278123 0.241657 0.245193 0.764973
696000 0.265979 0.233531 0.256175 0.755684
697000 0.277782 0.251773 0.250323 0.779878
698000 0.271962 0.24546 0.255418 0.77284
699000 0.274262 0.235108 0.249406 0.758776
700000 0.26696 0.256982 0.253369 0.777311
701000 0.27469 0.236337 0.242529 0.753557
702000 0.273727 0.244633 0.248281 0.766641
703000 0.268798 0.246314 0.250513 0.765625
704000 0.274844 0.239977 0.254281 0.769102
705000 0.278027 0.241294 0.252497 0.771819
706000 0.266482 0.244082 0.242934 0.753499
707000 0.268982 0.240547 0.251702 0.76123
708000 0.278157 0.244104 0.249027 0.771287
709000 0.288006 0.252725 0.24591 0.786642
710000 0.276637 0.243843 0.253314 0.773794
711000 0.288601 0.248475 0.250929 0.788005
712000 0.27517 0.245299 0.243889 0.764358
713000 0.275544 0.249214 0.261371 0.786129
714000 0.271015 0.244947 0.240313 0.756275
715000 0.271765 0.243791 0.252707 0.768263
716000 0.270517 0.255452 0.252062 0.778031
717000 0.267995 0.244282 0.246726 0.759003
718000 0.277784 0.24349 0.252491 0.773765
719000 0.271566 0.246858 0.247113 0.765536
720000 0.269207 0.240212 0.246867 0.756287
721000 0.278611 0.243779 0.252417 0.774808
722000 0.286275 0.254579 0.250084 0.790939
723000 0.274019 0.250827 0.245992 0.770838
724000 0.275446 0.250364 0.25575 0.78156
725000 0.281526 0.250171 0.25372 0.785418
726000 0.287627 0.259841 0.248251 0.79572
727000 0.272189 0.244471 0.245827 0.762487
728000 0.271899 0.250286 0.250649 0.772835
729000 0.288213 0.250062 0.247576 0.78585
730000 0.277389 0.244368 0.247854 0.76961
731000 0.286775 0.250267 0.248009 0.785051
732000 0.275595 0.252147 0.257189 0.784931
733000 0.284839 0.243098 0.258612 0.78655
734000 0.292655 0.252882 0.248741 0.794279
735000 0.268003 0.244093 0.255583 0.76768
736000 0.279061 0.250623 0.257485 0.787169
737000 0.278227 0.257454 0.258075 0.793757
738000 0.286114 0.256684 0.251379 0.794177
739000 0.285107 0.258822 0.256245 0.800175
740000 0.266883 0.257177 0.249523 0.773582
741000 0.270907 0.247952 0.261915 0.780773
742000 0.265398 0.251233 0.257037 0.773668
743000 0.281654 0.257715 0.256435 0.795804
744000 0.279252 0.255444 0.250573 0.785269
745000 0.284201 0.256798 0.247891 0.78889
746000 0.267303 0.240833 0.254826 0.762962
747000 0.265446 0.248329 0.245045 0.75882
748000 0.293903 0.252843 0.257054 0.8038
749000 0.263932 0.252423 0.250446 0.766801
750000 0.273741 0.25345 0.254925 0.782116
751000 0.270952 0.261929 0.25024 0.783121
752000 0.271383 0.249132 0.250243 0.770759
753000 0.279472 0.264054 0.258683 0.802209
754000 0.283361 0.26201 0.249743 0.795115
755000 0.281745 0.248786 0.255476 0.786007
756000 0.274759 0.244253 0.260743 0.779756
757000 0.273909 0.236217 0.25706 0.767187
758000 0.285738 0.255865 0.25828 0.799883
759000 0.272241 0.269467 0.267073 0.808781
760000 0.281737 0.250834 0.269529 0.8021
761000 0.277873 0.264942 0.251354 0.794169
762000 0.280805 0.257725 0.255726 0.794256
763000 0.281605 0.264075 0.266132 0.811812
764000 0.284686 0.265893 0.259266 0.809845
765000 0.296613 0.267345 0.255849 0.819807
766000 0.290919 0.269089 0.25398 0.813988
767000 0.274616 0.280544 0.26356 0.818719
768000 0.288981 0.266354 0.266537 0.821872
769000 0.277271 0.263199 0.251818 0.792289
770000 0.279036 0.263312 0.269556 0.811904
771000 0.282185 0.275163 0.263589 0.820938
772000 0.285969 0.25946 0.25525 0.800678
773000 0.283612 0.276864 0.253859 0.814335
774000 0.281499 0.253746 0.25877 0.794015
775000 0.267492 0.256986 0.253684 0.778163
776000 0.273248 0.257769 0.255336 0.786352
777000 0.286917 0.260907 0.25285 0.800674
778000 0.283724 0.271945 0.25217 0.807838
779000 0.275639 0.270396 0.265944 0.811979
780000 0.294377 0.276441 0.250813 0.821631
781000 0.274999 0.268899 0.247135 0.791034
782000 0.274618 0.256817 0.24672 0.778155
783000 0.295457 0.260467 0.255091 0.811015
784000 0.286808 0.274028 0.244242 0.805078
785000 0.278685 0.255319 0.260027 0.794031
786000 0.291785 0.262293 0.253353 0.807431
787000 0.269412 0.262208 0.260495 0.792115
788000 0.28277 0.269768 0.263856 0.816393
789000 0.284007 0.265553 0.253423 0.802983
790000 0.298174 0.264036 0.256708 0.818918
791000 0.288676 0.269549 0.255634 0.813859
792000 0.27764 0.263185 0.256281 0.797105
793000 0.271449 0.250775 0.25732 0.779544
794000 0.270081 0.254653 0.247636 0.77237
795000 0.285767 0.270512 0.251454 0.807732
796000 0.280248 0.24793 0.259631 0.78781
797000 0.28127 0.258474 0.258025 0.797769
798000 0.2707 0.254498 0.251572 0.77677
799000 0.273724 0.259823 0.253207 0.786754
800000 0.277653 0.263602 0.250093 0.791348
801000 0.283611 0.266738 0.25263 0.802978
802000 0.281176 0.255874 0.255584 0.792634
803000 0.284738 0.252682 0.26239 0.79981
804000 0.268039 0.262666 0.256398 0.787103
805000 0.295867 0.257114 0.253753 0.806734
806000 0.281323 0.258034 0.256571 0.795927
807000 0.276815 0.258325 0.255572 0.790712
808000 0.283441 0.277521 0.256088 0.81705
809000 0.288506 0.269419 0.252062 0.809987
810000 0.293899 0.263045 0.255586 0.81253
811000 0.279098 0.269539 0.256427 0.805064
812000 0.288512 0.267073 0.263431 0.819015
813000 0.288134 0.261154 0.26928 0.818568
814000 0.273691 0.265656 0.261169 0.800516
815000 0.283548 0.25421 0.265059 0.802817
816000 0.269902 0.251677 0.254629 0.776208
817000 0.286451 0.255521 0.255975 0.797947
818000 0.287037 0.261178 0.2618 0.810015
819000 0.273697 0.261993 0.262296 0.797986
820000 0.29091 0.268448 0.262206 0.821565
821000 0.27345 0.267632 0.254763 0.795846
822000 0.284223 0.264183 0.259958 0.808364
823000 0.291434 0.259061 0.261347 0.811842
824000 0.287598 0.260586 0.249723 0.797908
825000 0.295537 0.258333 0.259561 0.813431
826000 0.293537 0.26818 0.25721 0.818926
827000 0.275569 0.259368 0.254786 0.789724
828000 0.291174 0.269871 0.257027 0.818073
829000 0.2826 0.257956 0.262505 0.803061
830000 0.274704 0.266116 0.270798 0.811618
831000 0.289166 0.261632 0.259978 0.810776
832000 0.276452 0.259051 0.261415 0.796918
833000 0.28107 0.262114 0.259659 0.802842
834000 0.287373 0.264344 0.270039 0.821756
835000 0.284076 0.26906 0.264188 0.817324
836000 0.276713 0.264904 0.25408 0.795696
837000 0.273006 0.253662 0.264167 0.790835
838000 0.284691 0.25882 0.267111 0.810622
839000 0.289783 0.270058 0.264779 0.82462
840000 0.286176 0.263804 0.261158 0.811138
841000 0.293893 0.257274 0.266955 0.818122
842000 0.279738 0.26566 0.26322 0.808617
843000 0.277555 0.268222 0.265778 0.811555
844000 0.288665 0.261476 0.266441 0.816582
845000 0.28167 0.251106 0.25542 0.788196
846000 0.294504 0.260773 0.265789 0.821066
847000 0.274487 0.264555 0.264091 0.803133
848000 0.283865 0.26804 0.258651 0.810556
849000 0.280658 0.265456 0.267452 0.813566
850000 0.29141 0.262119 0.271285 0.824814
851000 0.283225 0.261675 0.266956 0.811855
852000 0.286423 0.262574 0.263054 0.812051
853000 0.296806 0.270706 0.270517 0.838029
854000 0.306283 0.270086 0.269925 0.846294
855000 0.300839 0.272023 0.266004 0.838866
856000 0.293103 0.274237 0.263585 0.830925
857000 0.287743 0.272876 0.270684 0.831303
858000 0.302102 0.275773 0.26886 0.846734
859000 0.300823 0.275806 0.257735 0.834364
860000 0.294323 0.262078 0.269564 0.825966
861000 0.297988 0.267999 0.267427 0.833415
862000 0.29528 0.263409 0.264372 0.823061
863000 0.301854 0.265202 0.269271 0.836327
864000 0.292722 0.259378 0.26738 0.81948
865000 0.292704 0.270098 0.263351 0.826153
866000 0.29735 0.274784 0.267699 0.839833
867000 0.299247 0.263608 0.262638 0.825492
868000 0.288414 0.267621 0.269189 0.825224
869000 0.304188 0.262588 0.273087 0.839864
870000 0.286436 0.255984 0.275638 0.818059
871000 0.294437 0.264862 0.26774 0.827039
872000 0.295353 0.263395 0.261978 0.820727
873000 0.301349 0.275602 0.26832 0.845271
874000 0.307232 0.2728 0.268111 0.848143
875000 0.300309 0.271899 0.276536 0.848743
876000 0.296968 0.276578 0.268887 0.842433
877000 0.295172 0.272361 0.267739 0.835272
878000 0.284734 0.275907 0.261104 0.821744
879000 0.295715 0.285423 0.278404 0.859543
880000 0.286673 0.271493 0.279778 0.837945
881000 0.303302 0.272824 0.274294 0.85042
882000 0.290279 0.283102 0.271707 0.845087
883000 0.294823 0.278038 0.274632 0.847494
884000 0.299622 0.281257 0.268804 0.849684
885000 0.281052 0.270487 0.272445 0.823984
886000 0.283059 0.272218 0.27183 0.827108
887000 0.307243 0.285185 0.281492 0.873921
888000 0.299801 0.276934 0.286269 0.863005
889000 0.290797 0.276224 0.278654 0.845675
890000 0.303332 0.271097 0.276579 0.851007
891000 0.294323 0.281331 0.276994 0.852649
892000 0.302697 0.28107 0.290236 0.874003
893000 0.29957 0.282778 0.282372 0.86472
894000 0.289876 0.276673 0.26731 0.833859
895000 0.299854 0.290936 0.270955 0.861745
896000 0.300529 0.287467 0.271233 0.859228
897000 0.289638 0.277183 0.281715 0.848536
898000 0.300935 0.281425 0.277515 0.859875
899000 0.285788 0.276438 0.280841 0.843067
900000 0.303108 0.282475 0.281294 0.866877
901000 0.284281 0.272274 0.28144 0.837995
902000 0.288297 0.280491 0.287779 0.856568
903000 0.289212 0.284724 0.276638 0.850574
904000 0.301339 0.284911 0.274297 0.860548
905000 0.300111 0.280286 0.278063 0.85846
906000 0.296141 0.278713 0.277179 0.852033
907000 0.301557 0.278801 0.285891 0.866249
908000 0.300342 0.272825 0.278565 0.851732
909000 0.310563 0.294554 0.285846 0.890963
910000 0.299496 0.281075 0.28219 0.862761
911000 0.309257 0.287192 0.292228 0.888677
912000 0.314882 0.294931 0.277671 0.887484
913000 0.301402 0.283313 0.280257 0.864973
914000 0.311939 0.289982 0.279604 0.881525
915000 0.295194 0.283242 0.280862 0.859297
916000 0.31671 0.295274 0.293796 0.905781
917000 0.304083 0.287733 0.273291 0.865106
918000 0.309342 0.286558 0.283508 0.879408
919000 0.308389 0.289616 0.287113 0.885118
920000 0.300611 0.28419 0.280582 0.865382
921000 0.300859 0.281699 0.282192 0.86475
922000 0.308078 0.28533 0.287713 0.881121
923000 0.317783 0.289193 0.283991 0.890967
924000 0.305456 0.29426 0.281758 0.881474
925000 0.300809 0.296039 0.277997 0.874844
926000 0.318573 0.297297 0.287782 0.903652
927000 0.30044 0.287119 0.286986 0.874545
928000 0.314904 0.290727 0.288204 0.893834
929000 0.310423 0.289121 0.282583 0.882127
930000 0.304981 0.282552 0.283558 0.871091
931000 0.338027 0.315103 0.283953 0.937083
932000 0.320354 0.297089 0.279957 0.8974
933000 0.313338 0.300053 0.282219 0.895609
934000 0.317232 0.306656 0.288039 0.911927
935000 0.316301 0.297119 0.291573 0.904993
936000 0.313441 0.286298 0.287481 0.88722
937000 0.319729 0.294497 0.281918 0.896144
938000 0.313827 0.28591 0.285342 0.885079
939000 0.315423 0.293416 0.280273 0.889111
940000 0.322567 0.290407 0.285761 0.898735
941000 0.312793 0.279881 0.277318 0.869992
942000 0.312472 0.303015 0.28708 0.902567
943000 0.308318 0.307171 0.282257 0.897746
944000 0.301098 0.289066 0.281306 0.871469
945000 0.31255 0.318338 0.284163 0.91505
946000 0.309777 0.296048 0.285456 0.891281
947000 0.306602 0.304937 0.285873 0.897412
948000 0.300242 0.303183 0.28725 0.890675
949000 0.310276 0.303219 0.282359 0.895854
950000 0.297783 0.323183 0.286145 0.90711
951000 0.301071 0.297617 0.292293 0.890981
952000 0.310067 0.31369 0.282932 0.906688
953000 0.307379 0.307212 0.295591 0.910182
954000 0.324275 0.311451 0.283046 0.918771
955000 0.329483 0.312768 0.290594 0.932844
956000 0.322954 0.302679 0.287796 0.913429
957000 0.315882 0.310211 0.294004 0.920098
958000 0.336791 0.304068 0.289383 0.930243
959000 0.302608 0.309394 0.287848 0.899849
960000 0.336795 0.318241 0.29347 0.948506
961000 0.315555 0.322136 0.295576 0.933267
962000 0.323046 0.319156 0.285868 0.92807
963000 0.318622 0.318678 0.291219 0.928518
964000 0.308086 0.304997 0.286803 0.899886
965000 0.310158 0.307005 0.281842 0.899006
966000 0.307893 0.316772 0.284149 0.908814
967000 0.327075 0.321187 0.28914 0.937402
968000 0.317819 0.311244 0.292949 0.922011
969000 0.304348 0.320461 0.283093 0.907901
970000 0.309879 0.30643 0.287443 0.903752
971000 0.322781 0.311627 0.292532 0.926939
972000 0.320964 0.321574 0.298742 0.94128
973000 0.307859 0.310155 0.284923 0.902937
974000 0.320042 0.305158 0.291499 0.916699
975000 0.323458 0.309593 0.299432 0.932483
976000 0.318935 0.319299 0.301927 0.940161
977000 0.309974 0.317733 0.295878 0.923585
978000 0.313032 0.310747 0.301276 0.925055
979000 0.309338 0.319068 0.29694 0.925347
980000 0.316564 0.31921 0.290616 0.92639
981000 0.323399 0.313196 0.292843 0.929439
982000 0.313738 0.306808 0.300741 0.921286
983000 0.302054 0.317221 0.292702 0.911976
984000 0.318766 0.322013 0.293926 0.934706
985000 0.3159 0.317975 0.289405 0.92328
986000 0.312661 0.315765 0.291214 0.91964
987000 0.320419 0.299692 0.293334 0.913445
988000 0.320928 0.321229 0.296392 0.938549
989000 0.317833 0.317363 0.295978 0.931174
990000 0.322652 0.316153 0.298322 0.937127
991000 0.323672 0.315237 0.29888 0.937789
992000 0.333313 0.312119 0.294262 0.939694
993000 0.323193 0.309412 0.287473 0.920077
994000 0.31751 0.310034 0.295852 0.923396
995000 0.3143 0.314378 0.299049 0.927727
996000 0.311344 0.311904 0.298232 0.92148
997000 0.327003 0.316088 0.299885 0.942976
998000 0.339382 0.321699 0.303626 0.964707
999000 0.317543 0.320881 0.296772 0.935197
1000000 0.323413 0.321084 0.30372 0.948218
1001000 0.31084 0.313499 0.302459 0.926798
1002000 0.328528 0.314548 0.29443 0.937506
1003000 0.311688 0.317575 0.300337 0.929599
1004000 0.336449 0.32093 0.301675 0.959055
1005000 0.3271 0.311934 0.304452 0.943486
1006000 0.317549 0.312596 0.306848 0.936994
1007000 0.313459 0.317186 0.300745 0.931389
1008000 0.324253 0.306051 0.2947 0.925004
1009000 0.324223 0.319789 0.297354 0.941366
1010000 0.330813 0.316551 0.306554 0.953918
1011000 0.31498 0.307851 0.299626 0.922458
1012000 0.335501 0.307017 0.294999 0.937518
1013000 0.329359 0.314482 0.306823 0.950665
1014000 0.321924 0.322175 0.304387 0.948487
1015000 0.316857 0.31839 0.300998 0.936245
1016000 0.322742 0.323917 0.302716 0.949375
1017000 0.329139 0.317177 0.316285 0.9626
1018000 0.331954 0.316732 0.300622 0.949307
1019000 0.323202 0.322014 0.307453 0.95267
1020000 0.321083 0.322152 0.294275 0.93751
1021000 0.329647 0.316177 0.299406 0.945231
1022000 0.332605 0.322367 0.300641 0.955612
1023000 0.333158 0.329092 0.308581 0.97083
1024000 0.327286 0.318143 0.311512 0.956941
1025000 0.322838 0.309532 0.30716 0.93953
1026000 0.324264 0.327901 0.29909 0.951255
1027000 0.320457 0.315058 0.302235 0.937749
1028000 0.327722 0.308697 0.296954 0.933373
1029000 0.312437 0.319398 0.305231 0.937066
1030000 0.329187 0.30794 0.306826 0.943952
