# Time-averaged data for fix 1
# TimeStep c_msd_all[1] c_msd_all[2] c_msd_all[3] c_msd_all[4]
31000 0.0720276 0.0683739 0.0696746 0.210076
32000 0.081096 0.0681828 0.0829233 0.232202
33000 0.0805907 0.0727506 0.0661314 0.219473
34000 0.0765874 0.0784423 0.0690091 0.224039
35000 0.0700902 0.0859244 0.0719605 0.227975
36000 0.0584599 0.0816297 0.0611524 0.201242
37000 0.0855986 0.0813022 0.0694984 0.236399
38000 0.0919222 0.085655 0.0726262 0.250203
39000 0.0857071 0.0713529 0.0705065 0.227567
40000 0.0858101 0.074088 0.0717354 0.231634
41000 0.079356 0.0854245 0.0811529 0.245933
42000 0.0743725 0.0919016 0.0796205 0.245895
43000 0.0842558 0.0910917 0.0754976 0.250845
44000 0.0908246 0.0692358 0.0641054 0.224166
45000 0.100971 0.0872355 0.0741027 0.262309
46000 0.0895726 0.0757623 0.0754522 0.240787
47000 0.069996 0.0746341 0.0769577 0.221588
48000 0.0679643 0.0794303 0.0739212 0.221316
49000 0.0766149 0.074211 0.072039 0.222865
50000 0.081785 0.0874363 0.0782114 0.247433
51000 0.0913996 0.0837861 0.0791206 0.254306
52000 0.0811619 0.0819769 0.0775008 0.24064
53000 0.0778986 0.0774783 0.0716244 0.227001
54000 0.0685808 0.0855444 0.0713504 0.225476
55000 0.0657478 0.0875833 0.0708501 0.224181
56000 0.0729736 0.107392 0.0731381 0.253504
57000 0.0700453 0.0849029 0.0812848 0.236233
58000 0.0815731 0.0913034 0.0811541 0.254031
59000 0.0735222 0.0928434 0.0916242 0.25799
60000 0.0776888 0.0879579 0.0857929 0.25144
61000 0.070929 0.0934825 0.0769679 0.241379
62000 0.0760027 0.0867001 0.0787623 0.241465
63000 0.0783211 0.0906849 0.0780189 0.247025
64000 0.0817903 0.0849916 0.0817607 0.248543
65000 0.0718732 0.0903847 0.096994 0.259252
66000 0.0702186 0.0892374 0.07914 0.238596
67000 0.0747275 0.101016 0.0812188 0.256962
68000 0.0767187 0.101318 0.0765333 0.25457
69000 0.081125 0.108159 0.0972986 0.286582
70000 0.0831732 0.102121 0.106893 0.292187
71000 0.0981661 0.0994869 0.111947 0.3096
72000 0.104384 0.103789 0.111072 0.319245
73000 0.0990492 0.107897 0.0888531 0.295799
74000 0.0874787 0.102729 0.0886953 0.278903
75000 0.080893 0.122186 0.102267 0.305345
76000 0.0761073 0.109156 0.0968796 0.282143
77000 0.0833192 0.11601 0.10566 0.30499
78000 0.0837961 0.114934 0.107742 0.306472
79000 0.090116 0.120631 0.114524 0.325272
80000 0.0834241 0.130624 0.120662 0.33471
81000 0.0864926 0.109651 0.111027 0.307171
82000 0.0863063 0.115108 0.107727 0.309141
83000 0.0841091 0.130329 0.114981 0.32942
84000 0.0798538 0.123279 0.110679 0.313812
85000 0.0985284 0.132163 0.110267 0.340958
86000 0.084075 0.124901 0.108617 0.317593
87000 0.0867669 0.133051 0.113774 0.333592
88000 0.0859241 0.132056 0.118783 0.336763
89000 0.0863094 0.126593 0.120891 0.333793
90000 0.0891469 0.134956 0.151688 0.375791
91000 0.0924017 0.145835 0.141838 0.380074
92000 0.0819123 0.126088 0.103704 0.311704
93000 0.0936749 0.140779 0.109942 0.344396
94000 0.0856857 0.125573 0.136136 0.347395
95000 0.0917079 0.135346 0.164168 0.391221
96000 0.0887916 0.148756 0.159152 0.396699
97000 0.0889491 0.140455 0.126005 0.355409
98000 0.0888004 0.152355 0.123073 0.364228
99000 0.097211 0.133247 0.135553 0.366011
100000 0.0982129 0.144546 0.153463 0.396222
101000 0.0888615 0.14244 0.144575 0.375876
102000 0.088098 0.136721 0.122533 0.347352
103000 0.0963112 0.182548 0.123647 0.402506
104000 0.0879866 0.165596 0.148447 0.402029
105000 0.0933495 0.146042 0.150018 0.38941
106000 0.0940788 0.147839 0.165216 0.407134
107000 0.0854126 0.143657 0.147193 0.376263
108000 0.0824729 0.183811 0.120123 0.386407
109000 0.0874119 0.141811 0.125411 0.354633
110000 0.0921941 0.149183 0.139003 0.38038
111000 0.0906053 0.146492 0.140681 0.377779
112000 0.0879967 0.155634 0.137701 0.381332
113000 0.0956979 0.178588 0.124938 0.399224
114000 0.0973297 0.156324 0.132592 0.386246
115000 0.0971 0.159948 0.131804 0.388852
116000 0.0898963 0.145932 0.139306 0.375135
117000 0.0967582 0.160752 0.150821 0.408331
118000 0.107421 0.171772 0.142717 0.421911
119000 0.101318 0.156351 0.128286 0.385954
120000 0.095874 0.166791 0.131462 0.394127
121000 0.108753 0.150206 0.146439 0.405399
122000 0.101249 0.150413 0.148456 0.400118
123000 0.105271 0.161013 0.145068 0.411352
124000 0.0998127 0.163718 0.150992 0.414523
125000 0.105083 0.169886 0.147553 0.422522
126000 0.106455 0.164889 0.160296 0.43164
127000 0.0999852 0.173158 0.158177 0.43132
128000 0.0898001 0.150108 0.141991 0.381898
129000 0.111282 0.149448 0.150169 0.4109
130000 0.124451 0.159765 0.147471 0.431687
131000 0.121366 0.157023 0.153244 0.431632
132000 0.102844 0.161818 0.150701 0.415363
133000 0.0963049 0.157336 0.147835 0.401475
134000 0.0998404 0.15816 0.136017 0.394017
135000 0.106481 0.164771 0.145354 0.416606
136000 0.132982 0.160387 0.145478 0.438848
137000 0.115041 0.159346 0.164201 0.438589
138000 0.112391 0.162265 0.153315 0.427971
139000 0.0960042 0.15927 0.137952 0.393226
140000 0.0984515 0.151802 0.134529 0.384783
141000 0.10037 0.146592 0.132356 0.379318
142000 0.089522 0.158188 0.14711 0.39482
143000 0.0992853 0.157653 0.145854 0.402792
144000 0.0968393 0.156998 0.153568 0.407406
145000 0.0962084 0.163936 0.135772 0.395917
146000 0.095689 0.150094 0.142039 0.387822
147000 0.100809 0.178566 0.14388 0.423255
148000 0.0986342 0.164176 0.139317 0.402128
149000 0.108231 0.160091 0.136582 0.404904
150000 0.103224 0.158795 0.141461 0.403479
151000 0.093125 0.164546 0.146875 0.404546
152000 0.108602 0.163023 0.156096 0.42772
153000 0.098849 0.162487 0.150977 0.412313
154000 0.106027 0.173663 0.14605 0.42574
155000 0.0995659 0.170218 0.14085 0.410634
156000 0.100655 0.174701 0.152975 0.428331
157000 0.111984 0.172652 0.152938 0.437573
158000 0.115288 0.164851 0.15276 0.432898
159000 0.10563 0.192826 0.137384 0.43584
160000 0.100039 0.164514 0.151914 0.416468
161000 0.105392 0.175131 0.150204 0.430727
162000 0.0995664 0.175424 0.149468 0.424458
163000 0.101224 0.168211 0.165394 0.434829
164000 0.102357 0.168412 0.149569 0.420339
165000 0.11044 0.17201 0.148368 0.430818
166000 0.0998208 0.1672 0.146892 0.413913
167000 0.104843 0.163778 0.147806 0.416428
168000 0.104845 0.172272 0.161822 0.438939
169000 0.108873 0.172018 0.161623 0.442514
170000 0.106018 0.17009 0.154008 0.430115
171000 0.102659 0.169743 0.151396 0.423798
172000 0.0979321 0.171227 0.151994 0.421153
173000 0.10564 0.166769 0.157582 0.429991
174000 0.11045 0.17523 0.167875 0.453556
175000 0.107251 0.173333 0.160303 0.440887
176000 0.116321 0.183829 0.160439 0.460589
177000 0.112974 0.177336 0.163576 0.453886
178000 0.103867 0.169481 0.176206 0.449554
179000 0.108208 0.192765 0.164702 0.465675
180000 0.115699 0.176724 0.158817 0.45124
181000 0.108095 0.183358 0.172697 0.46415
182000 0.100514 0.199621 0.189689 0.489824
183000 0.114476 0.188857 0.19684 0.500173
184000 0.105502 0.203577 0.181081 0.490159
185000 0.105979 0.199829 0.181949 0.487757
186000 0.103526 0.183557 0.177826 0.464909
187000 0.112951 0.212812 0.180574 0.506338
188000 0.119964 0.188343 0.174243 0.48255
189000 0.108379 0.191963 0.166698 0.46704
190000 0.11123 0.194402 0.170948 0.47658
191000 0.107679 0.179049 0.167271 0.453999
192000 0.117198 0.181015 0.177684 0.475898
193000 0.107903 0.189658 0.183004 0.480565
194000 0.102387 0.180767 0.177944 0.461099
195000 0.122924 0.212726 0.18037 0.51602
196000 0.11626 0.190925 0.17272 0.479906
197000 0.118142 0.200497 0.195909 0.514548
198000 0.114909 0.193739 0.197758 0.506406
199000 0.11067 0.187061 0.202279 0.50001
200000 0.119339 0.203916 0.189889 0.513144
201000 0.111616 0.186955 0.180109 0.47868
202000 0.109251 0.201493 0.183593 0.494338
203000 0.122358 0.204426 0.198623 0.525407
204000 0.11685 0.201471 0.206943 0.525264
205000 0.114585 0.218482 0.194288 0.527355
206000 0.106468 0.206915 0.200806 0.514189
207000 0.134214 0.221403 0.188103 0.543719
208000 0.12072 0.209754 0.205859 0.536332
209000 0.119105 0.197999 0.212503 0.529607
210000 0.122138 0.22859 0.201136 0.551864
211000 0.142629 0.212327 0.19579 0.550746
212000 0.13316 0.231911 0.193771 0.558841
213000 0.125259 0.221485 0.2193 0.566043
214000 0.118945 0.21596 0.21612 0.551024
215000 0.115089 0.233531 0.207667 0.556287
216000 0.12612 0.220814 0.18711 0.534044
217000 0.133182 0.232332 0.196901 0.562414
218000 0.135972 0.226711 0.204468 0.56715
219000 0.128613 0.236438 0.215828 0.580879
220000 0.131174 0.241772 0.226181 0.599127
221000 0.124254 0.231213 0.217203 0.57267
222000 0.13995 0.249308 0.199802 0.589061
223000 0.125192 0.23662 0.201488 0.563301
224000 0.123403 0.236487 0.215994 0.575883
225000 0.126988 0.238985 0.218256 0.584229
226000 0.130702 0.23945 0.2234 0.593551
227000 0.129731 0.245118 0.213094 0.587943
228000 0.129693 0.259614 0.204819 0.594126
229000 0.130396 0.2465 0.214429 0.591326
230000 0.128124 0.249697 0.220178 0.597999
231000 0.131938 0.252156 0.234777 0.618871
232000 0.130861 0.262341 0.238793 0.631995
233000 0.121415 0.257416 0.217306 0.596137
234000 0.143327 0.268075 0.227828 0.63923
235000 0.13048 0.261801 0.235076 0.627357
236000 0.136183 0.244166 0.225473 0.605821
237000 0.13289 0.26476 0.239121 0.63677
238000 0.13514 0.257561 0.220116 0.612817
239000 0.134679 0.260049 0.22488 0.619608
240000 0.139427 0.273231 0.236215 0.648874
241000 0.128097 0.261846 0.2443 0.634243
242000 0.135357 0.264542 0.240691 0.64059
243000 0.131503 0.260069 0.219688 0.61126
244000 0.134658 0.280137 0.240514 0.65531
245000 0.148628 0.318653 0.269406 0.736687
246000 0.131589 0.280474 0.265647 0.677711
247000 0.135888 0.264114 0.256996 0.656998
248000 0.136541 0.284685 0.226317 0.647543
249000 0.138867 0.266887 0.241221 0.646974
250000 0.136547 0.284902 0.272429 0.693878
251000 0.129334 0.286179 0.238461 0.653975
252000 0.136887 0.278196 0.240986 0.656069
253000 0.138508 0.292195 0.23433 0.665033
254000 0.124986 0.271918 0.238978 0.635882
255000 0.130819 0.276203 0.237559 0.644582
256000 0.134884 0.271915 0.233098 0.639896
257000 0.141022 0.266552 0.229501 0.637074
258000 0.128428 0.272762 0.228714 0.629904
259000 0.142093 0.282712 0.233122 0.657927
260000 0.134807 0.293542 0.243956 0.672306
261000 0.134611 0.277296 0.236463 0.648371
262000 0.140839 0.281804 0.23692 0.659563
263000 0.137416 0.284373 0.228895 0.650685
264000 0.136352 0.269354 0.232698 0.638403
265000 0.142414 0.287256 0.259419 0.689089
266000 0.136088 0.275107 0.247906 0.659102
267000 0.138496 0.27841 0.249243 0.666148
268000 0.147566 0.306041 0.234462 0.688068
269000 0.151983 0.297433 0.23452 0.683935
270000 0.135743 0.294704 0.244813 0.67526
271000 0.143565 0.300692 0.234111 0.678368
272000 0.140959 0.295444 0.256186 0.692589
273000 0.140977 0.308178 0.239824 0.688979
274000 0.132656 0.270867 0.242606 0.646129
275000 0.141848 0.280627 0.264462 0.686937
276000 0.166518 0.291998 0.250118 0.708634
277000 0.149243 0.302166 0.257875 0.709284
278000 0.143134 0.293468 0.235801 0.672403
279000 0.139292 0.294785 0.245814 0.679891
280000 0.144132 0.30807 0.254633 0.706834
281000 0.150036 0.301279 0.256663 0.707978
282000 0.154312 0.317048 0.242759 0.714118
283000 0.146879 0.296962 0.238903 0.682745
284000 0.148923 0.312364 0.253332 0.714618
285000 0.141892 0.313097 0.233621 0.68861
286000 0.153919 0.299003 0.233207 0.686129
287000 0.157116 0.309419 0.25582 0.722356
288000 0.160099 0.298793 0.251626 0.710518
289000 0.139369 0.305911 0.25179 0.69707
290000 0.146766 0.308897 0.244255 0.699918
291000 0.148793 0.31513 0.255433 0.719356
292000 0.149055 0.325405 0.248337 0.722796
293000 0.161406 0.298261 0.244862 0.704529
294000 0.151016 0.325497 0.267706 0.744218
295000 0.168826 0.300439 0.243111 0.712376
296000 0.160816 0.313311 0.252794 0.726921
297000 0.152044 0.298279 0.239267 0.689589
298000 0.145947 0.314069 0.248524 0.708541
299000 0.162583 0.319999 0.258588 0.741169
300000 0.158215 0.306726 0.263581 0.728522
301000 0.150162 0.329549 0.263106 0.742817
302000 0.142796 0.299032 0.252369 0.694196
303000 0.152287 0.316787 0.241845 0.710919
304000 0.164543 0.339891 0.24663 0.751064
305000 0.151493 0.319277 0.25273 0.7235
306000 0.148533 0.359772 0.242688 0.750993
307000 0.149711 0.323946 0.253222 0.726878
308000 0.15692 0.333977 0.246533 0.737429
309000 0.154415 0.336126 0.253245 0.743786
310000 0.14966 0.31907 0.245907 0.714637
311000 0.161836 0.339316 0.259908 0.76106
312000 0.157046 0.328621 0.247912 0.733579
313000 0.143789 0.325181 0.271595 0.740564
314000 0.153798 0.362131 0.273399 0.789329
315000 0.151385 0.330122 0.268022 0.749529
316000 0.160804 0.357431 0.254609 0.772845
317000 0.16399 0.324683 0.265518 0.754191
318000 0.15835 0.341801 0.259648 0.759799
319000 0.154668 0.345491 0.259906 0.760064
320000 0.154218 0.322692 0.267329 0.744239
321000 0.151617 0.350814 0.272236 0.774667
322000 0.156984 0.323167 0.260186 0.740337
323000 0.155352 0.334926 0.260118 0.750396
324000 0.155336 0.338294 0.27315 0.766781
325000 0.152248 0.341745 0.266649 0.760642
326000 0.148144 0.351741 0.26689 0.766775
327000 0.151729 0.327424 0.262228 0.741382
328000 0.164968 0.355592 0.266447 0.787006
329000 0.152332 0.341794 0.259598 0.753724
330000 0.146567 0.342578 0.255592 0.744737
331000 0.155386 0.343516 0.263353 0.762256
332000 0.14756 0.326855 0.26554 0.739955
333000 0.161696 0.373781 0.26264 0.798118
334000 0.151244 0.33879 0.267614 0.757649
335000 0.158308 0.333736 0.2604 0.752444
336000 0.165615 0.361398 0.268809 0.795822
337000 0.171696 0.344853 0.256953 0.773502
338000 0.159903 0.348122 0.252402 0.760427
339000 0.159597 0.337504 0.263472 0.760573
340000 0.168488 0.341803 0.262807 0.773098
341000 0.156447 0.35571 0.262831 0.774988
342000 0.158897 0.337689 0.26514 0.761726
343000 0.170456 0.376873 0.270898 0.818227
344000 0.16404 0.365454 0.283508 0.813002
345000 0.171755 0.353056 0.280185 0.804996
346000 0.156064 0.373811 0.289684 0.819559
347000 0.152858 0.353029 0.282396 0.788284
348000 0.156184 0.397757 0.276349 0.83029
349000 0.151775 0.364425 0.26575 0.781951
350000 0.166212 0.379155 0.268089 0.813456
351000 0.166314 0.358172 0.259577 0.784064
352000 0.175298 0.342259 0.268366 0.785923
353000 0.171931 0.370084 0.269684 0.811699
354000 0.158286 0.36081 0.289778 0.808873
355000 0.162236 0.357456 0.273216 0.792908
356000 0.172108 0.372035 0.280944 0.825086
357000 0.159799 0.356271 0.284055 0.800124
358000 0.160219 0.380295 0.278892 0.819406
359000 0.161756 0.355782 0.269851 0.78739
360000 0.177413 0.366005 0.269409 0.812827
361000 0.165515 0.353917 0.284594 0.804026
362000 0.156578 0.349407 0.283388 0.789374
363000 0.162678 0.366823 0.264862 0.794362
364000 0.170613 0.353242 0.283281 0.807135
365000 0.18163 0.367591 0.274611 0.823832
366000 0.171158 0.352166 0.296306 0.81963
367000 0.17437 0.352713 0.282092 0.809174
368000 0.164578 0.371856 0.277618 0.814052
369000 0.163295 0.357476 0.273729 0.7945
370000 0.165035 0.372587 0.277479 0.815102
371000 0.163359 0.35445 0.280847 0.798656
372000 0.166559 0.376614 0.291794 0.834968
373000 0.166701 0.371048 0.281396 0.819144
374000 0.171594 0.365777 0.279687 0.817058
375000 0.159982 0.379903 0.290072 0.829956
376000 0.164049 0.365684 0.286546 0.816279
377000 0.162196 0.37133 0.279818 0.813344
378000 0.195133 0.364893 0.288248 0.848274
379000 0.155122 0.370954 0.283794 0.809871
380000 0.166324 0.375544 0.28514 0.827007
381000 0.154736 0.354157 0.273442 0.782334
382000 0.171056 0.361332 0.292985 0.825373
383000 0.176645 0.374186 0.27714 0.827971
384000 0.162565 0.372986 0.276829 0.812381
385000 0.166424 0.379492 0.286711 0.832626
386000 0.170239 0.372847 0.280492 0.823579
387000 0.161917 0.36092 0.267642 0.790479
388000 0.173341 0.372314 0.289568 0.835223
389000 0.16997 0.359859 0.285227 0.815056
390000 0.173108 0.368117 0.290237 0.831462
391000 0.165357 0.369082 0.28902 0.823459
392000 0.168716 0.361525 0.29745 0.827691
393000 0.174899 0.37557 0.308528 0.858997
394000 0.172012 0.379172 0.285948 0.837133
395000 0.173812 0.38003 0.286365 0.840207
396000 0.169202 0.387999 0.276994 0.834195
397000 0.16164 0.358691 0.287656 0.807987
398000 0.182177 0.376642 0.319747 0.878566
399000 0.19337 0.402332 0.319589 0.915291
400000 0.163652 0.381049 0.310982 0.855683
401000 0.175768 0.396703 0.292153 0.864624
402000 0.17027 0.381984 0.300807 0.853061
403000 0.172388 0.384444 0.304055 0.860887
404000 0.166549 0.394114 0.30373 0.864394
405000 0.16869 0.378878 0.307534 0.855102
406000 0.185134 0.411399 0.312842 0.909376
407000 0.176483 0.368517 0.295378 0.840378
408000 0.17131 0.379758 0.308702 0.85977
409000 0.167769 0.375682 0.295143 0.838594
410000 0.175465 0.380823 0.303594 0.859882
411000 0.177436 0.405371 0.308096 0.890903
412000 0.169176 0.382345 0.300437 0.851959
413000 0.182326 0.379798 0.306279 0.868403
414000 0.17927 0.388614 0.297666 0.865551
415000 0.16676 0.385981 0.303519 0.856259
416000 0.166425 0.380013 0.328416 0.874854
417000 0.180178 0.387939 0.305308 0.873425
418000 0.169654 0.399337 0.30193 0.870921
419000 0.171216 0.376278 0.303433 0.850927
420000 0.178809 0.390197 0.309963 0.87897
421000 0.189267 0.402857 0.312796 0.90492
422000 0.176082 0.392311 0.308969 0.877362
423000 0.170479 0.394151 0.326949 0.89158
424000 0.169572 0.389525 0.316191 0.875288
425000 0.165259 0.385457 0.313532 0.864248
426000 0.167828 0.394826 0.312667 0.87532
427000 0.170982 0.402221 0.311435 0.884638
428000 0.170333 0.404278 0.337822 0.912433
429000 0.176014 0.400096 0.33197 0.908081
430000 0.170833 0.39765 0.326205 0.894687
431000 0.172713 0.390739 0.328137 0.891589
432000 0.17294 0.413786 0.325946 0.912671
433000 0.180084 0.408264 0.33447 0.922818
434000 0.169756 0.393959 0.317815 0.881531
435000 0.176012 0.404267 0.313976 0.894255
436000 0.172291 0.403163 0.333977 0.909431
437000 0.178208 0.405039 0.319488 0.902736
438000 0.174564 0.405502 0.336239 0.916305
439000 0.170574 0.392571 0.338916 0.902061
440000 0.172476 0.403825 0.350416 0.926717
441000 0.177366 0.417532 0.329221 0.924119
442000 0.165878 0.395881 0.317852 0.879611
443000 0.180392 0.408446 0.321757 0.910595
444000 0.165196 0.401147 0.318985 0.885327
445000 0.170052 0.393652 0.337104 0.900807
446000 0.184682 0.407549 0.338604 0.930835
447000 0.181106 0.401756 0.337821 0.920683
448000 0.171914 0.413373 0.317172 0.902459
449000 0.193009 0.416718 0.325143 0.934871
450000 0.181095 0.414555 0.340283 0.935933
451000 0.183982 0.407769 0.332026 0.923777
452000 0.174477 0.415942 0.328742 0.91916
453000 0.176271 0.410801 0.316956 0.904029
454000 0.195983 0.404228 0.325555 0.925766
455000 0.184116 0.405254 0.348504 0.937874
456000 0.175813 0.398167 0.334023 0.908003
457000 0.169694 0.403311 0.323984 0.89699
458000 0.181101 0.397831 0.331246 0.910179
459000 0.192461 0.401166 0.334266 0.927893
460000 0.182324 0.426761 0.348339 0.957424
461000 0.174349 0.406238 0.329415 0.910003
462000 0.182594 0.405966 0.332449 0.92101
463000 0.172426 0.432589 0.336972 0.941987
464000 0.183042 0.412909 0.332559 0.92851
465000 0.190551 0.422835 0.336758 0.950143
466000 0.178025 0.415829 0.346697 0.940551
467000 0.180526 0.4227 0.348635 0.951861
468000 0.195612 0.434991 0.331744 0.962346
469000 0.190864 0.418394 0.344806 0.954064
470000 0.183061 0.441897 0.345306 0.970264
471000 0.19235 0.431699 0.355668 0.979717
472000 0.193839 0.441664 0.357519 0.993022
473000 0.184996 0.44153 0.364868 0.991393
474000 0.201173 0.43213 0.355621 0.988924
475000 0.195927 0.434512 0.346579 0.977018
476000 0.193919 0.451458 0.345811 0.991187
477000 0.201439 0.430618 0.34349 0.975546
478000 0.20532 0.452361 0.344189 1.00187
479000 0.196369 0.428618 0.35521 0.980197
480000 0.204098 0.458996 0.34702 1.01011
481000 0.197043 0.421401 0.360698 0.979142
482000 0.190202 0.437457 0.360699 0.988357
483000 0.192927 0.434235 0.348265 0.975427
484000 0.195716 0.432222 0.345651 0.973589
485000 0.197007 0.443464 0.340673 0.981145
486000 0.204851 0.44045 0.3618 1.0071
487000 0.184049 0.455561 0.357026 0.996637
488000 0.186182 0.426048 0.360838 0.973068
489000 0.193792 0.467523 0.376974 1.03829
490000 0.191196 0.444279 0.360832 0.996307
491000 0.17929 0.443526 0.369775 0.992591
492000 0.204079 0.486674 0.377871 1.06862
493000 0.193118 0.446784 0.363025 1.00293
494000 0.189726 0.450035 0.363557 1.00332
495000 0.193685 0.456362 0.372239 1.02228
496000 0.190519 0.443515 0.389203 1.02324
497000 0.189716 0.468478 0.368502 1.0267
498000 0.195866 0.471888 0.373939 1.04169
499000 0.208544 0.4538 0.378318 1.04066
500000 0.19395 0.473236 0.370541 1.03773
501000 0.193011 0.46967 0.384944 1.04763
502000 0.196856 0.485932 0.382601 1.06539
503000 0.191045 0.469445 0.379519 1.04001
504000 0.200911 0.453809 0.370566 1.02529
505000 0.204116 0.479181 0.370348 1.05365
506000 0.208107 0.462437 0.373639 1.04418
507000 0.188448 0.466736 0.388181 1.04337
508000 0.197099 0.483185 0.390944 1.07123
509000 0.202449 0.473827 0.391248 1.06752
510000 0.189921 0.46412 0.377487 1.03153
511000 0.188589 0.459335 0.38239 1.03031
512000 0.189446 0.467153 0.394657 1.05126
513000 0.191443 0.473347 0.386672 1.05146
514000 0.184728 0.480239 0.376235 1.0412
515000 0.180737 0.524779 0.406502 1.11202
516000 0.196538 0.489493 0.404219 1.09025
517000 0.190411 0.501086 0.397075 1.08857
518000 0.188661 0.505123 0.404541 1.09832
519000 0.178693 0.515746 0.416813 1.11125
520000 0.192247 0.500672 0.39861 1.09153
521000 0.182021 0.491897 0.414224 1.08814
522000 0.184545 0.506867 0.423976 1.11539
523000 0.185617 0.489319 0.424012 1.09895
524000 0.187853 0.508353 0.414456 1.11066
525000 0.195674 0.510503 0.416986 1.12316
526000 0.18357 0.50014 0.413045 1.09675
527000 0.190581 0.492496 0.426619 1.1097
528000 0.19982 0.498459 0.421627 1.11991
529000 0.202524 0.522493 0.436132 1.16115
530000 0.203486 0.504916 0.428959 1.13736
531000 0.185529 0.499647 0.447514 1.13269
532000 0.201216 0.499817 0.422468 1.1235
533000 0.197937 0.519536 0.439208 1.15668
534000 0.198716 0.512 0.449331 1.16005
535000 0.1911 0.50611 0.431386 1.1286
536000 0.197827 0.504902 0.443052 1.14578
537000 0.190288 0.507203 0.445595 1.14309
538000 0.205394 0.514881 0.470387 1.19066
539000 0.203938 0.506065 0.471224 1.18123
540000 0.192679 0.498242 0.446483 1.1374
541000 0.20473 0.501413 0.435221 1.14136
542000 0.212092 0.502091 0.443307 1.15749
543000 0.192103 0.520157 0.458207 1.17047
544000 0.196976 0.500013 0.445047 1.14204
545000 0.207803 0.509821 0.439311 1.15693
546000 0.195627 0.519292 0.456806 1.17172
547000 0.201555 0.512235 0.451597 1.16539
548000 0.189844 0.51198 0.470659 1.17248
549000 0.199552 0.527925 0.450775 1.17825
550000 0.207756 0.504017 0.446956 1.15873
551000 0.204223 0.518052 0.448583 1.17086
552000 0.222541 0.543538 0.45179 1.21787
553000 0.198643 0.500617 0.454656 1.15392
554000 0.195042 0.540803 0.458972 1.19482
555000 0.200918 0.522868 0.43538 1.15917
556000 0.203074 0.534552 0.458644 1.19627
557000 0.197831 0.572932 0.470563 1.24133
558000 0.196952 0.541383 0.478564 1.2169
559000 0.211747 0.564124 0.467855 1.24373
560000 0.206002 0.534604 0.45164 1.19225
561000 0.209196 0.531173 0.465205 1.20557
562000 0.197183 0.578523 0.470302 1.24601
563000 0.202325 0.529841 0.489212 1.22138
564000 0.206495 0.562205 0.48653 1.25523
565000 0.202988 0.519575 0.463121 1.18568
566000 0.201725 0.521965 0.477905 1.2016
567000 0.212526 0.570693 0.476356 1.25958
568000 0.206779 0.524258 0.497577 1.22861
569000 0.210304 0.567871 0.484213 1.26239
570000 0.230488 0.547328 0.467175 1.24499
571000 0.191046 0.550613 0.483923 1.22558
572000 0.200982 0.547599 0.478747 1.22733
573000 0.219369 0.534884 0.502448 1.2567
574000 0.200605 0.559372 0.512719 1.2727
575000 0.198394 0.545503 0.480355 1.22425
576000 0.201356 0.55174 0.471332 1.22443
577000 0.195615 0.57357 0.490998 1.26018
578000 0.198587 0.542791 0.492878 1.23426
579000 0.199855 0.561573 0.503711 1.26514
580000 0.201366 0.553363 0.50122 1.25595
581000 0.199053 0.563751 0.467011 1.22981
582000 0.200641 0.552812 0.491318 1.24477
583000 0.207824 0.545576 0.527165 1.28056
584000 0.217551 0.558152 0.50833 1.28403
585000 0.206692 0.537938 0.494782 1.23941
586000 0.196208 0.532274 0.475723 1.2042
587000 0.194686 0.553713 0.483394 1.23179
588000 0.207422 0.557605 0.480067 1.24509
589000 0.208924 0.554601 0.516675 1.2802
590000 0.193209 0.540446 0.494501 1.22816
591000 0.193093 0.55382 0.499987 1.2469
592000 0.20594 0.561782 0.503101 1.27082
593000 0.207488 0.554334 0.491482 1.25331
594000 0.203731 0.534447 0.481816 1.21999
595000 0.202589 0.540505 0.487761 1.23085
596000 0.207217 0.549222 0.504045 1.26048
597000 0.205846 0.5368 0.501778 1.24442
598000 0.219242 0.538954 0.494372 1.25257
599000 0.211976 0.571198 0.490246 1.27342
600000 0.204274 0.57571 0.508263 1.28825
601000 0.197175 0.581832 0.504296 1.2833
602000 0.203138 0.553827 0.493514 1.25048
603000 0.213692 0.573685 0.49939 1.28677
604000 0.213094 0.575474 0.505705 1.29427
605000 0.206887 0.545943 0.52095 1.27378
606000 0.203687 0.595955 0.529224 1.32887
607000 0.202202 0.582456 0.521226 1.30588
608000 0.206143 0.615703 0.508785 1.33063
609000 0.217094 0.589311 0.519789 1.32619
610000 0.207654 0.606202 0.549643 1.3635
611000 0.210786 0.61022 0.525202 1.34621
612000 0.215557 0.596767 0.52741 1.33973
613000 0.203999 0.616586 0.517801 1.33839
614000 0.211339 0.606941 0.523174 1.34145
615000 0.208641 0.610757 0.515495 1.33489
616000 0.214178 0.602142 0.517652 1.33397
617000 0.214738 0.608534 0.509313 1.33258
618000 0.208526 0.619885 0.508735 1.33715
619000 0.204832 0.596454 0.514224 1.31551
620000 0.215176 0.614177 0.520349 1.3497
621000 0.212779 0.605139 0.513105 1.33102
622000 0.213668 0.600297 0.517368 1.33133
623000 0.205999 0.608972 0.521498 1.33647
624000 0.213674 0.601751 0.50669 1.32212
625000 0.21768 0.614211 0.523945 1.35584
626000 0.201896 0.617784 0.508724 1.3284
627000 0.207568 0.631571 0.524427 1.36357
628000 0.202264 0.615617 0.524997 1.34288
629000 0.222329 0.623458 0.543245 1.38903
630000 0.228994 0.622293 0.53007 1.38136
631000 0.204122 0.632383 0.524513 1.36102
632000 0.209842 0.633561 0.51983 1.36323
633000 0.217872 0.633451 0.533044 1.38437
634000 0.233214 0.628409 0.536633 1.39826
635000 0.219527 0.639277 0.540786 1.39959
636000 0.215635 0.631077 0.539808 1.38652
637000 0.208997 0.636936 0.534027 1.37996
638000 0.215738 0.65017 0.549548 1.41546
639000 0.215012 0.6436 0.549881 1.40849
640000 0.217933 0.632855 0.544205 1.39499
641000 0.207529 0.658127 0.546566 1.41222
642000 0.204587 0.649469 0.544558 1.39861
643000 0.213201 0.668159 0.547472 1.42883
644000 0.220324 0.650129 0.544766 1.41522
645000 0.208474 0.679329 0.574434 1.46224
646000 0.213878 0.694081 0.569197 1.47716
647000 0.206795 0.65749 0.564578 1.42886
648000 0.211877 0.694007 0.57163 1.47751
649000 0.223397 0.680626 0.56643 1.47045
650000 0.213108 0.662378 0.560358 1.43584
651000 0.210851 0.671769 0.552781 1.4354
652000 0.208618 0.677382 0.556988 1.44299
653000 0.207003 0.696541 0.5793 1.48284
654000 0.207465 0.662798 0.584262 1.45453
655000 0.207059 0.691215 0.579508 1.47778
656000 0.207094 0.665507 0.572748 1.44535
657000 0.222619 0.701469 0.568636 1.49272
658000 0.216724 0.682838 0.571815 1.47138
659000 0.209927 0.674015 0.5624 1.44634
660000 0.207974 0.690264 0.574742 1.47298
661000 0.218424 0.708486 0.592854 1.51976
662000 0.216883 0.661953 0.568149 1.44699
663000 0.201495 0.693765 0.576182 1.47144
664000 0.212427 0.670784 0.571772 1.45498
665000 0.204883 0.714366 0.575781 1.49503
666000 0.204388 0.667159 0.593651 1.4652
667000 0.221647 0.708648 0.601141 1.53144
668000 0.230474 0.683548 0.596441 1.51046
669000 0.230302 0.667483 0.583239 1.48102
670000 0.218929 0.689133 0.570354 1.47842
671000 0.217136 0.681662 0.571353 1.47015
672000 0.211131 0.687294 0.577816 1.47624
673000 0.208475 0.671089 0.596806 1.47637
674000 0.214361 0.689756 0.596329 1.50045
675000 0.212969 0.704132 0.600778 1.51788
676000 0.209861 0.718393 0.596057 1.52431
677000 0.213863 0.68755 0.598181 1.49959
678000 0.211504 0.703086 0.623345 1.53793
679000 0.221927 0.705493 0.591328 1.51875
680000 0.209804 0.68533 0.589487 1.48462
681000 0.225021 0.698769 0.58954 1.51333
682000 0.218813 0.684443 0.599053 1.50231
683000 0.219641 0.677986 0.595174 1.4928
684000 0.218417 0.710598 0.573389 1.5024
685000 0.222375 0.725779 0.602665 1.55082
686000 0.216371 0.693317 0.595662 1.50535
687000 0.221623 0.695914 0.59496 1.5125
688000 0.218667 0.685385 0.604706 1.50876
689000 0.220117 0.709242 0.612905 1.54226
690000 0.222281 0.704589 0.628027 1.5549
691000 0.217351 0.67973 0.611758 1.50884
692000 0.229332 0.69801 0.600266 1.52761
693000 0.218107 0.681948 0.598007 1.49806
694000 0.218726 0.723633 0.60764 1.55
695000 0.212311 0.692123 0.607344 1.51178
696000 0.218808 0.706773 0.622639 1.54822
697000 0.224461 0.718222 0.642164 1.58485
698000 0.2227 0.69974 0.605517 1.52796
699000 0.242857 0.745033 0.613483 1.60137
700000 0.216193 0.70387 0.61904 1.5391
701000 0.21946 0.728797 0.606284 1.55454
702000 0.231483 0.707027 0.627128 1.56564
703000 0.228141 0.710631 0.628674 1.56745
704000 0.24233 0.727935 0.621173 1.59144
705000 0.23589 0.718865 0.629137 1.58389
706000 0.229458 0.726547 0.623672 1.57968
707000 0.219221 0.700528 0.605908 1.52566
708000 0.223238 0.708467 0.601746 1.53345
709000 0.22603 0.757819 0.609194 1.59304
710000 0.219169 0.692616 0.633131 1.54492
711000 0.222732 0.748413 0.617961 1.58911
712000 0.224112 0.715874 0.629793 1.56978
713000 0.23021 0.729861 0.63099 1.59106
714000 0.231448 0.728872 0.635264 1.59558
715000 0.222693 0.691067 0.612725 1.52648
716000 0.240839 0.760792 0.646296 1.64793
717000 0.236381 0.71207 0.628348 1.5768
718000 0.223922 0.719285 0.634794 1.578
719000 0.227189 0.74183 0.628098 1.59712
720000 0.231925 0.713842 0.636745 1.58251
721000 0.232379 0.74885 0.617953 1.59918
722000 0.24282 0.724461 0.635062 1.60234
723000 0.253066 0.737718 0.623988 1.61477
724000 0.23118 0.77596 0.616081 1.62322
725000 0.228998 0.710403 0.629282 1.56868
726000 0.239936 0.766584 0.618995 1.62551
727000 0.238943 0.737911 0.645681 1.62254
728000 0.245787 0.767819 0.645265 1.65887
729000 0.247512 0.756759 0.631888 1.63616
730000 0.241724 0.757007 0.639708 1.63844
731000 0.239488 0.792737 0.648967 1.68119
732000 0.238407 0.729948 0.645474 1.61383
733000 0.247546 0.77684 0.641869 1.66625
734000 0.232623 0.73668 0.623274 1.59258
735000 0.252204 0.731726 0.633662 1.61759
736000 0.249891 0.75583 0.646494 1.65222
737000 0.238863 0.74655 0.650253 1.63567
738000 0.251098 0.776857 0.653497 1.68145
739000 0.237651 0.736307 0.64156 1.61552
740000 0.263308 0.761007 0.642835 1.66715
741000 0.25208 0.750189 0.648508 1.65078
742000 0.249289 0.753944 0.65705 1.66028
743000 0.245901 0.736264 0.671404 1.65357
744000 0.243482 0.747937 0.652841 1.64426
745000 0.253376 0.735387 0.653767 1.64253
746000 0.240053 0.748479 0.657393 1.64592
747000 0.234311 0.732538 0.660666 1.62752
748000 0.234759 0.753484 0.675011 1.66325
749000 0.241423 0.749645 0.668162 1.65923
750000 0.234716 0.733776 0.660982 1.62947
751000 0.239357 0.740607 0.666126 1.64609
752000 0.24704 0.75567 0.658184 1.66089
753000 0.255798 0.775535 0.670707 1.70204
754000 0.231466 0.759313 0.675697 1.66648
755000 0.24938 0.809316 0.683617 1.74231
756000 0.247002 0.749399 0.677745 1.67415
757000 0.246177 0.808422 0.637944 1.69254
758000 0.244452 0.736162 0.659606 1.64022
759000 0.240085 0.766267 0.668433 1.67479
760000 0.24303 0.789021 0.683847 1.7159
761000 0.24013 0.753289 0.665919 1.65934
762000 0.238735 0.771531 0.675752 1.68602
763000 0.243056 0.769488 0.686872 1.69942
764000 0.243434 0.759919 0.684986 1.68834
765000 0.240505 0.768899 0.685096 1.6945
766000 0.248309 0.778318 0.674215 1.70084
767000 0.240474 0.793465 0.684825 1.71876
768000 0.248971 0.75712 0.682777 1.68887
769000 0.244891 0.787636 0.696532 1.72906
770000 0.246336 0.755461 0.680712 1.68251
771000 0.259882 0.761052 0.673861 1.69479
772000 0.25593 0.773829 0.677889 1.70765
773000 0.24149 0.783641 0.676482 1.70161
774000 0.240175 0.803681 0.69766 1.74152
775000 0.245416 0.777016 0.680931 1.70336
776000 0.245725 0.77484 0.696475 1.71704
777000 0.24599 0.797384 0.696545 1.73992
778000 0.243461 0.789478 0.680082 1.71302
779000 0.252126 0.804348 0.670899 1.72737
780000 0.246591 0.771059 0.668846 1.6865
781000 0.244233 0.781883 0.677912 1.70403
782000 0.248964 0.779747 0.688417 1.71713
783000 0.248534 0.776505 0.67652 1.70156
784000 0.24973 0.816869 0.69541 1.76201
785000 0.248287 0.793122 0.702081 1.74349
786000 0.252355 0.787152 0.69116 1.73067
787000 0.241663 0.787656 0.681066 1.71039
788000 0.242618 0.773078 0.67746 1.69316
789000 0.253529 0.775948 0.692844 1.72232
790000 0.267277 0.785641 0.706415 1.75933
791000 0.260005 0.785599 0.701896 1.7475
792000 0.25939 0.779241 0.698837 1.73747
793000 0.265185 0.793546 0.679593 1.73832
794000 0.262954 0.794329 0.683505 1.74079
795000 0.254037 0.776941 0.702937 1.73392
796000 0.249202 0.794039 0.719264 1.76251
797000 0.261302 0.782701 0.729301 1.7733
798000 0.257857 0.792592 0.681577 1.73203
799000 0.272511 0.787275 0.675393 1.73518
800000 0.271018 0.773605 0.702426 1.74705
801000 0.262937 0.836631 0.717648 1.81722
802000 0.250105 0.784764 0.717162 1.75203
803000 0.253468 0.822516 0.702188 1.77817
804000 0.265167 0.792889 0.700614 1.75867
805000 0.28046 0.784517 0.742362 1.80734
806000 0.283818 0.821595 0.721159 1.82657
807000 0.274893 0.796165 0.719238 1.7903
808000 0.257268 0.807364 0.700546 1.76518
809000 0.263302 0.796403 0.703567 1.76327
810000 0.26047 0.799657 0.729122 1.78925
811000 0.263031 0.789331 0.735071 1.78743
812000 0.256578 0.823116 0.716713 1.79641
813000 0.271491 0.811216 0.71518 1.79789
814000 0.254248 0.815676 0.711384 1.78131
815000 0.251672 0.787275 0.713536 1.75248
816000 0.27413 0.831598 0.740181 1.84591
817000 0.263979 0.794542 0.732825 1.79135
818000 0.25753 0.837834 0.719714 1.81508
819000 0.267067 0.810359 0.722045 1.79947
820000 0.248868 0.802382 0.716162 1.76741
821000 0.267684 0.847983 0.747898 1.86357
822000 0.252564 0.801254 0.738401 1.79222
823000 0.261095 0.841952 0.742825 1.84587
824000 0.252379 0.840314 0.719556 1.81225
825000 0.260989 0.834014 0.709041 1.80404
826000 0.265927 0.845552 0.708115 1.81959
827000 0.266395 0.811652 0.736824 1.81487
828000 0.288866 0.847963 0.726525 1.86335
829000 0.264274 0.864724 0.751075 1.88007
830000 0.254603 0.808941 0.743221 1.80677
831000 0.270007 0.817066 0.743442 1.83051
832000 0.26744 0.810351 0.720182 1.79797
833000 0.276047 0.8516 0.722094 1.84974
834000 0.266483 0.812474 0.729991 1.80895
835000 0.262387 0.847169 0.748556 1.85811
836000 0.28115 0.838547 0.723925 1.84362
837000 0.265317 0.822583 0.743697 1.8316
838000 0.289838 0.900162 0.745597 1.9356
839000 0.267604 0.818382 0.753183 1.83917
840000 0.273732 0.851613 0.719566 1.84491
841000 0.267439 0.858908 0.728227 1.85457
842000 0.277434 0.847678 0.743382 1.86849
843000 0.281767 0.855453 0.75415 1.89137
844000 0.280693 0.824469 0.754554 1.85972
845000 0.282009 0.853254 0.749509 1.88477
846000 0.275444 0.879614 0.748726 1.90378
847000 0.263471 0.843335 0.736368 1.84317
848000 0.275674 0.879052 0.75876 1.91348
849000 0.277841 0.841202 0.759762 1.8788
850000 0.275679 0.872449 0.745544 1.89367
851000 0.272901 0.856382 0.757902 1.88718
852000 0.265059 0.83944 0.756367 1.86087
853000 0.273636 0.864768 0.72219 1.86059
854000 0.262752 0.827051 0.734787 1.82459
855000 0.284089 0.86168 0.760964 1.90673
856000 0.268127 0.823027 0.77269 1.86384
857000 0.26985 0.83412 0.749622 1.85359
858000 0.290416 0.886106 0.7625 1.93902
859000 0.292413 0.818396 0.75278 1.86359
860000 0.298029 0.877252 0.78276 1.95804
861000 0.27129 0.84554 0.768775 1.8856
862000 0.271753 0.855797 0.773526 1.90108
863000 0.288944 0.856162 0.765945 1.91105
864000 0.276892 0.86778 0.784813 1.92949
865000 0.268979 0.843301 0.790993 1.90327
866000 0.288161 0.872406 0.765776 1.92634
867000 0.277188 0.866168 0.765994 1.90935
868000 0.267518 0.82349 0.772844 1.86385
869000 0.277132 0.864293 0.800397 1.94182
870000 0.282761 0.863389 0.814073 1.96022
871000 0.278407 0.839493 0.794452 1.91235
872000 0.275051 0.877863 0.773705 1.92662
873000 0.279756 0.840426 0.784424 1.90461
874000 0.270896 0.84934 0.786155 1.90639
875000 0.290478 0.893497 0.788618 1.97259
876000 0.289555 0.867867 0.792053 1.94947
877000 0.275593 0.888982 0.808869 1.97344
878000 0.288588 0.866517 0.799795 1.9549
879000 0.290945 0.874556 0.807763 1.97326
880000 0.284828 0.920346 0.796305 2.00148
881000 0.278543 0.875722 0.796875 1.95114
882000 0.287571 0.895447 0.796231 1.97925
883000 0.286154 0.876648 0.814636 1.97744
884000 0.285501 0.886751 0.80275 1.975
885000 0.281764 0.90194 0.803229 1.98693
886000 0.287929 0.882041 0.826958 1.99693
887000 0.28212 0.896152 0.832078 2.01035
888000 0.285281 0.876288 0.835808 1.99738
889000 0.287356 0.878459 0.817819 1.98363
890000 0.291196 0.908725 0.806869 2.00679
891000 0.276949 0.892098 0.798815 1.96786
892000 0.285547 0.887825 0.813704 1.98708
893000 0.289344 0.908326 0.827904 2.02557
894000 0.280916 0.86648 0.832009 1.9794
895000 0.288581 0.883212 0.81742 1.98921
896000 0.28789 0.911405 0.804446 2.00374
897000 0.284593 0.872903 0.801104 1.9586
898000 0.287426 0.895197 0.816107 1.99873
899000 0.275597 0.885453 0.833455 1.99451
900000 0.290728 0.900332 0.82508 2.01614
901000 0.290582 0.890364 0.812898 1.99384
902000 0.280646 0.889116 0.815586 1.98535
903000 0.303053 0.921998 0.818214 2.04327
904000 0.29032 0.89846 0.815807 2.00459
905000 0.285709 0.936176 0.827288 2.04917
906000 0.291712 0.899996 0.820967 2.01267
907000 0.293727 0.912716 0.805868 2.01231
908000 0.302082 0.934749 0.808402 2.04523
909000 0.303332 0.872861 0.83156 2.00775
910000 0.284155 0.93028 0.817979 2.03241
911000 0.290695 0.875765 0.828514 1.99497
912000 0.298736 0.921078 0.840761 2.06058
913000 0.296265 0.905132 0.82202 2.02342
914000 0.294798 0.896455 0.822453 2.01371
915000 0.298454 0.953893 0.821095 2.07344
916000 0.300663 0.915419 0.850827 2.06691
917000 0.300399 0.91628 0.857804 2.07448
918000 0.288447 0.93268 0.822295 2.04342
919000 0.301581 0.921715 0.826588 2.04988
920000 0.291863 0.947789 0.81628 2.05593
921000 0.300333 0.901935 0.855484 2.05775
922000 0.299805 0.949316 0.842666 2.09179
923000 0.307976 0.898078 0.851975 2.05803
924000 0.302322 0.925033 0.846667 2.07402
925000 0.284419 0.91226 0.837129 2.03381
926000 0.288478 0.925383 0.846778 2.06064
927000 0.290658 0.941029 0.852527 2.08421
928000 0.31443 0.924564 0.870631 2.10963
929000 0.29625 0.943957 0.875397 2.1156
930000 0.288839 0.921942 0.861521 2.0723
931000 0.293053 0.948031 0.844502 2.08559
932000 0.304262 0.927615 0.870689 2.10257
933000 0.292264 0.923964 0.886921 2.10315
934000 0.293412 0.944981 0.878297 2.11669
935000 0.311211 0.928358 0.872845 2.11241
936000 0.286317 0.939021 0.869655 2.09499
937000 0.303136 0.927167 0.872936 2.10324
938000 0.299792 0.923121 0.876228 2.09914
939000 0.298684 0.943585 0.879422 2.12169
940000 0.299003 0.936436 0.869385 2.10482
941000 0.306908 0.907164 0.877712 2.09178
942000 0.292271 0.950787 0.86118 2.10424
943000 0.308153 0.936475 0.875698 2.12033
944000 0.292038 0.94186 0.902807 2.13671
945000 0.311144 0.943976 0.874535 2.12965
946000 0.308763 0.947947 0.859206 2.11592
947000 0.313225 0.960272 0.857667 2.13116
948000 0.298203 0.953873 0.875648 2.12772
949000 0.29704 0.954212 0.872504 2.12376
950000 0.288826 0.939081 0.875542 2.10345
951000 0.294272 0.92838 0.865772 2.08842
952000 0.298166 0.973466 0.863189 2.13482
953000 0.304109 0.945702 0.883712 2.13352
954000 0.317671 0.95421 0.876941 2.14882
955000 0.311687 0.963039 0.855825 2.13055
956000 0.306332 0.931267 0.862729 2.10033
957000 0.299976 0.953542 0.876445 2.12996
958000 0.307456 0.938795 0.910619 2.15687
959000 0.306235 0.926503 0.882606 2.11534
960000 0.305355 0.966967 0.883097 2.15542
961000 0.309668 0.925243 0.875309 2.11022
962000 0.31005 0.955716 0.886896 2.15266
963000 0.318382 0.947582 0.881432 2.1474
964000 0.307154 0.93505 0.873077 2.11528
965000 0.312403 0.935536 0.88237 2.13031
966000 0.316406 0.952779 0.876516 2.1457
967000 0.327078 0.973872 0.873594 2.17454
968000 0.323028 0.956406 0.894439 2.17387
969000 0.313849 0.981282 0.910518 2.20565
970000 0.314442 0.991925 0.899691 2.20606
971000 0.315899 1.00604 0.896107 2.21805
972000 0.322109 0.999659 0.921209 2.24298
973000 0.319105 1.01079 0.916556 2.24645
974000 0.319995 1.0027 0.906386 2.22908
975000 0.299897 0.971032 0.935694 2.20662
976000 0.323327 0.992332 0.899395 2.21505
977000 0.308914 0.979106 0.92523 2.21325
978000 0.310772 0.966937 0.925829 2.20354
979000 0.318349 0.9963 0.920342 2.23499
980000 0.311651 0.973003 0.92499 2.20964
981000 0.315375 0.986919 0.905837 2.20813
982000 0.312962 0.998371 0.915096 2.22643
983000 0.326105 0.980173 0.929872 2.23615
984000 0.322712 1.01064 0.931216 2.26456
985000 0.316344 0.998077 0.925156 2.23958
986000 0.316662 1.01398 0.929117 2.25975
987000 0.304974 0.9961 0.939029 2.2401
988000 0.303225 0.988204 0.93335 2.22478
989000 0.330315 0.996822 0.948652 2.27579
990000 0.334644 1.00407 0.942944 2.28166
991000 0.329058 0.995938 0.948836 2.27383
992000 0.318497 0.987439 0.952573 2.25851
993000 0.331771 0.992529 0.925374 2.24967
994000 0.321971 0.99932 0.94402 2.26531
995000 0.312408 1.00394 0.951593 2.26794
996000 0.323691 0.991327 0.922561 2.23758
997000 0.31307 1.00498 0.941863 2.25991
998000 0.330199 0.998902 0.925733 2.25483
999000 0.344921 1.00245 0.914758 2.26213
1000000 0.351508 1.00847 0.946849 2.30682
1001000 0.336452 1.0362 0.983374 2.35603
1002000 0.313434 0.995901 0.95844 2.26778
1003000 0.32208 0.994849 0.968372 2.2853
1004000 0.314881 1.00441 0.961657 2.28095
1005000 0.323197 1.02342 0.997745 2.34436
1006000 0.340095 0.99334 0.978684 2.31212
1007000 0.332652 0.9822 0.970184 2.28504
1008000 0.319416 0.993583 0.967443 2.28044
1009000 0.31256 1.00446 0.961672 2.2787
1010000 0.327607 1.0012 0.981892 2.3107
1011000 0.325628 0.993533 0.968377 2.28754
1012000 0.316142 1.00315 1.00161 2.3209
1013000 0.3098 0.97528 0.985006 2.27009
1014000 0.313729 1.00873 0.994813 2.31727
1015000 0.313006 1.01276 0.994494 2.32026
1016000 0.310357 1.00568 0.992341 2.30838
1017000 0.317887 1.04144 0.980443 2.33977
1018000 0.309914 1.0029 0.983322 2.29613
1019000 0.325056 1.04241 0.980814 2.34828
1020000 0.339599 1.00228 1.01934 2.36121
1021000 0.320818 1.01891 1.0071 2.34682
1022000 0.313863 1.02584 1.03266 2.37236
1023000 0.324734 1.04658 1.02443 2.39574
1024000 0.338044 1.08598 1.03804 2.46206
1025000 0.32306 1.04968 1.0647 2.43744
1026000 0.317656 1.05845 1.03459 2.4107
1027000 0.347881 1.10412 1.04049 2.49249
1028000 0.347633 1.06248 1.05301 2.46313
1029000 0.34475 1.12274 1.03287 2.50035
1030000 0.34886 1.06845 1.04181 2.45911
