# Time-averaged data for fix 1
# TimeStep c_msd_all[1] c_msd_all[2] c_msd_all[3] c_msd_all[4]
31000 0.0882594 0.0826691 0.078598 0.249527
32000 0.0901425 0.077005 0.0716106 0.238758
33000 0.0738678 0.0752714 0.0696794 0.218819
34000 0.09989 0.0826257 0.081291 0.263807
35000 0.0880095 0.0820326 0.0689989 0.239041
36000 0.0882556 0.0850018 0.0781665 0.251424
37000 0.0719022 0.0981747 0.0752105 0.245287
38000 0.0740971 0.0765254 0.0688791 0.219502
39000 0.0864308 0.104536 0.087926 0.278893
40000 0.0798216 0.080797 0.0747003 0.235319
41000 0.0901287 0.0922243 0.071922 0.254275
42000 0.0929022 0.119206 0.0890574 0.301165
43000 0.0974693 0.0898757 0.0750147 0.26236
44000 0.0818637 0.11168 0.0724364 0.26598
45000 0.0816139 0.0826823 0.0856405 0.249937
46000 0.0797888 0.0842347 0.0727715 0.236795
47000 0.0963083 0.0945021 0.0723321 0.263142
48000 0.0897206 0.0801692 0.0855923 0.255482
49000 0.0945207 0.0987609 0.077321 0.270603
50000 0.111691 0.0931663 0.0801282 0.284986
51000 0.0843763 0.0983547 0.0781934 0.260924
52000 0.0841096 0.102547 0.0864878 0.273144
53000 0.0871467 0.0877877 0.0931846 0.268119
54000 0.0924917 0.107661 0.0903825 0.290536
55000 0.117514 0.0879237 0.0862206 0.291658
56000 0.0820033 0.100911 0.091421 0.274336
57000 0.0831086 0.102148 0.094798 0.280055
58000 0.0921583 0.0861614 0.0943322 0.272652
59000 0.0793836 0.0914139 0.0860933 0.256891
60000 0.114888 0.121027 0.0925945 0.32851
61000 0.0923546 0.102513 0.121207 0.316075
62000 0.102615 0.108649 0.0871176 0.298382
63000 0.0712048 0.108971 0.106389 0.286565
64000 0.0867493 0.102351 0.108124 0.297225
65000 0.087986 0.113988 0.101263 0.303237
66000 0.0968379 0.0967356 0.115675 0.309249
67000 0.0979514 0.113938 0.0917115 0.303601
68000 0.0758022 0.123108 0.100868 0.299778
69000 0.122871 0.11465 0.10459 0.342112
70000 0.0788157 0.111406 0.102634 0.292856
71000 0.105711 0.119557 0.12305 0.348318
72000 0.10977 0.138454 0.102631 0.350855
73000 0.0972667 0.121673 0.114327 0.333266
74000 0.104194 0.13206 0.113732 0.349986
75000 0.0872667 0.125297 0.126238 0.338802
76000 0.104592 0.135094 0.165497 0.405183
77000 0.108817 0.163421 0.127818 0.400056
78000 0.105255 0.145251 0.150249 0.400755
79000 0.101072 0.157227 0.127587 0.385886
80000 0.101471 0.146984 0.123815 0.37227
81000 0.112411 0.149851 0.16455 0.426813
82000 0.101341 0.159797 0.12984 0.390978
83000 0.101457 0.146877 0.151804 0.400138
84000 0.137206 0.174305 0.141503 0.453014
85000 0.112059 0.145247 0.129244 0.38655
86000 0.0999679 0.150236 0.172583 0.422787
87000 0.13989 0.155228 0.135369 0.430487
88000 0.100711 0.144854 0.134967 0.380532
89000 0.121388 0.168354 0.154009 0.443751
90000 0.115095 0.175657 0.145068 0.435821
91000 0.108127 0.177642 0.163347 0.449116
92000 0.115676 0.178244 0.137487 0.431407
93000 0.105243 0.158521 0.155786 0.41955
94000 0.109131 0.18472 0.152028 0.445879
95000 0.137855 0.166061 0.144653 0.448569
96000 0.0972712 0.166563 0.159947 0.423781
97000 0.109126 0.201373 0.147398 0.457898
98000 0.143603 0.169743 0.154474 0.467819
99000 0.101052 0.188479 0.159344 0.448875
100000 0.159922 0.179664 0.155372 0.494958
101000 0.0886562 0.173171 0.172666 0.434493
102000 0.111892 0.205564 0.137731 0.455187
103000 0.147159 0.181733 0.153862 0.482754
104000 0.103441 0.211728 0.150006 0.465175
105000 0.157563 0.188761 0.148445 0.49477
106000 0.105981 0.171114 0.166266 0.44336
107000 0.133772 0.213506 0.163655 0.510933
108000 0.100634 0.183946 0.176122 0.460703
109000 0.110416 0.204039 0.170225 0.484681
110000 0.134741 0.191484 0.167507 0.493733
111000 0.104964 0.199544 0.167323 0.471831
112000 0.142681 0.218614 0.171179 0.532473
113000 0.108376 0.209328 0.186702 0.504405
114000 0.120889 0.21661 0.168036 0.505536
115000 0.107873 0.203413 0.180938 0.492224
116000 0.117562 0.195736 0.17601 0.489309
117000 0.115357 0.192193 0.173552 0.481102
118000 0.103613 0.211646 0.202566 0.517826
119000 0.126091 0.214588 0.177562 0.51824
120000 0.123694 0.216768 0.191918 0.53238
121000 0.126207 0.211965 0.181859 0.520031
122000 0.145522 0.206462 0.177711 0.529695
123000 0.117086 0.219623 0.193659 0.530368
124000 0.128316 0.204789 0.195174 0.528279
125000 0.123534 0.225474 0.192772 0.54178
126000 0.138455 0.21384 0.190302 0.542597
127000 0.15253 0.229482 0.182087 0.564099
128000 0.114979 0.215731 0.194152 0.524863
129000 0.143888 0.217201 0.190523 0.551612
130000 0.115567 0.228984 0.19805 0.542602
131000 0.124772 0.219999 0.189689 0.53446
132000 0.142137 0.218796 0.189603 0.550536
133000 0.115843 0.229715 0.193816 0.539374
134000 0.122482 0.216682 0.194872 0.534036
135000 0.131882 0.216984 0.192121 0.540987
136000 0.117285 0.233222 0.192307 0.542814
137000 0.149338 0.218413 0.191555 0.559306
138000 0.112043 0.227443 0.199048 0.538534
139000 0.138649 0.232457 0.192149 0.563255
140000 0.122774 0.239412 0.199613 0.561799
141000 0.136914 0.21973 0.204103 0.560747
142000 0.136579 0.239092 0.192011 0.567682
143000 0.13404 0.22681 0.208379 0.569229
144000 0.12239 0.235948 0.193473 0.551812
145000 0.15124 0.222057 0.21393 0.587227
146000 0.115322 0.223074 0.194745 0.533142
147000 0.171132 0.23688 0.195089 0.603101
148000 0.108257 0.220863 0.217857 0.546978
149000 0.13791 0.23629 0.209859 0.584058
150000 0.145953 0.231598 0.21521 0.592761
151000 0.120589 0.220063 0.205933 0.546585
152000 0.151391 0.236998 0.217562 0.605951
153000 0.129937 0.229772 0.245876 0.605586
154000 0.136636 0.233844 0.227271 0.597752
155000 0.132004 0.261081 0.239284 0.63237
156000 0.133648 0.254677 0.228655 0.61698
157000 0.139693 0.294453 0.229532 0.663677
158000 0.124276 0.253638 0.245429 0.623343
159000 0.157657 0.244504 0.222423 0.624585
160000 0.130721 0.25574 0.241544 0.628005
161000 0.137694 0.249327 0.255717 0.642738
162000 0.152573 0.265901 0.232762 0.651236
163000 0.130053 0.255996 0.236739 0.622788
164000 0.134044 0.261859 0.242137 0.63804
165000 0.146144 0.26994 0.257163 0.673247
166000 0.127748 0.249712 0.261889 0.639349
167000 0.142801 0.256047 0.244219 0.643067
168000 0.12692 0.268026 0.270825 0.665771
169000 0.136182 0.25948 0.259791 0.655452
170000 0.128393 0.265071 0.2438 0.637264
171000 0.167732 0.272378 0.242038 0.682148
172000 0.131097 0.268392 0.249281 0.64877
173000 0.141324 0.27478 0.259156 0.675261
174000 0.134945 0.252718 0.248811 0.636475
175000 0.128368 0.266276 0.256674 0.651318
176000 0.16058 0.255682 0.254574 0.670836
177000 0.126673 0.292013 0.259001 0.677688
178000 0.151798 0.285578 0.285136 0.722512
179000 0.13975 0.264649 0.257697 0.662096
180000 0.150544 0.282089 0.255459 0.688092
181000 0.137601 0.259883 0.256101 0.653585
182000 0.128911 0.290549 0.262721 0.682181
183000 0.176689 0.283719 0.311424 0.771831
184000 0.129244 0.285135 0.259256 0.673635
185000 0.183951 0.28976 0.254215 0.727927
186000 0.132747 0.305401 0.255061 0.693209
187000 0.157315 0.318203 0.247919 0.723437
188000 0.130914 0.282648 0.276294 0.689856
189000 0.138963 0.28425 0.250377 0.673591
190000 0.156041 0.315739 0.290994 0.762774
191000 0.149701 0.311104 0.263183 0.723989
192000 0.14873 0.314333 0.260294 0.723358
193000 0.145428 0.292421 0.276782 0.714631
194000 0.141215 0.287767 0.266163 0.695145
195000 0.152671 0.30924 0.268151 0.730062
196000 0.134949 0.308055 0.257511 0.700515
197000 0.158635 0.32083 0.251631 0.731096
198000 0.133481 0.293074 0.268657 0.695212
199000 0.141025 0.298963 0.266869 0.706857
200000 0.162718 0.292809 0.289632 0.745159
201000 0.135271 0.299714 0.250135 0.685121
202000 0.17415 0.305046 0.25002 0.729216
203000 0.131519 0.272645 0.278942 0.683107
204000 0.154639 0.299071 0.270951 0.72466
205000 0.150878 0.293033 0.278988 0.722899
206000 0.130296 0.28848 0.27444 0.693217
207000 0.15979 0.295373 0.275888 0.73105
208000 0.138468 0.296456 0.273591 0.708515
209000 0.161332 0.322146 0.268296 0.751774
210000 0.136549 0.310436 0.260312 0.707297
211000 0.138415 0.302898 0.267146 0.708459
212000 0.178846 0.29338 0.289002 0.761227
213000 0.132177 0.304342 0.282173 0.718692
214000 0.136532 0.29477 0.289972 0.721274
215000 0.127085 0.305163 0.281998 0.714246
216000 0.179217 0.300727 0.283437 0.76338
217000 0.124629 0.295801 0.307857 0.728286
218000 0.140295 0.314625 0.308659 0.763579
219000 0.143516 0.30118 0.296733 0.741429
220000 0.14551 0.308782 0.284486 0.738778
221000 0.163431 0.30094 0.280211 0.744583
222000 0.133161 0.301294 0.30574 0.740195
223000 0.159899 0.294483 0.294686 0.749067
224000 0.13906 0.313084 0.294981 0.747125
225000 0.142898 0.303252 0.28404 0.73019
226000 0.141844 0.303311 0.280273 0.725427
227000 0.141223 0.309003 0.288636 0.738862
228000 0.149546 0.307668 0.278595 0.735808
229000 0.158409 0.31781 0.295329 0.771548
230000 0.142826 0.323211 0.289242 0.755279
231000 0.177313 0.316008 0.266521 0.759842
232000 0.130336 0.314981 0.287325 0.732641
233000 0.160791 0.327145 0.278262 0.766198
234000 0.145792 0.317044 0.293065 0.755901
235000 0.131586 0.305595 0.278484 0.715666
236000 0.192515 0.322946 0.285681 0.801142
237000 0.13071 0.303848 0.300806 0.735364
238000 0.157365 0.315201 0.285826 0.758392
239000 0.146586 0.321798 0.27502 0.743404
240000 0.147075 0.29968 0.259721 0.706476
241000 0.156509 0.309001 0.272065 0.737575
242000 0.142439 0.301865 0.290217 0.734522
243000 0.156306 0.300735 0.283601 0.740641
244000 0.155801 0.319238 0.317984 0.793024
245000 0.138482 0.313741 0.280761 0.732984
246000 0.148899 0.308964 0.276441 0.734304
247000 0.141945 0.313297 0.276506 0.731748
248000 0.148282 0.313827 0.277252 0.73936
249000 0.156652 0.323098 0.306774 0.786523
250000 0.145885 0.325769 0.278229 0.749883
251000 0.146987 0.317034 0.272451 0.736472
252000 0.140298 0.322088 0.272375 0.734761
253000 0.146818 0.329811 0.270086 0.746716
254000 0.149621 0.336315 0.298579 0.784516
255000 0.157577 0.331246 0.295887 0.78471
256000 0.141957 0.323025 0.283233 0.748215
257000 0.146576 0.326923 0.287351 0.76085
258000 0.156322 0.333926 0.280012 0.77026
259000 0.146015 0.317255 0.312615 0.775885
260000 0.156479 0.344924 0.307406 0.808809
261000 0.141534 0.33271 0.30597 0.780215
262000 0.169744 0.330491 0.275052 0.775286
263000 0.159671 0.342454 0.266956 0.76908
264000 0.165199 0.348226 0.305152 0.818577
265000 0.171254 0.338867 0.29278 0.802901
266000 0.160619 0.331644 0.300259 0.792522
267000 0.152229 0.330915 0.303001 0.786144
268000 0.16587 0.362445 0.281434 0.809749
269000 0.15414 0.344515 0.308487 0.807142
270000 0.186936 0.349394 0.290571 0.826901
271000 0.151899 0.352435 0.336415 0.840749
272000 0.173315 0.346454 0.294974 0.814742
273000 0.155017 0.339072 0.28979 0.78388
274000 0.150661 0.336558 0.293918 0.781137
275000 0.180946 0.331504 0.303719 0.81617
276000 0.151101 0.344708 0.3409 0.836708
277000 0.179434 0.34457 0.306204 0.830208
278000 0.156887 0.351376 0.301992 0.810255
279000 0.16066 0.37285 0.311646 0.845156
280000 0.174937 0.348578 0.30959 0.833104
281000 0.157212 0.379211 0.352021 0.888444
282000 0.197274 0.382872 0.325012 0.905157
283000 0.147478 0.378622 0.321081 0.847182
284000 0.176024 0.375441 0.312718 0.864183
285000 0.157747 0.372369 0.335776 0.865891
286000 0.163732 0.38705 0.333128 0.883911
287000 0.165206 0.419382 0.307959 0.892547
288000 0.157911 0.381909 0.310867 0.850687
289000 0.189976 0.380815 0.315454 0.886245
290000 0.156023 0.382498 0.346212 0.884733
291000 0.198309 0.358865 0.329293 0.886467
292000 0.155668 0.389908 0.332393 0.877969
293000 0.147628 0.378502 0.339027 0.865156
294000 0.232784 0.387271 0.333485 0.953541
295000 0.152538 0.380188 0.32396 0.856687
296000 0.201808 0.37947 0.316247 0.897525
297000 0.147806 0.379929 0.335361 0.863096
298000 0.151777 0.387304 0.329132 0.868213
299000 0.234293 0.399762 0.325841 0.959896
300000 0.154103 0.393052 0.329496 0.876651
301000 0.22443 0.429763 0.337681 0.991875
302000 0.146208 0.390863 0.338846 0.875917
303000 0.168967 0.383999 0.341871 0.894836
304000 0.159654 0.39323 0.336024 0.888908
305000 0.149592 0.387935 0.345711 0.883238
306000 0.198638 0.414828 0.358378 0.971844
307000 0.159716 0.398034 0.345578 0.903329
308000 0.167777 0.406344 0.368317 0.942439
309000 0.176686 0.390876 0.338357 0.905919
310000 0.152221 0.386419 0.340049 0.878689
311000 0.189481 0.386872 0.34731 0.923663
312000 0.150823 0.385494 0.342309 0.878626
313000 0.165633 0.389776 0.352813 0.908221
314000 0.199053 0.393669 0.347499 0.940221
315000 0.164462 0.39696 0.366287 0.927709
316000 0.192959 0.402437 0.36209 0.957486
317000 0.18177 0.385399 0.359272 0.926441
318000 0.168222 0.392487 0.361623 0.922332
319000 0.179489 0.381315 0.349575 0.91038
320000 0.170931 0.40174 0.366414 0.939086
321000 0.174372 0.38326 0.355397 0.913028
322000 0.178029 0.397578 0.3591 0.934707
323000 0.174311 0.413032 0.370571 0.957914
324000 0.183672 0.408587 0.353604 0.945862
325000 0.164984 0.413384 0.356861 0.93523
326000 0.169219 0.416463 0.370962 0.956644
327000 0.186994 0.396373 0.368147 0.951515
328000 0.167164 0.420249 0.384645 0.972059
329000 0.1781 0.430057 0.358433 0.96659
330000 0.18088 0.420195 0.372554 0.973628
331000 0.173432 0.402543 0.385962 0.961937
332000 0.180804 0.426 0.389407 0.996211
333000 0.193063 0.436431 0.39039 1.01988
334000 0.175211 0.413938 0.377977 0.967125
335000 0.180678 0.413777 0.382384 0.976838
336000 0.173434 0.422513 0.398233 0.99418
337000 0.199175 0.422159 0.398517 1.01985
338000 0.175061 0.430856 0.399806 1.00572
339000 0.200865 0.415427 0.381217 0.997509
340000 0.166855 0.417192 0.406622 0.990669
341000 0.170987 0.417243 0.386802 0.975032
342000 0.208848 0.418957 0.393398 1.0212
343000 0.175904 0.440015 0.417167 1.03309
344000 0.195296 0.449925 0.413792 1.05901
345000 0.173489 0.444527 0.413006 1.03102
346000 0.18176 0.455473 0.413142 1.05037
347000 0.18727 0.44917 0.433489 1.06993
348000 0.177315 0.43548 0.418617 1.03141
349000 0.178724 0.445657 0.408843 1.03322
350000 0.202199 0.449268 0.419713 1.07118
351000 0.1682 0.45062 0.411731 1.03055
352000 0.195329 0.4357 0.415104 1.04613
353000 0.175421 0.442152 0.413504 1.03108
354000 0.172103 0.445541 0.408658 1.0263
355000 0.200397 0.460854 0.40947 1.07072
356000 0.168282 0.430547 0.423535 1.02236
357000 0.208416 0.457476 0.43239 1.09828
358000 0.178078 0.460809 0.407944 1.04683
359000 0.179237 0.447567 0.401124 1.02793
360000 0.225727 0.467821 0.411777 1.10533
361000 0.169927 0.451028 0.402827 1.02378
362000 0.179309 0.444594 0.421369 1.04527
363000 0.182746 0.454407 0.397666 1.03482
364000 0.181651 0.445684 0.404366 1.0317
365000 0.220266 0.449211 0.416073 1.08555
366000 0.17466 0.44716 0.412009 1.03383
367000 0.184809 0.454812 0.406321 1.04594
368000 0.192455 0.476128 0.410427 1.07901
369000 0.172659 0.467711 0.403459 1.04383
370000 0.229873 0.48307 0.418682 1.13163
371000 0.190209 0.475297 0.433424 1.09893
372000 0.198713 0.453778 0.420152 1.07264
373000 0.196412 0.469809 0.417182 1.0834
374000 0.178526 0.453969 0.40589 1.03839
375000 0.225805 0.478656 0.419344 1.1238
376000 0.180591 0.47451 0.415642 1.07074
377000 0.192301 0.457004 0.419934 1.06924
378000 0.202596 0.472588 0.409387 1.08457
379000 0.184229 0.455485 0.418768 1.05848
380000 0.21857 0.463531 0.428357 1.11046
381000 0.186305 0.467191 0.421219 1.07472
382000 0.181816 0.466952 0.426574 1.07534
383000 0.201112 0.460812 0.429578 1.0915
384000 0.198058 0.452791 0.405634 1.05648
385000 0.219744 0.455876 0.40952 1.08514
386000 0.186222 0.469775 0.43173 1.08773
387000 0.192776 0.50094 0.412378 1.10609
388000 0.208526 0.474125 0.423161 1.10581
389000 0.181141 0.459941 0.417506 1.05859
390000 0.220822 0.482563 0.425799 1.12918
391000 0.183567 0.485562 0.425685 1.09481
392000 0.187317 0.473065 0.421491 1.08187
393000 0.211163 0.465996 0.421446 1.09861
394000 0.181106 0.493863 0.436556 1.11153
395000 0.196418 0.473885 0.432156 1.10246
396000 0.181862 0.467936 0.428651 1.07845
397000 0.189872 0.468361 0.425639 1.08387
398000 0.20727 0.469526 0.441274 1.11807
399000 0.18428 0.467492 0.439285 1.09106
400000 0.241637 0.470955 0.44066 1.15325
401000 0.177407 0.468512 0.425543 1.07146
402000 0.18919 0.458554 0.409303 1.05705
403000 0.208122 0.488957 0.423232 1.12031
404000 0.173793 0.475063 0.44768 1.09654
405000 0.207335 0.471649 0.448422 1.12741
406000 0.1835 0.481185 0.436358 1.10104
407000 0.190831 0.499379 0.427604 1.11781
408000 0.190272 0.478111 0.442049 1.11043
409000 0.184768 0.486274 0.447045 1.11809
410000 0.222141 0.494057 0.432722 1.14892
411000 0.172082 0.483006 0.447119 1.10221
412000 0.226167 0.497302 0.449918 1.17339
413000 0.185055 0.510064 0.466603 1.16172
414000 0.197413 0.505429 0.470902 1.17374
415000 0.185955 0.49541 0.452054 1.13342
416000 0.191372 0.499959 0.44944 1.14077
417000 0.21703 0.526816 0.445675 1.18952
418000 0.184192 0.517652 0.439595 1.14144
419000 0.239836 0.535934 0.463651 1.23942
420000 0.201864 0.506736 0.460063 1.16866
421000 0.199641 0.540647 0.461127 1.20142
422000 0.226651 0.506738 0.452991 1.18638
423000 0.186601 0.519882 0.453943 1.16043
424000 0.252854 0.520348 0.464022 1.23722
425000 0.205968 0.515208 0.459695 1.18087
426000 0.194799 0.529654 0.46218 1.18663
427000 0.203007 0.508398 0.454886 1.16629
428000 0.185232 0.514245 0.461403 1.16088
429000 0.219809 0.512788 0.462743 1.19534
430000 0.192026 0.52945 0.470583 1.19206
431000 0.201445 0.528744 0.471278 1.20147
432000 0.20588 0.503426 0.465481 1.17479
433000 0.185849 0.528519 0.465563 1.17993
434000 0.225646 0.542816 0.47681 1.24527
435000 0.199879 0.541723 0.463973 1.20557
436000 0.229762 0.537589 0.46529 1.23264
437000 0.194317 0.521313 0.46171 1.17734
438000 0.202393 0.539187 0.493045 1.23462
439000 0.23421 0.528979 0.477758 1.24095
440000 0.189178 0.548853 0.48616 1.22419
441000 0.234918 0.527975 0.471408 1.2343
442000 0.198851 0.545439 0.481422 1.22571
443000 0.20265 0.535464 0.479953 1.21807
444000 0.222779 0.528468 0.472043 1.22329
445000 0.201109 0.557954 0.491704 1.25077
446000 0.203403 0.5527 0.496083 1.25219
447000 0.215363 0.526572 0.488954 1.23089
448000 0.191803 0.50596 0.494495 1.19226
449000 0.205189 0.530751 0.490419 1.22636
450000 0.198471 0.533079 0.498477 1.23003
451000 0.204669 0.515459 0.490088 1.21022
452000 0.204124 0.53835 0.486992 1.22947
453000 0.196999 0.542606 0.514746 1.25435
454000 0.227691 0.543442 0.504979 1.27611
455000 0.198039 0.54025 0.500171 1.23846
456000 0.224954 0.537135 0.506855 1.26894
457000 0.196458 0.548367 0.509318 1.25414
458000 0.198899 0.54834 0.515211 1.26245
459000 0.217981 0.531934 0.50031 1.25022
460000 0.216394 0.540987 0.505295 1.26268
461000 0.219762 0.534138 0.50213 1.25603
462000 0.210051 0.540315 0.520707 1.27107
463000 0.198659 0.528344 0.49859 1.22559
464000 0.205279 0.545222 0.510798 1.2613
465000 0.201649 0.521829 0.509596 1.23307
466000 0.213251 0.531669 0.50644 1.25136
467000 0.203809 0.53372 0.500298 1.23783
468000 0.205427 0.524797 0.497325 1.22755
469000 0.202632 0.555265 0.524956 1.28285
470000 0.196412 0.539279 0.51201 1.2477
471000 0.212215 0.534825 0.502153 1.24919
472000 0.201889 0.559301 0.522762 1.28395
473000 0.202957 0.531048 0.512708 1.24671
474000 0.24827 0.544507 0.505412 1.29819
475000 0.188996 0.537708 0.515861 1.24256
476000 0.208194 0.567943 0.504281 1.28042
477000 0.235574 0.563887 0.529259 1.32872
478000 0.20152 0.54338 0.53254 1.27744
479000 0.250484 0.545359 0.515182 1.31103
480000 0.19258 0.528828 0.537433 1.25884
481000 0.220894 0.543324 0.516009 1.28023
482000 0.226727 0.532482 0.526621 1.28583
483000 0.192297 0.533842 0.507438 1.23358
484000 0.214083 0.523221 0.508483 1.24579
485000 0.19529 0.52916 0.50764 1.23209
486000 0.202631 0.552906 0.519049 1.27459
487000 0.220297 0.566893 0.508843 1.29603
488000 0.196892 0.54669 0.492235 1.23582
489000 0.244073 0.540202 0.525225 1.3095
490000 0.198543 0.533065 0.512894 1.2445
491000 0.217488 0.537959 0.520634 1.27608
492000 0.228947 0.553412 0.513806 1.29616
493000 0.208425 0.555498 0.53485 1.29877
494000 0.222571 0.53077 0.514501 1.26784
495000 0.199725 0.54798 0.528348 1.27605
496000 0.230029 0.543821 0.521165 1.29502
497000 0.201481 0.543941 0.545731 1.29115
498000 0.231796 0.549215 0.527137 1.30815
499000 0.202412 0.559867 0.535285 1.29756
500000 0.234932 0.538936 0.528867 1.30274
501000 0.200812 0.545979 0.5302 1.27699
502000 0.193817 0.536614 0.53333 1.26376
503000 0.228673 0.548776 0.544175 1.32162
504000 0.195897 0.572543 0.546972 1.31541
505000 0.22056 0.567762 0.545129 1.33345
506000 0.226248 0.589555 0.551572 1.36738
507000 0.199299 0.565244 0.541171 1.30571
508000 0.225836 0.571106 0.559604 1.35655
509000 0.201849 0.548302 0.546785 1.29694
510000 0.229061 0.547973 0.557432 1.33447
511000 0.215202 0.558731 0.564599 1.33853
512000 0.204592 0.566503 0.560711 1.33181
513000 0.214275 0.575384 0.562771 1.35243
514000 0.208781 0.574909 0.54213 1.32582
515000 0.222502 0.564409 0.559671 1.34658
516000 0.215545 0.582215 0.575248 1.37301
517000 0.221699 0.602994 0.554513 1.37921
518000 0.221314 0.567509 0.56559 1.35441
519000 0.220208 0.567772 0.567002 1.35498
520000 0.209397 0.562876 0.550647 1.32292
521000 0.220319 0.580602 0.577498 1.37842
522000 0.207457 0.56706 0.557162 1.33168
523000 0.232995 0.58141 0.560659 1.37506
524000 0.217642 0.591875 0.556379 1.3659
525000 0.23351 0.581591 0.576025 1.39113
526000 0.215443 0.597843 0.577693 1.39098
527000 0.199997 0.584635 0.573345 1.35798
528000 0.225689 0.57181 0.573816 1.37131
529000 0.20911 0.562476 0.570809 1.34239
530000 0.233164 0.584383 0.580931 1.39848
531000 0.206117 0.584757 0.568627 1.3595
532000 0.234074 0.584631 0.563146 1.38185
533000 0.2111 0.58257 0.585125 1.37879
534000 0.203667 0.580258 0.559864 1.34379
535000 0.229413 0.587073 0.576859 1.39335
536000 0.200857 0.577326 0.566614 1.3448
537000 0.237631 0.580504 0.595624 1.41376
538000 0.201413 0.595637 0.588692 1.38574
539000 0.201693 0.574345 0.593352 1.36939
540000 0.241794 0.581491 0.576924 1.40021
541000 0.211446 0.57008 0.546834 1.32836
542000 0.247783 0.5879 0.563128 1.39881
543000 0.205794 0.598495 0.577904 1.38219
544000 0.245288 0.586891 0.586326 1.41851
545000 0.217896 0.602755 0.574772 1.39542
546000 0.226282 0.596368 0.594931 1.41758
547000 0.221395 0.592734 0.590465 1.40459
548000 0.223575 0.625593 0.590133 1.4393
549000 0.224415 0.617027 0.579623 1.42107
550000 0.234284 0.597367 0.574694 1.40634
551000 0.227866 0.600022 0.571668 1.39956
552000 0.232219 0.593036 0.584365 1.40962
553000 0.221026 0.606986 0.58141 1.40942
554000 0.238049 0.601754 0.589961 1.42976
555000 0.22675 0.613685 0.581766 1.4222
556000 0.218741 0.587271 0.576187 1.3822
557000 0.219062 0.600971 0.596284 1.41632
558000 0.23493 0.593497 0.584122 1.41255
559000 0.225136 0.609848 0.597609 1.43259
560000 0.228788 0.620759 0.571094 1.42064
561000 0.218251 0.608925 0.586524 1.4137
562000 0.219964 0.62267 0.591031 1.43366
563000 0.251637 0.608652 0.576443 1.43673
564000 0.211739 0.598146 0.593174 1.40306
565000 0.227801 0.603768 0.590276 1.42184
566000 0.220764 0.602953 0.592126 1.41584
567000 0.221579 0.626744 0.578534 1.42686
568000 0.223534 0.61242 0.574382 1.41034
569000 0.219525 0.619451 0.579094 1.41807
570000 0.222325 0.589146 0.583568 1.39504
571000 0.210497 0.60889 0.59873 1.41812
572000 0.239236 0.62559 0.587058 1.45188
573000 0.224277 0.603642 0.590299 1.41822
574000 0.24401 0.628989 0.596307 1.46931
575000 0.237482 0.614798 0.593342 1.44562
576000 0.205139 0.607444 0.585215 1.3978
577000 0.234405 0.617238 0.602622 1.45426
578000 0.210353 0.620177 0.591156 1.42169
579000 0.225957 0.619345 0.615848 1.46115
580000 0.237801 0.615393 0.585904 1.4391
581000 0.217387 0.618954 0.610328 1.44667
582000 0.25152 0.610679 0.609472 1.47167
583000 0.221133 0.629703 0.590694 1.44153
584000 0.271557 0.621775 0.612196 1.50553
585000 0.222753 0.638188 0.614813 1.47575
586000 0.259703 0.637193 0.609463 1.50636
587000 0.244139 0.651225 0.617372 1.51274
588000 0.247946 0.631207 0.618402 1.49756
589000 0.239132 0.647718 0.639114 1.52596
590000 0.227225 0.622924 0.597822 1.44797
591000 0.276341 0.648554 0.626817 1.55171
592000 0.2277 0.655705 0.607999 1.4914
593000 0.274164 0.648392 0.61673 1.53929
594000 0.237438 0.662719 0.639449 1.53961
595000 0.242699 0.658032 0.631261 1.53199
596000 0.24354 0.682751 0.662483 1.58877
597000 0.222864 0.646892 0.642535 1.51229
598000 0.255807 0.655431 0.652045 1.56328
599000 0.221075 0.683368 0.635326 1.53977
600000 0.303359 0.689586 0.62652 1.61946
601000 0.227637 0.676501 0.638382 1.54252
602000 0.237616 0.666928 0.631615 1.53616
603000 0.266502 0.651216 0.631222 1.54894
604000 0.233096 0.696123 0.64903 1.57825
605000 0.280717 0.669572 0.635069 1.58536
606000 0.240972 0.66409 0.638873 1.54393
607000 0.246139 0.682643 0.643748 1.57253
608000 0.24612 0.660915 0.630762 1.5378
609000 0.234815 0.676831 0.620352 1.532
610000 0.238771 0.649171 0.629598 1.51754
611000 0.267871 0.650438 0.636571 1.55488
612000 0.247027 0.657933 0.617654 1.52261
613000 0.226479 0.670933 0.631316 1.52873
614000 0.257345 0.676649 0.629155 1.56315
615000 0.256688 0.664588 0.620129 1.54141
616000 0.265029 0.671519 0.640677 1.57722
617000 0.247768 0.657301 0.637091 1.54216
618000 0.246459 0.677781 0.631248 1.55549
619000 0.267071 0.660384 0.637317 1.56477
620000 0.246348 0.677645 0.641085 1.56508
621000 0.270421 0.691523 0.66018 1.62212
622000 0.252534 0.696305 0.634807 1.58365
623000 0.233597 0.697524 0.659016 1.59014
624000 0.296154 0.674614 0.641728 1.6125
625000 0.235036 0.689648 0.646094 1.57078
626000 0.286593 0.679246 0.646858 1.6127
627000 0.238301 0.676393 0.644813 1.55951
628000 0.269606 0.723164 0.629553 1.62232
629000 0.270524 0.678301 0.655906 1.60473
630000 0.235326 0.699167 0.636382 1.57088
631000 0.312549 0.707526 0.668336 1.68841
632000 0.236159 0.68002 0.648098 1.56428
633000 0.25351 0.7016 0.658789 1.6139
634000 0.277908 0.699472 0.644579 1.62196
635000 0.236442 0.691653 0.64593 1.57403
636000 0.285953 0.711204 0.652789 1.64995
637000 0.246695 0.682514 0.649937 1.57915
638000 0.244292 0.717819 0.638012 1.60012
639000 0.26005 0.705173 0.647398 1.61262
640000 0.240483 0.671575 0.626774 1.53883
641000 0.276857 0.703671 0.646118 1.62665
642000 0.244217 0.690699 0.653985 1.5889
643000 0.272203 0.687189 0.669441 1.62883
644000 0.254994 0.697308 0.657639 1.60994
645000 0.257877 0.696788 0.667331 1.622
646000 0.262228 0.726871 0.664478 1.65358
647000 0.2485 0.686303 0.667174 1.60198
648000 0.286476 0.749506 0.666999 1.70298
649000 0.249891 0.730181 0.677922 1.65799
650000 0.263301 0.724069 0.67303 1.6604
651000 0.273102 0.710083 0.702168 1.68535
652000 0.244193 0.730566 0.716679 1.69144
653000 0.277704 0.747278 0.678276 1.70326
654000 0.247736 0.754797 0.691229 1.69376
655000 0.291517 0.756902 0.682954 1.73137
656000 0.25845 0.732551 0.69921 1.69021
657000 0.249744 0.715485 0.683445 1.64867
658000 0.281804 0.756238 0.680294 1.71834
659000 0.246527 0.743012 0.692868 1.68241
660000 0.283939 0.764095 0.685428 1.73346
661000 0.262801 0.753807 0.68293 1.69954
662000 0.265605 0.7302 0.687358 1.68316
663000 0.295522 0.75469 0.691402 1.74161
664000 0.256712 0.736468 0.675738 1.66892
665000 0.295764 0.740435 0.684007 1.72021
666000 0.262002 0.755395 0.701793 1.71919
667000 0.261955 0.744272 0.691117 1.69734
668000 0.265837 0.722632 0.695991 1.68446
669000 0.264481 0.739848 0.712289 1.71662
670000 0.298696 0.745327 0.691751 1.73577
671000 0.257858 0.755415 0.700483 1.71376
672000 0.269915 0.745445 0.711328 1.72669
673000 0.271763 0.73683 0.72155 1.73014
674000 0.253467 0.772667 0.700766 1.7269
675000 0.284184 0.761173 0.688094 1.73345
676000 0.274856 0.778242 0.696566 1.74966
677000 0.28013 0.772439 0.692507 1.74508
678000 0.259915 0.777925 0.699173 1.73701
679000 0.259017 0.766704 0.694996 1.72072
680000 0.297325 0.759004 0.704348 1.76068
681000 0.273623 0.765148 0.719353 1.75812
682000 0.320518 0.778626 0.714806 1.81395
683000 0.261679 0.768584 0.708689 1.73895
684000 0.291405 0.787684 0.700982 1.78007
685000 0.279426 0.776427 0.709992 1.76584
686000 0.258388 0.792684 0.711366 1.76244
687000 0.287624 0.789034 0.703936 1.78059
688000 0.269785 0.782945 0.695842 1.74857
689000 0.281596 0.793381 0.712513 1.78749
690000 0.277969 0.7885 0.700642 1.76711
691000 0.27907 0.789335 0.700971 1.76938
692000 0.300774 0.797936 0.720857 1.81957
693000 0.278987 0.804413 0.698791 1.78219
694000 0.29027 0.796181 0.703373 1.78982
695000 0.28741 0.791019 0.724575 1.803
696000 0.270567 0.791856 0.701155 1.76358
697000 0.281738 0.80796 0.712424 1.80212
698000 0.272331 0.79629 0.711927 1.78055
699000 0.278332 0.812598 0.725628 1.81656
700000 0.28544 0.794152 0.721817 1.80141
701000 0.276101 0.784544 0.699318 1.75996
702000 0.267436 0.792543 0.717407 1.77739
703000 0.2883 0.788018 0.731259 1.80758
704000 0.291518 0.808338 0.737516 1.83737
705000 0.289196 0.813428 0.742996 1.84562
706000 0.270791 0.790459 0.716334 1.77758
707000 0.284469 0.802431 0.712052 1.79895
708000 0.286442 0.806539 0.725132 1.81811
709000 0.2935 0.829233 0.74275 1.86548
710000 0.291461 0.817275 0.740731 1.84947
711000 0.278448 0.814345 0.755176 1.84797
712000 0.302437 0.836011 0.740951 1.8794
713000 0.278231 0.827767 0.725115 1.83111
714000 0.286679 0.852225 0.758315 1.89722
715000 0.294734 0.833202 0.738471 1.86641
716000 0.289305 0.83935 0.755171 1.88383
717000 0.286537 0.842588 0.769062 1.89819
718000 0.311281 0.821709 0.748787 1.88178
719000 0.28846 0.855211 0.761174 1.90484
720000 0.303465 0.83206 0.770346 1.90587
721000 0.303643 0.828415 0.751444 1.8835
722000 0.269291 0.822579 0.768733 1.8606
723000 0.349898 0.818395 0.745122 1.91341
724000 0.284545 0.829756 0.757915 1.87222
725000 0.320356 0.838492 0.736711 1.89556
726000 0.289816 0.819973 0.739548 1.84934
727000 0.287136 0.805636 0.744073 1.83684
728000 0.299614 0.832449 0.759259 1.89132
729000 0.291784 0.833564 0.749346 1.87469
730000 0.306171 0.854361 0.76204 1.92257
731000 0.288693 0.837014 0.756347 1.88205
732000 0.295885 0.827084 0.780996 1.90397
733000 0.276892 0.833864 0.756989 1.86775
734000 0.291427 0.86321 0.772015 1.92665
735000 0.298168 0.833443 0.759798 1.89141
736000 0.270882 0.840308 0.759485 1.87067
737000 0.308865 0.844132 0.767463 1.92046
738000 0.281747 0.838388 0.75555 1.87568
739000 0.296386 0.854542 0.784162 1.93509
740000 0.28594 0.83268 0.782877 1.9015
741000 0.275907 0.852161 0.768 1.89607
742000 0.32925 0.841561 0.810132 1.98094
743000 0.278121 0.824216 0.770266 1.8726
744000 0.277528 0.851282 0.791763 1.92057
745000 0.308138 0.840249 0.787037 1.93542
746000 0.286826 0.838612 0.77403 1.89947
747000 0.293087 0.859377 0.798681 1.95114
748000 0.28556 0.841144 0.791799 1.9185
749000 0.296065 0.851469 0.780357 1.92789
750000 0.282979 0.853734 0.783973 1.92069
751000 0.289977 0.839781 0.784582 1.91434
752000 0.295151 0.867292 0.807662 1.97011
753000 0.297117 0.85352 0.784699 1.93534
754000 0.275785 0.818022 0.803346 1.89715
755000 0.306354 0.861932 0.771179 1.93947
756000 0.282698 0.846705 0.764119 1.89352
757000 0.292793 0.84002 0.795402 1.92821
758000 0.296117 0.840998 0.796342 1.93346
759000 0.292601 0.851934 0.810552 1.95509
760000 0.308854 0.843467 0.783058 1.93538
761000 0.284632 0.841083 0.781928 1.90764
762000 0.320036 0.859851 0.832008 2.01189
763000 0.295953 0.856301 0.795588 1.94784
764000 0.298129 0.848696 0.799684 1.94651
765000 0.299844 0.861025 0.787783 1.94865
766000 0.27939 0.854202 0.799339 1.93293
767000 0.297127 0.865403 0.79726 1.95979
768000 0.306926 0.854678 0.774709 1.93631
769000 0.289384 0.854982 0.767253 1.91162
770000 0.297841 0.844772 0.797319 1.93993
771000 0.28044 0.851507 0.796699 1.92865
772000 0.293126 0.857019 0.789504 1.93965
773000 0.30524 0.857307 0.780737 1.94328
774000 0.295278 0.856155 0.76586 1.91729
775000 0.301137 0.857797 0.78409 1.94302
776000 0.28597 0.860759 0.801077 1.94781
777000 0.300842 0.841649 0.78742 1.92991
778000 0.29266 0.851893 0.790605 1.93516
779000 0.320076 0.866107 0.778824 1.96501
780000 0.302701 0.870844 0.797572 1.97112
781000 0.300368 0.844608 0.807347 1.95232
782000 0.302907 0.864924 0.805194 1.97303
783000 0.283549 0.844677 0.820956 1.94918
784000 0.331963 0.869625 0.774654 1.97624
785000 0.299186 0.869634 0.78479 1.95361
786000 0.301356 0.845725 0.800334 1.94742
787000 0.31175 0.838589 0.794961 1.9453
788000 0.292381 0.876724 0.801602 1.97071
789000 0.321618 0.87144 0.792845 1.9859
790000 0.290932 0.848633 0.777095 1.91666
791000 0.29588 0.84397 0.785643 1.92549
792000 0.303032 0.869679 0.782503 1.95521
793000 0.303083 0.870305 0.814876 1.98826
794000 0.318427 0.860059 0.802996 1.98148
795000 0.286121 0.886446 0.806008 1.97857
796000 0.315295 0.872515 0.796638 1.98445
797000 0.315383 0.845413 0.788245 1.94904
798000 0.310283 0.848578 0.810655 1.96952
799000 0.326137 0.872075 0.804865 2.00308
800000 0.306644 0.870802 0.82383 2.00128
801000 0.333654 0.862781 0.812605 2.00904
802000 0.302937 0.873194 0.79437 1.9705
803000 0.32027 0.863836 0.823709 2.00782
804000 0.311806 0.873796 0.807139 1.99274
805000 0.304111 0.89043 0.818894 2.01344
806000 0.352937 0.866487 0.804063 2.02349
807000 0.302043 0.879373 0.809291 1.99071
808000 0.307228 0.884836 0.837536 2.0296
809000 0.321357 0.887661 0.806328 2.01535
810000 0.312431 0.879392 0.821542 2.01336
811000 0.301038 0.85424 0.815468 1.97075
812000 0.292788 0.876408 0.808195 1.97739
813000 0.315045 0.856392 0.844526 2.01596
814000 0.3384 0.870789 0.817983 2.02717
815000 0.280311 0.881947 0.795516 1.95777
816000 0.336246 0.905879 0.824989 2.06711
817000 0.320093 0.885059 0.816535 2.02169
818000 0.291718 0.868181 0.854312 2.01421
819000 0.320757 0.89935 0.803013 2.02312
820000 0.29549 0.867409 0.818553 1.98145
821000 0.328738 0.869143 0.8204 2.01828
822000 0.310667 0.880768 0.82193 2.01337
823000 0.314748 0.901781 0.829473 2.046
824000 0.324581 0.86784 0.809877 2.0023
825000 0.294839 0.870899 0.816153 1.98189
826000 0.318891 0.879892 0.807251 2.00603
827000 0.317627 0.873369 0.802096 1.99309
828000 0.296093 0.874744 0.822066 1.9929
829000 0.332136 0.856171 0.800549 1.98886
830000 0.295853 0.872928 0.832918 2.0017
831000 0.351153 0.896079 0.799903 2.04713
832000 0.299412 0.862975 0.818222 1.98061
833000 0.305434 0.872071 0.815594 1.9931
834000 0.313327 0.882465 0.817259 2.01305
835000 0.31666 0.902645 0.857042 2.07635
836000 0.328064 0.887044 0.834241 2.04935
837000 0.296893 0.900317 0.842622 2.03983
838000 0.29718 0.903388 0.835167 2.03574
839000 0.316946 0.894614 0.834964 2.04652
840000 0.302544 0.895819 0.861241 2.0596
841000 0.316569 0.911166 0.831617 2.05935
842000 0.316719 0.907293 0.842701 2.06671
843000 0.3102 0.913768 0.818712 2.04268
844000 0.315526 0.896472 0.839771 2.05177
845000 0.311489 0.889002 0.853963 2.05445
846000 0.314403 0.923398 0.856568 2.09437
847000 0.319544 0.900097 0.852738 2.07238
848000 0.300469 0.905712 0.81955 2.02573
849000 0.307801 0.903206 0.83275 2.04376
850000 0.311091 0.910378 0.882371 2.10384
851000 0.302349 0.950021 0.861725 2.1141
852000 0.310266 0.919917 0.873508 2.10369
853000 0.307056 0.926675 0.834818 2.06855
854000 0.305447 0.918068 0.83098 2.05449
855000 0.296666 0.892111 0.853186 2.04196
856000 0.323233 0.913674 0.838628 2.07553
857000 0.305043 0.902673 0.852132 2.05985
858000 0.306238 0.895632 0.839272 2.04114
859000 0.309259 0.906126 0.837852 2.05324
860000 0.29981 0.908817 0.863797 2.07242
861000 0.312023 0.940353 0.842366 2.09474
862000 0.29595 0.92453 0.851769 2.07225
863000 0.298502 0.935496 0.851136 2.08513
864000 0.330862 0.951733 0.861339 2.14393
865000 0.295045 0.936634 0.869667 2.10135
866000 0.34121 0.937698 0.871226 2.15013
867000 0.293484 0.928196 0.869152 2.09083
868000 0.308588 0.933209 0.858485 2.10028
869000 0.33245 0.934642 0.856026 2.12312
870000 0.300087 0.94348 0.862833 2.1064
871000 0.322778 0.960088 0.840808 2.12367
872000 0.308575 0.949325 0.860508 2.11841
873000 0.304042 0.950698 0.839426 2.09417
874000 0.317455 0.914727 0.848624 2.08081
875000 0.308513 0.970805 0.897427 2.17675
876000 0.308962 0.940442 0.843331 2.09273
877000 0.31015 0.97074 0.865424 2.14631
878000 0.310169 0.931569 0.842768 2.08451
879000 0.295515 0.947959 0.853277 2.09675
880000 0.335639 0.937934 0.873685 2.14726
881000 0.323172 0.959312 0.864718 2.1472
882000 0.31909 0.948799 0.874418 2.14231
883000 0.310948 0.934643 0.868201 2.11379
884000 0.300105 0.957637 0.87586 2.1336
885000 0.346034 0.955186 0.860802 2.16202
886000 0.316857 0.957742 0.882213 2.15681
887000 0.333026 0.941017 0.86857 2.14261
888000 0.311141 0.955731 0.871614 2.13849
889000 0.316968 0.96132 0.863674 2.14196
890000 0.331604 0.937552 0.871584 2.14074
891000 0.315041 0.95047 0.895783 2.16129
892000 0.357042 0.974238 0.880426 2.21171
893000 0.306375 0.959814 0.874852 2.14104
894000 0.356653 0.960966 0.872843 2.19046
895000 0.317469 0.963841 0.876114 2.15742
896000 0.336604 0.951484 0.899805 2.18789
897000 0.342859 0.957852 0.880979 2.18169
898000 0.303271 0.942974 0.889564 2.13581
899000 0.391229 0.96404 0.870991 2.22626
900000 0.301382 0.972275 0.877382 2.15104
901000 0.333693 0.959149 0.878868 2.17171
902000 0.316251 0.983661 0.886505 2.18642
903000 0.303289 0.975151 0.903802 2.18224
904000 0.385474 0.97753 0.881653 2.24466
905000 0.306965 0.955617 0.884886 2.14747
906000 0.349768 0.95905 0.865827 2.17465
907000 0.318384 0.979188 0.91806 2.21563
908000 0.304365 0.992128 0.905979 2.20247
909000 0.373492 0.973522 0.897428 2.24444
910000 0.325658 0.986218 0.907322 2.2192
911000 0.34337 0.990695 0.88992 2.22398
912000 0.34495 0.979966 0.921604 2.24652
913000 0.327524 0.964221 0.89026 2.182
914000 0.331892 0.975471 0.891364 2.19873
915000 0.332125 1.00422 0.896649 2.233
916000 0.327961 1.01439 0.891889 2.23424
917000 0.325101 0.993108 0.959039 2.27725
918000 0.337966 1.01163 0.925526 2.27513
919000 0.317926 0.990213 0.893026 2.20116
920000 0.332672 0.999174 0.909763 2.24161
921000 0.313941 0.971747 0.894665 2.18035
922000 0.339986 0.997111 0.897086 2.23418
923000 0.328128 1.01223 0.899706 2.24006
924000 0.330338 0.989851 0.904856 2.22505
925000 0.354555 0.999092 0.890743 2.24439
926000 0.316776 0.966649 0.886665 2.17009
927000 0.358519 1.00874 0.896771 2.26403
928000 0.314692 0.974178 0.906148 2.19502
929000 0.324372 0.988746 0.908324 2.22144
930000 0.348753 0.977395 0.882373 2.20852
931000 0.332545 0.990409 0.880321 2.20327
932000 0.381567 0.988208 0.893549 2.26332
933000 0.327326 0.987166 0.893714 2.20821
934000 0.329653 1.00612 0.904544 2.24032
935000 0.354067 1.00035 0.935346 2.28976
936000 0.321757 0.995153 0.905332 2.22224
937000 0.34537 0.999386 0.894043 2.2388
938000 0.323001 1.0351 0.906842 2.26494
939000 0.360757 0.98694 0.921324 2.26902
940000 0.309571 0.998782 0.958853 2.26721
941000 0.348581 1.01721 0.891921 2.25772
942000 0.359532 0.997986 0.883802 2.24132
943000 0.318799 1.0192 0.894095 2.23209
944000 0.349342 0.998351 0.900884 2.24858
945000 0.32769 0.994115 0.922194 2.244
946000 0.348754 1.0355 0.884544 2.2688
947000 0.333535 1.04378 0.901307 2.27863
948000 0.323732 1.02818 0.895927 2.24784
949000 0.376254 1.04726 0.919297 2.34281
950000 0.325747 1.03509 0.939056 2.29989
951000 0.344169 1.02746 0.905176 2.27681
952000 0.331104 1.05685 0.928322 2.31627
953000 0.329293 1.03776 0.926812 2.29387
954000 0.361098 1.07041 0.911487 2.343
955000 0.338794 1.03344 0.941353 2.31358
956000 0.345786 1.0162 0.907577 2.26956
957000 0.337664 1.01066 0.920546 2.26887
958000 0.355223 1.0392 0.922714 2.31713
959000 0.344838 1.04374 0.919078 2.30765
960000 0.336113 1.05054 0.949602 2.33626
961000 0.348283 1.03506 0.924771 2.30812
962000 0.325547 1.04866 0.943542 2.31774
963000 0.339439 1.03502 0.917733 2.29219
964000 0.328152 1.01365 0.91074 2.25255
965000 0.320987 1.03963 0.931719 2.29234
966000 0.346564 1.03987 0.916185 2.30262
967000 0.318957 1.03866 0.912553 2.27017
968000 0.348521 1.02838 0.921311 2.29821
969000 0.343307 1.03437 0.925557 2.30323
970000 0.322676 1.04877 0.911164 2.28261
971000 0.328431 1.0376 0.91355 2.27958
972000 0.344788 1.02121 0.921511 2.28751
973000 0.325031 1.02781 0.925476 2.27832
974000 0.353819 1.05315 0.924166 2.33114
975000 0.334598 1.05401 0.959507 2.34812
976000 0.365312 1.04729 0.925816 2.33842
977000 0.33349 1.03523 0.924364 2.29309
978000 0.331733 1.02943 0.924981 2.28615
979000 0.34219 1.04144 0.930734 2.31436
980000 0.331913 1.07592 0.963043 2.37088
981000 0.348449 1.05244 0.932934 2.33383
982000 0.331315 1.01886 0.929541 2.27971
983000 0.349576 1.04444 0.932927 2.32694
984000 0.342885 1.04599 0.91857 2.30745
985000 0.330017 1.03898 0.938098 2.30709
986000 0.367836 1.05231 0.931349 2.35149
987000 0.333151 1.03594 0.939507 2.3086
988000 0.375864 1.04918 0.924767 2.34981
989000 0.337138 1.03482 0.918487 2.29044
990000 0.344568 1.04413 0.92291 2.31161
991000 0.34501 1.02996 0.922944 2.29791
992000 0.325192 1.04135 0.926716 2.29326
993000 0.338771 1.06996 0.952876 2.3616
994000 0.3196 1.0398 0.957592 2.31699
995000 0.343855 1.04676 0.94069 2.33131
996000 0.347813 1.04556 0.92144 2.31482
997000 0.342408 1.04596 0.969069 2.35744
998000 0.341912 1.06216 0.966093 2.37017
999000 0.324488 1.06679 0.948355 2.33963
1000000 0.350335 1.07778 0.93198 2.36009
1001000 0.34358 1.03863 0.944617 2.32683
1002000 0.350713 1.06803 0.962515 2.38125
1003000 0.346058 1.05786 0.938407 2.34232
1004000 0.356019 1.06731 0.953899 2.37723
1005000 0.344292 1.0617 0.968233 2.37423
1006000 0.348496 1.06689 0.97341 2.38879
1007000 0.349314 1.04276 0.961861 2.35394
1008000 0.327803 1.07134 0.948956 2.3481
1009000 0.368063 1.0635 0.973283 2.40485
1010000 0.360274 1.05967 0.973674 2.39362
1011000 0.348817 1.07985 0.995036 2.42371
1012000 0.350616 1.05843 0.954175 2.36322
1013000 0.331245 1.05404 0.973224 2.35851
1014000 0.34876 1.05558 0.964145 2.36848
1015000 0.354552 1.09043 0.972959 2.41794
1016000 0.331233 1.08882 1.00259 2.42264
1017000 0.384952 1.06849 0.985264 2.43871
1018000 0.333144 1.0497 0.995021 2.37787
1019000 0.36586 1.06565 0.997821 2.42933
1020000 0.349236 1.08194 0.986321 2.4175
1021000 0.333485 1.06325 1.00091 2.39765
1022000 0.398353 1.096 0.982347 2.4767
1023000 0.339621 1.07069 0.977543 2.38785
1024000 0.386213 1.07861 0.988037 2.45286
1025000 0.336338 1.10455 1.01108 2.45196
1026000 0.344902 1.07385 1.01797 2.43672
1027000 0.364947 1.09298 0.992945 2.45087
1028000 0.347516 1.0731 1.01122 2.43183
1029000 0.35901 1.09703 1.02191 2.47795
1030000 0.348701 1.0919 1.01222 2.45282
