# Time-averaged data for fix 1
# TimeStep c_msd_all[1] c_msd_all[2] c_msd_all[3] c_msd_all[4]
31000 0.0932166 0.0837417 0.0731333 0.250092
32000 0.09413 0.0931552 0.118656 0.305941
33000 0.0634805 0.0818423 0.0894009 0.234724
34000 0.11159 0.126471 0.130261 0.368323
35000 0.0626779 0.0774009 0.0803145 0.220393
36000 0.0898555 0.128145 0.0879334 0.305934
37000 0.0785027 0.104113 0.12464 0.307255
38000 0.0804819 0.0937139 0.0861349 0.260331
39000 0.0960989 0.148105 0.126717 0.370921
40000 0.0643646 0.0958996 0.0988528 0.259117
41000 0.105403 0.142841 0.105062 0.353306
42000 0.0685733 0.109722 0.11304 0.291335
43000 0.0808378 0.101917 0.0935989 0.276354
44000 0.102308 0.122528 0.113662 0.338498
45000 0.070586 0.112335 0.0971782 0.280099
46000 0.101603 0.135383 0.104645 0.341632
47000 0.0778668 0.123104 0.106459 0.30743
48000 0.0830252 0.128307 0.110476 0.321808
49000 0.0881211 0.159417 0.137367 0.384905
50000 0.069376 0.106438 0.107199 0.283014
51000 0.117914 0.158208 0.112121 0.388244
52000 0.0720571 0.107253 0.124656 0.303966
53000 0.0897954 0.133043 0.103634 0.326472
54000 0.101449 0.146104 0.134496 0.382049
55000 0.0718641 0.12272 0.123216 0.3178
56000 0.11828 0.137531 0.125387 0.381198
57000 0.0780719 0.119836 0.132265 0.330173
58000 0.0721621 0.15232 0.124369 0.348851
59000 0.11162 0.13059 0.133076 0.375286
60000 0.0735407 0.146907 0.116625 0.337073
61000 0.135613 0.149954 0.124463 0.41003
62000 0.0795638 0.130165 0.128226 0.337955
63000 0.112402 0.170861 0.114445 0.397708
64000 0.0837017 0.117858 0.122194 0.323754
65000 0.0824474 0.139548 0.113789 0.335784
66000 0.104904 0.140379 0.115211 0.360494
67000 0.0733493 0.129064 0.131864 0.334278
68000 0.111074 0.167217 0.110993 0.389285
69000 0.0848329 0.126939 0.132862 0.344634
70000 0.111656 0.145773 0.111154 0.368583
71000 0.100344 0.146566 0.124299 0.371209
72000 0.0792931 0.135443 0.132112 0.346848
73000 0.118628 0.139912 0.125832 0.384372
74000 0.0837867 0.129437 0.131567 0.344791
75000 0.126686 0.160296 0.123902 0.410885
76000 0.0850643 0.133923 0.124606 0.343593
77000 0.0864619 0.151262 0.150017 0.387741
78000 0.117088 0.150307 0.124722 0.392116
79000 0.0835406 0.155321 0.15621 0.395072
80000 0.107155 0.134788 0.129578 0.37152
81000 0.0998387 0.14404 0.129847 0.373725
82000 0.0859345 0.15664 0.170037 0.412612
83000 0.111153 0.164094 0.128331 0.403578
84000 0.105783 0.185756 0.16279 0.454329
85000 0.0825714 0.153149 0.141921 0.377641
86000 0.102554 0.166396 0.141497 0.410447
87000 0.0859313 0.165982 0.154906 0.40682
88000 0.0962554 0.151077 0.137693 0.385026
89000 0.106273 0.180943 0.158591 0.445806
90000 0.0985651 0.150213 0.137563 0.386342
91000 0.103288 0.167349 0.142913 0.413551
92000 0.109043 0.187821 0.160211 0.457075
93000 0.113234 0.165319 0.130775 0.409329
94000 0.0958057 0.175143 0.16111 0.432059
95000 0.122936 0.157297 0.147069 0.427302
96000 0.0920748 0.175977 0.154495 0.422547
97000 0.0985362 0.173486 0.161835 0.433858
98000 0.114193 0.187856 0.164466 0.466515
99000 0.0925351 0.188028 0.148799 0.429362
100000 0.12552 0.180273 0.157989 0.463782
101000 0.100856 0.205839 0.178868 0.485563
102000 0.118299 0.161475 0.147958 0.427731
103000 0.114839 0.16165 0.172565 0.449053
104000 0.0953469 0.168009 0.154292 0.417648
105000 0.113872 0.174169 0.155572 0.443613
106000 0.101433 0.180055 0.183943 0.465431
107000 0.120482 0.175 0.144329 0.439811
108000 0.0910972 0.173898 0.18437 0.449365
109000 0.114625 0.194866 0.16431 0.473801
110000 0.0953579 0.178402 0.171111 0.444871
111000 0.10297 0.183963 0.184973 0.471906
112000 0.106414 0.172795 0.150872 0.430081
113000 0.0937418 0.177886 0.181142 0.45277
114000 0.104062 0.200122 0.15455 0.458733
115000 0.0993115 0.176634 0.179787 0.455733
116000 0.0925409 0.17723 0.163842 0.433612
117000 0.106293 0.186223 0.161527 0.454043
118000 0.0927286 0.172479 0.188956 0.454164
119000 0.108087 0.208982 0.172936 0.490004
120000 0.0938561 0.177563 0.192508 0.463928
121000 0.116368 0.187783 0.184409 0.488561
122000 0.100059 0.185193 0.179903 0.465156
123000 0.114665 0.177732 0.21011 0.502508
124000 0.10983 0.211015 0.159338 0.480182
125000 0.0993286 0.181364 0.205277 0.485969
126000 0.126569 0.230424 0.172227 0.529221
127000 0.08862 0.171966 0.188956 0.449542
128000 0.134555 0.176185 0.189178 0.499919
129000 0.0981738 0.211338 0.177606 0.487118
130000 0.0954852 0.173564 0.218664 0.487713
131000 0.128009 0.184537 0.181847 0.494393
132000 0.0952944 0.187455 0.170254 0.453003
133000 0.0941593 0.190539 0.190585 0.475283
134000 0.103837 0.194592 0.185183 0.483612
135000 0.10531 0.181852 0.200775 0.487937
136000 0.112874 0.201111 0.188292 0.502277
137000 0.103704 0.200374 0.18915 0.493228
138000 0.101845 0.220806 0.198707 0.521357
139000 0.108115 0.189035 0.188288 0.485439
140000 0.125149 0.18794 0.209927 0.523017
141000 0.104334 0.217327 0.185125 0.506786
142000 0.111752 0.191796 0.182409 0.485957
143000 0.100866 0.23096 0.21325 0.545077
144000 0.129099 0.207796 0.200721 0.537616
145000 0.0959798 0.186258 0.213163 0.495401
146000 0.124472 0.224623 0.213021 0.562117
147000 0.0911265 0.193994 0.206754 0.491875
148000 0.133779 0.219527 0.197125 0.550431
149000 0.0963298 0.198948 0.203107 0.498385
150000 0.104254 0.194735 0.208297 0.507287
151000 0.145272 0.250102 0.21319 0.608564
152000 0.0957357 0.191565 0.194599 0.4819
153000 0.132254 0.25715 0.224924 0.614328
154000 0.0980904 0.212724 0.218216 0.52903
155000 0.124245 0.235461 0.192067 0.551774
156000 0.100425 0.245831 0.231189 0.577445
157000 0.128282 0.225837 0.210135 0.564254
158000 0.107765 0.259532 0.225254 0.59255
159000 0.10514 0.211354 0.216075 0.532568
160000 0.135945 0.197959 0.189378 0.523283
161000 0.0995416 0.267349 0.243447 0.610337
162000 0.118265 0.226446 0.20707 0.551781
163000 0.0993329 0.25709 0.208399 0.564822
164000 0.107012 0.222781 0.261473 0.591266
165000 0.122434 0.21272 0.221525 0.556679
166000 0.108259 0.267535 0.263514 0.639308
167000 0.1227 0.210901 0.217591 0.551191
168000 0.108203 0.274841 0.231196 0.61424
169000 0.112282 0.218163 0.274523 0.604968
170000 0.122545 0.236558 0.231079 0.590183
171000 0.101683 0.260579 0.267192 0.629453
172000 0.113856 0.21174 0.221141 0.546737
173000 0.104573 0.271647 0.229131 0.605351
174000 0.120357 0.225396 0.267702 0.613455
175000 0.108374 0.235868 0.219359 0.563602
176000 0.121714 0.23674 0.24549 0.603944
177000 0.103728 0.220981 0.245959 0.570668
178000 0.132547 0.248832 0.228651 0.610029
179000 0.101916 0.227692 0.253858 0.583467
180000 0.137377 0.270932 0.22417 0.632478
181000 0.110107 0.241499 0.23876 0.590366
182000 0.098591 0.229332 0.244342 0.572265
183000 0.104684 0.261562 0.233112 0.599358
184000 0.0999211 0.222445 0.255352 0.577718
185000 0.118116 0.245027 0.231381 0.594524
186000 0.104117 0.249665 0.252727 0.606508
187000 0.121354 0.25581 0.24309 0.620254
188000 0.10568 0.242544 0.231125 0.579349
189000 0.109107 0.240945 0.266273 0.616325
190000 0.126664 0.248557 0.247194 0.622414
191000 0.123115 0.261709 0.261764 0.646587
192000 0.111591 0.241155 0.25322 0.605965
193000 0.116646 0.239383 0.264798 0.620827
194000 0.112782 0.275492 0.27183 0.660104
195000 0.117309 0.246685 0.260224 0.624218
196000 0.152287 0.282659 0.266325 0.70127
197000 0.113862 0.242192 0.257625 0.613678
198000 0.139411 0.286894 0.269007 0.695312
199000 0.115548 0.253871 0.259743 0.629163
200000 0.125256 0.270531 0.257799 0.653586
201000 0.127318 0.283196 0.268054 0.678568
202000 0.112187 0.244244 0.243513 0.599943
203000 0.131644 0.282414 0.277113 0.691171
204000 0.116242 0.258938 0.269129 0.644309
205000 0.133358 0.284285 0.249231 0.666874
206000 0.118734 0.272541 0.272274 0.663549
207000 0.122884 0.253616 0.247234 0.623733
208000 0.146821 0.279325 0.273569 0.699716
209000 0.115731 0.246639 0.263078 0.625448
210000 0.154879 0.260084 0.303201 0.718164
211000 0.120529 0.277027 0.263543 0.661099
212000 0.139173 0.266781 0.265417 0.671371
213000 0.115799 0.273342 0.266422 0.655564
214000 0.13612 0.286755 0.269082 0.691958
215000 0.133731 0.269901 0.277868 0.6815
216000 0.121364 0.268265 0.284268 0.673898
217000 0.145991 0.279578 0.285186 0.710755
218000 0.110924 0.262979 0.284808 0.65871
219000 0.136855 0.29162 0.280059 0.708535
220000 0.127461 0.272671 0.297198 0.69733
221000 0.120916 0.272042 0.275947 0.668905
222000 0.142079 0.301144 0.318523 0.761746
223000 0.115775 0.276664 0.287966 0.680405
224000 0.1436 0.265482 0.301801 0.710884
225000 0.120824 0.328115 0.312198 0.761137
226000 0.126043 0.259537 0.294711 0.680291
227000 0.126732 0.287861 0.302525 0.717117
228000 0.126838 0.305138 0.304455 0.73643
229000 0.132033 0.274284 0.306199 0.712515
230000 0.143955 0.291707 0.334919 0.770582
231000 0.131741 0.276616 0.312043 0.7204
232000 0.13725 0.318654 0.318396 0.7743
233000 0.136755 0.303548 0.347613 0.787916
234000 0.134828 0.30264 0.324171 0.761638
235000 0.126626 0.323909 0.338806 0.789341
236000 0.146551 0.318786 0.342802 0.808139
237000 0.130694 0.324799 0.341243 0.796736
238000 0.162083 0.285722 0.340229 0.788034
239000 0.12735 0.300691 0.325867 0.753908
240000 0.140007 0.300274 0.354321 0.794602
241000 0.139118 0.292592 0.358017 0.789726
242000 0.117523 0.323064 0.375535 0.816122
243000 0.157539 0.29296 0.366543 0.817041
244000 0.114919 0.298683 0.365674 0.779276
245000 0.150642 0.299402 0.375736 0.825779
246000 0.135014 0.308233 0.357157 0.800405
247000 0.129485 0.291985 0.354168 0.775638
248000 0.177136 0.302237 0.339153 0.818525
249000 0.117367 0.30365 0.360219 0.781237
250000 0.153174 0.289624 0.368476 0.811274
251000 0.126649 0.299341 0.37182 0.797809
252000 0.13341 0.311242 0.376204 0.820855
253000 0.146861 0.306113 0.406891 0.859865
254000 0.124404 0.278495 0.371806 0.774705
255000 0.142549 0.315104 0.363341 0.820995
256000 0.137073 0.287118 0.389277 0.813468
257000 0.141899 0.302343 0.357962 0.802204
258000 0.1382 0.296551 0.386898 0.821648
259000 0.133226 0.311262 0.350932 0.79542
260000 0.127046 0.289203 0.356836 0.773085
261000 0.137576 0.311759 0.381151 0.830486
262000 0.135297 0.306766 0.349686 0.791749
263000 0.145361 0.311299 0.388026 0.844686
264000 0.143143 0.32021 0.355616 0.818969
265000 0.138546 0.286808 0.359978 0.785333
266000 0.143618 0.335849 0.38964 0.869107
267000 0.149824 0.303313 0.369524 0.822661
268000 0.140828 0.334647 0.41142 0.886894
269000 0.143494 0.312985 0.363921 0.8204
270000 0.139766 0.29476 0.400162 0.834688
271000 0.150184 0.336383 0.376106 0.862672
272000 0.133307 0.305211 0.381335 0.819853
273000 0.139278 0.328953 0.409461 0.877692
274000 0.161112 0.313328 0.353059 0.827499
275000 0.124633 0.322271 0.41583 0.862734
276000 0.156553 0.338724 0.377157 0.872434
277000 0.138624 0.303223 0.363307 0.805154
278000 0.134596 0.349852 0.428801 0.913249
279000 0.154455 0.318617 0.375794 0.848866
280000 0.131214 0.341417 0.443695 0.916325
281000 0.173166 0.338795 0.387277 0.899237
282000 0.131448 0.319898 0.407834 0.859179
283000 0.166497 0.352508 0.437987 0.956992
284000 0.16072 0.321953 0.378842 0.861515
285000 0.139356 0.360278 0.420521 0.920155
286000 0.157235 0.34205 0.374566 0.873851
287000 0.143971 0.336038 0.388754 0.868762
288000 0.141405 0.31339 0.43077 0.885565
289000 0.164118 0.349305 0.384888 0.89831
290000 0.127923 0.335374 0.44914 0.912437
291000 0.156434 0.334093 0.407046 0.897573
292000 0.147534 0.340936 0.41481 0.90328
293000 0.135935 0.331667 0.418802 0.886404
294000 0.154148 0.358044 0.391918 0.90411
295000 0.133746 0.337183 0.463761 0.93469
296000 0.159324 0.34691 0.389095 0.895328
297000 0.140272 0.387117 0.425459 0.952848
298000 0.149312 0.349023 0.404894 0.90323
299000 0.17901 0.372859 0.3994 0.951269
300000 0.153243 0.372246 0.489884 1.01537
301000 0.153621 0.369497 0.397351 0.920469
302000 0.161881 0.38361 0.43069 0.976182
303000 0.143706 0.355507 0.415556 0.914769
304000 0.170643 0.374569 0.403265 0.948476
305000 0.155397 0.39928 0.473216 1.02789
306000 0.138077 0.38412 0.438399 0.960596
307000 0.188121 0.376461 0.441322 1.0059
308000 0.145011 0.422147 0.424957 0.992115
309000 0.147093 0.39042 0.409662 0.947175
310000 0.164063 0.417704 0.450063 1.03183
311000 0.144416 0.380924 0.370364 0.895705
312000 0.16105 0.392294 0.38712 0.940464
313000 0.156687 0.460426 0.408072 1.02519
314000 0.153404 0.381483 0.390274 0.925161
315000 0.164673 0.441294 0.404615 1.01058
316000 0.160381 0.394513 0.391456 0.94635
317000 0.148579 0.390492 0.413731 0.952802
318000 0.165013 0.481694 0.387921 1.03463
319000 0.16081 0.391393 0.422453 0.974655
320000 0.158414 0.463202 0.408646 1.03026
321000 0.163319 0.393586 0.379052 0.935958
322000 0.159147 0.384292 0.435575 0.979014
323000 0.153589 0.452665 0.38097 0.987223
324000 0.162306 0.406054 0.405368 0.973728
325000 0.15244 0.46262 0.421423 1.03648
326000 0.156787 0.388798 0.392052 0.937637
327000 0.150415 0.398763 0.415898 0.965076
328000 0.173466 0.47821 0.398334 1.05001
329000 0.151446 0.388408 0.389518 0.929372
330000 0.165679 0.478384 0.419005 1.06307
331000 0.148149 0.396474 0.405546 0.95017
332000 0.145035 0.39824 0.394343 0.937617
333000 0.15334 0.452178 0.427973 1.03349
334000 0.1704 0.421563 0.414649 1.00661
335000 0.161929 0.456283 0.427409 1.04562
336000 0.169501 0.43187 0.472494 1.07387
337000 0.163107 0.463287 0.436455 1.06285
338000 0.150135 0.445285 0.464817 1.06024
339000 0.178792 0.449585 0.42974 1.05812
340000 0.167788 0.482282 0.42406 1.07413
341000 0.181574 0.44224 0.459638 1.08345
342000 0.165416 0.49073 0.452828 1.10897
343000 0.159032 0.459765 0.462844 1.08164
344000 0.183048 0.457721 0.458157 1.09893
345000 0.168285 0.454609 0.452404 1.0753
346000 0.174929 0.484543 0.490238 1.14971
347000 0.157003 0.474525 0.454871 1.0864
348000 0.165363 0.492428 0.472568 1.13036
349000 0.153921 0.477606 0.46661 1.09814
350000 0.171117 0.475077 0.486508 1.1327
351000 0.165667 0.476984 0.466091 1.10874
352000 0.154192 0.478986 0.45618 1.08936
353000 0.218923 0.478753 0.475682 1.17336
354000 0.160334 0.488764 0.451514 1.10061
355000 0.191946 0.503266 0.489009 1.18422
356000 0.167573 0.473908 0.477109 1.11859
357000 0.162824 0.537951 0.493282 1.19406
358000 0.181104 0.485283 0.4886 1.15499
359000 0.153382 0.502255 0.474433 1.13007
360000 0.194044 0.504847 0.499081 1.19797
361000 0.165978 0.484641 0.470412 1.12103
362000 0.168975 0.493637 0.474592 1.1372
363000 0.171573 0.507607 0.516254 1.19543
364000 0.171786 0.516494 0.478141 1.16642
365000 0.188313 0.493501 0.493426 1.17524
366000 0.172258 0.501762 0.475819 1.14984
367000 0.186507 0.499426 0.497896 1.18383
368000 0.194442 0.518089 0.457703 1.17023
369000 0.199366 0.483235 0.504938 1.18754
370000 0.176104 0.51194 0.505384 1.19343
371000 0.185251 0.541575 0.491606 1.21843
372000 0.20981 0.519367 0.532759 1.26194
373000 0.187786 0.528864 0.478644 1.19529
374000 0.232238 0.533084 0.479987 1.24531
375000 0.181632 0.531286 0.515549 1.22847
376000 0.183271 0.536612 0.495424 1.21531
377000 0.217468 0.533211 0.529231 1.27991
378000 0.173015 0.520448 0.493765 1.18723
379000 0.231243 0.539758 0.479591 1.25059
380000 0.190286 0.527089 0.543953 1.26133
381000 0.19519 0.546563 0.505507 1.24726
382000 0.24796 0.541905 0.524802 1.31467
383000 0.197832 0.519467 0.501954 1.21925
384000 0.271108 0.597446 0.491169 1.35972
385000 0.176461 0.536287 0.54213 1.25488
386000 0.210846 0.544302 0.491769 1.24692
387000 0.200687 0.549555 0.556838 1.30708
388000 0.181268 0.543634 0.509513 1.23442
389000 0.249855 0.557513 0.51103 1.3184
390000 0.190071 0.524977 0.53927 1.25432
391000 0.262913 0.556272 0.49887 1.31806
392000 0.183535 0.536046 0.523361 1.24294
393000 0.199682 0.535792 0.530615 1.26609
394000 0.20655 0.573466 0.494336 1.27435
395000 0.176251 0.522667 0.542016 1.24093
396000 0.241228 0.588348 0.504322 1.3339
397000 0.183724 0.555941 0.526341 1.26601
398000 0.225295 0.563257 0.526074 1.31463
399000 0.197717 0.561694 0.513397 1.27281
400000 0.198834 0.537569 0.545715 1.28212
401000 0.21376 0.560689 0.494543 1.26899
402000 0.189159 0.534112 0.525989 1.24926
403000 0.235693 0.56493 0.530043 1.33067
404000 0.202163 0.577548 0.526158 1.30587
405000 0.207334 0.541241 0.555942 1.30452
406000 0.193082 0.55914 0.514578 1.2668
407000 0.211316 0.560085 0.538965 1.31037
408000 0.200058 0.555628 0.515343 1.27103
409000 0.193643 0.592496 0.530219 1.31636
410000 0.21162 0.557744 0.572351 1.34171
411000 0.203359 0.595636 0.535105 1.3341
412000 0.1986 0.554259 0.548395 1.30125
413000 0.216232 0.585955 0.557998 1.36019
414000 0.190554 0.581058 0.536694 1.30831
415000 0.220757 0.566355 0.603007 1.39012
416000 0.205871 0.586993 0.519309 1.31217
417000 0.19245 0.569402 0.529295 1.29115
418000 0.229897 0.590979 0.561572 1.38245
419000 0.200531 0.580824 0.545676 1.32703
420000 0.219185 0.580381 0.575955 1.37552
421000 0.195555 0.611069 0.537668 1.34429
422000 0.223107 0.588929 0.582034 1.39407
423000 0.197002 0.575731 0.538529 1.31126
424000 0.194905 0.585422 0.582838 1.36316
425000 0.220192 0.58189 0.562568 1.36465
426000 0.206152 0.582911 0.548989 1.33805
427000 0.216979 0.593575 0.598377 1.40893
428000 0.216062 0.605707 0.546293 1.36806
429000 0.196162 0.574033 0.575858 1.34605
430000 0.239963 0.615625 0.55539 1.41098
431000 0.209514 0.614495 0.549712 1.37372
432000 0.210606 0.587173 0.604702 1.40248
433000 0.258446 0.630067 0.561294 1.44981
434000 0.201669 0.594841 0.577107 1.37362
435000 0.248865 0.657266 0.542446 1.44858
436000 0.219309 0.609641 0.566087 1.39504
437000 0.20793 0.610899 0.571032 1.38986
438000 0.250918 0.640194 0.565773 1.45689
439000 0.213772 0.604315 0.589152 1.40724
440000 0.256656 0.66818 0.549211 1.47405
441000 0.201394 0.607256 0.565115 1.37377
442000 0.225359 0.62856 0.580225 1.43414
443000 0.248008 0.627518 0.569107 1.44463
444000 0.2106 0.608853 0.607714 1.42717
445000 0.258631 0.65657 0.568169 1.48337
446000 0.216083 0.605853 0.548538 1.37047
447000 0.252537 0.619699 0.564161 1.4364
448000 0.218424 0.618148 0.560149 1.39672
449000 0.219409 0.619522 0.583945 1.42288
450000 0.230925 0.630158 0.553878 1.41496
451000 0.21408 0.614486 0.579988 1.40855
452000 0.273714 0.618097 0.583378 1.47519
453000 0.213449 0.619222 0.564995 1.39767
454000 0.263919 0.634408 0.58804 1.48637
455000 0.22795 0.611846 0.568675 1.40847
456000 0.233161 0.653324 0.559447 1.44593
457000 0.250893 0.611806 0.575092 1.43779
458000 0.206602 0.62495 0.567403 1.39895
459000 0.27877 0.652332 0.580964 1.51207
460000 0.232384 0.627004 0.571852 1.43124
461000 0.265708 0.630672 0.566732 1.46311
462000 0.233014 0.643376 0.610276 1.48667
463000 0.221662 0.625815 0.57089 1.41837
464000 0.32423 0.675798 0.59089 1.59092
465000 0.238999 0.606323 0.594487 1.43981
466000 0.316407 0.66644 0.553062 1.53591
467000 0.222175 0.630932 0.612375 1.46548
468000 0.24037 0.63967 0.564949 1.44499
469000 0.272182 0.660038 0.562243 1.49446
470000 0.21334 0.642394 0.603165 1.4589
471000 0.287905 0.684281 0.572714 1.5449
472000 0.226077 0.634976 0.62682 1.48787
473000 0.264386 0.647286 0.59596 1.50763
474000 0.223936 0.66197 0.574607 1.46051
475000 0.227211 0.655214 0.597248 1.47967
476000 0.270244 0.680363 0.571422 1.52203
477000 0.230029 0.642985 0.589527 1.46254
478000 0.260563 0.67187 0.585068 1.5175
479000 0.227803 0.645419 0.583844 1.45707
480000 0.241767 0.655962 0.619292 1.51702
481000 0.24293 0.656439 0.58167 1.48104
482000 0.227381 0.656364 0.624657 1.5084
483000 0.236094 0.689446 0.577145 1.50269
484000 0.244505 0.676005 0.607752 1.52826
485000 0.234135 0.666052 0.604449 1.50464
486000 0.246519 0.699297 0.593908 1.53972
487000 0.245647 0.677292 0.615026 1.53796
488000 0.244441 0.670415 0.600992 1.51585
489000 0.250859 0.685892 0.603151 1.5399
490000 0.254341 0.681377 0.598888 1.53461
491000 0.252125 0.698581 0.596407 1.54711
492000 0.258884 0.672089 0.621582 1.55256
493000 0.257286 0.68416 0.61938 1.56083
494000 0.256846 0.708021 0.629303 1.59417
495000 0.257623 0.68073 0.611465 1.54982
496000 0.251159 0.700427 0.614713 1.5663
497000 0.256464 0.696211 0.630167 1.58284
498000 0.256227 0.715139 0.594673 1.56604
499000 0.245778 0.685888 0.654194 1.58586
500000 0.258101 0.677947 0.615888 1.55194
501000 0.234114 0.708583 0.62192 1.56462
502000 0.244508 0.690494 0.646624 1.58163
503000 0.254886 0.70424 0.595935 1.55506
504000 0.236619 0.687693 0.650718 1.57503
505000 0.261405 0.696426 0.616725 1.57456
506000 0.243101 0.74375 0.617883 1.60474
507000 0.256454 0.686751 0.649278 1.59248
508000 0.274195 0.690338 0.609507 1.57404
509000 0.227986 0.696445 0.698125 1.62256
510000 0.258148 0.715374 0.627184 1.60071
511000 0.239731 0.696531 0.664757 1.60102
512000 0.247175 0.736893 0.684792 1.66886
513000 0.27532 0.718314 0.645036 1.63867
514000 0.24718 0.709705 0.694937 1.65182
515000 0.266635 0.730015 0.640508 1.63716
516000 0.242904 0.685873 0.627702 1.55648
517000 0.249201 0.731712 0.687952 1.66887
518000 0.250598 0.733367 0.649811 1.63378
519000 0.246946 0.692797 0.674084 1.61383
520000 0.266277 0.750934 0.646356 1.66357
521000 0.248919 0.725407 0.654372 1.6287
522000 0.252294 0.758367 0.667252 1.67791
523000 0.267216 0.719436 0.639144 1.6258
524000 0.245911 0.710822 0.649577 1.60631
525000 0.274949 0.74816 0.671523 1.69463
526000 0.250171 0.744756 0.654781 1.64971
527000 0.257206 0.727663 0.679087 1.66396
528000 0.27867 0.739872 0.670372 1.68891
529000 0.246922 0.705901 0.651052 1.60388
530000 0.267561 0.763817 0.672196 1.70357
531000 0.26292 0.700486 0.673738 1.63715
532000 0.280979 0.746802 0.654866 1.68265
533000 0.275453 0.767014 0.672555 1.71502
534000 0.25297 0.715612 0.647197 1.61578
535000 0.278401 0.781628 0.669947 1.72998
536000 0.276338 0.718903 0.664149 1.65939
537000 0.278598 0.726834 0.65684 1.66227
538000 0.27311 0.73475 0.679122 1.68698
539000 0.255657 0.745241 0.669382 1.67028
540000 0.280218 0.745548 0.657144 1.68291
541000 0.281848 0.729671 0.661499 1.67302
542000 0.263226 0.766036 0.661914 1.69118
543000 0.269623 0.730624 0.678509 1.67876
544000 0.276589 0.744983 0.687965 1.70954
545000 0.274723 0.747585 0.654768 1.67708
546000 0.272809 0.732733 0.688959 1.6945
547000 0.274281 0.748321 0.664356 1.68696
548000 0.271674 0.727958 0.67788 1.67751
549000 0.292049 0.710415 0.678501 1.68097
550000 0.269794 0.776587 0.667472 1.71385
551000 0.282731 0.747195 0.691869 1.7218
552000 0.275656 0.762237 0.690434 1.72833
553000 0.278502 0.753994 0.669891 1.70239
554000 0.281306 0.751655 0.681732 1.71469
555000 0.271775 0.76624 0.647722 1.68574
556000 0.282864 0.756105 0.689684 1.72865
557000 0.275275 0.788342 0.691319 1.75494
558000 0.296356 0.767356 0.696746 1.76046
559000 0.267285 0.753295 0.706029 1.72661
560000 0.290057 0.775164 0.669851 1.73507
561000 0.269498 0.721688 0.706429 1.69762
562000 0.279015 0.781951 0.68191 1.74288
563000 0.281637 0.746443 0.682141 1.71022
564000 0.294471 0.78211 0.724425 1.80101
565000 0.277647 0.756946 0.716013 1.7506
566000 0.298544 0.745767 0.686421 1.73073
567000 0.27139 0.768692 0.692201 1.73228
568000 0.28469 0.765265 0.689101 1.73906
569000 0.289985 0.771101 0.678628 1.73971
570000 0.265968 0.75284 0.655464 1.67427
571000 0.290436 0.743001 0.691733 1.72517
572000 0.263559 0.763499 0.70689 1.73395
573000 0.303968 0.786678 0.672171 1.76282
574000 0.269838 0.768786 0.694256 1.73288
575000 0.297066 0.776392 0.688279 1.76174
576000 0.269746 0.778293 0.677217 1.72526
577000 0.273465 0.775765 0.706996 1.75623
578000 0.288761 0.753034 0.676993 1.71879
579000 0.277113 0.795364 0.709049 1.78153
580000 0.302122 0.757942 0.704418 1.76448
581000 0.291895 0.772116 0.693313 1.75732
582000 0.273898 0.77621 0.68177 1.73188
583000 0.299123 0.782781 0.70162 1.78352
584000 0.287162 0.757822 0.680169 1.72515
585000 0.309506 0.781328 0.686832 1.77767
586000 0.28697 0.784342 0.678847 1.75016
587000 0.303235 0.798993 0.715205 1.81743
588000 0.303219 0.790562 0.679055 1.77284
589000 0.291155 0.752677 0.696718 1.74055
590000 0.343504 0.785274 0.721635 1.85041
591000 0.28626 0.758086 0.696893 1.74124
592000 0.32756 0.83558 0.725693 1.88883
593000 0.305775 0.778652 0.71082 1.79525
594000 0.309587 0.796418 0.713307 1.81931
595000 0.333615 0.79547 0.722951 1.85204
596000 0.291268 0.757747 0.730992 1.78001
597000 0.332652 0.804801 0.723774 1.86123
598000 0.304914 0.770909 0.71593 1.79175
599000 0.306236 0.793551 0.708433 1.80822
600000 0.341727 0.797809 0.710342 1.84988
601000 0.308014 0.762339 0.710184 1.78054
602000 0.354427 0.803554 0.698091 1.85607
603000 0.29746 0.781164 0.700866 1.77949
604000 0.3051 0.759255 0.73381 1.79816
605000 0.295933 0.797084 0.722946 1.81596
606000 0.299328 0.768155 0.689109 1.75659
607000 0.318252 0.795387 0.704348 1.81799
608000 0.315324 0.796301 0.706844 1.81847
609000 0.30821 0.786622 0.696753 1.79159
610000 0.308496 0.780445 0.736654 1.8256
611000 0.304955 0.794286 0.709623 1.80886
612000 0.325551 0.786637 0.713086 1.82527
613000 0.29733 0.788213 0.712276 1.79782
614000 0.317198 0.805891 0.700328 1.82342
615000 0.314154 0.788223 0.682236 1.78461
616000 0.311008 0.790955 0.721828 1.82379
617000 0.3137 0.821547 0.747955 1.8832
618000 0.315719 0.817097 0.729213 1.86203
619000 0.298548 0.837263 0.741458 1.87727
620000 0.319068 0.813013 0.716453 1.84853
621000 0.307425 0.80821 0.725187 1.84082
622000 0.313827 0.829053 0.739346 1.88223
623000 0.307994 0.797678 0.72359 1.82926
624000 0.330304 0.803994 0.753435 1.88773
625000 0.330687 0.834661 0.733064 1.89841
626000 0.31434 0.7938 0.735143 1.84328
627000 0.343896 0.823928 0.743132 1.91096
628000 0.303825 0.802527 0.737671 1.84402
629000 0.345407 0.805831 0.746731 1.89797
630000 0.31978 0.881657 0.756654 1.95809
631000 0.333051 0.801087 0.725127 1.85927
632000 0.33329 0.865266 0.774932 1.97349
633000 0.324703 0.843706 0.730241 1.89865
634000 0.328558 0.805888 0.759001 1.89345
635000 0.323446 0.873563 0.750344 1.94735
636000 0.346931 0.812318 0.747617 1.90687
637000 0.325523 0.864939 0.754874 1.94534
638000 0.352414 0.819353 0.749318 1.92108
639000 0.356028 0.850107 0.78197 1.98811
640000 0.331668 0.835378 0.750685 1.91773
641000 0.342884 0.82141 0.743521 1.90782
642000 0.333485 0.849544 0.749435 1.93246
643000 0.349503 0.863224 0.733022 1.94575
644000 0.338272 0.828768 0.792124 1.95916
645000 0.337436 0.865649 0.730129 1.93321
646000 0.350451 0.827787 0.742002 1.92024
647000 0.330974 0.863629 0.785032 1.97964
648000 0.370837 0.878591 0.732262 1.98169
649000 0.348083 0.839722 0.773577 1.96138
650000 0.338793 0.874694 0.731479 1.94497
651000 0.358428 0.839775 0.753679 1.95188
652000 0.354299 0.859825 0.762293 1.97642
653000 0.33585 0.864441 0.740902 1.94119
654000 0.357471 0.858552 0.739347 1.95537
655000 0.328937 0.898146 0.747184 1.97427
656000 0.376484 0.833007 0.74791 1.9574
657000 0.340989 0.869577 0.762116 1.97268
658000 0.352776 0.84229 0.73049 1.92556
659000 0.339393 0.85647 0.743426 1.93929
660000 0.339933 0.901289 0.744353 1.98558
661000 0.369828 0.832181 0.762297 1.96431
662000 0.337222 0.881743 0.746326 1.96529
663000 0.358128 0.853937 0.798576 2.01064
664000 0.344776 0.868866 0.764331 1.97797
665000 0.328277 0.866426 0.757319 1.95202
666000 0.359586 0.86319 0.756475 1.97925
667000 0.33586 0.906506 0.762783 2.00515
668000 0.346084 0.812286 0.761298 1.91967
669000 0.359451 0.900126 0.757482 2.01706
670000 0.341246 0.841909 0.800875 1.98403
671000 0.354379 0.882961 0.774838 2.01218
672000 0.337018 0.881209 0.744161 1.96239
673000 0.367171 0.858193 0.766887 1.99225
674000 0.344938 0.864683 0.74674 1.95636
675000 0.356827 0.86817 0.778765 2.00376
676000 0.337836 0.887068 0.768037 1.99294
677000 0.336605 0.859598 0.75964 1.95584
678000 0.358328 0.867206 0.774582 2.00012
679000 0.344665 0.865094 0.792661 2.00242
680000 0.348237 0.868302 0.77621 1.99275
681000 0.344494 0.862965 0.764134 1.97159
682000 0.321875 0.847793 0.746594 1.91626
683000 0.341201 0.863631 0.768543 1.97338
684000 0.354555 0.866136 0.763078 1.98377
685000 0.341939 0.849308 0.76778 1.95903
686000 0.350518 0.885635 0.774173 2.01033
687000 0.339947 0.846597 0.767546 1.95409
688000 0.356025 0.868644 0.775503 2.00017
689000 0.337773 0.860585 0.750445 1.9488
690000 0.369187 0.87442 0.773193 2.0168
691000 0.341769 0.90777 0.754022 2.00356
692000 0.344848 0.861889 0.768666 1.9754
693000 0.355311 0.879618 0.812218 2.04715
694000 0.336657 0.897929 0.755717 1.9903
695000 0.360523 0.871281 0.788402 2.02021
696000 0.345603 0.912405 0.755583 2.01359
697000 0.344857 0.836837 0.733791 1.91548
698000 0.341282 0.89525 0.789873 2.02641
699000 0.335952 0.882408 0.777467 1.99583
700000 0.356505 0.842356 0.755064 1.95392
701000 0.333656 0.94002 0.772214 2.04589
702000 0.332206 0.869297 0.756429 1.95793
703000 0.349581 0.863 0.764405 1.97699
704000 0.329654 0.878532 0.780346 1.98853
705000 0.356873 0.856798 0.753715 1.96739
706000 0.33687 0.910418 0.785553 2.03284
707000 0.349975 0.871085 0.746822 1.96788
708000 0.352097 0.884559 0.779216 2.01587
709000 0.346357 0.865655 0.783612 1.99562
710000 0.376732 0.888417 0.766708 2.03186
711000 0.340644 0.888372 0.819842 2.04886
712000 0.379159 0.884118 0.752834 2.01611
713000 0.339242 0.870885 0.770964 1.98109
714000 0.364882 0.899769 0.771371 2.03602
715000 0.327121 0.860162 0.760763 1.94805
716000 0.331618 0.868814 0.77559 1.97602
717000 0.386083 0.903076 0.748074 2.03723
718000 0.332881 0.899905 0.771527 2.00431
719000 0.36314 0.861292 0.748868 1.9733
720000 0.344084 0.843487 0.737092 1.92466
721000 0.346341 0.906386 0.804704 2.05743
722000 0.335135 0.908055 0.764893 2.00808
723000 0.344165 0.871114 0.794052 2.00933
724000 0.354685 0.88669 0.782579 2.02395
725000 0.33506 0.88149 0.791795 2.00834
726000 0.354492 0.94373 0.797349 2.09557
727000 0.350417 0.901927 0.769223 2.02157
728000 0.336259 0.912582 0.806262 2.0551
729000 0.374542 0.900307 0.784884 2.05973
730000 0.341529 0.904189 0.78986 2.03558
731000 0.379765 0.918112 0.822783 2.12066
732000 0.337169 0.880202 0.789285 2.00666
733000 0.358543 0.93527 0.824308 2.11812
734000 0.338077 0.914004 0.79634 2.04842
735000 0.356286 0.924425 0.809419 2.09013
736000 0.339774 0.920783 0.826806 2.08736
737000 0.334434 0.90006 0.79647 2.03096
738000 0.365237 0.913317 0.813889 2.09244
739000 0.324943 0.916369 0.808017 2.04933
740000 0.344814 0.900831 0.805927 2.05157
741000 0.346775 0.930248 0.833124 2.11015
742000 0.339829 0.902662 0.823312 2.0658
743000 0.361478 0.945717 0.82431 2.13151
744000 0.342415 0.918246 0.842118 2.10278
745000 0.370439 0.912552 0.825527 2.10852
746000 0.353381 0.964056 0.813304 2.13074
747000 0.368953 0.91535 0.799272 2.08358
748000 0.364705 0.972732 0.819918 2.15736
749000 0.339888 0.906959 0.809104 2.05595
750000 0.348953 0.904404 0.82615 2.07951
751000 0.33911 0.924237 0.827082 2.09043
752000 0.335297 0.912394 0.817646 2.06534
753000 0.379452 0.982843 0.822804 2.1851
754000 0.341935 0.912534 0.822319 2.07679
755000 0.387191 0.93325 0.822615 2.14306
756000 0.348987 0.923839 0.822699 2.09553
757000 0.353111 0.905491 0.826943 2.08554
758000 0.367776 0.91819 0.8209 2.10687
759000 0.357133 0.928174 0.822098 2.10741
760000 0.37722 0.961683 0.815188 2.15409
761000 0.354248 0.925683 0.833748 2.11368
762000 0.384825 0.916367 0.855507 2.1567
763000 0.357566 0.916537 0.853705 2.12781
764000 0.378626 0.917684 0.857237 2.15355
765000 0.395375 0.906947 0.913635 2.21596
766000 0.362175 0.908833 0.847666 2.11867
767000 0.383954 0.902543 0.887868 2.17436
768000 0.378664 0.928903 0.863559 2.17113
769000 0.37507 0.921074 0.847458 2.1436
770000 0.358027 0.911075 0.900124 2.16923
771000 0.384402 0.941334 0.852428 2.17816
772000 0.388511 0.902737 0.892888 2.18414
773000 0.37943 0.924811 0.860351 2.16459
774000 0.382063 0.925566 0.844272 2.1519
775000 0.36457 0.929858 0.893743 2.18817
776000 0.399939 0.96105 0.851081 2.21207
777000 0.369837 0.940947 0.910462 2.22125
778000 0.39421 0.937218 0.876068 2.2075
779000 0.364086 0.919067 0.864829 2.14798
780000 0.377846 0.942053 0.917111 2.23701
781000 0.355827 0.969154 0.917377 2.24236
782000 0.368766 0.954634 0.963001 2.2864
783000 0.401099 0.998236 0.912789 2.31212
784000 0.38256 0.961398 0.882997 2.22695
785000 0.407957 0.940181 0.943186 2.29132
786000 0.373879 0.93659 0.887301 2.19777
787000 0.389063 0.976413 0.916081 2.28156
788000 0.370722 0.955519 0.921056 2.2473
789000 0.373203 0.932024 0.921042 2.22627
790000 0.37068 0.982088 0.974622 2.32739
791000 0.361782 0.913458 0.889694 2.16493
792000 0.401985 0.960497 0.965351 2.32783
793000 0.376895 0.985635 0.924048 2.28658
794000 0.384153 0.924867 0.921804 2.23082
795000 0.391281 0.99066 0.993703 2.37564
796000 0.379271 0.944592 0.930153 2.25402
797000 0.374025 0.944801 0.942664 2.26149
798000 0.387337 0.950957 0.921818 2.26011
799000 0.366258 0.926101 0.918233 2.21059
800000 0.3767 0.950671 0.991463 2.31883
801000 0.372425 0.944156 0.934133 2.25071
802000 0.383064 0.936569 0.971068 2.2907
803000 0.391956 0.934433 0.914178 2.24057
804000 0.361277 0.942052 0.909149 2.21248
805000 0.382116 0.961964 0.989878 2.33396
806000 0.373588 0.953567 0.950903 2.27806
807000 0.369381 0.931246 0.991313 2.29194
808000 0.37467 0.970985 0.928573 2.27423
809000 0.391609 0.961954 0.932241 2.2858
810000 0.392913 0.981495 0.951971 2.32638
811000 0.37027 0.979047 0.94945 2.29877
812000 0.390691 0.974047 0.972252 2.33699
813000 0.38532 0.986606 0.980721 2.35265
814000 0.382666 0.956653 0.991462 2.33078
815000 0.39098 0.977587 0.974955 2.34352
816000 0.377177 0.949639 0.944475 2.27129
817000 0.366613 0.969316 0.948932 2.28486
818000 0.42478 0.975251 0.978128 2.37816
819000 0.370181 0.95728 0.963934 2.29139
820000 0.40098 0.982863 0.991209 2.37505
821000 0.3859 0.986509 0.97708 2.34949
822000 0.3842 0.980807 0.985057 2.35006
823000 0.403252 0.990027 0.981946 2.37523
824000 0.374481 1.00057 0.955153 2.3302
825000 0.394799 0.980401 0.972653 2.34785
826000 0.388432 0.96456 0.995073 2.34806
827000 0.363678 1.02826 0.967728 2.35966
828000 0.396937 0.967666 0.992009 2.35661
829000 0.385308 0.988118 0.994198 2.36762
830000 0.383925 0.997551 0.977457 2.35893
831000 0.389461 0.992668 1.01819 2.40032
832000 0.375276 1.0199 0.987959 2.38314
833000 0.386744 0.972132 0.972759 2.33163
834000 0.380917 1.00827 0.98499 2.37418
835000 0.376931 0.979832 0.986143 2.34291
836000 0.390955 1.0079 0.996895 2.39575
837000 0.393589 0.995558 0.973731 2.36288
838000 0.378985 0.986659 0.983736 2.34938
839000 0.381973 1.0097 1.03035 2.42202
840000 0.394869 1.01246 0.990945 2.39828
841000 0.377848 0.999617 0.989052 2.36652
842000 0.420998 1.01957 0.995926 2.4365
843000 0.377755 0.974546 1.00082 2.35313
844000 0.3869 1.01775 0.991668 2.39632
845000 0.400822 0.995656 1.00591 2.40238
846000 0.372319 1.01055 1.00689 2.38975
847000 0.37745 1.01655 0.964988 2.35899
848000 0.416217 1.01597 1.02447 2.45666
849000 0.391181 1.00118 0.984118 2.37648
850000 0.400273 1.04707 0.99674 2.44408
851000 0.395921 1.01133 0.99457 2.40182
852000 0.384823 1.02421 0.988085 2.39712
853000 0.430802 1.03183 0.989857 2.45249
854000 0.378324 0.981408 0.990501 2.35023
855000 0.407225 1.03535 1.02357 2.46615
856000 0.412972 1.01217 0.989319 2.41446
857000 0.376709 1.0223 1.00343 2.40244
858000 0.443128 1.02376 1.00346 2.47035
859000 0.382095 1.00814 0.992744 2.38298
860000 0.429252 1.05273 1.01992 2.5019
861000 0.372526 1.01127 0.998588 2.38238
862000 0.40563 1.05022 0.984917 2.44076
863000 0.408163 1.01116 1.0366 2.45592
864000 0.377203 1.00483 0.965932 2.34796
865000 0.414312 1.0468 1.01285 2.47396
866000 0.376172 1.03294 1.0191 2.42821
867000 0.402726 1.03983 0.994409 2.43697
868000 0.402174 1.01984 1.04524 2.46726
869000 0.41823 1.0257 1.04605 2.48998
870000 0.441148 1.03749 1.05 2.52865
871000 0.401589 1.01402 1.03618 2.45179
872000 0.431829 1.02136 1.01806 2.47124
873000 0.389742 0.992556 1.08361 2.46591
874000 0.400628 1.01749 1.02992 2.44804
875000 0.411342 0.994594 1.06683 2.47276
876000 0.407626 1.01582 1.06139 2.48483
877000 0.421192 1.02224 1.03536 2.47879
878000 0.405698 0.984527 1.10404 2.49427
879000 0.406794 1.03939 1.05504 2.50123
880000 0.404803 1.0014 1.07519 2.48139
881000 0.419908 1.03321 1.04536 2.49848
882000 0.42119 0.999478 1.06334 2.48401
883000 0.403641 1.01974 1.10122 2.5246
884000 0.418419 1.05009 1.07551 2.54402
885000 0.407769 1.00914 1.08069 2.4976
886000 0.405312 1.03615 1.05293 2.4944
887000 0.410602 1.01566 1.05015 2.47641
888000 0.407706 1.00839 1.07745 2.49354
889000 0.417485 1.00794 1.08264 2.50806
890000 0.409864 1.02086 1.08576 2.51649
891000 0.412476 1.04311 1.04831 2.5039
892000 0.40897 1.02848 1.06823 2.50568
893000 0.427276 1.01616 1.06526 2.5087
894000 0.429139 1.05996 1.05719 2.5463
895000 0.423229 1.03543 1.10712 2.56579
896000 0.406244 1.0484 1.07821 2.53286
897000 0.450952 1.02162 1.06541 2.53798
898000 0.416061 1.01676 1.04306 2.47588
899000 0.446506 1.05202 1.05844 2.55697
900000 0.435864 1.03483 1.12964 2.60034
901000 0.419797 1.07844 1.0646 2.56283
902000 0.491737 1.00469 1.06708 2.5635
903000 0.43146 1.02673 1.10544 2.56363
904000 0.460135 1.08468 1.0815 2.62631
905000 0.434598 1.02689 1.10583 2.56732
906000 0.444482 1.11946 1.08555 2.64949
907000 0.468384 1.00139 1.07335 2.54312
908000 0.41744 1.02905 1.11471 2.5612
909000 0.452638 1.08521 1.05497 2.59281
910000 0.439648 0.999825 1.09666 2.53613
911000 0.437625 1.09375 1.0648 2.59618
912000 0.432664 1.01242 1.04741 2.49249
913000 0.427597 1.04738 1.09865 2.57363
914000 0.44389 1.06378 1.09142 2.5991
915000 0.444543 1.00792 1.105 2.55746
916000 0.434279 1.06287 1.09227 2.58942
917000 0.431358 1.02358 1.08924 2.54418
918000 0.452352 1.0396 1.09349 2.58544
919000 0.433638 1.07701 1.12497 2.63562
920000 0.43803 1.04067 1.13042 2.60912
921000 0.438277 1.11786 1.11029 2.66643
922000 0.431575 1.04342 1.11232 2.58731
923000 0.470807 1.05119 1.11219 2.63419
924000 0.433585 1.0926 1.1354 2.66158
925000 0.448696 1.04197 1.156 2.64666
926000 0.421832 1.08423 1.11486 2.62091
927000 0.453171 1.05239 1.13796 2.64353
928000 0.436334 1.06929 1.10956 2.61519
929000 0.434141 1.06777 1.15743 2.65934
930000 0.461913 1.03804 1.11446 2.61441
931000 0.443107 1.09647 1.11674 2.65631
932000 0.470545 1.0446 1.15914 2.67429
933000 0.456732 1.07345 1.12281 2.65298
934000 0.446354 1.08675 1.14093 2.67403
935000 0.446613 1.06302 1.13673 2.64636
936000 0.455609 1.09885 1.1406 2.69506
937000 0.441587 1.05834 1.16585 2.66578
938000 0.435375 1.09202 1.1545 2.6819
939000 0.45505 1.06457 1.15843 2.67805
940000 0.456372 1.06997 1.14511 2.67145
941000 0.439747 1.07551 1.14923 2.66448
942000 0.494645 1.06733 1.1944 2.75638
943000 0.435963 1.06355 1.12234 2.62185
944000 0.471171 1.09942 1.17784 2.74843
945000 0.42535 1.04063 1.1242 2.59018
946000 0.476541 1.08428 1.11511 2.67593
947000 0.449343 1.05593 1.17806 2.68333
948000 0.43682 1.04327 1.12988 2.60997
949000 0.433152 1.11118 1.10863 2.65296
950000 0.437955 1.06194 1.17136 2.67126
951000 0.468361 1.10116 1.12842 2.69794
952000 0.445664 1.08682 1.1752 2.70768
953000 0.438121 1.10064 1.13162 2.67038
954000 0.449114 1.09001 1.16859 2.70771
955000 0.440876 1.09517 1.17064 2.70669
956000 0.444615 1.1353 1.14031 2.72023
957000 0.435439 1.09055 1.17886 2.70485
958000 0.439939 1.10854 1.16376 2.71224
959000 0.465454 1.10892 1.17056 2.74494
960000 0.412309 1.08491 1.16619 2.66341
961000 0.452384 1.09087 1.1604 2.70365
962000 0.450987 1.13816 1.16779 2.75694
963000 0.449735 1.08406 1.18364 2.71743
964000 0.477209 1.12212 1.15961 2.75894
965000 0.436888 1.08645 1.18965 2.71299
966000 0.483587 1.10289 1.1823 2.76878
967000 0.435708 1.12296 1.17032 2.72899
968000 0.454233 1.09539 1.18682 2.73645
969000 0.453878 1.12573 1.19387 2.77348
970000 0.439607 1.11683 1.20285 2.75928
971000 0.455917 1.11775 1.20332 2.77698
972000 0.45656 1.14954 1.19417 2.80027
973000 0.476718 1.11432 1.20897 2.80001
974000 0.442514 1.12095 1.19636 2.75982
975000 0.450921 1.08784 1.18548 2.72424
976000 0.460145 1.11721 1.20244 2.7798
977000 0.449766 1.14267 1.18433 2.77677
978000 0.458551 1.11996 1.18266 2.76117
979000 0.46525 1.12911 1.21785 2.81221
980000 0.453478 1.1375 1.20687 2.79785
981000 0.467974 1.13019 1.22718 2.82534
982000 0.470121 1.13451 1.20514 2.80977
983000 0.433234 1.12094 1.18335 2.73752
984000 0.502341 1.13378 1.23803 2.87415
985000 0.450382 1.13729 1.18846 2.77613
986000 0.487812 1.11739 1.23922 2.84443
987000 0.456818 1.13275 1.18156 2.77112
988000 0.436528 1.11931 1.21562 2.77146
989000 0.475694 1.14758 1.22751 2.85078
990000 0.426289 1.15829 1.21133 2.79591
991000 0.450656 1.11661 1.24931 2.81658
992000 0.475426 1.14056 1.20639 2.82237
993000 0.450034 1.14719 1.19925 2.79647
994000 0.456143 1.11084 1.24833 2.81532
995000 0.444364 1.10416 1.24638 2.7949
996000 0.462382 1.14445 1.26266 2.86949
997000 0.436835 1.1416 1.20463 2.78307
998000 0.446094 1.1488 1.23407 2.82896
999000 0.469779 1.11379 1.2264 2.80998
1000000 0.446037 1.13217 1.2289 2.80711
1001000 0.457752 1.14289 1.27768 2.87832
1002000 0.472584 1.14394 1.22133 2.83785
1003000 0.44639 1.1384 1.27462 2.85941
1004000 0.492225 1.15406 1.20655 2.85283
1005000 0.432433 1.13227 1.21481 2.77951
1006000 0.451829 1.15237 1.25849 2.86269
1007000 0.464591 1.13353 1.20166 2.79979
1008000 0.449514 1.1341 1.29402 2.87764
1009000 0.496005 1.13547 1.21589 2.84736
1010000 0.450784 1.13452 1.25169 2.837
1011000 0.474176 1.15117 1.25598 2.88133
1012000 0.443712 1.1248 1.24121 2.80972
1013000 0.444657 1.15401 1.24356 2.84223
1014000 0.481221 1.1298 1.2425 2.85352
1015000 0.446173 1.14533 1.25881 2.85032
1016000 0.479564 1.16835 1.2271 2.87501
1017000 0.447628 1.1757 1.23243 2.85576
1018000 0.439613 1.14645 1.25669 2.84275
1019000 0.461 1.15601 1.25275 2.86976
1020000 0.44697 1.14311 1.2428 2.83288
1021000 0.517386 1.19461 1.24659 2.95858
1022000 0.442798 1.14815 1.23666 2.82761
1023000 0.495562 1.1704 1.24457 2.91053
1024000 0.475476 1.12619 1.25138 2.85304
1025000 0.451543 1.20685 1.28739 2.94578
1026000 0.478312 1.16865 1.23349 2.88044
1027000 0.466114 1.15567 1.308 2.92979
1028000 0.509354 1.17226 1.23679 2.91841
1029000 0.462194 1.15091 1.24724 2.86035
1030000 0.466025 1.15409 1.26927 2.88938
