# Time-averaged data for fix 1
# TimeStep c_msd_all[1] c_msd_all[2] c_msd_all[3] c_msd_all[4]
31000 0.0735889 0.0746498 0.0642554 0.212494
32000 0.0678946 0.0671777 0.0636331 0.198705
33000 0.0650261 0.0593844 0.0710613 0.195472
34000 0.0691275 0.070553 0.0620523 0.201733
35000 0.0777759 0.0693943 0.0625008 0.209671
36000 0.0611138 0.0653034 0.0695421 0.195959
37000 0.0649937 0.0608541 0.0625504 0.188398
38000 0.0674668 0.0588492 0.0649114 0.191228
39000 0.0622858 0.060482 0.0646254 0.187393
40000 0.0720514 0.0749932 0.0650776 0.212122
41000 0.0663591 0.0657491 0.0621499 0.194258
42000 0.0661581 0.0595788 0.0663213 0.192058
43000 0.0665627 0.0611513 0.0588509 0.186565
44000 0.078022 0.0742972 0.0685323 0.220851
45000 0.0586683 0.0713224 0.0731606 0.203151
46000 0.0735108 0.0781019 0.0667519 0.218365
47000 0.0693409 0.0679175 0.0747167 0.211975
48000 0.0694163 0.0661033 0.0756147 0.211134
49000 0.0651855 0.0752197 0.0717971 0.212202
50000 0.0744384 0.0662033 0.0783468 0.218988
51000 0.0753554 0.0657094 0.0733886 0.214453
52000 0.0676316 0.0622494 0.0741157 0.203997
53000 0.073746 0.0734399 0.0778854 0.225071
54000 0.0808458 0.0819429 0.0768787 0.239667
55000 0.0698823 0.0700827 0.0718615 0.211826
56000 0.0754627 0.0689041 0.0655865 0.209953
57000 0.0755776 0.073554 0.075985 0.225117
58000 0.0717191 0.067462 0.0784423 0.217623
59000 0.082151 0.0771678 0.0772456 0.236564
60000 0.0669671 0.0636328 0.0791575 0.209757
61000 0.0709385 0.0727365 0.0746722 0.218347
62000 0.0797758 0.0702035 0.0696838 0.219663
63000 0.0756169 0.0647891 0.0694941 0.2099
64000 0.0700867 0.0677172 0.0779755 0.215779
65000 0.073028 0.0662137 0.0721133 0.211355
66000 0.0728034 0.0685517 0.072898 0.214253
67000 0.0721811 0.0724603 0.079112 0.223753
68000 0.0809023 0.065865 0.0828496 0.229617
69000 0.0716487 0.0693745 0.0808508 0.221874
70000 0.0844322 0.0799056 0.0809419 0.24528
71000 0.0794252 0.0621243 0.0869052 0.228455
72000 0.0779385 0.0717262 0.0828714 0.232536
73000 0.0782227 0.074611 0.0798307 0.232664
74000 0.088862 0.0841617 0.0782697 0.251293
75000 0.0759182 0.0736092 0.0784812 0.228009
76000 0.0778713 0.0697991 0.0798531 0.227524
77000 0.0894861 0.0803877 0.0783979 0.248272
78000 0.075253 0.0701297 0.0882061 0.233589
79000 0.0886747 0.0780354 0.0801492 0.246859
80000 0.087346 0.0705891 0.0773598 0.235295
81000 0.0814597 0.0714063 0.0954121 0.248278
82000 0.0785484 0.0688101 0.0857665 0.233125
83000 0.0857903 0.0755774 0.090109 0.251477
84000 0.0914286 0.0828718 0.0927244 0.267025
85000 0.0903341 0.0818345 0.086111 0.25828
86000 0.101887 0.0954615 0.0863408 0.28369
87000 0.0964943 0.0865703 0.0886003 0.271665
88000 0.0887391 0.0857074 0.0946056 0.269052
89000 0.0951336 0.0859138 0.0948152 0.275863
90000 0.0821556 0.0829005 0.089711 0.254767
91000 0.0836543 0.0813377 0.0854875 0.250479
92000 0.104499 0.0871194 0.0974888 0.289108
93000 0.0866735 0.0771255 0.0992361 0.263035
94000 0.0940001 0.0852705 0.0923797 0.27165
95000 0.102487 0.0860361 0.091841 0.280364
96000 0.0887133 0.0790825 0.0895393 0.257335
97000 0.0947547 0.0829843 0.0929989 0.270738
98000 0.0924559 0.0816236 0.0938402 0.26792
99000 0.0884734 0.0822853 0.100968 0.271727
100000 0.0994434 0.0871217 0.0872442 0.273809
101000 0.0967316 0.0795566 0.0920539 0.268342
102000 0.0942924 0.0843294 0.10355 0.282171
103000 0.0961538 0.0871595 0.0978785 0.281192
104000 0.0978356 0.0835452 0.094189 0.27557
105000 0.0954191 0.0844741 0.0904419 0.270335
106000 0.0964277 0.0804936 0.0975173 0.274439
107000 0.0972973 0.0913399 0.0916758 0.280313
108000 0.106169 0.0913645 0.098611 0.296145
109000 0.108144 0.0891797 0.103364 0.300687
110000 0.110496 0.0875165 0.103067 0.30108
111000 0.101412 0.0819676 0.0991483 0.282528
112000 0.105676 0.078635 0.103359 0.28767
113000 0.112592 0.0916509 0.109465 0.313708
114000 0.0978428 0.0819159 0.105876 0.285635
115000 0.108594 0.0892401 0.100101 0.297935
116000 0.100329 0.0859531 0.0953498 0.281632
117000 0.099909 0.0839985 0.0998087 0.283716
118000 0.114674 0.102173 0.0957008 0.312547
119000 0.103878 0.0951783 0.0997144 0.298771
120000 0.106306 0.0833226 0.0949731 0.284602
121000 0.105496 0.091399 0.102595 0.29949
122000 0.105222 0.095004 0.102406 0.302632
123000 0.106535 0.0797286 0.102402 0.288666
124000 0.107543 0.0879732 0.101599 0.297115
125000 0.0974121 0.0782013 0.0992682 0.274882
126000 0.101064 0.0763791 0.102208 0.279651
127000 0.103773 0.0873204 0.100022 0.291116
128000 0.106377 0.0881006 0.10817 0.302647
129000 0.102317 0.0820006 0.0972109 0.281528
130000 0.0997195 0.0811128 0.0979593 0.278792
131000 0.1125 0.086523 0.103671 0.302695
132000 0.106837 0.082589 0.104946 0.294373
133000 0.101816 0.0806813 0.10285 0.285347
134000 0.109008 0.0836751 0.0983897 0.291073
135000 0.0993055 0.077438 0.0995169 0.27626
136000 0.113041 0.0838036 0.10318 0.300025
137000 0.11349 0.0850298 0.0966725 0.295193
138000 0.109936 0.0856636 0.106071 0.30167
139000 0.10758 0.0879696 0.116719 0.312268
140000 0.118394 0.0834457 0.10988 0.31172
141000 0.104331 0.090374 0.109055 0.30376
142000 0.102286 0.0858665 0.106267 0.29442
143000 0.116021 0.0852881 0.102663 0.303972
144000 0.107744 0.0882951 0.0990725 0.295112
145000 0.106055 0.0823991 0.0994603 0.287914
146000 0.102964 0.0760964 0.102334 0.281394
147000 0.106735 0.0826823 0.11165 0.301068
148000 0.112913 0.0802132 0.111565 0.304692
149000 0.112699 0.0844506 0.107456 0.304605
150000 0.116296 0.0859501 0.10582 0.308067
151000 0.118486 0.083255 0.106117 0.307858
152000 0.113116 0.0869367 0.101652 0.301705
153000 0.112982 0.0884416 0.101017 0.302441
154000 0.111306 0.0778077 0.098434 0.287547
155000 0.117086 0.0916954 0.101869 0.31065
156000 0.109431 0.0884498 0.110349 0.30823
157000 0.11601 0.0863356 0.110464 0.312809
158000 0.10294 0.083637 0.114385 0.300963
159000 0.115607 0.0911708 0.109112 0.31589
160000 0.114683 0.0812295 0.104775 0.300688
161000 0.115144 0.0850392 0.107186 0.30737
162000 0.113469 0.0847488 0.102527 0.300746
163000 0.10865 0.0820071 0.105897 0.296554
164000 0.111279 0.0789912 0.106042 0.296312
165000 0.108997 0.0820409 0.102633 0.293671
166000 0.108921 0.0834457 0.114652 0.307019
167000 0.115576 0.0891747 0.11053 0.31528
168000 0.106647 0.0863891 0.117093 0.310129
169000 0.112132 0.082017 0.112117 0.306266
170000 0.119723 0.0926676 0.105826 0.318217
171000 0.114567 0.0811878 0.10667 0.302425
172000 0.1161 0.0870358 0.102303 0.305439
173000 0.111262 0.0835245 0.106626 0.301412
174000 0.112934 0.0861779 0.1073 0.306412
175000 0.119331 0.0910452 0.112624 0.323
176000 0.103194 0.0887232 0.102943 0.29486
177000 0.104396 0.0797797 0.10362 0.287796
178000 0.105267 0.0842442 0.110854 0.300365
179000 0.11037 0.0946744 0.109736 0.314781
180000 0.114173 0.0837862 0.110022 0.307981
181000 0.111951 0.0901765 0.108073 0.3102
182000 0.106894 0.0911646 0.111421 0.309479
183000 0.125693 0.0869511 0.114746 0.32739
184000 0.106231 0.0822222 0.112753 0.301206
185000 0.109664 0.0930736 0.115433 0.318171
186000 0.107435 0.0838608 0.114006 0.305302
187000 0.113536 0.0942882 0.118097 0.325921
188000 0.114876 0.0892136 0.11497 0.31906
189000 0.112053 0.0863599 0.107298 0.305711
190000 0.120827 0.0962454 0.113277 0.33035
191000 0.123026 0.0911789 0.109203 0.323407
192000 0.11392 0.0888247 0.119027 0.321772
193000 0.118011 0.0816258 0.118777 0.318413
194000 0.117508 0.0963615 0.115567 0.329436
195000 0.115716 0.0881401 0.106692 0.310549
196000 0.116265 0.0971251 0.115776 0.329166
197000 0.112184 0.0873746 0.114932 0.314491
198000 0.119313 0.0918472 0.101679 0.312839
199000 0.120233 0.0933593 0.10924 0.322832
200000 0.113799 0.0901938 0.111049 0.315042
201000 0.11719 0.0979754 0.112801 0.327966
202000 0.111246 0.0932134 0.113543 0.318003
203000 0.11763 0.0925425 0.122141 0.332313
204000 0.123213 0.0944912 0.116933 0.334637
205000 0.109641 0.0845097 0.115741 0.309892
206000 0.114892 0.0891782 0.118592 0.322663
207000 0.118576 0.0919025 0.118467 0.328946
208000 0.116683 0.0837221 0.120201 0.320606
209000 0.116824 0.0928403 0.120753 0.330418
210000 0.12103 0.0927682 0.119643 0.333441
211000 0.124512 0.10162 0.116981 0.343112
212000 0.117838 0.0922343 0.128362 0.338434
213000 0.120293 0.0936768 0.12602 0.33999
214000 0.115853 0.0881853 0.123435 0.327474
215000 0.117127 0.0893073 0.123925 0.33036
216000 0.114485 0.090027 0.125521 0.330033
217000 0.116571 0.087877 0.137887 0.342335
218000 0.119986 0.0931575 0.130205 0.343348
219000 0.11963 0.0899519 0.122868 0.332449
220000 0.12709 0.0998284 0.123733 0.350652
221000 0.118272 0.0868606 0.137981 0.343114
222000 0.119266 0.0898925 0.13841 0.347569
223000 0.126632 0.0925613 0.154253 0.373446
224000 0.121534 0.0897543 0.140608 0.351897
225000 0.124943 0.0958145 0.14493 0.365688
226000 0.144156 0.105708 0.133754 0.383618
227000 0.127052 0.0948393 0.129693 0.351584
228000 0.136273 0.103871 0.130534 0.370679
229000 0.123736 0.0959003 0.134391 0.354028
230000 0.138279 0.101515 0.125527 0.365321
231000 0.135273 0.106632 0.137193 0.379098
232000 0.116668 0.0963705 0.139914 0.352953
233000 0.13281 0.0993607 0.147197 0.379369
234000 0.122329 0.0978663 0.142477 0.362672
235000 0.133399 0.0950614 0.134794 0.363254
236000 0.127209 0.0925299 0.124292 0.34403
237000 0.124164 0.0950586 0.129485 0.348707
238000 0.136291 0.105932 0.141248 0.383471
239000 0.122851 0.0939533 0.138019 0.354823
240000 0.125054 0.0957024 0.135145 0.355901
241000 0.123193 0.100513 0.136734 0.36044
242000 0.130289 0.0975712 0.139555 0.367415
243000 0.124903 0.0943077 0.142312 0.361522
244000 0.131237 0.0960457 0.137958 0.365241
245000 0.132573 0.104109 0.136735 0.373417
246000 0.129197 0.0976771 0.133354 0.360228
247000 0.139574 0.106327 0.131588 0.377489
248000 0.121464 0.0918905 0.131035 0.344389
249000 0.140402 0.099707 0.135985 0.376094
250000 0.126918 0.0976649 0.140114 0.364697
251000 0.128714 0.0947827 0.135113 0.358609
252000 0.131449 0.10259 0.133784 0.367823
253000 0.126621 0.102619 0.132991 0.362231
254000 0.151978 0.0995694 0.132691 0.384238
255000 0.139627 0.0992797 0.14272 0.381627
256000 0.141989 0.101914 0.139383 0.383286
257000 0.143852 0.0917631 0.13304 0.368654
258000 0.138202 0.0975552 0.133114 0.368871
259000 0.140616 0.107939 0.13379 0.382346
260000 0.149634 0.100245 0.133079 0.382958
261000 0.13795 0.0940842 0.139558 0.371593
262000 0.144964 0.100476 0.148184 0.393623
263000 0.13981 0.106387 0.140137 0.386334
264000 0.1406 0.0960859 0.129838 0.366524
265000 0.143769 0.100099 0.146006 0.389874
266000 0.138338 0.0978702 0.142909 0.379117
267000 0.148477 0.0949304 0.14833 0.391737
268000 0.14459 0.110188 0.134589 0.389367
269000 0.142176 0.0981781 0.141524 0.381879
270000 0.149594 0.112 0.14078 0.402373
271000 0.140798 0.106652 0.14457 0.39202
272000 0.141403 0.103766 0.146514 0.391683
273000 0.149844 0.101134 0.156524 0.407503
274000 0.161304 0.110816 0.148181 0.420301
275000 0.152212 0.109506 0.142718 0.404436
276000 0.137495 0.102402 0.142637 0.382535
277000 0.153609 0.114556 0.143677 0.411842
278000 0.145435 0.101753 0.143703 0.39089
279000 0.147643 0.104672 0.157427 0.409742
280000 0.164153 0.109361 0.151177 0.42469
281000 0.148786 0.112048 0.151896 0.41273
282000 0.154183 0.11182 0.145489 0.411492
283000 0.156325 0.109742 0.146461 0.412529
284000 0.152529 0.102977 0.148804 0.40431
285000 0.162147 0.111109 0.153327 0.426584
286000 0.155186 0.100909 0.151075 0.40717
287000 0.151858 0.108438 0.147908 0.408204
288000 0.163319 0.107591 0.162894 0.433805
289000 0.146182 0.101671 0.159206 0.407058
290000 0.151954 0.114912 0.157431 0.424296
291000 0.152419 0.110468 0.146201 0.409088
292000 0.152843 0.10289 0.161768 0.4175
293000 0.163741 0.106044 0.15917 0.428955
294000 0.163217 0.112085 0.157892 0.433194
295000 0.160344 0.107544 0.163234 0.431123
296000 0.152584 0.107644 0.155148 0.415376
297000 0.161963 0.111862 0.16041 0.434235
298000 0.156519 0.106018 0.161842 0.424379
299000 0.164777 0.108821 0.158797 0.432395
300000 0.155815 0.111191 0.165217 0.432224
301000 0.143965 0.110797 0.168697 0.423459
302000 0.157671 0.111144 0.162174 0.43099
303000 0.153443 0.116209 0.16447 0.434123
304000 0.158139 0.114975 0.160395 0.433509
305000 0.168199 0.120826 0.167661 0.456686
306000 0.15342 0.114496 0.170365 0.438281
307000 0.164622 0.112233 0.16867 0.445525
308000 0.154439 0.116331 0.169235 0.440005
309000 0.163243 0.11247 0.171733 0.447446
310000 0.159906 0.119267 0.168851 0.448024
311000 0.164091 0.111238 0.164988 0.440318
312000 0.157767 0.106252 0.168519 0.432538
313000 0.16195 0.127345 0.172606 0.461901
314000 0.180639 0.124618 0.162785 0.468042
315000 0.165201 0.11897 0.164843 0.449013
316000 0.16751 0.11451 0.172964 0.454984
317000 0.160057 0.114347 0.180371 0.454775
318000 0.169242 0.124166 0.16788 0.461287
319000 0.153801 0.111281 0.165677 0.430758
320000 0.162145 0.119326 0.169928 0.451399
321000 0.161327 0.126837 0.173472 0.461636
322000 0.166835 0.111622 0.171404 0.44986
323000 0.181485 0.122264 0.164147 0.467896
324000 0.163282 0.114627 0.169524 0.447432
325000 0.165373 0.120833 0.169433 0.455639
326000 0.18451 0.127173 0.163747 0.47543
327000 0.169908 0.121116 0.170558 0.461582
328000 0.165604 0.119156 0.16707 0.45183
329000 0.164156 0.125472 0.166308 0.455937
330000 0.167716 0.119251 0.172349 0.459316
331000 0.179411 0.121419 0.172926 0.473756
332000 0.175264 0.117169 0.1715 0.463933
333000 0.178305 0.119876 0.171229 0.46941
334000 0.172249 0.119835 0.175158 0.467242
335000 0.170612 0.11483 0.167161 0.452602
336000 0.175369 0.119747 0.172632 0.467748
337000 0.182823 0.125094 0.177974 0.485891
338000 0.175111 0.121159 0.18296 0.47923
339000 0.165247 0.123299 0.175537 0.464083
340000 0.177968 0.127532 0.173877 0.479377
341000 0.17887 0.120946 0.177152 0.476968
342000 0.181347 0.12436 0.173315 0.479022
343000 0.188465 0.130617 0.172003 0.491085
344000 0.185637 0.124454 0.180348 0.490438
345000 0.179924 0.130015 0.181898 0.491837
346000 0.173632 0.124467 0.179363 0.477462
347000 0.173173 0.119209 0.179758 0.472139
348000 0.181429 0.137006 0.180639 0.499074
349000 0.180389 0.121921 0.174835 0.477146
350000 0.175387 0.128329 0.176142 0.479857
351000 0.170888 0.11655 0.175566 0.463004
352000 0.174704 0.121722 0.181332 0.477758
353000 0.175034 0.125004 0.187881 0.487919
354000 0.172914 0.128237 0.179961 0.481112
355000 0.176542 0.126709 0.179937 0.483188
356000 0.173334 0.121973 0.184414 0.479721
357000 0.183984 0.123099 0.183009 0.490093
358000 0.174136 0.127608 0.174317 0.476061
359000 0.175647 0.129474 0.177681 0.482803
360000 0.182139 0.127024 0.177963 0.487126
361000 0.181113 0.124399 0.175766 0.481278
362000 0.178312 0.137496 0.175104 0.490912
363000 0.189648 0.123276 0.178309 0.491234
364000 0.181607 0.126939 0.181397 0.489943
365000 0.184765 0.144658 0.185759 0.515182
366000 0.175619 0.125934 0.176338 0.47789
367000 0.181361 0.123782 0.179772 0.484915
368000 0.174981 0.12734 0.18004 0.482361
369000 0.176004 0.128163 0.175536 0.479703
370000 0.188488 0.134433 0.182866 0.505788
371000 0.175178 0.125578 0.172739 0.473495
372000 0.189466 0.136184 0.172192 0.497841
373000 0.186909 0.130916 0.172014 0.489839
374000 0.180802 0.127863 0.176724 0.485388
375000 0.178153 0.12862 0.17825 0.485022
376000 0.190821 0.140462 0.181143 0.512427
377000 0.186387 0.132874 0.194615 0.513876
378000 0.192833 0.13361 0.179054 0.505497
379000 0.18015 0.133971 0.184237 0.498358
380000 0.19344 0.131038 0.176956 0.501434
381000 0.187303 0.135414 0.178519 0.501236
382000 0.176043 0.133426 0.181008 0.490477
383000 0.195691 0.158129 0.176942 0.530762
384000 0.189497 0.129585 0.184187 0.503269
385000 0.191056 0.136556 0.18134 0.508952
386000 0.191104 0.135169 0.181802 0.508076
387000 0.182935 0.133611 0.178365 0.494912
388000 0.198747 0.1491 0.170988 0.518834
389000 0.18679 0.130021 0.181781 0.498592
390000 0.181359 0.137874 0.184227 0.50346
391000 0.190081 0.136394 0.184081 0.510557
392000 0.182232 0.136968 0.187306 0.506506
393000 0.189701 0.140323 0.183777 0.513801
394000 0.186696 0.137368 0.176677 0.50074
395000 0.190789 0.143497 0.178558 0.512843
396000 0.183179 0.154404 0.185014 0.522597
397000 0.187861 0.147562 0.184472 0.519895
398000 0.184421 0.152573 0.192497 0.529491
399000 0.187979 0.147339 0.184989 0.520306
400000 0.17986 0.148917 0.184161 0.512939
401000 0.196067 0.149143 0.186968 0.532178
402000 0.200095 0.15519 0.179992 0.535277
403000 0.190999 0.149991 0.186649 0.527639
404000 0.192921 0.153725 0.181982 0.528627
405000 0.190485 0.157876 0.194256 0.542616
406000 0.177193 0.138288 0.187792 0.503273
407000 0.201518 0.146703 0.184567 0.532788
408000 0.196413 0.147723 0.188164 0.5323
409000 0.197276 0.14921 0.190002 0.536488
410000 0.194574 0.161864 0.186117 0.542556
411000 0.184895 0.150077 0.189306 0.524278
412000 0.195508 0.158503 0.188482 0.542492
413000 0.18947 0.144652 0.201125 0.535247
414000 0.196527 0.152528 0.190704 0.539758
415000 0.199449 0.146086 0.19509 0.540626
416000 0.194019 0.145686 0.199651 0.539356
417000 0.202974 0.158628 0.189505 0.551108
418000 0.196054 0.146488 0.203273 0.545814
419000 0.204413 0.150003 0.200717 0.555133
420000 0.198112 0.150676 0.198669 0.547458
421000 0.196692 0.141027 0.202033 0.539752
422000 0.192082 0.15637 0.199136 0.547588
423000 0.20142 0.14471 0.198631 0.544761
424000 0.190493 0.14278 0.193172 0.526446
425000 0.209391 0.150453 0.20152 0.561365
426000 0.205425 0.136291 0.197246 0.538962
427000 0.208449 0.145912 0.198964 0.553325
428000 0.202027 0.145746 0.194368 0.542142
429000 0.205011 0.140313 0.201367 0.546691
430000 0.209233 0.145391 0.199864 0.554488
431000 0.207649 0.140178 0.196427 0.544254
432000 0.19831 0.144775 0.192701 0.535786
433000 0.204233 0.148805 0.201748 0.554786
434000 0.199879 0.153023 0.198676 0.551577
435000 0.207165 0.138886 0.205886 0.551936
436000 0.209128 0.138353 0.198692 0.546173
437000 0.209875 0.149823 0.193817 0.553515
438000 0.205534 0.147744 0.193294 0.546572
439000 0.205947 0.137906 0.200914 0.544766
440000 0.202081 0.145389 0.204216 0.551686
441000 0.203919 0.156668 0.201181 0.561768
442000 0.208446 0.151401 0.198227 0.558074
443000 0.201892 0.147773 0.206543 0.556208
444000 0.202339 0.152197 0.197197 0.551733
445000 0.207948 0.158988 0.201968 0.568904
446000 0.210163 0.163973 0.199033 0.573169
447000 0.203789 0.155031 0.202261 0.561081
448000 0.204311 0.145425 0.203154 0.55289
449000 0.210401 0.151725 0.201726 0.563851
450000 0.211976 0.135125 0.197446 0.544546
451000 0.212503 0.154494 0.195828 0.562825
452000 0.213165 0.142391 0.200474 0.55603
453000 0.217463 0.156748 0.205391 0.579602
454000 0.204536 0.152117 0.210913 0.567566
455000 0.196044 0.156141 0.200566 0.552751
456000 0.200468 0.157614 0.198036 0.556118
457000 0.204825 0.148796 0.202286 0.555907
458000 0.20721 0.155855 0.199612 0.562676
459000 0.202285 0.153376 0.201301 0.556963
460000 0.196809 0.152303 0.186906 0.536018
461000 0.206871 0.152921 0.204202 0.563994
462000 0.207705 0.148968 0.202284 0.558957
463000 0.206654 0.158114 0.202064 0.566832
464000 0.199679 0.154416 0.200659 0.554754
465000 0.213037 0.157282 0.195045 0.565364
466000 0.208035 0.157149 0.200049 0.565233
467000 0.203382 0.163592 0.201457 0.56843
468000 0.204352 0.147992 0.205722 0.558067
469000 0.202963 0.152673 0.206333 0.561969
470000 0.211885 0.155906 0.207052 0.574843
471000 0.218405 0.150761 0.194757 0.563923
472000 0.213097 0.14416 0.202491 0.559748
473000 0.226707 0.171307 0.20847 0.606485
474000 0.202831 0.153336 0.207064 0.56323
475000 0.207007 0.164001 0.211427 0.582435
476000 0.216364 0.172223 0.203968 0.592554
477000 0.20497 0.146959 0.200439 0.552368
478000 0.212897 0.156529 0.192809 0.562234
479000 0.203776 0.150586 0.209152 0.563515
480000 0.203904 0.154056 0.203825 0.561786
481000 0.218549 0.168142 0.20345 0.590141
482000 0.193248 0.148209 0.20193 0.543387
483000 0.205867 0.159143 0.202893 0.567903
484000 0.208585 0.157794 0.204827 0.571206
485000 0.209062 0.151085 0.201929 0.562076
486000 0.220152 0.157463 0.210281 0.587896
487000 0.214172 0.161627 0.208631 0.584431
488000 0.202962 0.14931 0.20502 0.557292
489000 0.213527 0.156431 0.204495 0.574453
490000 0.215363 0.161145 0.200232 0.576739
491000 0.209977 0.150331 0.206931 0.567239
492000 0.215755 0.164355 0.210756 0.590866
493000 0.202917 0.155159 0.200508 0.558584
494000 0.207574 0.157477 0.207956 0.573007
495000 0.211985 0.157905 0.203898 0.573788
496000 0.210032 0.159573 0.206706 0.576311
497000 0.210635 0.165239 0.212837 0.588711
498000 0.214285 0.17152 0.217398 0.603203
499000 0.210593 0.158969 0.209552 0.579114
500000 0.207328 0.165958 0.206661 0.579946
501000 0.210371 0.152957 0.206657 0.569985
502000 0.212543 0.156711 0.205095 0.57435
503000 0.224047 0.173868 0.204385 0.6023
504000 0.208151 0.156688 0.204823 0.569661
505000 0.21169 0.165106 0.217461 0.594257
506000 0.217209 0.161543 0.209733 0.588485
507000 0.224745 0.166538 0.212792 0.604075
508000 0.210306 0.165201 0.203809 0.579315
509000 0.224409 0.170158 0.21276 0.607326
510000 0.206844 0.158202 0.215027 0.580073
511000 0.219696 0.156668 0.215056 0.59142
512000 0.214039 0.168029 0.202218 0.584286
513000 0.203089 0.15297 0.206342 0.562401
514000 0.210845 0.152663 0.204379 0.567888
515000 0.211651 0.165727 0.210159 0.587537
516000 0.207044 0.170359 0.200757 0.578161
517000 0.209817 0.165615 0.203691 0.579124
518000 0.224429 0.168827 0.212251 0.605507
519000 0.208216 0.162455 0.226215 0.596886
520000 0.206819 0.168268 0.218014 0.593101
521000 0.214783 0.172814 0.226314 0.61391
522000 0.213516 0.168797 0.219525 0.601838
523000 0.211392 0.164877 0.219182 0.595451
524000 0.214955 0.178666 0.221786 0.615407
525000 0.218477 0.179734 0.215866 0.614077
526000 0.210774 0.167408 0.213792 0.591974
527000 0.220027 0.181328 0.21501 0.616365
528000 0.214938 0.162826 0.215844 0.593608
529000 0.220507 0.178569 0.215437 0.614514
530000 0.212071 0.171115 0.217596 0.600782
531000 0.210982 0.165617 0.220028 0.596628
532000 0.209644 0.171635 0.21533 0.596608
533000 0.212498 0.163707 0.221104 0.597309
534000 0.214199 0.17105 0.220817 0.606066
535000 0.224176 0.167308 0.225539 0.617023
536000 0.211409 0.17509 0.216393 0.602891
537000 0.214969 0.165149 0.226144 0.606262
538000 0.218291 0.178032 0.21775 0.614073
539000 0.226775 0.181851 0.220297 0.628924
540000 0.224036 0.173526 0.214436 0.611997
541000 0.222527 0.177619 0.223171 0.623317
542000 0.213777 0.165837 0.220765 0.60038
543000 0.217603 0.169682 0.210798 0.598083
544000 0.22483 0.166364 0.212719 0.603912
545000 0.226659 0.170189 0.212896 0.609745
546000 0.218454 0.174869 0.216612 0.609936
547000 0.218598 0.172615 0.221487 0.612699
548000 0.208026 0.173925 0.21149 0.593441
549000 0.212386 0.167418 0.212324 0.592128
550000 0.226722 0.16956 0.217298 0.613579
551000 0.218791 0.175653 0.214607 0.609052
552000 0.22513 0.171534 0.209082 0.605746
553000 0.218373 0.174513 0.213015 0.605901
554000 0.222235 0.176804 0.211937 0.610975
555000 0.219681 0.166972 0.203375 0.590027
556000 0.216945 0.168865 0.218149 0.603958
557000 0.213421 0.173832 0.223035 0.610288
558000 0.208021 0.167108 0.215477 0.590606
559000 0.22169 0.179347 0.209935 0.610972
560000 0.218626 0.171747 0.215109 0.605482
561000 0.215795 0.169453 0.225816 0.611064
562000 0.227764 0.188148 0.223094 0.639006
563000 0.224553 0.168312 0.219445 0.61231
564000 0.222402 0.16759 0.223193 0.613185
565000 0.230658 0.171437 0.229133 0.631228
566000 0.227282 0.181106 0.214951 0.62334
567000 0.239314 0.175268 0.216734 0.631316
568000 0.22554 0.172012 0.213287 0.61084
569000 0.219421 0.167906 0.217906 0.605233
570000 0.223585 0.18375 0.222989 0.630324
571000 0.221632 0.177097 0.217186 0.615915
572000 0.223052 0.172663 0.223366 0.619081
573000 0.222529 0.181325 0.216297 0.62015
574000 0.217933 0.177391 0.2174 0.612724
575000 0.221067 0.17162 0.216024 0.608711
576000 0.229507 0.171126 0.212594 0.613227
577000 0.218429 0.180483 0.217494 0.616406
578000 0.232314 0.177781 0.21909 0.629185
579000 0.232922 0.170849 0.21739 0.621161
580000 0.235226 0.187688 0.21725 0.640164
581000 0.221697 0.168383 0.213685 0.603765
582000 0.234408 0.177089 0.238675 0.650171
583000 0.221465 0.178741 0.226942 0.627147
584000 0.231679 0.172563 0.227418 0.63166
585000 0.223511 0.172434 0.22385 0.619795
586000 0.240923 0.179451 0.22693 0.647305
587000 0.232216 0.177575 0.23198 0.641771
588000 0.235791 0.176281 0.22704 0.639112
589000 0.227042 0.179455 0.223931 0.630429
590000 0.225851 0.187007 0.22138 0.634238
591000 0.235114 0.176834 0.230745 0.642693
592000 0.244096 0.186886 0.232707 0.663689
593000 0.236776 0.180074 0.234871 0.651721
594000 0.23735 0.193096 0.228237 0.658683
595000 0.22659 0.183594 0.233567 0.643752
596000 0.230977 0.181913 0.227183 0.640073
597000 0.233025 0.17153 0.221352 0.625907
598000 0.231906 0.190427 0.221867 0.6442
599000 0.235796 0.186307 0.213597 0.635699
600000 0.229119 0.181499 0.226236 0.636854
601000 0.238515 0.200267 0.224677 0.663459
602000 0.231331 0.185743 0.229699 0.646774
603000 0.238752 0.192903 0.224439 0.656094
604000 0.230138 0.185898 0.235254 0.651289
605000 0.242464 0.177899 0.230936 0.651299
606000 0.235975 0.186582 0.228772 0.651329
607000 0.237757 0.175736 0.23055 0.644043
608000 0.240069 0.185541 0.224383 0.649993
609000 0.233711 0.18158 0.228912 0.644203
610000 0.232007 0.185012 0.228908 0.645926
611000 0.241908 0.189495 0.227085 0.658487
612000 0.236127 0.172882 0.231067 0.640076
613000 0.249167 0.17821 0.228787 0.656164
614000 0.242216 0.187747 0.235251 0.665213
615000 0.250482 0.197357 0.22521 0.673048
616000 0.241705 0.192189 0.23758 0.671474
617000 0.237044 0.188813 0.240057 0.665914
618000 0.239912 0.195571 0.237086 0.672569
619000 0.238949 0.179387 0.237075 0.65541
620000 0.236019 0.183965 0.247271 0.667255
621000 0.248717 0.197113 0.241863 0.687692
622000 0.245147 0.188291 0.238501 0.671939
623000 0.235274 0.184357 0.235147 0.654778
624000 0.242282 0.18747 0.228251 0.658003
625000 0.250122 0.197078 0.22149 0.66869
626000 0.244086 0.196888 0.237651 0.678625
627000 0.23068 0.201777 0.240703 0.673161
628000 0.229002 0.1935 0.239689 0.662191
629000 0.241526 0.184927 0.23758 0.664033
630000 0.253856 0.193453 0.232773 0.680082
631000 0.247589 0.198293 0.23058 0.676462
632000 0.220457 0.187402 0.231783 0.639642
633000 0.245707 0.205101 0.231495 0.682303
634000 0.244926 0.202104 0.229944 0.676974
635000 0.242296 0.204203 0.233829 0.680328
636000 0.243941 0.189217 0.230495 0.663654
637000 0.235913 0.18219 0.232992 0.651095
638000 0.23942 0.19592 0.241394 0.676734
639000 0.250532 0.187699 0.238202 0.676434
640000 0.238935 0.21204 0.235034 0.686008
641000 0.248972 0.192766 0.2323 0.674037
642000 0.250063 0.184692 0.23131 0.666065
643000 0.248789 0.208331 0.231425 0.688545
644000 0.235426 0.195065 0.232803 0.663294
645000 0.242232 0.192979 0.237088 0.672299
646000 0.24279 0.206116 0.237244 0.686151
647000 0.232942 0.196299 0.23448 0.663722
648000 0.234354 0.193767 0.238569 0.66669
649000 0.246402 0.187384 0.243317 0.677103
650000 0.238858 0.183912 0.244188 0.666957
651000 0.243402 0.198811 0.2311 0.673313
652000 0.243167 0.198853 0.227173 0.669194
653000 0.255377 0.204879 0.244237 0.704494
654000 0.242308 0.18578 0.240567 0.668655
655000 0.232257 0.189627 0.237605 0.65949
656000 0.250176 0.203232 0.229896 0.683305
657000 0.237647 0.185244 0.231522 0.654413
658000 0.235853 0.189443 0.230935 0.656231
659000 0.245968 0.191767 0.235908 0.673644
660000 0.243898 0.198535 0.238213 0.680646
661000 0.234435 0.197583 0.235002 0.66702
662000 0.248106 0.184899 0.237239 0.670244
663000 0.246547 0.193905 0.232848 0.6733
664000 0.23412 0.19353 0.239321 0.666971
665000 0.236503 0.193759 0.238342 0.668604
666000 0.238547 0.197093 0.238119 0.673758
667000 0.250205 0.20885 0.251498 0.710553
668000 0.246883 0.194859 0.241352 0.683093
669000 0.245642 0.190536 0.23955 0.675728
670000 0.255254 0.200716 0.250118 0.706087
671000 0.242111 0.194763 0.242199 0.679073
672000 0.252728 0.198982 0.241769 0.693479
673000 0.261147 0.199214 0.234867 0.695228
674000 0.252983 0.20362 0.242847 0.69945
675000 0.251405 0.204433 0.244873 0.70071
676000 0.248373 0.192709 0.239483 0.680565
677000 0.250049 0.201227 0.245911 0.697187
678000 0.246915 0.198194 0.222882 0.66799
679000 0.239154 0.196213 0.243755 0.679122
680000 0.245038 0.186586 0.245484 0.677108
681000 0.244568 0.192017 0.245941 0.682526
682000 0.246376 0.189641 0.236208 0.672225
683000 0.233148 0.196485 0.242445 0.672079
684000 0.242543 0.197171 0.240494 0.680207
685000 0.247998 0.191135 0.241471 0.680604
686000 0.247141 0.212575 0.245275 0.704992
687000 0.250291 0.205026 0.24361 0.698927
688000 0.239955 0.198449 0.245823 0.684226
689000 0.24776 0.196848 0.246224 0.690832
690000 0.251388 0.209713 0.245311 0.706411
691000 0.247143 0.193881 0.24424 0.685265
692000 0.244705 0.205078 0.251376 0.70116
693000 0.246179 0.206952 0.256105 0.709236
694000 0.250288 0.199369 0.254658 0.704315
695000 0.242952 0.19422 0.253622 0.690795
696000 0.254076 0.202752 0.248805 0.705632
697000 0.258412 0.202978 0.252128 0.713518
698000 0.245159 0.19259 0.254457 0.692206
699000 0.256539 0.21994 0.250086 0.726566
700000 0.247027 0.202592 0.248438 0.698057
701000 0.258385 0.206836 0.251867 0.717088
702000 0.250904 0.210174 0.247565 0.708643
703000 0.246935 0.194654 0.245541 0.687131
704000 0.26118 0.210065 0.256176 0.727421
705000 0.244941 0.19313 0.25168 0.689751
706000 0.252918 0.197019 0.252309 0.702246
707000 0.252113 0.200633 0.252839 0.705585
708000 0.246485 0.198942 0.254405 0.699832
709000 0.253545 0.212983 0.265178 0.731705
710000 0.251967 0.198557 0.258524 0.709049
711000 0.244396 0.193417 0.265525 0.703338
712000 0.252947 0.208284 0.252925 0.714157
713000 0.251369 0.208197 0.254664 0.714229
714000 0.248561 0.215518 0.254108 0.718188
715000 0.244022 0.209144 0.259461 0.712627
716000 0.247603 0.198526 0.267087 0.713215
717000 0.249573 0.19238 0.263844 0.705797
718000 0.263791 0.218714 0.255096 0.737601
719000 0.247898 0.20852 0.253561 0.709979
720000 0.251291 0.208974 0.25193 0.712194
721000 0.257164 0.224462 0.260865 0.742492
722000 0.247265 0.204071 0.250312 0.701648
723000 0.251173 0.215711 0.252647 0.719531
724000 0.258311 0.207096 0.256734 0.722141
725000 0.253093 0.196818 0.259321 0.709232
726000 0.251853 0.211423 0.269141 0.732417
727000 0.253041 0.197723 0.269902 0.720665
728000 0.248156 0.206529 0.256046 0.710731
729000 0.25762 0.208594 0.263032 0.729246
730000 0.259241 0.213246 0.252317 0.724804
731000 0.25163 0.204934 0.272831 0.729395
732000 0.261414 0.210231 0.263434 0.73508
733000 0.254061 0.20522 0.256474 0.715756
734000 0.248889 0.208006 0.267743 0.724638
735000 0.26355 0.216553 0.264729 0.744833
736000 0.258618 0.20935 0.270137 0.738105
737000 0.256122 0.196275 0.279893 0.73229
738000 0.264869 0.211858 0.267981 0.744708
739000 0.25066 0.194856 0.261844 0.70736
740000 0.252828 0.204484 0.263679 0.72099
741000 0.259246 0.206732 0.261634 0.727612
742000 0.264318 0.206093 0.264528 0.734939
743000 0.254114 0.206974 0.263498 0.724587
744000 0.260662 0.21794 0.268735 0.747337
745000 0.260178 0.208213 0.263677 0.732068
746000 0.261462 0.2112 0.271328 0.74399
747000 0.255304 0.209087 0.259195 0.723586
748000 0.248353 0.206626 0.262417 0.717396
749000 0.264161 0.209993 0.259114 0.733268
750000 0.253682 0.208007 0.257229 0.718918
751000 0.256433 0.208137 0.258348 0.722918
752000 0.267176 0.211926 0.25753 0.736632
753000 0.259844 0.202605 0.256037 0.718486
754000 0.262293 0.220792 0.264837 0.747923
755000 0.253251 0.203249 0.26393 0.720429
756000 0.26312 0.214594 0.262662 0.740376
757000 0.260403 0.210137 0.264632 0.735171
758000 0.251827 0.20021 0.263901 0.715938
759000 0.248388 0.210752 0.256165 0.715305
760000 0.252267 0.20712 0.267002 0.726389
761000 0.257707 0.206874 0.256892 0.721473
762000 0.262113 0.209413 0.263593 0.735119
763000 0.259268 0.216499 0.26787 0.743638
764000 0.255339 0.207781 0.26268 0.725801
765000 0.279311 0.233936 0.260892 0.77414
766000 0.259068 0.214896 0.27303 0.746994
767000 0.252312 0.220927 0.276808 0.750048
768000 0.259555 0.217582 0.276236 0.753373
769000 0.264094 0.20738 0.26654 0.738014
770000 0.257923 0.212553 0.266782 0.737257
771000 0.267438 0.211363 0.261633 0.740434
772000 0.27055 0.218185 0.266593 0.755328
773000 0.250004 0.206682 0.272162 0.728848
774000 0.26091 0.217847 0.264519 0.743276
775000 0.262408 0.211731 0.265275 0.739414
776000 0.265336 0.217342 0.267309 0.749988
777000 0.255835 0.208254 0.273974 0.738063
778000 0.2632 0.209538 0.276816 0.749555
779000 0.273635 0.225898 0.274515 0.774048
780000 0.268275 0.218058 0.274639 0.760972
781000 0.274949 0.214043 0.266288 0.755279
782000 0.260614 0.212739 0.270996 0.744349
783000 0.272692 0.217347 0.276833 0.766873
784000 0.262185 0.217416 0.270738 0.750339
785000 0.265652 0.21566 0.276305 0.757617
786000 0.269719 0.215673 0.279045 0.764437
787000 0.262865 0.212537 0.27445 0.749852
788000 0.267319 0.218998 0.271426 0.757743
789000 0.267559 0.222716 0.280174 0.770449
790000 0.272659 0.211007 0.276203 0.759869
791000 0.272878 0.215236 0.275087 0.7632
792000 0.263076 0.209269 0.269341 0.741686
793000 0.26375 0.215114 0.273114 0.751978
794000 0.265764 0.209822 0.277759 0.753344
795000 0.257223 0.223516 0.270061 0.7508
796000 0.264226 0.214135 0.276096 0.754458
797000 0.26308 0.230769 0.267311 0.76116
798000 0.267418 0.217567 0.277861 0.762846
799000 0.273043 0.21259 0.27157 0.757203
800000 0.269751 0.205015 0.273253 0.748018
801000 0.275014 0.220436 0.271634 0.767084
802000 0.273613 0.213441 0.281408 0.768462
803000 0.273261 0.226746 0.269825 0.769832
804000 0.287346 0.223093 0.273971 0.784411
805000 0.269404 0.219867 0.271806 0.761078
806000 0.271901 0.216835 0.273778 0.762514
807000 0.271409 0.209099 0.272364 0.752872
808000 0.263386 0.220086 0.273131 0.756603
809000 0.26751 0.214416 0.267443 0.749368
810000 0.263892 0.21355 0.275645 0.753087
811000 0.267297 0.2217 0.280718 0.769715
812000 0.2698 0.215174 0.278967 0.763941
813000 0.285825 0.224655 0.285324 0.795804
814000 0.275995 0.217752 0.274535 0.768282
815000 0.27036 0.215636 0.276096 0.762091
816000 0.264808 0.221532 0.279464 0.765804
817000 0.269165 0.223247 0.28361 0.776022
818000 0.275371 0.220369 0.287489 0.783228
819000 0.273914 0.211724 0.275057 0.760696
820000 0.278102 0.217203 0.281155 0.77646
821000 0.282256 0.233318 0.283704 0.799277
822000 0.278275 0.216687 0.281024 0.775986
823000 0.270028 0.218384 0.275405 0.763816
824000 0.26605 0.216156 0.277197 0.759403
825000 0.27854 0.205177 0.281831 0.765548
826000 0.272939 0.215593 0.268771 0.757303
827000 0.275573 0.219027 0.282861 0.777461
828000 0.281661 0.217965 0.283151 0.782777
829000 0.303849 0.224013 0.291189 0.819051
830000 0.289079 0.223686 0.299794 0.812559
831000 0.285221 0.226236 0.292024 0.803481
832000 0.282212 0.22327 0.29735 0.802832
833000 0.287227 0.228988 0.303426 0.819641
834000 0.289009 0.218789 0.30379 0.811589
835000 0.307055 0.236595 0.292316 0.835966
836000 0.291948 0.221991 0.29741 0.811349
837000 0.28629 0.226778 0.291832 0.804899
838000 0.283304 0.213216 0.285916 0.782436
839000 0.287456 0.223512 0.298563 0.80953
840000 0.292478 0.231471 0.286852 0.810801
841000 0.298241 0.234138 0.29348 0.825859
842000 0.286361 0.234965 0.300376 0.821702
843000 0.283888 0.222238 0.285487 0.791613
844000 0.299467 0.221598 0.295776 0.816841
845000 0.298462 0.229423 0.303638 0.831523
846000 0.29067 0.221806 0.297383 0.809859
847000 0.288237 0.221733 0.298691 0.808661
848000 0.293775 0.228259 0.299708 0.821741
849000 0.287929 0.221742 0.298408 0.808079
850000 0.299136 0.231301 0.290282 0.820718
851000 0.303876 0.244176 0.294224 0.842276
852000 0.291449 0.222584 0.302328 0.81636
853000 0.293751 0.233961 0.295711 0.823422
854000 0.292378 0.229415 0.29168 0.813473
855000 0.295142 0.23461 0.309577 0.839329
856000 0.301339 0.234606 0.307 0.842946
857000 0.298688 0.240881 0.303905 0.843474
858000 0.292977 0.227074 0.29624 0.816291
859000 0.299261 0.233608 0.291599 0.824467
860000 0.294003 0.22891 0.300287 0.8232
861000 0.3004 0.236286 0.306345 0.843031
862000 0.315139 0.231224 0.301194 0.847557
863000 0.289466 0.236182 0.30023 0.825878
864000 0.295277 0.228244 0.299967 0.823488
865000 0.294634 0.234483 0.309666 0.838783
866000 0.299239 0.219045 0.300749 0.819033
867000 0.297287 0.238684 0.293858 0.82983
868000 0.286698 0.233428 0.292109 0.812235
869000 0.302015 0.224786 0.297274 0.824075
870000 0.300024 0.231366 0.298421 0.829812
871000 0.291252 0.237405 0.286421 0.815078
872000 0.289187 0.225034 0.297304 0.811525
873000 0.28758 0.23206 0.299075 0.818715
874000 0.297242 0.237268 0.310055 0.844565
875000 0.291618 0.240526 0.309564 0.841709
876000 0.301721 0.241319 0.303449 0.846489
877000 0.311811 0.232764 0.308449 0.853025
878000 0.291461 0.22168 0.307448 0.82059
879000 0.317232 0.238361 0.301441 0.857034
880000 0.298737 0.227555 0.315499 0.841792
881000 0.294901 0.226521 0.299308 0.82073
882000 0.291613 0.22336 0.300198 0.815171
883000 0.304113 0.240386 0.311205 0.855703
884000 0.305097 0.239706 0.306399 0.851202
885000 0.31048 0.232832 0.30844 0.851751
886000 0.308635 0.242327 0.301818 0.852781
887000 0.303874 0.234807 0.30883 0.847511
888000 0.312544 0.243576 0.298348 0.854467
889000 0.303623 0.235986 0.314407 0.854016
890000 0.307024 0.235768 0.303748 0.84654
891000 0.304693 0.24034 0.3096 0.854633
892000 0.298706 0.236755 0.322326 0.857787
893000 0.291511 0.24602 0.323697 0.861229
894000 0.310137 0.235817 0.313707 0.859661
895000 0.308642 0.238592 0.308317 0.855551
896000 0.307656 0.24815 0.309553 0.865359
897000 0.317018 0.244771 0.299094 0.860883
898000 0.313345 0.239411 0.317201 0.869957
899000 0.312363 0.238869 0.32078 0.872012
900000 0.311945 0.239705 0.296703 0.848354
901000 0.302175 0.24096 0.321861 0.864997
902000 0.311729 0.253018 0.318071 0.882818
903000 0.307064 0.242031 0.320295 0.86939
904000 0.318631 0.240422 0.320194 0.879247
905000 0.325881 0.237366 0.308883 0.87213
906000 0.328533 0.242798 0.30545 0.876781
907000 0.309318 0.246317 0.301254 0.856889
908000 0.332492 0.257041 0.321254 0.910786
909000 0.325837 0.254344 0.316204 0.896385
910000 0.319746 0.246553 0.313285 0.879584
911000 0.320312 0.252143 0.32108 0.893535
912000 0.334679 0.252913 0.317372 0.904965
913000 0.33738 0.246693 0.318836 0.902909
914000 0.337209 0.235741 0.326425 0.899375
915000 0.317591 0.255688 0.318852 0.892131
916000 0.334823 0.251383 0.307848 0.894054
917000 0.323443 0.260633 0.305189 0.889264
918000 0.334987 0.252098 0.309234 0.896318
919000 0.335703 0.24311 0.304547 0.88336
920000 0.322596 0.246754 0.310928 0.880278
921000 0.327835 0.248886 0.331966 0.908687
922000 0.337404 0.257403 0.321886 0.916693
923000 0.32862 0.251623 0.313856 0.894099
924000 0.328659 0.256052 0.327245 0.911957
925000 0.335863 0.256949 0.319199 0.912011
926000 0.337151 0.259739 0.320816 0.917705
927000 0.329524 0.245346 0.30703 0.881899
928000 0.332671 0.24562 0.313496 0.891786
929000 0.323123 0.24498 0.314487 0.88259
930000 0.321671 0.248767 0.32301 0.893448
931000 0.334679 0.242357 0.320561 0.897597
932000 0.330441 0.258346 0.32764 0.916427
933000 0.309003 0.250253 0.311416 0.870672
934000 0.314694 0.255832 0.322507 0.893034
935000 0.31614 0.245507 0.319414 0.881061
936000 0.32498 0.261138 0.322245 0.908362
937000 0.328618 0.237204 0.324075 0.889897
938000 0.325495 0.25902 0.318422 0.902937
939000 0.325435 0.241677 0.324905 0.892017
940000 0.32858 0.242091 0.318369 0.88904
941000 0.336117 0.252253 0.31811 0.90648
942000 0.333075 0.253037 0.32906 0.915172
943000 0.327301 0.234988 0.322552 0.884841
944000 0.332161 0.251833 0.313143 0.897137
945000 0.32357 0.246855 0.321524 0.891949
946000 0.331206 0.262965 0.321607 0.915777
947000 0.327936 0.250846 0.319804 0.898586
948000 0.33143 0.25484 0.30991 0.89618
949000 0.327684 0.245725 0.313226 0.886636
950000 0.327179 0.248088 0.321254 0.896521
951000 0.324332 0.250146 0.320126 0.894604
952000 0.317858 0.249211 0.310873 0.877941
953000 0.329299 0.254429 0.305528 0.889257
954000 0.326828 0.249838 0.308281 0.884947
955000 0.32627 0.254269 0.310631 0.891169
956000 0.328677 0.275988 0.320826 0.925492
957000 0.32406 0.243585 0.309451 0.877096
958000 0.327315 0.257328 0.316905 0.901548
959000 0.339773 0.264634 0.309755 0.914162
960000 0.324194 0.241426 0.33442 0.90004
961000 0.320087 0.246363 0.314366 0.880816
962000 0.342333 0.254835 0.31683 0.913998
963000 0.338206 0.257323 0.326792 0.922321
964000 0.333079 0.25374 0.310279 0.897098
965000 0.338959 0.257148 0.309266 0.905372
966000 0.322755 0.257385 0.311722 0.891861
967000 0.32887 0.256009 0.304857 0.889736
968000 0.34238 0.261903 0.310505 0.914788
969000 0.321438 0.249373 0.318867 0.889679
970000 0.34343 0.258655 0.328636 0.93072
971000 0.330465 0.24943 0.315723 0.895618
972000 0.332361 0.251561 0.317979 0.901902
973000 0.331303 0.253559 0.326 0.910862
974000 0.324954 0.255871 0.312191 0.893015
975000 0.337716 0.257899 0.318283 0.913898
976000 0.325527 0.257208 0.318028 0.900763
977000 0.323445 0.254798 0.32127 0.899513
978000 0.335416 0.251372 0.316173 0.902961
979000 0.333024 0.253946 0.310868 0.897838
980000 0.340865 0.257598 0.308212 0.906675
981000 0.325955 0.248231 0.318228 0.892415
982000 0.345389 0.266976 0.326139 0.938504
983000 0.325847 0.260457 0.334473 0.920777
984000 0.331802 0.268275 0.33356 0.933637
985000 0.351699 0.27172 0.328196 0.951615
986000 0.328663 0.267835 0.331443 0.927942
987000 0.343933 0.263942 0.316811 0.924685
988000 0.33251 0.258635 0.305637 0.896782
989000 0.339609 0.262498 0.319201 0.921308
990000 0.335658 0.268389 0.329834 0.93388
991000 0.345339 0.266181 0.316737 0.928257
992000 0.338131 0.264403 0.320379 0.922913
993000 0.34083 0.280221 0.321908 0.94296
994000 0.341054 0.259048 0.316868 0.91697
995000 0.338515 0.272066 0.326737 0.937318
996000 0.350645 0.272833 0.329552 0.953029
997000 0.339617 0.286431 0.321961 0.948008
998000 0.351622 0.27651 0.319562 0.947694
999000 0.335633 0.275912 0.325115 0.93666
1000000 0.338357 0.282143 0.319035 0.939536
1001000 0.338402 0.260314 0.32522 0.923936
1002000 0.343484 0.272959 0.328894 0.945336
1003000 0.350196 0.286667 0.326293 0.963157
1004000 0.355781 0.282012 0.329339 0.967132
1005000 0.343396 0.271187 0.327318 0.941901
1006000 0.337337 0.27524 0.333012 0.945589
1007000 0.35493 0.277471 0.314615 0.947017
1008000 0.344037 0.280219 0.327157 0.951413
1009000 0.338797 0.276423 0.334789 0.950009
1010000 0.358906 0.27788 0.324277 0.961063
1011000 0.347622 0.274195 0.324018 0.945835
1012000 0.345374 0.274205 0.320859 0.940439
1013000 0.342253 0.286691 0.331481 0.960425
1014000 0.353199 0.289468 0.331152 0.973819
1015000 0.342682 0.276528 0.331791 0.951001
1016000 0.351583 0.281661 0.327022 0.960267
1017000 0.35504 0.269956 0.330858 0.955854
1018000 0.349993 0.277892 0.328725 0.95661
1019000 0.345534 0.280821 0.334263 0.960618
1020000 0.344129 0.27764 0.343913 0.965683
1021000 0.351541 0.287885 0.338284 0.97771
1022000 0.347807 0.279241 0.322836 0.949883
1023000 0.349584 0.292227 0.331206 0.973017
1024000 0.352936 0.285095 0.321313 0.959345
1025000 0.33536 0.272925 0.324804 0.933089
1026000 0.356147 0.282147 0.3372 0.975495
1027000 0.346655 0.281118 0.330362 0.958136
1028000 0.34716 0.279217 0.330629 0.957006
1029000 0.347785 0.276398 0.327472 0.951655
1030000 0.351785 0.291323 0.326562 0.969669
