# Time-averaged data for fix 1
# TimeStep c_msd_all[1] c_msd_all[2] c_msd_all[3] c_msd_all[4]
31000 0.0604448 0.0731863 0.0581595 0.19179
32000 0.0612946 0.0745117 0.0599821 0.195788
33000 0.0752827 0.0671197 0.0650664 0.207469
34000 0.0710317 0.0771739 0.0681499 0.216355
35000 0.0749236 0.0774586 0.0718647 0.224247
36000 0.0717836 0.0626636 0.0645992 0.199046
37000 0.0665615 0.0758975 0.0589035 0.201363
38000 0.0802183 0.0768188 0.0639857 0.221023
39000 0.0698996 0.0645081 0.0644833 0.198891
40000 0.0715418 0.0659394 0.0587101 0.196191
41000 0.0737999 0.0787866 0.0697271 0.222314
42000 0.0650217 0.0709361 0.067732 0.20369
43000 0.0686266 0.0731004 0.0677022 0.209429
44000 0.0767671 0.0785623 0.0721689 0.227498
45000 0.0780818 0.0722444 0.0637837 0.21411
46000 0.073639 0.0730488 0.0676509 0.214339
47000 0.0711942 0.0710272 0.0722139 0.214435
48000 0.0673151 0.0659925 0.0745312 0.207839
49000 0.0694456 0.0698052 0.0665172 0.205768
50000 0.0726958 0.0751142 0.0718173 0.219627
51000 0.0720522 0.0712642 0.070248 0.213564
52000 0.0801062 0.0859259 0.072444 0.238476
53000 0.0771062 0.0726823 0.0711989 0.220987
54000 0.0687621 0.0632231 0.0690266 0.201012
55000 0.0811995 0.0810545 0.0740906 0.236345
56000 0.0617205 0.0657017 0.0705855 0.198008
57000 0.0667049 0.069524 0.0746111 0.21084
58000 0.0689655 0.0700888 0.0735826 0.212637
59000 0.0724887 0.0752896 0.0756541 0.223432
60000 0.075922 0.0697682 0.066942 0.212632
61000 0.0699467 0.0677099 0.0691609 0.206817
62000 0.0844083 0.0700107 0.0728749 0.227294
63000 0.0830879 0.0715621 0.068713 0.223363
64000 0.0858792 0.0759832 0.0697162 0.231579
65000 0.086544 0.0739266 0.0686469 0.229118
66000 0.0793888 0.072379 0.0738567 0.225625
67000 0.0691366 0.0683588 0.0732377 0.210733
68000 0.0684105 0.0732331 0.0705955 0.212239
69000 0.0700479 0.0710487 0.0699222 0.211019
70000 0.074931 0.0743386 0.0753008 0.22457
71000 0.0819223 0.0688471 0.0745184 0.225288
72000 0.0808042 0.0742023 0.0856326 0.240639
73000 0.0692419 0.0754519 0.0811898 0.225884
74000 0.0713517 0.0761282 0.0818684 0.229348
75000 0.074759 0.0697042 0.0733789 0.217842
76000 0.0721495 0.0665134 0.0810568 0.21972
77000 0.0722067 0.072589 0.0788049 0.223601
78000 0.072333 0.0741644 0.0709872 0.217485
79000 0.0755125 0.0768336 0.0687593 0.221105
80000 0.0762878 0.0667745 0.0677667 0.210829
81000 0.0885683 0.0783632 0.0721174 0.239049
82000 0.0801265 0.0792191 0.0745289 0.233875
83000 0.0733633 0.0767628 0.0796135 0.22974
84000 0.0769866 0.0741022 0.0752733 0.226362
85000 0.070461 0.0726301 0.0765291 0.21962
86000 0.0678372 0.0684176 0.0793458 0.215601
87000 0.0756758 0.0734549 0.0736628 0.222794
88000 0.0752838 0.0732588 0.0715734 0.220116
89000 0.0716559 0.0722047 0.0717648 0.215625
90000 0.0843402 0.0741325 0.0778236 0.236296
91000 0.0731528 0.0813467 0.0735386 0.228038
92000 0.078275 0.075187 0.0759858 0.229448
93000 0.0825722 0.0817295 0.0747568 0.239058
94000 0.086524 0.0835232 0.0749019 0.244949
95000 0.081578 0.0847015 0.079713 0.245992
96000 0.0849073 0.0877146 0.0852474 0.257869
97000 0.0792767 0.0889438 0.0813542 0.249575
98000 0.0782384 0.0848557 0.0821871 0.245281
99000 0.0883176 0.083841 0.0841669 0.256325
100000 0.088185 0.0840004 0.0856408 0.257826
101000 0.0782322 0.0788041 0.0797447 0.236781
102000 0.0688294 0.0814383 0.092717 0.242985
103000 0.076058 0.0851111 0.0784875 0.239657
104000 0.0800778 0.0848832 0.0846342 0.249595
105000 0.0750434 0.0874395 0.0815275 0.24401
106000 0.0805437 0.0913982 0.0885212 0.260463
107000 0.0842439 0.0879402 0.0989652 0.271149
108000 0.0891145 0.0847204 0.0959344 0.269769
109000 0.0830485 0.0881926 0.0906934 0.261935
110000 0.0836587 0.0889985 0.086238 0.258895
111000 0.092038 0.0912362 0.0848049 0.268079
112000 0.0896499 0.0793822 0.0847761 0.253808
113000 0.0861472 0.100522 0.0858714 0.272541
114000 0.0886677 0.0899536 0.0933255 0.271947
115000 0.0962277 0.0923567 0.106575 0.29516
116000 0.0923173 0.0898153 0.099552 0.281685
117000 0.0908463 0.0848822 0.102819 0.278548
118000 0.0845594 0.0875368 0.103329 0.275425
119000 0.0953143 0.0972094 0.0894051 0.281929
120000 0.0856062 0.0910121 0.0897576 0.266376
121000 0.082104 0.0838284 0.0870718 0.253004
122000 0.091176 0.0962454 0.0910796 0.278501
123000 0.0899143 0.0871037 0.100151 0.277169
124000 0.096146 0.0885347 0.100234 0.284915
125000 0.0910634 0.0897336 0.102554 0.283351
126000 0.0844811 0.0881237 0.0963936 0.268998
127000 0.0827099 0.0894991 0.0967751 0.268984
128000 0.0870996 0.0936341 0.0955714 0.276305
129000 0.0859078 0.090324 0.0957553 0.271987
130000 0.0828239 0.0929941 0.0934974 0.269315
131000 0.0868603 0.0965617 0.0940635 0.277486
132000 0.0994247 0.0947897 0.0897422 0.283957
133000 0.0937498 0.099249 0.0921595 0.285158
134000 0.0871444 0.0853377 0.101549 0.274031
135000 0.0834884 0.0870753 0.0902995 0.260863
136000 0.0929347 0.0948158 0.0957805 0.283531
137000 0.0950686 0.0901033 0.101686 0.286858
138000 0.0986616 0.0936416 0.102932 0.295235
139000 0.0987244 0.101491 0.106197 0.306412
140000 0.0994951 0.0869962 0.0990577 0.285549
141000 0.0978629 0.0909326 0.0956601 0.284456
142000 0.0944592 0.0922443 0.0922165 0.27892
143000 0.0974416 0.0913419 0.0995213 0.288305
144000 0.0992223 0.093815 0.10532 0.298357
145000 0.0900073 0.0897366 0.100045 0.279789
146000 0.0951362 0.0946 0.102704 0.29244
147000 0.0953942 0.0937248 0.102866 0.291985
148000 0.102762 0.0830641 0.102925 0.288751
149000 0.100942 0.101317 0.100829 0.303088
150000 0.0876294 0.0865824 0.101991 0.276203
151000 0.0905555 0.102321 0.104995 0.297871
152000 0.0934411 0.0903142 0.106257 0.290012
153000 0.109826 0.0846505 0.105403 0.299879
154000 0.103773 0.0885516 0.117748 0.310073
155000 0.110357 0.0930005 0.12062 0.323977
156000 0.0989082 0.0874115 0.108617 0.294937
157000 0.104193 0.0893805 0.121013 0.314587
158000 0.0938872 0.0933636 0.107109 0.29436
159000 0.095295 0.0863792 0.105407 0.287081
160000 0.0928966 0.0882562 0.11562 0.296773
161000 0.0936061 0.0943186 0.114972 0.302897
162000 0.0979701 0.0895081 0.116716 0.304194
163000 0.111559 0.0963062 0.123575 0.331439
164000 0.103916 0.0914146 0.116256 0.311587
165000 0.0985826 0.0944765 0.129258 0.322317
166000 0.0971603 0.088501 0.115301 0.300962
167000 0.0977176 0.0825414 0.108078 0.288337
168000 0.0990863 0.0968279 0.113119 0.309034
169000 0.0996871 0.0924274 0.118818 0.310933
170000 0.0988627 0.0941903 0.117921 0.310974
171000 0.107629 0.0927531 0.109774 0.310155
172000 0.101262 0.0984211 0.118657 0.31834
173000 0.109418 0.0965706 0.122496 0.328484
174000 0.1115 0.110817 0.117489 0.339806
175000 0.102711 0.0903925 0.111379 0.304482
176000 0.109338 0.102463 0.11563 0.327431
177000 0.105748 0.105372 0.116997 0.328118
178000 0.11102 0.109875 0.121155 0.342051
179000 0.100369 0.104193 0.122628 0.32719
180000 0.104993 0.0994394 0.111737 0.316169
181000 0.103078 0.100056 0.111087 0.314221
182000 0.10584 0.104026 0.114822 0.324688
183000 0.111641 0.108326 0.123289 0.343256
184000 0.100692 0.103906 0.118463 0.323061
185000 0.101074 0.102814 0.113364 0.317252
186000 0.11267 0.109089 0.116134 0.337893
187000 0.11383 0.0986697 0.118199 0.330698
188000 0.1125 0.105993 0.116758 0.335251
189000 0.105142 0.113615 0.113327 0.332084
190000 0.103819 0.0969971 0.116559 0.317376
191000 0.111072 0.108196 0.113775 0.333043
192000 0.104438 0.111794 0.117727 0.333959
193000 0.111009 0.105554 0.106209 0.322773
194000 0.10671 0.100826 0.123395 0.330932
195000 0.103027 0.0996704 0.12064 0.323338
196000 0.109122 0.101322 0.113926 0.324371
197000 0.116255 0.100562 0.11395 0.330767
198000 0.114047 0.105359 0.117708 0.337114
199000 0.111122 0.0987075 0.136947 0.346776
200000 0.108654 0.0995043 0.127898 0.336056
201000 0.108455 0.104621 0.125719 0.338795
202000 0.112774 0.109346 0.120552 0.342672
203000 0.112086 0.104349 0.120665 0.337099
204000 0.115618 0.104494 0.117952 0.338064
205000 0.109167 0.105154 0.11767 0.331992
206000 0.114622 0.106928 0.116663 0.338214
207000 0.110242 0.100166 0.119969 0.330377
208000 0.116963 0.102448 0.121592 0.341003
209000 0.125792 0.111 0.121177 0.35797
210000 0.120382 0.104702 0.124291 0.349375
211000 0.108126 0.100551 0.12209 0.330768
212000 0.11606 0.107043 0.118399 0.341503
213000 0.10971 0.109732 0.123425 0.342867
214000 0.113907 0.109222 0.121994 0.345123
215000 0.111138 0.0992003 0.126324 0.336662
216000 0.114172 0.108787 0.128814 0.351773
217000 0.115319 0.0962329 0.128803 0.340355
218000 0.116306 0.101165 0.127594 0.345065
219000 0.119776 0.106476 0.137856 0.364108
220000 0.119871 0.109524 0.139032 0.368427
221000 0.118304 0.10198 0.13199 0.352274
222000 0.122173 0.110734 0.133776 0.366683
223000 0.127064 0.107828 0.139789 0.374682
224000 0.117699 0.100712 0.139445 0.357856
225000 0.11898 0.112101 0.134396 0.365476
226000 0.116517 0.115334 0.13337 0.365221
227000 0.117248 0.103174 0.130484 0.350906
228000 0.12242 0.100859 0.13977 0.363049
229000 0.117968 0.107304 0.133957 0.35923
230000 0.11506 0.0993936 0.132636 0.34709
231000 0.125977 0.099133 0.137432 0.362542
232000 0.130668 0.100999 0.142091 0.373758
233000 0.111082 0.10008 0.13834 0.349502
234000 0.112047 0.104446 0.125976 0.342469
235000 0.111363 0.102683 0.134623 0.348669
236000 0.113701 0.0995961 0.133087 0.346384
237000 0.124718 0.10261 0.133727 0.361055
238000 0.119744 0.104132 0.141694 0.36557
239000 0.122605 0.100729 0.135003 0.358337
240000 0.111932 0.108185 0.146731 0.366848
241000 0.116858 0.107747 0.132454 0.35706
242000 0.127013 0.10783 0.13348 0.368323
243000 0.131328 0.103615 0.138247 0.373191
244000 0.123158 0.101931 0.146581 0.371669
245000 0.116717 0.10268 0.14368 0.363076
246000 0.118655 0.10622 0.138498 0.363373
247000 0.115795 0.0976407 0.133478 0.346913
248000 0.120074 0.103613 0.139043 0.362731
249000 0.128675 0.113673 0.143167 0.385516
250000 0.129025 0.112656 0.136564 0.378245
251000 0.121716 0.108002 0.129881 0.3596
252000 0.123186 0.120684 0.138234 0.382104
253000 0.125958 0.12084 0.142589 0.389387
254000 0.119168 0.114034 0.140627 0.373829
255000 0.129462 0.10576 0.144927 0.380149
256000 0.129333 0.109368 0.138583 0.377284
257000 0.129245 0.102827 0.145344 0.377416
258000 0.142877 0.112722 0.150974 0.406572
259000 0.132425 0.123352 0.142546 0.398323
260000 0.133999 0.113711 0.149463 0.397172
261000 0.125544 0.108046 0.14992 0.383511
262000 0.139585 0.114831 0.145144 0.39956
263000 0.124739 0.107005 0.142831 0.374574
264000 0.127668 0.109385 0.139166 0.376218
265000 0.13779 0.112421 0.143131 0.393342
266000 0.137734 0.105034 0.140517 0.383285
267000 0.140237 0.112245 0.153386 0.405869
268000 0.134647 0.117252 0.152838 0.404737
269000 0.147752 0.108696 0.146616 0.403064
270000 0.13971 0.109895 0.150201 0.399806
271000 0.144271 0.120886 0.159224 0.424381
272000 0.147064 0.118749 0.147756 0.413569
273000 0.14533 0.111131 0.147704 0.404165
274000 0.142856 0.110068 0.151634 0.404558
275000 0.136265 0.113972 0.143174 0.393411
276000 0.145059 0.112897 0.147834 0.40579
277000 0.145538 0.104149 0.153099 0.402785
278000 0.142618 0.10895 0.151064 0.402633
279000 0.147965 0.118074 0.150691 0.41673
280000 0.141982 0.112152 0.156395 0.410529
281000 0.140735 0.112303 0.146345 0.399383
282000 0.141839 0.11726 0.145265 0.404364
283000 0.140763 0.118826 0.143127 0.402716
284000 0.152408 0.116523 0.152866 0.421797
285000 0.140744 0.119107 0.150793 0.410644
286000 0.1381 0.116224 0.152972 0.407296
287000 0.139324 0.127627 0.144303 0.411254
288000 0.150334 0.122434 0.156138 0.428906
289000 0.149742 0.119075 0.144256 0.413073
290000 0.138347 0.11475 0.145118 0.398216
291000 0.144353 0.119052 0.159967 0.423373
292000 0.140384 0.11039 0.152383 0.403156
293000 0.148898 0.120511 0.156472 0.425881
294000 0.13841 0.130779 0.155109 0.424298
295000 0.144108 0.124585 0.154654 0.423347
296000 0.146709 0.130903 0.161853 0.439465
297000 0.154261 0.11686 0.166733 0.437854
298000 0.15281 0.125492 0.165467 0.44377
299000 0.145429 0.125996 0.172579 0.444004
300000 0.142321 0.119613 0.169728 0.431663
301000 0.137734 0.11984 0.164907 0.422482
302000 0.149767 0.128606 0.165106 0.443479
303000 0.150618 0.127593 0.157904 0.436115
304000 0.155172 0.124014 0.161823 0.44101
305000 0.148652 0.119146 0.170397 0.438195
306000 0.14759 0.119434 0.168028 0.435052
307000 0.146101 0.121445 0.15905 0.426596
308000 0.14392 0.115643 0.170728 0.430291
309000 0.148304 0.123368 0.168644 0.440316
310000 0.149123 0.134417 0.170114 0.453654
311000 0.146614 0.115889 0.16856 0.431063
312000 0.149068 0.12345 0.175506 0.448024
313000 0.156754 0.14006 0.169661 0.466475
314000 0.153051 0.117561 0.172371 0.442983
315000 0.148513 0.133257 0.163625 0.445395
316000 0.150435 0.129731 0.166293 0.44646
317000 0.153172 0.13444 0.179291 0.466903
318000 0.157755 0.124352 0.17846 0.460566
319000 0.161847 0.126697 0.173856 0.462399
320000 0.159423 0.127772 0.172147 0.459342
321000 0.153131 0.115216 0.177153 0.445499
322000 0.14755 0.12616 0.16783 0.441541
323000 0.148292 0.125562 0.163194 0.437048
324000 0.152608 0.115039 0.164181 0.431828
325000 0.153478 0.120447 0.174368 0.448293
326000 0.156719 0.130044 0.165017 0.45178
327000 0.158186 0.13544 0.164967 0.458593
328000 0.158651 0.130737 0.164438 0.453826
329000 0.160624 0.122976 0.177098 0.460698
330000 0.157705 0.128261 0.171724 0.45769
331000 0.161465 0.129842 0.181372 0.472679
332000 0.154207 0.13206 0.177103 0.46337
333000 0.15262 0.131286 0.178252 0.462158
334000 0.153972 0.1177 0.171378 0.44305
335000 0.157655 0.129315 0.178341 0.465311
336000 0.156327 0.12827 0.185165 0.469762
337000 0.154166 0.125994 0.189063 0.469223
338000 0.15444 0.133328 0.179926 0.467694
339000 0.148763 0.12906 0.173202 0.451026
340000 0.15153 0.134464 0.171533 0.457527
341000 0.16142 0.141392 0.176419 0.479231
342000 0.167533 0.131288 0.174685 0.473506
343000 0.158551 0.12524 0.171289 0.455079
344000 0.155767 0.125247 0.173647 0.454661
345000 0.157185 0.137009 0.178409 0.472603
346000 0.162024 0.130078 0.175465 0.467567
347000 0.163992 0.137151 0.171774 0.472917
348000 0.154049 0.133364 0.176839 0.464253
349000 0.158179 0.133071 0.176923 0.468173
350000 0.169887 0.134536 0.172945 0.477368
351000 0.157574 0.140527 0.18202 0.48012
352000 0.167946 0.132923 0.172141 0.47301
353000 0.160476 0.131956 0.174681 0.467113
354000 0.156469 0.137279 0.175147 0.468896
355000 0.161742 0.126383 0.17074 0.458866
356000 0.15322 0.134162 0.173707 0.46109
357000 0.159332 0.139105 0.176277 0.474713
358000 0.163716 0.120541 0.182117 0.466374
359000 0.161226 0.140283 0.177675 0.479183
360000 0.153901 0.139104 0.184164 0.477169
361000 0.164814 0.134194 0.173271 0.472279
362000 0.157324 0.132636 0.179794 0.469754
363000 0.161312 0.139411 0.18473 0.485453
364000 0.154168 0.129152 0.167565 0.450884
365000 0.161695 0.139953 0.175404 0.477052
366000 0.164908 0.129961 0.181872 0.47674
367000 0.180045 0.140846 0.180539 0.50143
368000 0.164138 0.138225 0.188677 0.49104
369000 0.153092 0.135303 0.173171 0.461565
370000 0.156189 0.140606 0.175622 0.472417
371000 0.173296 0.136157 0.170401 0.479854
372000 0.157161 0.133561 0.175114 0.465836
373000 0.153919 0.133746 0.181293 0.468958
374000 0.161165 0.126821 0.185074 0.47306
375000 0.177112 0.147393 0.17572 0.500225
376000 0.167586 0.133313 0.165731 0.466629
377000 0.166948 0.133119 0.178237 0.478304
378000 0.163414 0.135996 0.166094 0.465505
379000 0.163852 0.136761 0.176297 0.476909
380000 0.158143 0.133424 0.172444 0.464011
381000 0.158977 0.132074 0.1712 0.462251
382000 0.165742 0.137342 0.180583 0.483667
383000 0.160031 0.13809 0.186742 0.484862
384000 0.16546 0.139741 0.18706 0.492262
385000 0.159699 0.135161 0.18241 0.47727
386000 0.160918 0.1394 0.179314 0.479632
387000 0.169219 0.139461 0.181482 0.490163
388000 0.168617 0.143875 0.189183 0.501675
389000 0.154146 0.139425 0.17913 0.4727
390000 0.164439 0.134562 0.18277 0.481771
391000 0.166369 0.147323 0.182287 0.49598
392000 0.16191 0.137052 0.185585 0.484548
393000 0.175225 0.14398 0.182164 0.501368
394000 0.165484 0.148214 0.185589 0.499287
395000 0.172433 0.141772 0.180792 0.494996
396000 0.161169 0.129297 0.19381 0.484275
397000 0.169658 0.14992 0.186369 0.505947
398000 0.171139 0.128918 0.191821 0.491878
399000 0.174796 0.145435 0.182532 0.502763
400000 0.167872 0.151084 0.179359 0.498315
401000 0.160551 0.141949 0.177573 0.480073
402000 0.16913 0.140794 0.174184 0.484108
403000 0.169632 0.136189 0.178738 0.484559
404000 0.167878 0.13987 0.196316 0.504065
405000 0.162032 0.144065 0.180593 0.48669
406000 0.165157 0.133148 0.182236 0.480542
407000 0.168358 0.145953 0.190967 0.505279
408000 0.165519 0.146646 0.192375 0.504541
409000 0.16905 0.146107 0.17854 0.493697
410000 0.178719 0.131157 0.185158 0.495034
411000 0.174999 0.144851 0.187215 0.507065
412000 0.177305 0.143536 0.192384 0.513224
413000 0.165544 0.140149 0.190439 0.496133
414000 0.169983 0.141695 0.183483 0.495162
415000 0.165266 0.139889 0.190491 0.495646
416000 0.165675 0.148717 0.189421 0.503813
417000 0.166952 0.141866 0.188299 0.497117
418000 0.168209 0.1414 0.190637 0.500245
419000 0.174048 0.141394 0.183919 0.499361
420000 0.179377 0.14763 0.193101 0.520108
421000 0.176971 0.145008 0.193809 0.515787
422000 0.170077 0.162766 0.188234 0.521077
423000 0.167449 0.148017 0.185711 0.501177
424000 0.18364 0.150795 0.184116 0.518551
425000 0.178729 0.145043 0.190349 0.51412
426000 0.180419 0.14131 0.188995 0.510724
427000 0.169634 0.138904 0.199586 0.508124
428000 0.184954 0.148528 0.195285 0.528767
429000 0.180372 0.151347 0.195631 0.52735
430000 0.179571 0.138809 0.200519 0.5189
431000 0.178416 0.153637 0.190243 0.522296
432000 0.174587 0.141125 0.19227 0.507982
433000 0.176016 0.143818 0.205922 0.525757
434000 0.174268 0.152778 0.189953 0.517
435000 0.184793 0.137552 0.184247 0.506593
436000 0.182332 0.138766 0.187665 0.508762
437000 0.182131 0.147121 0.201969 0.531222
438000 0.178632 0.147471 0.203259 0.529362
439000 0.177984 0.153493 0.196371 0.527848
440000 0.181446 0.150191 0.195649 0.527286
441000 0.179496 0.147034 0.184337 0.510868
442000 0.181754 0.144145 0.184801 0.510699
443000 0.183658 0.140751 0.202615 0.527024
444000 0.187438 0.147893 0.2066 0.541931
445000 0.178147 0.135833 0.193764 0.507743
446000 0.180374 0.153333 0.199241 0.532948
447000 0.175338 0.150813 0.200598 0.526749
448000 0.182286 0.140797 0.203307 0.526389
449000 0.18723 0.147135 0.209536 0.543901
450000 0.179206 0.148187 0.207655 0.535049
451000 0.18465 0.153798 0.205386 0.543834
452000 0.191396 0.1479 0.197683 0.536978
453000 0.194236 0.156394 0.208378 0.559007
454000 0.193831 0.153012 0.196563 0.543407
455000 0.187613 0.151336 0.196958 0.535908
456000 0.181566 0.154158 0.194233 0.529956
457000 0.183657 0.14723 0.202901 0.533787
458000 0.185443 0.148712 0.206598 0.540753
459000 0.191564 0.167871 0.219924 0.579359
460000 0.189454 0.157393 0.205281 0.552129
461000 0.191328 0.155595 0.215162 0.562085
462000 0.179335 0.153896 0.20249 0.535721
463000 0.185728 0.15735 0.199885 0.542963
464000 0.193447 0.167456 0.208054 0.568957
465000 0.190549 0.157742 0.203847 0.552139
466000 0.19694 0.165617 0.220998 0.583556
467000 0.191987 0.159311 0.216771 0.568069
468000 0.189418 0.158381 0.208567 0.556366
469000 0.195931 0.162834 0.206039 0.564804
470000 0.188888 0.156628 0.197681 0.543197
471000 0.191936 0.160862 0.217299 0.570097
472000 0.195524 0.158833 0.206084 0.56044
473000 0.193586 0.155329 0.217949 0.566864
474000 0.193501 0.154852 0.20587 0.554223
475000 0.189297 0.157705 0.207714 0.554716
476000 0.186323 0.156763 0.211417 0.554503
477000 0.194106 0.152747 0.202507 0.549361
478000 0.198819 0.169062 0.201644 0.569525
479000 0.190538 0.16047 0.1965 0.547508
480000 0.195044 0.155469 0.217214 0.567728
481000 0.198283 0.160314 0.216948 0.575544
482000 0.191199 0.158204 0.208736 0.558139
483000 0.196269 0.154688 0.212196 0.563153
484000 0.208287 0.166919 0.215794 0.591
485000 0.189365 0.149835 0.208911 0.548111
486000 0.199474 0.159434 0.204208 0.563117
487000 0.210584 0.163692 0.201003 0.575278
488000 0.196092 0.159091 0.210332 0.565515
489000 0.189347 0.173374 0.21152 0.574241
490000 0.195805 0.156057 0.210693 0.562555
491000 0.186371 0.169365 0.209373 0.565109
492000 0.194995 0.166878 0.207186 0.56906
493000 0.202419 0.170528 0.207951 0.580898
494000 0.195005 0.170994 0.206348 0.572347
495000 0.197075 0.160712 0.206415 0.564202
496000 0.193739 0.161814 0.211605 0.567158
497000 0.19892 0.175095 0.217563 0.591578
498000 0.20279 0.173921 0.208729 0.585439
499000 0.20233 0.164195 0.208496 0.575021
500000 0.200878 0.173892 0.21183 0.5866
501000 0.198424 0.164195 0.207709 0.570328
502000 0.203573 0.168707 0.206124 0.578404
503000 0.209639 0.182005 0.203023 0.594667
504000 0.199451 0.162693 0.224013 0.586158
505000 0.211077 0.17187 0.213087 0.596034
506000 0.203631 0.180824 0.206099 0.590554
507000 0.204649 0.171789 0.209262 0.585699
508000 0.214785 0.178527 0.212494 0.605806
509000 0.20026 0.176994 0.216258 0.593512
510000 0.195579 0.168382 0.213321 0.577282
511000 0.201318 0.167806 0.222598 0.591722
512000 0.189188 0.162966 0.225851 0.578006
513000 0.201405 0.169691 0.214013 0.585109
514000 0.211152 0.165964 0.207964 0.585079
515000 0.190487 0.170997 0.215369 0.576853
516000 0.202187 0.168042 0.216088 0.586317
517000 0.200915 0.171554 0.221538 0.594007
518000 0.206544 0.173451 0.216668 0.596664
519000 0.206066 0.176617 0.224099 0.606782
520000 0.199462 0.16964 0.214592 0.583695
521000 0.199436 0.161469 0.213703 0.574609
522000 0.199252 0.173207 0.220781 0.59324
523000 0.210759 0.186342 0.226415 0.623515
524000 0.206779 0.176283 0.21873 0.601791
525000 0.199458 0.178201 0.22986 0.607518
526000 0.212166 0.17665 0.229167 0.617983
527000 0.198738 0.177364 0.223065 0.599168
528000 0.203502 0.178438 0.220618 0.602558
529000 0.20361 0.175704 0.217078 0.596392
530000 0.200059 0.169554 0.22865 0.598262
531000 0.204205 0.183361 0.218061 0.605627
532000 0.201279 0.186741 0.228873 0.616893
533000 0.210903 0.183862 0.235141 0.629906
534000 0.213364 0.180762 0.228436 0.622562
535000 0.214701 0.174773 0.232292 0.621765
536000 0.213082 0.176179 0.230038 0.619299
537000 0.204006 0.191844 0.225641 0.62149
538000 0.209838 0.17969 0.225838 0.615365
539000 0.20529 0.182953 0.217776 0.606019
540000 0.209398 0.176262 0.217687 0.603347
541000 0.210025 0.176885 0.230708 0.617619
542000 0.210142 0.171283 0.234628 0.616053
543000 0.208168 0.177282 0.23645 0.621901
544000 0.210495 0.174906 0.222729 0.60813
545000 0.200648 0.181674 0.213337 0.595659
546000 0.21008 0.175584 0.227997 0.613661
547000 0.209268 0.186584 0.232462 0.628314
548000 0.20937 0.171711 0.231444 0.612525
549000 0.208525 0.180423 0.232299 0.621247
550000 0.202116 0.178007 0.227391 0.607514
551000 0.208651 0.186725 0.230855 0.626231
552000 0.198703 0.187503 0.234389 0.620596
553000 0.21428 0.175351 0.220673 0.610304
554000 0.20168 0.183873 0.227001 0.612553
555000 0.196048 0.184726 0.23197 0.612743
556000 0.203632 0.183926 0.23162 0.619178
557000 0.205617 0.190731 0.223964 0.620312
558000 0.211124 0.194966 0.221602 0.627692
559000 0.213499 0.185109 0.233643 0.632252
560000 0.218649 0.183245 0.238661 0.640555
561000 0.215001 0.186635 0.234129 0.635766
562000 0.216069 0.17549 0.244626 0.636185
563000 0.21707 0.189841 0.22796 0.634871
564000 0.205652 0.178663 0.228849 0.613164
565000 0.2038 0.178704 0.235381 0.617884
566000 0.208173 0.197253 0.223801 0.629227
567000 0.211395 0.173227 0.22805 0.612672
568000 0.217931 0.186806 0.231346 0.636083
569000 0.213184 0.179584 0.233388 0.626156
570000 0.210821 0.181396 0.22527 0.617487
571000 0.204685 0.189221 0.228715 0.622622
572000 0.214344 0.188564 0.235842 0.638751
573000 0.207915 0.196416 0.229635 0.633966
574000 0.213033 0.201421 0.233378 0.647832
575000 0.212529 0.199682 0.229262 0.641473
576000 0.231877 0.19804 0.234534 0.664452
577000 0.216974 0.188302 0.23608 0.641356
578000 0.231246 0.212382 0.243236 0.686864
579000 0.223195 0.190654 0.241945 0.655794
580000 0.225554 0.201875 0.236802 0.664231
581000 0.225688 0.200066 0.24818 0.673934
582000 0.220339 0.192475 0.242595 0.655409
583000 0.215204 0.196482 0.238211 0.649897
584000 0.217201 0.192301 0.243329 0.652832
585000 0.214375 0.194851 0.227617 0.636844
586000 0.217864 0.190476 0.234163 0.642504
587000 0.22276 0.194389 0.234923 0.652072
588000 0.217731 0.202859 0.246925 0.667514
589000 0.233732 0.19594 0.247552 0.677224
590000 0.222851 0.20336 0.260876 0.687086
591000 0.225663 0.203819 0.254539 0.684021
592000 0.218648 0.207134 0.261849 0.687631
593000 0.224818 0.21461 0.264736 0.704164
594000 0.229125 0.214725 0.253043 0.696894
595000 0.233124 0.214022 0.255675 0.702821
596000 0.23042 0.204788 0.244058 0.679265
597000 0.244651 0.20345 0.246392 0.694493
598000 0.239484 0.21419 0.256509 0.710184
599000 0.226458 0.196893 0.262755 0.686105
600000 0.229087 0.204832 0.262662 0.696582
601000 0.226206 0.209559 0.252724 0.688489
602000 0.232496 0.200152 0.256952 0.689601
603000 0.226465 0.21162 0.253246 0.691331
604000 0.235018 0.216217 0.264423 0.715658
605000 0.215732 0.202414 0.237803 0.655949
606000 0.228376 0.209674 0.248176 0.686226
607000 0.228091 0.204504 0.250877 0.683473
608000 0.22838 0.212112 0.252648 0.69314
609000 0.240822 0.20457 0.255267 0.700659
610000 0.227937 0.197191 0.253125 0.678252
611000 0.24298 0.21288 0.260976 0.716836
612000 0.235902 0.204971 0.263818 0.70469
613000 0.23211 0.200991 0.25362 0.686722
614000 0.241161 0.206301 0.25108 0.698543
615000 0.228125 0.209702 0.244715 0.682542
616000 0.238356 0.204555 0.249145 0.692056
617000 0.234852 0.217988 0.259237 0.712077
618000 0.242178 0.224396 0.273029 0.739603
619000 0.246714 0.23031 0.262633 0.739657
620000 0.22824 0.216148 0.26907 0.713458
621000 0.222563 0.205781 0.261866 0.69021
622000 0.236296 0.204654 0.257732 0.698682
623000 0.248462 0.220375 0.257264 0.7261
624000 0.250418 0.215702 0.268855 0.734976
625000 0.248697 0.203519 0.268428 0.720645
626000 0.243796 0.210543 0.278462 0.732801
627000 0.242129 0.213622 0.266691 0.722442
628000 0.229814 0.207577 0.269379 0.70677
629000 0.23667 0.224495 0.282481 0.743646
630000 0.229968 0.212511 0.270105 0.712584
631000 0.241271 0.216614 0.268153 0.726038
632000 0.240064 0.211269 0.272246 0.723578
633000 0.234494 0.215113 0.262695 0.712302
634000 0.243415 0.21355 0.274657 0.731622
635000 0.233635 0.208028 0.279386 0.721048
636000 0.239917 0.215026 0.266111 0.721054
637000 0.235494 0.215642 0.276783 0.727919
638000 0.231163 0.211385 0.279919 0.722467
639000 0.235468 0.21455 0.281745 0.731763
640000 0.239265 0.20113 0.284786 0.725181
641000 0.235925 0.204772 0.282114 0.722811
642000 0.237828 0.209316 0.264725 0.711869
643000 0.234549 0.21318 0.265241 0.71297
644000 0.234903 0.202411 0.278475 0.715789
645000 0.250865 0.217831 0.259097 0.727793
646000 0.233914 0.217297 0.26166 0.712871
647000 0.240785 0.205225 0.271126 0.717136
648000 0.240201 0.213493 0.285815 0.739509
649000 0.236074 0.206825 0.281971 0.72487
650000 0.237749 0.21175 0.267763 0.717261
651000 0.233083 0.209928 0.271899 0.714909
652000 0.234293 0.216456 0.266619 0.717368
653000 0.246629 0.211756 0.272981 0.731367
654000 0.257017 0.212743 0.269089 0.738849
655000 0.247005 0.221553 0.276376 0.744934
656000 0.245033 0.218154 0.286632 0.749819
657000 0.240054 0.210481 0.274984 0.725518
658000 0.248659 0.217064 0.27175 0.737473
659000 0.246593 0.216797 0.271004 0.734394
660000 0.250309 0.209898 0.27499 0.735197
661000 0.23963 0.217352 0.289791 0.746773
662000 0.240848 0.227814 0.26965 0.738312
663000 0.234845 0.215396 0.267553 0.717794
664000 0.242607 0.221987 0.28329 0.747884
665000 0.246318 0.2241 0.28007 0.750488
666000 0.248886 0.221032 0.280089 0.750006
667000 0.240642 0.209436 0.28572 0.735797
668000 0.252849 0.22467 0.272792 0.750311
669000 0.245783 0.222834 0.288323 0.75694
670000 0.239027 0.215514 0.294821 0.749362
671000 0.255897 0.209342 0.287705 0.752943
672000 0.243879 0.229493 0.278204 0.751577
673000 0.24843 0.219765 0.279424 0.747619
674000 0.25359 0.226162 0.294899 0.774651
675000 0.244203 0.225572 0.290351 0.760126
676000 0.261093 0.221699 0.275005 0.757797
677000 0.266954 0.238175 0.290412 0.79554
678000 0.256099 0.218686 0.289418 0.764203
679000 0.256739 0.232563 0.284553 0.773854
680000 0.257122 0.227104 0.288291 0.772517
681000 0.245412 0.22516 0.288409 0.758981
682000 0.254721 0.234379 0.292509 0.781609
683000 0.243987 0.219851 0.27631 0.740148
684000 0.252868 0.232667 0.28489 0.770426
685000 0.25196 0.226635 0.286802 0.765397
686000 0.264655 0.230844 0.290838 0.786338
687000 0.247631 0.234304 0.283184 0.765119
688000 0.252418 0.223739 0.300705 0.776862
689000 0.252374 0.2188 0.297942 0.769116
690000 0.256605 0.247213 0.318626 0.822444
691000 0.256827 0.230825 0.28836 0.776012
692000 0.264034 0.227985 0.288546 0.780564
693000 0.255514 0.226665 0.284586 0.766765
694000 0.252382 0.223872 0.291426 0.76768
695000 0.251405 0.234756 0.280126 0.766286
696000 0.255564 0.225638 0.296072 0.777274
697000 0.260086 0.235201 0.292892 0.78818
698000 0.246119 0.233868 0.296074 0.776061
699000 0.255443 0.230222 0.310538 0.796204
700000 0.256685 0.224988 0.291656 0.773329
701000 0.259321 0.224007 0.289 0.772328
702000 0.260276 0.237418 0.287143 0.784836
703000 0.251534 0.226367 0.291516 0.769417
704000 0.253999 0.231924 0.291299 0.777222
705000 0.252291 0.218151 0.286542 0.756984
706000 0.253054 0.2335 0.291042 0.777596
707000 0.251649 0.238572 0.286014 0.776235
708000 0.258838 0.236027 0.298418 0.793282
709000 0.272496 0.239242 0.298125 0.809862
710000 0.264752 0.243729 0.303576 0.812057
711000 0.249879 0.225867 0.297148 0.772893
712000 0.260733 0.227672 0.286982 0.775387
713000 0.256693 0.226224 0.296683 0.7796
714000 0.252871 0.230634 0.305288 0.788792
715000 0.261552 0.236248 0.293318 0.791117
716000 0.260346 0.235179 0.303624 0.799149
717000 0.27091 0.241605 0.3051 0.817614
718000 0.263068 0.236245 0.296391 0.795704
719000 0.26445 0.228487 0.289572 0.782508
720000 0.257678 0.230355 0.281734 0.769767
721000 0.255722 0.227662 0.29354 0.776923
722000 0.270651 0.236227 0.305459 0.812337
723000 0.255927 0.231215 0.294216 0.781358
724000 0.264252 0.225409 0.298172 0.787834
725000 0.263975 0.235756 0.309727 0.809457
726000 0.271152 0.241511 0.304916 0.81758
727000 0.268174 0.231864 0.305034 0.805073
728000 0.263782 0.239288 0.308627 0.811697
729000 0.280386 0.243686 0.304524 0.828596
730000 0.256885 0.236826 0.295537 0.789248
731000 0.266714 0.229829 0.293885 0.790429
732000 0.259065 0.236603 0.29449 0.790158
733000 0.262549 0.236531 0.299883 0.798963
734000 0.271744 0.239107 0.296281 0.807132
735000 0.263715 0.246662 0.300289 0.810666
736000 0.26898 0.241235 0.303915 0.81413
737000 0.266136 0.238824 0.291399 0.79636
738000 0.261118 0.228041 0.287849 0.777008
739000 0.266182 0.244675 0.28891 0.799766
740000 0.269124 0.23963 0.297407 0.806161
741000 0.273136 0.242423 0.291581 0.80714
742000 0.278286 0.25121 0.299781 0.829276
743000 0.26609 0.242364 0.29997 0.808424
744000 0.26532 0.238263 0.303414 0.806997
745000 0.271583 0.233061 0.28952 0.794164
746000 0.262701 0.242104 0.30325 0.808055
747000 0.274898 0.242325 0.301681 0.818904
748000 0.273657 0.245741 0.303423 0.822821
749000 0.272488 0.239604 0.310019 0.822111
750000 0.274371 0.243682 0.295238 0.813291
751000 0.278112 0.245909 0.306046 0.830067
752000 0.272587 0.249679 0.302655 0.824921
753000 0.274922 0.234566 0.302444 0.811932
754000 0.26398 0.247099 0.296236 0.807315
755000 0.267049 0.239439 0.30401 0.810498
756000 0.266724 0.237241 0.282704 0.786669
757000 0.271797 0.23784 0.287097 0.796735
758000 0.271185 0.234908 0.296348 0.802442
759000 0.268704 0.243625 0.303633 0.815962
760000 0.265408 0.239106 0.313645 0.818159
761000 0.266615 0.22996 0.300486 0.797062
762000 0.263748 0.237354 0.300191 0.801293
763000 0.266241 0.244427 0.306301 0.816969
764000 0.26318 0.235105 0.300737 0.799022
765000 0.26572 0.246777 0.297222 0.809719
766000 0.266831 0.264398 0.299335 0.830564
767000 0.269827 0.249394 0.30095 0.820171
768000 0.263211 0.238989 0.299194 0.801394
769000 0.28013 0.248477 0.300627 0.829234
770000 0.267645 0.241587 0.314076 0.823309
771000 0.262906 0.249678 0.31795 0.830535
772000 0.267047 0.242425 0.308099 0.817571
773000 0.269016 0.246615 0.296535 0.812166
774000 0.264685 0.233411 0.29658 0.794676
775000 0.2699 0.245298 0.285564 0.800762
776000 0.271658 0.253147 0.29368 0.818485
777000 0.270468 0.243101 0.301777 0.815346
778000 0.277207 0.25426 0.292388 0.823856
779000 0.270318 0.24461 0.290207 0.805134
780000 0.262843 0.24994 0.306045 0.818828
781000 0.27372 0.258033 0.310949 0.842702
782000 0.269657 0.247603 0.315534 0.832793
783000 0.269142 0.232463 0.311195 0.8128
784000 0.277505 0.24677 0.304631 0.828906
785000 0.2817 0.246006 0.300125 0.827831
786000 0.267232 0.249465 0.302077 0.818774
787000 0.275156 0.242673 0.297214 0.815043
788000 0.279315 0.257312 0.301478 0.838106
789000 0.273839 0.254833 0.295331 0.824004
790000 0.27738 0.259893 0.296955 0.834228
791000 0.279081 0.253027 0.303508 0.835616
792000 0.27136 0.249456 0.314621 0.835437
793000 0.283546 0.277647 0.3195 0.880693
794000 0.271106 0.250894 0.308316 0.830316
795000 0.280599 0.263189 0.303725 0.847513
796000 0.283177 0.248844 0.3124 0.84442
797000 0.271615 0.242651 0.320562 0.834828
798000 0.281741 0.248229 0.307345 0.837315
799000 0.284095 0.24796 0.322277 0.854331
800000 0.284635 0.242992 0.309815 0.837443
801000 0.286204 0.251993 0.302018 0.840215
802000 0.27806 0.257266 0.317142 0.852468
803000 0.277032 0.257384 0.321742 0.856157
804000 0.288022 0.255039 0.318292 0.861353
805000 0.283744 0.252207 0.317113 0.853063
806000 0.29681 0.267747 0.331008 0.895564
807000 0.291617 0.271633 0.323099 0.886349
808000 0.28393 0.255759 0.309162 0.848851
809000 0.278957 0.258656 0.306607 0.84422
810000 0.29551 0.261791 0.319052 0.876353
811000 0.281924 0.268191 0.319182 0.869297
812000 0.292533 0.274851 0.314534 0.881918
813000 0.291133 0.268631 0.326248 0.886012
814000 0.28571 0.262306 0.311771 0.859787
815000 0.29869 0.267699 0.323863 0.890252
816000 0.287591 0.267673 0.31005 0.865314
817000 0.290687 0.273222 0.322564 0.886472
818000 0.283923 0.273522 0.31503 0.872475
819000 0.302907 0.265704 0.32652 0.895131
820000 0.277078 0.269769 0.327468 0.874315
821000 0.288739 0.264427 0.30882 0.861986
822000 0.291067 0.263808 0.319466 0.87434
823000 0.292726 0.266544 0.323441 0.882711
824000 0.295337 0.27556 0.316345 0.887241
825000 0.285403 0.263674 0.319111 0.868189
826000 0.289739 0.267157 0.327827 0.884723
827000 0.30288 0.27703 0.337382 0.917292
828000 0.287474 0.265031 0.318758 0.871263
829000 0.294372 0.26679 0.326643 0.887805
830000 0.301677 0.268924 0.336483 0.907084
831000 0.298894 0.268602 0.323135 0.890631
832000 0.298014 0.267987 0.331616 0.897616
833000 0.313542 0.269275 0.33239 0.915207
834000 0.298371 0.283058 0.341948 0.923377
835000 0.290333 0.270551 0.336371 0.897254
836000 0.303682 0.277309 0.335565 0.916556
837000 0.297952 0.287888 0.341254 0.927095
838000 0.304207 0.278897 0.324307 0.907412
839000 0.306926 0.271494 0.320669 0.899089
840000 0.306494 0.289681 0.336593 0.932767
841000 0.299516 0.276867 0.321943 0.898327
842000 0.302661 0.278826 0.319401 0.900887
843000 0.295049 0.272323 0.318066 0.885438
844000 0.293333 0.277225 0.326255 0.896813
845000 0.309069 0.28371 0.331762 0.924541
846000 0.293796 0.279301 0.332665 0.905762
847000 0.29524 0.283107 0.318095 0.896442
848000 0.297011 0.281917 0.327422 0.90635
849000 0.303738 0.274719 0.326567 0.905024
850000 0.30358 0.285791 0.330397 0.919768
851000 0.296318 0.278971 0.318654 0.893943
852000 0.30181 0.285409 0.332544 0.919764
853000 0.305424 0.294145 0.322851 0.92242
854000 0.30133 0.280459 0.329014 0.910803
855000 0.291631 0.276099 0.34765 0.91538
856000 0.305521 0.275557 0.337362 0.91844
857000 0.294129 0.276914 0.341761 0.912804
858000 0.303333 0.271266 0.333377 0.907975
859000 0.298134 0.285572 0.323317 0.907024
860000 0.304135 0.270759 0.338763 0.913657
861000 0.295157 0.27964 0.336713 0.911509
862000 0.31205 0.28356 0.336448 0.932057
863000 0.309312 0.283339 0.339556 0.932207
864000 0.299039 0.282968 0.330306 0.912313
865000 0.299607 0.289167 0.325532 0.914306
866000 0.303054 0.276066 0.340478 0.919598
867000 0.305388 0.284895 0.328647 0.918931
868000 0.290432 0.277042 0.335806 0.90328
869000 0.298721 0.276459 0.329664 0.904845
870000 0.305402 0.281947 0.32519 0.912538
871000 0.28993 0.282216 0.33438 0.906526
872000 0.299215 0.276702 0.33217 0.908088
873000 0.310474 0.278823 0.336555 0.925852
874000 0.306517 0.279695 0.339451 0.925664
875000 0.293806 0.2795 0.321616 0.894922
876000 0.298726 0.275988 0.330492 0.905205
877000 0.304131 0.281095 0.331686 0.916912
878000 0.291257 0.271199 0.320734 0.88319
879000 0.301949 0.275008 0.333427 0.910384
880000 0.301603 0.283806 0.322079 0.907488
881000 0.284112 0.271213 0.335799 0.891124
882000 0.312559 0.277459 0.341309 0.931327
883000 0.303709 0.277072 0.343882 0.924662
884000 0.312581 0.276546 0.339583 0.928711
885000 0.313608 0.284523 0.33362 0.931751
886000 0.310477 0.278432 0.353921 0.94283
887000 0.305754 0.271135 0.344556 0.921444
888000 0.319014 0.287794 0.336928 0.943736
889000 0.308288 0.267166 0.343392 0.918846
890000 0.302055 0.279322 0.342187 0.923564
891000 0.311811 0.274622 0.346724 0.933157
892000 0.310955 0.276956 0.333263 0.921174
893000 0.306829 0.276279 0.338442 0.92155
894000 0.31072 0.283207 0.344724 0.938652
895000 0.304972 0.278666 0.35451 0.938148
896000 0.297449 0.277584 0.34882 0.923853
897000 0.327842 0.293275 0.340615 0.961733
898000 0.310756 0.277207 0.337984 0.925947
899000 0.320549 0.283621 0.352081 0.956252
900000 0.299617 0.2769 0.326714 0.903231
901000 0.298142 0.272968 0.341155 0.912264
902000 0.303285 0.293955 0.334829 0.932069
903000 0.303699 0.28345 0.338971 0.92612
904000 0.307663 0.276158 0.340883 0.924704
905000 0.307472 0.282955 0.352625 0.943052
906000 0.305425 0.277846 0.342282 0.925553
907000 0.306308 0.28963 0.348874 0.944813
908000 0.305709 0.283239 0.338612 0.92756
909000 0.308083 0.28791 0.348446 0.944439
910000 0.3063 0.270778 0.339879 0.916957
911000 0.310101 0.276341 0.352892 0.939334
912000 0.308413 0.274278 0.340866 0.923557
913000 0.309977 0.28674 0.344338 0.941056
914000 0.32174 0.286489 0.354119 0.962348
915000 0.300942 0.274465 0.349448 0.924855
916000 0.313438 0.283853 0.342967 0.940258
917000 0.306633 0.28411 0.343688 0.934432
918000 0.317298 0.282261 0.336321 0.93588
919000 0.310277 0.289872 0.339902 0.94005
920000 0.299317 0.285878 0.354169 0.939364
921000 0.299032 0.278695 0.35809 0.935816
922000 0.304547 0.279596 0.343885 0.928029
923000 0.306781 0.278269 0.337383 0.922433
924000 0.313867 0.283638 0.355089 0.952595
925000 0.306502 0.276564 0.346812 0.929877
926000 0.310059 0.276728 0.35348 0.940267
927000 0.318294 0.288236 0.348453 0.954983
928000 0.330329 0.291183 0.354687 0.976199
929000 0.307619 0.289091 0.345548 0.942258
930000 0.308149 0.286487 0.350678 0.945314
931000 0.314638 0.286473 0.361907 0.963019
932000 0.302658 0.273449 0.346547 0.922653
933000 0.303494 0.286334 0.344385 0.934213
934000 0.315013 0.297213 0.345205 0.957432
935000 0.311078 0.277915 0.348048 0.937041
936000 0.30009 0.287021 0.352717 0.939829
937000 0.315633 0.280947 0.354072 0.950652
938000 0.316359 0.288614 0.345192 0.950165
939000 0.317943 0.290702 0.353144 0.961789
940000 0.311937 0.288595 0.347193 0.947724
941000 0.311118 0.288195 0.352417 0.95173
942000 0.310568 0.285568 0.348619 0.944755
943000 0.323293 0.287635 0.33935 0.950278
944000 0.31288 0.284338 0.342696 0.939914
945000 0.315101 0.285891 0.343418 0.94441
946000 0.302205 0.286716 0.352438 0.941359
947000 0.30459 0.276672 0.360251 0.941513
948000 0.307349 0.276088 0.364317 0.947754
949000 0.311129 0.280609 0.346992 0.93873
950000 0.314138 0.283022 0.341974 0.939134
951000 0.307592 0.280503 0.35294 0.941035
952000 0.318697 0.285494 0.35368 0.957871
953000 0.317149 0.295665 0.347213 0.960028
954000 0.32319 0.28339 0.362612 0.969191
955000 0.326133 0.293434 0.354076 0.973644
956000 0.323788 0.304328 0.356791 0.984907
957000 0.323902 0.294444 0.357776 0.976121
958000 0.325826 0.294478 0.366601 0.986904
959000 0.32472 0.280986 0.348499 0.954205
960000 0.327495 0.30285 0.352119 0.982464
961000 0.332505 0.299055 0.353145 0.984706
962000 0.33477 0.286055 0.351485 0.972311
963000 0.327344 0.295072 0.358005 0.980421
964000 0.319182 0.299943 0.3523 0.971425
965000 0.324454 0.294361 0.354986 0.973801
966000 0.318077 0.286209 0.352588 0.956874
967000 0.32291 0.289402 0.352684 0.964996
968000 0.325089 0.292633 0.356592 0.974314
969000 0.322077 0.298737 0.360496 0.98131
970000 0.334806 0.304417 0.361149 1.00037
971000 0.321355 0.285796 0.361562 0.968713
972000 0.320164 0.294746 0.356025 0.970935
973000 0.333619 0.302093 0.359782 0.995495
974000 0.326526 0.288879 0.345125 0.960529
975000 0.328484 0.287445 0.361893 0.977822
976000 0.335608 0.292526 0.362769 0.990903
977000 0.331853 0.278259 0.375866 0.985978
978000 0.336244 0.292953 0.36377 0.992967
979000 0.335981 0.286017 0.353319 0.975317
980000 0.337821 0.297378 0.368684 1.00388
981000 0.329527 0.295045 0.365754 0.990326
982000 0.333823 0.296918 0.364078 0.994818
983000 0.329797 0.283124 0.374439 0.98736
984000 0.328464 0.286075 0.357752 0.972291
985000 0.326804 0.291461 0.360489 0.978754
986000 0.320014 0.283995 0.360474 0.964484
987000 0.338139 0.292425 0.380602 1.01117
988000 0.321747 0.284722 0.376535 0.983003
989000 0.322033 0.289709 0.37185 0.983592
990000 0.330949 0.289767 0.368806 0.989522
991000 0.334915 0.282518 0.362435 0.979868
992000 0.334614 0.285068 0.364846 0.984527
993000 0.325541 0.281311 0.369927 0.97678
994000 0.321088 0.267723 0.363846 0.952656
995000 0.326676 0.283568 0.3668 0.977044
996000 0.326764 0.282805 0.377854 0.987423
997000 0.326057 0.282526 0.360128 0.968712
998000 0.326499 0.288606 0.375965 0.99107
999000 0.341736 0.294477 0.375992 1.01221
1000000 0.329379 0.297456 0.370034 0.996869
1001000 0.323004 0.288882 0.382407 0.994293
1002000 0.331676 0.29047 0.386546 1.00869
1003000 0.329126 0.290021 0.376453 0.9956
1004000 0.333077 0.305134 0.386611 1.02482
1005000 0.312535 0.288264 0.368467 0.969266
1006000 0.331339 0.29507 0.375866 1.00227
1007000 0.328448 0.29319 0.36918 0.990819
1008000 0.334454 0.289893 0.370223 0.99457
1009000 0.331375 0.294792 0.371927 0.998094
1010000 0.345003 0.298713 0.369131 1.01285
1011000 0.32369 0.288217 0.3808 0.992708
1012000 0.332839 0.290839 0.372018 0.995696
1013000 0.347016 0.294501 0.383483 1.025
1014000 0.334059 0.292155 0.379731 1.00594
1015000 0.333489 0.3041 0.394009 1.0316
1016000 0.328812 0.283702 0.396591 1.0091
1017000 0.329971 0.312456 0.38204 1.02447
1018000 0.34474 0.297561 0.393952 1.03625
1019000 0.328372 0.299845 0.39102 1.01924
1020000 0.347787 0.317291 0.392318 1.0574
1021000 0.348069 0.300405 0.39183 1.0403
1022000 0.33479 0.298061 0.377591 1.01044
1023000 0.333155 0.29544 0.384659 1.01325
1024000 0.336463 0.287295 0.38795 1.01171
1025000 0.343712 0.293101 0.398266 1.03508
1026000 0.328684 0.30142 0.390455 1.02056
1027000 0.342049 0.284815 0.390516 1.01738
1028000 0.330282 0.288879 0.381995 1.00116
1029000 0.33913 0.301785 0.392079 1.03299
1030000 0.324407 0.280236 0.384232 0.988875
