# Time-averaged data for fix 1
# TimeStep c_msd_all[1] c_msd_all[2] c_msd_all[3] c_msd_all[4]
31000 0.0847583 0.0890221 0.0656033 0.239384
32000 0.0790595 0.0833885 0.0693041 0.231752
33000 0.0681342 0.0709695 0.0713125 0.210416
34000 0.0855853 0.0831003 0.0745886 0.243274
35000 0.0778855 0.0718588 0.0626809 0.212425
36000 0.0883587 0.0883799 0.0708406 0.247579
37000 0.0895294 0.0875874 0.0779104 0.255027
38000 0.0769541 0.0780043 0.0647315 0.21969
39000 0.0806381 0.0791226 0.0728886 0.232649
40000 0.0748986 0.0700453 0.0679186 0.212863
41000 0.0786016 0.0836724 0.0757444 0.238018
42000 0.0740611 0.0755709 0.0751739 0.224806
43000 0.0826382 0.0744294 0.0796547 0.236722
44000 0.0851435 0.0781025 0.0710282 0.234274
45000 0.0902473 0.0821463 0.0738477 0.246241
46000 0.0943526 0.0804886 0.0754236 0.250265
47000 0.0823469 0.0870738 0.0788434 0.248264
48000 0.0937987 0.0863148 0.0724587 0.252572
49000 0.0810984 0.0770933 0.0700748 0.228267
50000 0.0766491 0.0797231 0.0666214 0.222994
51000 0.094582 0.0865101 0.070627 0.251719
52000 0.0816516 0.0823204 0.0726401 0.236612
53000 0.0824008 0.0782977 0.074523 0.235221
54000 0.0877814 0.0759542 0.0743384 0.238074
55000 0.0909668 0.0958862 0.0717233 0.258576
56000 0.0738104 0.0762825 0.0753353 0.225428
57000 0.0851274 0.0841048 0.0715958 0.240828
58000 0.0854119 0.0875945 0.0712095 0.244216
59000 0.0862461 0.0713823 0.0732087 0.230837
60000 0.102168 0.0944433 0.0772195 0.273831
61000 0.0792965 0.0798591 0.0714206 0.230576
62000 0.0890301 0.084203 0.0733695 0.246603
63000 0.0883107 0.0865095 0.0793951 0.254215
64000 0.0873864 0.0911748 0.0758161 0.254377
65000 0.0915581 0.0838111 0.0739426 0.249312
66000 0.110512 0.0982835 0.0777834 0.286579
67000 0.0801387 0.0735715 0.0732615 0.226972
68000 0.0949051 0.107225 0.0801414 0.282271
69000 0.0812908 0.0824188 0.0776204 0.24133
70000 0.0852455 0.0836359 0.0713648 0.240246
71000 0.102983 0.0951459 0.0825779 0.280707
72000 0.101947 0.0949883 0.0788828 0.275818
73000 0.0862682 0.0802752 0.084269 0.250812
74000 0.0977586 0.100469 0.0799418 0.27817
75000 0.0983206 0.085292 0.0768622 0.260475
76000 0.0897318 0.0806893 0.0759842 0.246405
77000 0.112868 0.0878495 0.0733214 0.274039
78000 0.100651 0.0937151 0.0742192 0.268585
79000 0.10521 0.0924305 0.0775988 0.27524
80000 0.0964183 0.0913309 0.0725335 0.260283
81000 0.086343 0.0929402 0.075533 0.254816
82000 0.0861582 0.0974028 0.0803176 0.263879
83000 0.0844873 0.0910469 0.0830329 0.258567
84000 0.0967225 0.0973011 0.0791836 0.273207
85000 0.0843112 0.0832661 0.0762344 0.243812
86000 0.111572 0.0927789 0.0856369 0.289988
87000 0.101397 0.091595 0.0826345 0.275626
88000 0.0910293 0.0846145 0.0835511 0.259195
89000 0.0997378 0.107412 0.0854094 0.292559
90000 0.0996869 0.109953 0.0816363 0.291276
91000 0.0972173 0.114085 0.0913902 0.302692
92000 0.0881838 0.0887761 0.0865377 0.263498
93000 0.0988152 0.0923691 0.0922801 0.283464
94000 0.109607 0.113398 0.0820843 0.305089
95000 0.110268 0.100371 0.0854095 0.296049
96000 0.123215 0.0952675 0.0828574 0.30134
97000 0.123618 0.0943484 0.0827084 0.300675
98000 0.111053 0.100978 0.0837654 0.295796
99000 0.103648 0.0987241 0.0882643 0.290636
100000 0.106425 0.115037 0.0910019 0.312464
101000 0.107029 0.106539 0.0976665 0.311234
102000 0.107247 0.10773 0.0914906 0.306467
103000 0.117263 0.10893 0.0952886 0.321482
104000 0.117743 0.109171 0.0890542 0.315969
105000 0.114946 0.0971871 0.0967222 0.308856
106000 0.12656 0.097194 0.0862017 0.309956
107000 0.112809 0.0982358 0.0836226 0.294668
108000 0.100695 0.0934581 0.0960438 0.290197
109000 0.12471 0.113232 0.094463 0.332405
110000 0.103285 0.101693 0.0920362 0.297014
111000 0.101636 0.104452 0.0932875 0.299375
112000 0.121525 0.117441 0.090733 0.329699
113000 0.10738 0.115021 0.0891953 0.311596
114000 0.104854 0.109027 0.0929085 0.306789
115000 0.108535 0.112027 0.0952571 0.315819
116000 0.10771 0.111572 0.0955166 0.314798
117000 0.117349 0.10957 0.0926076 0.319527
118000 0.117923 0.0998454 0.0882672 0.306035
119000 0.117661 0.105949 0.101552 0.325162
120000 0.106066 0.104043 0.103863 0.313973
121000 0.104038 0.109465 0.0990427 0.312546
122000 0.10781 0.106464 0.106436 0.32071
123000 0.122294 0.111022 0.102026 0.335342
124000 0.105126 0.0984439 0.106735 0.310305
125000 0.12837 0.124595 0.110948 0.363912
126000 0.133007 0.112454 0.113591 0.359052
127000 0.119629 0.108758 0.106196 0.334583
128000 0.122561 0.113701 0.11155 0.347813
129000 0.109902 0.118443 0.112815 0.34116
130000 0.112254 0.126017 0.113618 0.35189
131000 0.105701 0.124451 0.110898 0.34105
132000 0.12522 0.113792 0.113832 0.352844
133000 0.122409 0.124265 0.106861 0.353535
134000 0.114941 0.109796 0.116187 0.340925
135000 0.118748 0.113922 0.11607 0.34874
136000 0.111848 0.114905 0.114176 0.340929
137000 0.126543 0.127628 0.119883 0.374054
138000 0.108224 0.117386 0.113182 0.338792
139000 0.128763 0.128542 0.11616 0.373465
140000 0.115039 0.113897 0.113806 0.342741
141000 0.104563 0.109382 0.114504 0.328449
142000 0.113529 0.125715 0.108826 0.34807
143000 0.120204 0.115575 0.118045 0.353824
144000 0.112681 0.120312 0.119354 0.352347
145000 0.116621 0.126068 0.118625 0.361314
146000 0.112461 0.125397 0.11702 0.354879
147000 0.120918 0.11316 0.125245 0.359323
148000 0.116562 0.124694 0.132666 0.373922
149000 0.113892 0.111887 0.129453 0.355232
150000 0.114856 0.113173 0.125163 0.353191
151000 0.121074 0.118859 0.130573 0.370505
152000 0.126101 0.118028 0.125966 0.370094
153000 0.104943 0.114299 0.129901 0.349143
154000 0.137796 0.140287 0.122078 0.400161
155000 0.115632 0.115358 0.127995 0.358985
156000 0.113035 0.11618 0.123403 0.352617
157000 0.136448 0.131865 0.118387 0.3867
158000 0.115001 0.104097 0.123212 0.34231
159000 0.120486 0.122289 0.135061 0.377836
160000 0.115497 0.108606 0.131567 0.35567
161000 0.133403 0.124945 0.129741 0.388089
162000 0.119186 0.136397 0.126029 0.381611
163000 0.127542 0.121498 0.122768 0.371809
164000 0.113472 0.124134 0.120148 0.357754
165000 0.10674 0.109209 0.119264 0.335212
166000 0.127607 0.119138 0.111937 0.358683
167000 0.115827 0.116452 0.12432 0.356599
168000 0.117245 0.123429 0.124297 0.364972
169000 0.121166 0.114505 0.125313 0.360984
170000 0.110605 0.111917 0.120669 0.343192
171000 0.124842 0.130383 0.130753 0.385978
172000 0.11896 0.122251 0.123948 0.365159
173000 0.125389 0.134905 0.124661 0.384955
174000 0.11508 0.127359 0.13221 0.374649
175000 0.110307 0.118213 0.126234 0.354754
176000 0.124114 0.125772 0.124018 0.373904
177000 0.105257 0.109923 0.124939 0.340118
178000 0.122272 0.126243 0.129338 0.377853
179000 0.136381 0.132444 0.130477 0.399302
180000 0.115114 0.125479 0.129952 0.370545
181000 0.124924 0.135597 0.121367 0.381888
182000 0.118788 0.122347 0.122098 0.363234
183000 0.113439 0.125221 0.127536 0.366195
184000 0.116043 0.123909 0.123347 0.3633
185000 0.109619 0.118067 0.121346 0.349032
186000 0.119393 0.108076 0.121756 0.349224
187000 0.131378 0.116103 0.122607 0.370088
188000 0.122045 0.112723 0.117571 0.352339
189000 0.139439 0.124035 0.119299 0.382773
190000 0.113598 0.117891 0.118105 0.349594
191000 0.124014 0.126782 0.12539 0.376186
192000 0.127252 0.115063 0.124645 0.36696
193000 0.123074 0.118618 0.127264 0.368956
194000 0.123083 0.119035 0.130836 0.372954
195000 0.119721 0.109928 0.126035 0.355684
196000 0.13505 0.120302 0.127116 0.382468
197000 0.117875 0.115958 0.120301 0.354134
198000 0.115628 0.116013 0.126956 0.358597
199000 0.120016 0.121857 0.126261 0.368134
200000 0.117784 0.115582 0.126002 0.359368
201000 0.126856 0.113928 0.130218 0.371002
202000 0.122348 0.116367 0.12868 0.367395
203000 0.134545 0.126994 0.118884 0.380423
204000 0.11865 0.124263 0.124752 0.367666
205000 0.118129 0.126833 0.119838 0.3648
206000 0.126639 0.128392 0.131952 0.386983
207000 0.130018 0.122918 0.125542 0.378478
208000 0.134332 0.125703 0.134164 0.394199
209000 0.119145 0.117576 0.12305 0.359771
210000 0.12901 0.120677 0.144016 0.393704
211000 0.122127 0.128702 0.144303 0.395132
212000 0.117661 0.124582 0.141253 0.383496
213000 0.116497 0.125051 0.143443 0.384991
214000 0.131937 0.135893 0.130379 0.398209
215000 0.135692 0.128546 0.137494 0.401732
216000 0.137834 0.13072 0.144572 0.413126
217000 0.116305 0.120301 0.140639 0.377245
218000 0.111621 0.119671 0.134623 0.365915
219000 0.13242 0.127113 0.128906 0.38844
220000 0.137667 0.120327 0.146753 0.404747
221000 0.135337 0.123561 0.142073 0.400971
222000 0.129912 0.132859 0.147492 0.410263
223000 0.123921 0.119739 0.135645 0.379305
224000 0.126111 0.128415 0.130036 0.384563
225000 0.119853 0.127166 0.133967 0.380986
226000 0.124171 0.125788 0.133469 0.383427
227000 0.120618 0.13437 0.131701 0.386689
228000 0.136286 0.131295 0.135631 0.403212
229000 0.110963 0.11956 0.137235 0.367758
230000 0.128307 0.129088 0.134306 0.391702
231000 0.13329 0.130716 0.130893 0.3949
232000 0.125248 0.115651 0.133928 0.374827
233000 0.141534 0.136684 0.129668 0.407886
234000 0.130488 0.131565 0.128199 0.390252
235000 0.138511 0.128102 0.134456 0.401069
236000 0.131004 0.131654 0.130945 0.393602
237000 0.127931 0.127095 0.139379 0.394406
238000 0.128212 0.126443 0.132385 0.387039
239000 0.138524 0.134675 0.138025 0.411224
240000 0.122858 0.128261 0.138807 0.389926
241000 0.131051 0.125147 0.131246 0.387444
242000 0.133736 0.13047 0.130243 0.39445
243000 0.137721 0.128741 0.133236 0.399698
244000 0.126486 0.130723 0.136677 0.393885
245000 0.118874 0.130186 0.133856 0.382916
246000 0.131064 0.137018 0.145765 0.413847
247000 0.119136 0.132673 0.1467 0.398509
248000 0.14423 0.134449 0.142068 0.420747
249000 0.137175 0.126383 0.13813 0.401688
250000 0.142668 0.119826 0.141256 0.40375
251000 0.146767 0.143341 0.132485 0.422593
252000 0.131136 0.12243 0.1382 0.391767
253000 0.130522 0.144144 0.14525 0.419916
254000 0.12147 0.133583 0.136235 0.391288
255000 0.125997 0.142927 0.13571 0.404634
256000 0.127357 0.145415 0.142089 0.414861
257000 0.125963 0.130307 0.142523 0.398793
258000 0.147621 0.142398 0.140628 0.430648
259000 0.137459 0.139251 0.138645 0.415356
260000 0.161056 0.14385 0.143996 0.448902
261000 0.128647 0.134487 0.131639 0.394773
262000 0.125938 0.136467 0.144071 0.406476
263000 0.125882 0.123833 0.144987 0.394702
264000 0.123758 0.12623 0.152416 0.402404
265000 0.132494 0.133946 0.155368 0.421808
266000 0.124487 0.130692 0.153357 0.408536
267000 0.130893 0.122008 0.150377 0.403278
268000 0.136781 0.138675 0.141922 0.417378
269000 0.123861 0.133242 0.146024 0.403126
270000 0.127376 0.136821 0.142237 0.406435
271000 0.123811 0.138582 0.139348 0.401741
272000 0.150777 0.160204 0.159362 0.470342
273000 0.134912 0.121243 0.150556 0.406712
274000 0.134807 0.128182 0.14557 0.408559
275000 0.150868 0.142284 0.143861 0.437013
276000 0.134802 0.131092 0.136234 0.402127
277000 0.141962 0.129562 0.145255 0.416779
278000 0.155845 0.153706 0.144018 0.453569
279000 0.117242 0.135896 0.15901 0.412147
280000 0.139321 0.14295 0.159682 0.441953
281000 0.14076 0.158111 0.156584 0.455455
282000 0.134339 0.137513 0.148369 0.420221
283000 0.155174 0.141294 0.144914 0.441383
284000 0.136734 0.146776 0.14663 0.430141
285000 0.153585 0.146579 0.142907 0.443071
286000 0.150777 0.134048 0.148085 0.432911
287000 0.141524 0.145781 0.150048 0.437353
288000 0.140182 0.135944 0.148304 0.42443
289000 0.143039 0.148127 0.155373 0.446538
290000 0.163945 0.159088 0.147454 0.470486
291000 0.146792 0.145853 0.141282 0.433927
292000 0.153825 0.139278 0.147317 0.44042
293000 0.155951 0.150635 0.147371 0.453957
294000 0.160179 0.148098 0.148151 0.456428
295000 0.157943 0.143123 0.152208 0.453273
296000 0.158012 0.156828 0.151775 0.466614
297000 0.152498 0.15456 0.146686 0.453745
298000 0.14241 0.14634 0.153326 0.442076
299000 0.139533 0.13662 0.146623 0.422776
300000 0.144163 0.14128 0.149101 0.434543
301000 0.147433 0.144446 0.151605 0.443484
302000 0.147545 0.144724 0.159617 0.451887
303000 0.150835 0.145829 0.146813 0.443477
304000 0.164724 0.164664 0.152993 0.482381
305000 0.146783 0.152184 0.158928 0.457896
306000 0.160002 0.157788 0.159096 0.476886
307000 0.155273 0.143598 0.165308 0.464179
308000 0.150993 0.150164 0.161644 0.462801
309000 0.150306 0.151695 0.159183 0.461185
310000 0.14468 0.157419 0.147547 0.449646
311000 0.15068 0.16622 0.147463 0.464363
312000 0.164804 0.167795 0.154654 0.487252
313000 0.168093 0.154172 0.154639 0.476904
314000 0.151832 0.154989 0.155904 0.462725
315000 0.166618 0.16932 0.160762 0.4967
316000 0.153629 0.159938 0.149164 0.46273
317000 0.158584 0.159752 0.159696 0.478032
318000 0.153016 0.159207 0.15977 0.471993
319000 0.152747 0.165874 0.163804 0.482424
320000 0.171012 0.180832 0.163154 0.514997
321000 0.151532 0.16114 0.152725 0.465397
322000 0.152808 0.16401 0.160093 0.476911
323000 0.169085 0.173442 0.158776 0.501304
324000 0.158332 0.164402 0.15775 0.480484
325000 0.160607 0.169288 0.170521 0.500416
326000 0.154599 0.170511 0.163595 0.488705
327000 0.166318 0.174786 0.159358 0.500462
328000 0.16186 0.157127 0.157382 0.476369
329000 0.160029 0.164806 0.167889 0.492724
330000 0.157794 0.166733 0.161429 0.485956
331000 0.156257 0.158018 0.163427 0.477702
332000 0.167363 0.173008 0.156075 0.496446
333000 0.14456 0.157088 0.161163 0.46281
334000 0.16377 0.169426 0.157545 0.490741
335000 0.163752 0.181138 0.162984 0.507874
336000 0.16324 0.177756 0.164513 0.505509
337000 0.158711 0.181035 0.164892 0.504638
338000 0.167748 0.164399 0.168243 0.50039
339000 0.159737 0.177753 0.169318 0.506807
340000 0.156917 0.164266 0.161922 0.483104
341000 0.162687 0.173655 0.157297 0.493639
342000 0.154236 0.166488 0.161625 0.482349
343000 0.164603 0.172687 0.168209 0.505499
344000 0.165309 0.175458 0.166792 0.50756
345000 0.158953 0.166157 0.161728 0.486838
346000 0.173084 0.175976 0.175454 0.524514
347000 0.163981 0.168671 0.170126 0.502778
348000 0.168275 0.168478 0.166646 0.503399
349000 0.169117 0.166829 0.15853 0.494476
350000 0.157285 0.173897 0.169305 0.500486
351000 0.162479 0.184126 0.170713 0.517318
352000 0.163546 0.180003 0.169158 0.512706
353000 0.156483 0.176529 0.162631 0.495643
354000 0.167755 0.180254 0.167856 0.515866
355000 0.173239 0.171056 0.170339 0.514635
356000 0.157446 0.167241 0.166146 0.490834
357000 0.162701 0.167857 0.16741 0.497968
358000 0.185701 0.175287 0.171864 0.532853
359000 0.163016 0.169898 0.172701 0.505615
360000 0.18095 0.182862 0.179484 0.543296
361000 0.175816 0.181003 0.170018 0.526837
362000 0.159157 0.169526 0.171927 0.500611
363000 0.177162 0.180619 0.173275 0.531056
364000 0.174299 0.179027 0.168706 0.522032
365000 0.17197 0.183787 0.17838 0.534137
366000 0.16885 0.172804 0.178091 0.519745
367000 0.168427 0.176003 0.172825 0.517255
368000 0.170658 0.184494 0.17365 0.528803
369000 0.16183 0.176651 0.176718 0.515198
370000 0.180314 0.170835 0.174204 0.525353
371000 0.17436 0.189954 0.174661 0.538975
372000 0.19116 0.202879 0.18207 0.576108
373000 0.178585 0.168299 0.188905 0.535789
374000 0.179627 0.173903 0.174558 0.528088
375000 0.176672 0.173482 0.182745 0.532898
376000 0.168857 0.180672 0.182724 0.532254
377000 0.161399 0.168983 0.180109 0.510491
378000 0.175182 0.17889 0.176161 0.530233
379000 0.160688 0.166936 0.174092 0.501717
380000 0.1998 0.189012 0.180624 0.569435
381000 0.179956 0.183253 0.179866 0.543075
382000 0.164138 0.176972 0.176652 0.517762
383000 0.166313 0.174388 0.173417 0.514118
384000 0.180762 0.179214 0.186572 0.546549
385000 0.188703 0.191182 0.178191 0.558076
386000 0.174551 0.181053 0.179865 0.535469
387000 0.197859 0.196206 0.181778 0.575843
388000 0.182385 0.192011 0.18018 0.554576
389000 0.181816 0.193821 0.180388 0.556025
390000 0.175828 0.181313 0.179422 0.536562
391000 0.188279 0.183522 0.168554 0.540355
392000 0.180151 0.182601 0.180571 0.543323
393000 0.196717 0.184605 0.188171 0.569492
394000 0.188189 0.184175 0.191599 0.563962
395000 0.192531 0.179002 0.189713 0.561246
396000 0.187872 0.19181 0.192262 0.571944
397000 0.166317 0.181216 0.181711 0.529244
398000 0.174448 0.193012 0.186061 0.553521
399000 0.175093 0.185386 0.179884 0.540364
400000 0.168744 0.177367 0.195729 0.54184
401000 0.183331 0.198851 0.200585 0.582766
402000 0.169116 0.189213 0.192618 0.550947
403000 0.183335 0.176803 0.181947 0.542086
404000 0.208964 0.195813 0.17969 0.584467
405000 0.185266 0.183878 0.179742 0.548886
406000 0.188957 0.203213 0.184753 0.576923
407000 0.179695 0.185992 0.183695 0.549382
408000 0.169005 0.185356 0.191281 0.545641
409000 0.186516 0.199167 0.189283 0.574967
410000 0.18739 0.182754 0.191555 0.5617
411000 0.186041 0.19351 0.193088 0.572639
412000 0.186723 0.19247 0.188692 0.567885
413000 0.173 0.183355 0.191563 0.547918
414000 0.180798 0.192332 0.188116 0.561246
415000 0.186303 0.190516 0.191121 0.567939
416000 0.186522 0.197599 0.19001 0.574132
417000 0.186907 0.181849 0.188584 0.557339
418000 0.170295 0.184532 0.192316 0.547143
419000 0.189866 0.20892 0.187133 0.58592
420000 0.182757 0.201409 0.18801 0.572176
421000 0.195223 0.200351 0.194138 0.589712
422000 0.195703 0.195076 0.18967 0.580449
423000 0.193544 0.190698 0.190053 0.574295
424000 0.20296 0.203396 0.194301 0.600657
425000 0.190527 0.200675 0.196639 0.587842
426000 0.189881 0.20632 0.197026 0.593227
427000 0.191239 0.208114 0.193063 0.592415
428000 0.177388 0.186395 0.196019 0.559802
429000 0.185389 0.191144 0.201019 0.577551
430000 0.188464 0.208341 0.200876 0.597681
431000 0.196722 0.186348 0.199543 0.582613
432000 0.182964 0.195223 0.191439 0.569627
433000 0.201623 0.214487 0.19685 0.612959
434000 0.18264 0.194949 0.20103 0.578619
435000 0.191562 0.200199 0.190727 0.582488
436000 0.191284 0.194991 0.210294 0.596569
437000 0.205009 0.21902 0.202443 0.626472
438000 0.195021 0.215918 0.204701 0.615641
439000 0.201288 0.207811 0.214289 0.623389
440000 0.192785 0.198384 0.21606 0.607229
441000 0.197789 0.192213 0.207068 0.59707
442000 0.182966 0.210402 0.213614 0.606982
443000 0.190211 0.202095 0.222778 0.615083
444000 0.186915 0.215907 0.200768 0.60359
445000 0.197739 0.209504 0.215073 0.622316
446000 0.203218 0.210891 0.209635 0.623744
447000 0.206949 0.214599 0.210341 0.631889
448000 0.196953 0.207042 0.216811 0.620807
449000 0.202528 0.208995 0.225231 0.636753
450000 0.189102 0.200527 0.223526 0.613155
451000 0.19821 0.21337 0.203357 0.614937
452000 0.183316 0.208575 0.202406 0.594297
453000 0.19367 0.214837 0.209498 0.618005
454000 0.189593 0.205922 0.206402 0.601916
455000 0.209013 0.207405 0.204927 0.621345
456000 0.197886 0.210588 0.21129 0.619764
457000 0.195174 0.210092 0.207974 0.61324
458000 0.198944 0.218552 0.208561 0.626056
459000 0.194758 0.220579 0.215371 0.630708
460000 0.191894 0.207153 0.219389 0.618436
461000 0.208532 0.22729 0.211008 0.646829
462000 0.206354 0.208028 0.20485 0.619233
463000 0.204706 0.210237 0.213586 0.628529
464000 0.198552 0.205604 0.216891 0.621047
465000 0.202128 0.207347 0.219097 0.628573
466000 0.199714 0.220363 0.214112 0.634188
467000 0.216864 0.223162 0.226072 0.666097
468000 0.216019 0.23168 0.226847 0.674546
469000 0.198774 0.222797 0.210776 0.632348
470000 0.210996 0.228578 0.213247 0.652821
471000 0.208109 0.208311 0.219982 0.636402
472000 0.222076 0.229096 0.212946 0.664119
473000 0.230848 0.21282 0.219668 0.663336
474000 0.217511 0.219109 0.217706 0.654327
475000 0.220927 0.21638 0.213989 0.651296
476000 0.222547 0.214219 0.223401 0.660167
477000 0.216933 0.217319 0.225585 0.659837
478000 0.222661 0.217849 0.22586 0.66637
479000 0.221172 0.220741 0.225831 0.667744
480000 0.227508 0.222495 0.221632 0.671635
481000 0.201939 0.218054 0.220567 0.64056
482000 0.223532 0.221602 0.217616 0.662751
483000 0.206023 0.21601 0.218309 0.640341
484000 0.220026 0.214906 0.223894 0.658826
485000 0.229204 0.226786 0.228874 0.684863
486000 0.216176 0.217126 0.227407 0.660709
487000 0.227993 0.217151 0.229613 0.674757
488000 0.233776 0.221948 0.225648 0.681372
489000 0.222169 0.217759 0.227931 0.667858
490000 0.222597 0.206923 0.224057 0.653578
491000 0.220059 0.222739 0.227924 0.670722
492000 0.215529 0.229872 0.235108 0.680508
493000 0.222558 0.217946 0.246665 0.687169
494000 0.233729 0.232773 0.234373 0.700875
495000 0.233088 0.214124 0.231032 0.678244
496000 0.237321 0.226797 0.227833 0.691952
497000 0.215167 0.221984 0.225137 0.662287
498000 0.214716 0.218395 0.237966 0.671078
499000 0.221862 0.209844 0.234315 0.66602
500000 0.216121 0.215706 0.236777 0.668603
501000 0.224756 0.213836 0.241691 0.680284
502000 0.224778 0.225582 0.239507 0.689867
503000 0.215503 0.221798 0.235956 0.673257
504000 0.213903 0.2181 0.23308 0.665083
505000 0.227026 0.237273 0.219914 0.684214
506000 0.217637 0.230493 0.224772 0.672902
507000 0.227533 0.226521 0.236916 0.690969
508000 0.241107 0.218203 0.227126 0.686436
509000 0.217938 0.219073 0.240878 0.677889
510000 0.229877 0.221359 0.23308 0.684316
511000 0.219369 0.218439 0.228315 0.666123
512000 0.233931 0.228493 0.239558 0.701982
513000 0.222425 0.216606 0.219407 0.658438
514000 0.235124 0.231428 0.232382 0.698935
515000 0.240145 0.22939 0.234475 0.70401
516000 0.225301 0.21659 0.231423 0.673315
517000 0.229677 0.225141 0.237513 0.692331
518000 0.233747 0.232515 0.239452 0.705713
519000 0.218549 0.218352 0.233128 0.670029
520000 0.222087 0.232972 0.224124 0.679183
521000 0.222198 0.230876 0.225357 0.678431
522000 0.233995 0.229154 0.22726 0.690409
523000 0.231831 0.221278 0.221535 0.674644
524000 0.222607 0.226312 0.233124 0.682043
525000 0.231399 0.229765 0.229184 0.690348
526000 0.239657 0.229789 0.240913 0.710359
527000 0.234295 0.225367 0.232502 0.692164
528000 0.257072 0.247922 0.235044 0.740038
529000 0.234996 0.239343 0.23658 0.710919
530000 0.223619 0.23757 0.229613 0.690802
531000 0.248425 0.247116 0.245387 0.740928
532000 0.220216 0.221817 0.244449 0.686482
533000 0.225715 0.234173 0.243668 0.703557
534000 0.239524 0.23782 0.235841 0.713185
535000 0.244582 0.231585 0.241222 0.71739
536000 0.239342 0.218169 0.228031 0.685542
537000 0.241181 0.235732 0.230115 0.707027
538000 0.26214 0.237761 0.238527 0.738428
539000 0.230896 0.224916 0.235032 0.690843
540000 0.231932 0.236095 0.23014 0.698167
541000 0.240803 0.232559 0.238686 0.712048
542000 0.233165 0.239126 0.248735 0.721026
543000 0.231623 0.235915 0.248064 0.715602
544000 0.239372 0.24369 0.240477 0.723539
545000 0.242984 0.235243 0.240412 0.718638
546000 0.239058 0.244657 0.231823 0.715537
547000 0.225284 0.23231 0.232859 0.690454
548000 0.240989 0.233623 0.244876 0.719488
549000 0.220209 0.228636 0.246517 0.695362
550000 0.243784 0.224403 0.243141 0.711328
551000 0.237508 0.23529 0.230559 0.703357
552000 0.248566 0.238933 0.241244 0.728742
553000 0.244831 0.231506 0.243606 0.719943
554000 0.237342 0.231472 0.238595 0.707409
555000 0.25861 0.229909 0.238809 0.727329
556000 0.23994 0.223046 0.239119 0.702105
557000 0.255 0.244145 0.241611 0.740757
558000 0.235407 0.232733 0.234527 0.702667
559000 0.235547 0.226717 0.245028 0.707292
560000 0.260537 0.254019 0.247733 0.76229
561000 0.245222 0.24944 0.233345 0.728006
562000 0.239304 0.24511 0.237682 0.722096
563000 0.256491 0.24618 0.238148 0.74082
564000 0.239853 0.24129 0.236087 0.71723
565000 0.24422 0.248111 0.239677 0.732008
566000 0.242299 0.248187 0.240168 0.730654
567000 0.238562 0.254575 0.242241 0.735377
568000 0.23648 0.260897 0.242713 0.740091
569000 0.238408 0.255145 0.251863 0.745416
570000 0.243879 0.257003 0.243734 0.744617
571000 0.23503 0.235318 0.23595 0.706298
572000 0.250631 0.258112 0.245569 0.754312
573000 0.25304 0.252887 0.244429 0.750355
574000 0.237323 0.246623 0.251485 0.735432
575000 0.240939 0.243263 0.242412 0.726614
576000 0.251595 0.248664 0.256257 0.756516
577000 0.227246 0.250839 0.249926 0.728011
578000 0.240902 0.253818 0.252204 0.746924
579000 0.24242 0.264251 0.265508 0.772178
580000 0.237922 0.262 0.260721 0.760643
581000 0.254624 0.252464 0.243561 0.75065
582000 0.242431 0.254794 0.254291 0.751516
583000 0.24833 0.259918 0.252507 0.760755
584000 0.234165 0.246884 0.244616 0.725665
585000 0.239855 0.253242 0.248012 0.741109
586000 0.256286 0.255853 0.250426 0.762565
587000 0.256226 0.268134 0.244794 0.769155
588000 0.25165 0.253202 0.257902 0.762755
589000 0.265706 0.269407 0.25697 0.792084
590000 0.259886 0.24712 0.265811 0.772818
591000 0.243305 0.255283 0.251653 0.75024
592000 0.249967 0.269177 0.252173 0.771317
593000 0.24146 0.258582 0.247908 0.74795
594000 0.234856 0.255688 0.2502 0.740745
595000 0.241935 0.260105 0.254185 0.756225
596000 0.261687 0.272908 0.254897 0.789492
597000 0.259152 0.286243 0.258354 0.803749
598000 0.251348 0.258046 0.248616 0.75801
599000 0.256599 0.272445 0.251281 0.780324
600000 0.244464 0.251835 0.25712 0.75342
601000 0.247312 0.257314 0.244125 0.748752
602000 0.243712 0.255891 0.247185 0.746788
603000 0.249245 0.262321 0.254224 0.76579
604000 0.255046 0.265523 0.253415 0.773984
605000 0.237936 0.25871 0.260967 0.757613
606000 0.25315 0.276487 0.247852 0.777489
607000 0.265462 0.266598 0.260249 0.792309
608000 0.248578 0.272374 0.254159 0.77511
609000 0.251629 0.262007 0.252018 0.765654
610000 0.244218 0.260861 0.252323 0.757403
611000 0.242752 0.251654 0.251312 0.745718
612000 0.258741 0.266795 0.261964 0.787501
613000 0.225779 0.248271 0.260497 0.734547
614000 0.231231 0.267491 0.260027 0.758749
615000 0.262838 0.284864 0.257982 0.805685
616000 0.239842 0.264309 0.259974 0.764126
617000 0.244804 0.269889 0.256392 0.771086
618000 0.233709 0.259981 0.252499 0.746189
619000 0.230177 0.263532 0.254939 0.748649
620000 0.251393 0.274886 0.249565 0.775844
621000 0.249636 0.258241 0.251371 0.759248
622000 0.252067 0.256432 0.254734 0.763233
623000 0.252048 0.276385 0.25443 0.782863
624000 0.243422 0.265193 0.254587 0.763202
625000 0.271315 0.267795 0.260072 0.799182
626000 0.253596 0.260942 0.260017 0.774555
627000 0.252504 0.272872 0.250351 0.775727
628000 0.236496 0.251997 0.268506 0.756999
629000 0.251277 0.263615 0.270133 0.785025
630000 0.23527 0.263891 0.263138 0.762299
631000 0.244455 0.266903 0.265152 0.77651
632000 0.248 0.276624 0.255728 0.780352
633000 0.244627 0.277218 0.253908 0.775753
634000 0.256781 0.281393 0.259605 0.797779
635000 0.250742 0.271255 0.265696 0.787694
636000 0.239744 0.269134 0.269897 0.778775
637000 0.241587 0.250053 0.247026 0.738667
638000 0.247539 0.265433 0.254356 0.767328
639000 0.236655 0.265892 0.256163 0.75871
640000 0.256286 0.272104 0.271948 0.800337
641000 0.253008 0.26675 0.263499 0.783257
642000 0.243524 0.271422 0.267966 0.782912
643000 0.246091 0.273536 0.257757 0.777385
644000 0.251092 0.258077 0.264343 0.773511
645000 0.256549 0.274599 0.264323 0.795471
646000 0.267743 0.275658 0.265045 0.808446
647000 0.242679 0.274249 0.258584 0.775512
648000 0.251208 0.268096 0.25925 0.778553
649000 0.242905 0.271319 0.262633 0.776858
650000 0.24774 0.275696 0.264542 0.787977
651000 0.259482 0.271899 0.264049 0.795431
652000 0.250589 0.27701 0.25912 0.786719
653000 0.255602 0.279924 0.261815 0.797341
654000 0.241519 0.263225 0.275796 0.78054
655000 0.261414 0.281098 0.265432 0.807944
656000 0.247711 0.274776 0.262219 0.784707
657000 0.245044 0.255848 0.266893 0.767784
658000 0.260147 0.268298 0.269347 0.797792
659000 0.258246 0.265533 0.261835 0.785614
660000 0.250058 0.266704 0.267715 0.784477
661000 0.254607 0.269218 0.261833 0.785657
662000 0.245721 0.259219 0.268751 0.773692
663000 0.247122 0.271953 0.257255 0.77633
664000 0.261482 0.29667 0.270088 0.828241
665000 0.242252 0.272189 0.264115 0.778556
666000 0.251622 0.271325 0.274657 0.797604
667000 0.273848 0.272357 0.264027 0.810233
668000 0.247638 0.258605 0.266558 0.772801
669000 0.254166 0.270654 0.275417 0.800237
670000 0.26297 0.272431 0.271253 0.806653
671000 0.268024 0.280879 0.274585 0.823488
672000 0.259577 0.28286 0.264938 0.807376
673000 0.248978 0.275278 0.267617 0.791874
674000 0.262461 0.290464 0.274923 0.827848
675000 0.261888 0.27547 0.266717 0.804074
676000 0.250438 0.280545 0.268573 0.799555
677000 0.257872 0.2817 0.274069 0.813641
678000 0.257747 0.270314 0.278183 0.806243
679000 0.256287 0.293729 0.266588 0.816603
680000 0.251401 0.272255 0.269221 0.792877
681000 0.24031 0.265653 0.264538 0.770502
682000 0.269747 0.295132 0.276942 0.84182
683000 0.258274 0.290422 0.259921 0.808617
684000 0.268217 0.290427 0.272671 0.831315
685000 0.26968 0.291316 0.278214 0.83921
686000 0.255821 0.280676 0.272502 0.808999
687000 0.252048 0.282075 0.270178 0.804301
688000 0.270414 0.284921 0.284797 0.840132
689000 0.251158 0.283923 0.282972 0.818054
690000 0.265084 0.282585 0.269822 0.817492
691000 0.282266 0.294689 0.270257 0.847212
692000 0.264415 0.281817 0.267155 0.813386
693000 0.269317 0.309939 0.270671 0.849926
694000 0.262082 0.289484 0.271242 0.822809
695000 0.268513 0.293005 0.273818 0.835335
696000 0.265219 0.277838 0.271701 0.814758
697000 0.258403 0.286828 0.27567 0.820901
698000 0.264448 0.286316 0.279492 0.830257
699000 0.261789 0.280678 0.275499 0.817966
700000 0.248227 0.28013 0.279225 0.807582
701000 0.251293 0.27825 0.274528 0.80407
702000 0.264981 0.284074 0.264988 0.814043
703000 0.260838 0.281757 0.276771 0.819366
704000 0.26828 0.288882 0.272896 0.830058
705000 0.272794 0.290934 0.272404 0.836132
706000 0.268084 0.295199 0.266464 0.829747
707000 0.258369 0.279497 0.277285 0.815151
708000 0.265937 0.297756 0.267324 0.831016
709000 0.262517 0.281155 0.265767 0.809438
710000 0.274347 0.286122 0.276018 0.836487
711000 0.255916 0.277752 0.277993 0.81166
712000 0.256344 0.283528 0.266659 0.806532
713000 0.268296 0.283724 0.280903 0.832924
714000 0.259153 0.2777 0.273017 0.80987
715000 0.267872 0.307113 0.263781 0.838767
716000 0.258727 0.284526 0.274 0.817253
717000 0.26468 0.295538 0.271888 0.832107
718000 0.271986 0.313667 0.283096 0.868749
719000 0.262128 0.283371 0.271257 0.816756
720000 0.272667 0.294026 0.276109 0.842801
721000 0.268218 0.286249 0.28496 0.839427
722000 0.264059 0.276797 0.274853 0.815709
723000 0.277065 0.297161 0.276232 0.850458
724000 0.260544 0.269748 0.290681 0.820973
725000 0.267929 0.285666 0.292971 0.846566
726000 0.267942 0.303228 0.286075 0.857245
727000 0.279619 0.291928 0.278048 0.849596
728000 0.258215 0.295953 0.277153 0.831321
729000 0.268579 0.295356 0.276887 0.840821
730000 0.274706 0.294161 0.280079 0.848946
731000 0.271407 0.296354 0.277475 0.845236
732000 0.265271 0.297249 0.284176 0.846696
733000 0.264372 0.29796 0.278525 0.840857
734000 0.259186 0.279662 0.280796 0.819644
735000 0.264365 0.285349 0.293625 0.843339
736000 0.275715 0.300832 0.29069 0.867238
737000 0.296972 0.299817 0.285826 0.882615
738000 0.27486 0.286101 0.286572 0.847532
739000 0.281111 0.295138 0.277842 0.854091
740000 0.274496 0.299314 0.2867 0.860509
741000 0.271707 0.281094 0.279239 0.83204
742000 0.2866 0.290073 0.27555 0.852222
743000 0.267719 0.287833 0.285876 0.841428
744000 0.271689 0.294668 0.29694 0.863297
745000 0.273141 0.287107 0.288283 0.848531
746000 0.259945 0.287851 0.289174 0.83697
747000 0.282427 0.298714 0.287911 0.869052
748000 0.264255 0.30169 0.289003 0.854947
749000 0.270222 0.304065 0.292399 0.866686
750000 0.291803 0.295181 0.289569 0.876554
751000 0.278962 0.291779 0.286591 0.857332
752000 0.295155 0.296755 0.296012 0.887922
753000 0.278016 0.287746 0.294038 0.859799
754000 0.278061 0.297089 0.300442 0.875593
755000 0.277648 0.295615 0.281994 0.855256
756000 0.279143 0.291596 0.295608 0.866347
757000 0.286515 0.314717 0.29535 0.896582
758000 0.273852 0.29757 0.297581 0.869003
759000 0.273979 0.294475 0.286476 0.85493
760000 0.29347 0.306406 0.281757 0.881633
761000 0.278131 0.293641 0.300674 0.872446
762000 0.288992 0.29662 0.282531 0.868142
763000 0.277676 0.303736 0.285345 0.866757
764000 0.28909 0.294844 0.286167 0.870101
765000 0.277506 0.289001 0.281296 0.847803
766000 0.275762 0.291277 0.283556 0.850595
767000 0.292175 0.311338 0.29398 0.897493
768000 0.27465 0.3025 0.299165 0.876314
769000 0.274166 0.308943 0.293628 0.876737
770000 0.283736 0.29671 0.289516 0.869961
771000 0.27317 0.290501 0.290753 0.854424
772000 0.282604 0.309184 0.29832 0.890108
773000 0.288319 0.303953 0.286298 0.87857
774000 0.283952 0.282799 0.287722 0.854473
775000 0.290745 0.305724 0.280859 0.877329
776000 0.2787 0.293453 0.294878 0.867031
777000 0.299582 0.306257 0.295005 0.900843
778000 0.289335 0.321869 0.290796 0.902
779000 0.286575 0.308577 0.285052 0.880204
780000 0.292949 0.32322 0.295226 0.911395
781000 0.285278 0.311163 0.297752 0.894193
782000 0.280798 0.3109 0.304382 0.89608
783000 0.29623 0.311906 0.301981 0.910117
784000 0.28612 0.298321 0.291206 0.875647
785000 0.276677 0.293641 0.283661 0.85398
786000 0.286935 0.306183 0.295922 0.889041
787000 0.299432 0.313691 0.291867 0.904991
788000 0.296491 0.302842 0.297949 0.897281
789000 0.295426 0.303024 0.294656 0.893106
790000 0.272101 0.303426 0.300197 0.875724
791000 0.293771 0.310837 0.300451 0.90506
792000 0.290209 0.305005 0.30832 0.903534
793000 0.283714 0.304598 0.303647 0.891959
794000 0.281043 0.304654 0.302305 0.888002
795000 0.288693 0.306512 0.29026 0.885465
796000 0.279352 0.310439 0.299918 0.889709
797000 0.279193 0.303066 0.300726 0.882985
798000 0.288119 0.316831 0.301505 0.906454
799000 0.271795 0.311787 0.290235 0.873817
800000 0.277228 0.306836 0.303735 0.887799
801000 0.289876 0.309894 0.293068 0.892838
802000 0.289306 0.312148 0.296759 0.898213
803000 0.294223 0.300844 0.310502 0.905569
804000 0.30193 0.310257 0.299767 0.911954
805000 0.280101 0.290205 0.306659 0.876965
806000 0.275396 0.301123 0.303895 0.880414
807000 0.277891 0.309204 0.304201 0.891296
808000 0.285948 0.297028 0.302838 0.885814
809000 0.292126 0.294069 0.29203 0.878226
810000 0.289599 0.310027 0.306326 0.905953
811000 0.27811 0.312216 0.308812 0.899138
812000 0.281929 0.315409 0.304851 0.902189
813000 0.301066 0.299434 0.309771 0.910271
814000 0.281405 0.299679 0.309319 0.890403
815000 0.290916 0.302231 0.297099 0.890246
816000 0.298539 0.298185 0.30639 0.903114
817000 0.29819 0.303444 0.306066 0.9077
818000 0.282499 0.298832 0.308248 0.88958
819000 0.295613 0.314458 0.316739 0.926809
820000 0.279693 0.297015 0.302227 0.878935
821000 0.275811 0.301471 0.294869 0.872152
822000 0.288104 0.311733 0.304532 0.904369
823000 0.28223 0.311938 0.310689 0.904857
824000 0.291401 0.298008 0.309244 0.898652
825000 0.289453 0.295787 0.312734 0.897974
826000 0.315357 0.31859 0.308813 0.94276
827000 0.290598 0.308819 0.299531 0.898948
828000 0.287707 0.310097 0.306723 0.904527
829000 0.299917 0.316097 0.303862 0.919877
830000 0.287311 0.317148 0.305672 0.910131
831000 0.294436 0.318985 0.306275 0.919697
832000 0.28214 0.303014 0.302207 0.887361
833000 0.293541 0.303895 0.303253 0.900689
834000 0.288005 0.308257 0.305334 0.901596
835000 0.295872 0.306465 0.317379 0.919715
836000 0.283069 0.289938 0.306161 0.879168
837000 0.301323 0.320943 0.321031 0.943297
838000 0.285327 0.306049 0.304983 0.896359
839000 0.290153 0.313216 0.317467 0.920836
840000 0.297893 0.321682 0.308007 0.927581
841000 0.295082 0.31156 0.313718 0.920359
842000 0.297319 0.319279 0.309772 0.92637
843000 0.294908 0.319757 0.311244 0.925909
844000 0.292269 0.325568 0.319774 0.937611
845000 0.29475 0.312333 0.305163 0.912246
846000 0.304668 0.33736 0.317435 0.959463
847000 0.296156 0.334528 0.301977 0.932661
848000 0.285472 0.327507 0.309403 0.922382
849000 0.30573 0.325879 0.308823 0.940432
850000 0.284891 0.335348 0.312319 0.932558
851000 0.283449 0.322402 0.321972 0.927824
852000 0.300562 0.340103 0.32351 0.964175
853000 0.279039 0.327557 0.301179 0.907775
854000 0.306311 0.339292 0.309773 0.955376
855000 0.303838 0.335523 0.304059 0.943419
856000 0.290849 0.320069 0.289961 0.900878
857000 0.294404 0.335939 0.312738 0.943082
858000 0.288802 0.331023 0.316433 0.936258
859000 0.308446 0.341206 0.32491 0.974562
860000 0.301472 0.351414 0.319402 0.972289
861000 0.293967 0.342967 0.316776 0.953709
862000 0.313791 0.34287 0.319787 0.976447
863000 0.28729 0.341154 0.319827 0.948272
864000 0.290615 0.325183 0.319001 0.934799
865000 0.300531 0.320151 0.313519 0.934201
866000 0.290259 0.319774 0.324648 0.934681
867000 0.296189 0.314416 0.317388 0.927993
868000 0.304916 0.330438 0.327566 0.962921
869000 0.295912 0.329279 0.3176 0.942791
870000 0.290682 0.317622 0.31545 0.923754
871000 0.312961 0.348269 0.324938 0.986169
872000 0.285309 0.324024 0.330097 0.939431
873000 0.300689 0.323696 0.311848 0.936233
874000 0.283846 0.333672 0.32928 0.946798
875000 0.287067 0.322638 0.334324 0.944029
876000 0.30865 0.322333 0.318131 0.949114
877000 0.295188 0.331901 0.334916 0.962005
878000 0.309121 0.325365 0.327351 0.961837
879000 0.300124 0.33997 0.31994 0.960035
880000 0.316736 0.334672 0.329232 0.98064
881000 0.292296 0.329606 0.328701 0.950602
882000 0.303265 0.34142 0.32288 0.967566
883000 0.297892 0.333874 0.330571 0.962338
884000 0.295255 0.335066 0.344018 0.974339
885000 0.301107 0.319994 0.325488 0.946589
886000 0.303305 0.328931 0.32828 0.960515
887000 0.304471 0.325539 0.32829 0.9583
888000 0.31168 0.343594 0.332217 0.987492
889000 0.285165 0.339292 0.336636 0.961093
890000 0.300864 0.324458 0.337599 0.96292
891000 0.32105 0.336733 0.338493 0.996276
892000 0.291169 0.32332 0.335474 0.949963
893000 0.311918 0.326962 0.321688 0.960567
894000 0.307733 0.331113 0.33691 0.975756
895000 0.286824 0.317728 0.334077 0.938629
896000 0.297748 0.345824 0.344473 0.988045
897000 0.295276 0.317409 0.33115 0.943834
898000 0.304129 0.328382 0.32414 0.956651
899000 0.306472 0.333045 0.33203 0.971547
900000 0.30097 0.330103 0.337739 0.968811
901000 0.305747 0.321189 0.315257 0.942193
902000 0.305534 0.324193 0.324045 0.953771
903000 0.293555 0.331861 0.329709 0.955125
904000 0.31344 0.328318 0.330766 0.972524
905000 0.30074 0.340547 0.333029 0.974316
906000 0.309354 0.333825 0.345456 0.988635
907000 0.305478 0.335211 0.336733 0.977422
908000 0.302224 0.327072 0.336832 0.966127
909000 0.304455 0.32744 0.335059 0.966954
910000 0.298662 0.331654 0.336918 0.967234
911000 0.295864 0.328386 0.327014 0.951264
912000 0.299296 0.331977 0.327289 0.958563
913000 0.312194 0.341081 0.32081 0.974085
914000 0.305898 0.335984 0.341961 0.983843
915000 0.290686 0.336069 0.340926 0.967682
916000 0.295987 0.323313 0.336358 0.955658
917000 0.316947 0.335706 0.338307 0.990961
918000 0.313775 0.31304 0.33061 0.957425
919000 0.303439 0.321303 0.328647 0.953389
920000 0.319452 0.352898 0.33263 1.00498
921000 0.301124 0.324451 0.319372 0.944947
922000 0.294357 0.324652 0.337439 0.956449
923000 0.294988 0.328616 0.331924 0.955528
924000 0.302138 0.330936 0.337842 0.970915
925000 0.302167 0.330068 0.329383 0.961618
926000 0.29261 0.326889 0.339492 0.95899
927000 0.32209 0.329607 0.33917 0.990867
928000 0.309736 0.322819 0.340034 0.97259
929000 0.30525 0.327676 0.333279 0.966205
930000 0.301434 0.310494 0.326962 0.938891
931000 0.299263 0.331631 0.341948 0.972842
932000 0.295306 0.335021 0.33942 0.969747
933000 0.293757 0.338104 0.339417 0.971278
934000 0.303433 0.331868 0.328753 0.964054
935000 0.310129 0.3259 0.333111 0.96914
936000 0.313905 0.336157 0.329565 0.979628
937000 0.313449 0.330676 0.330942 0.975067
938000 0.297202 0.324816 0.340728 0.962746
939000 0.310232 0.322781 0.337136 0.970148
940000 0.309056 0.346978 0.345124 1.00116
941000 0.297651 0.339355 0.341909 0.978915
942000 0.301229 0.320722 0.336505 0.958455
943000 0.310355 0.331925 0.32927 0.971551
944000 0.303623 0.332111 0.335367 0.971102
945000 0.302988 0.321334 0.333732 0.958054
946000 0.317767 0.325891 0.340235 0.983893
947000 0.30708 0.328323 0.326871 0.962273
948000 0.287565 0.326224 0.337752 0.951541
949000 0.314684 0.340727 0.351667 1.00708
950000 0.29515 0.322355 0.326463 0.943969
951000 0.306878 0.336274 0.34106 0.984212
952000 0.310983 0.321615 0.338854 0.971452
953000 0.315911 0.329403 0.335145 0.980459
954000 0.308966 0.319989 0.33577 0.964725
955000 0.319472 0.324091 0.33053 0.974094
956000 0.315743 0.331748 0.327471 0.974961
957000 0.300332 0.330982 0.32895 0.960263
958000 0.303422 0.333377 0.340335 0.977134
959000 0.298208 0.33017 0.351562 0.97994
960000 0.298668 0.335895 0.343333 0.977895
961000 0.304844 0.330338 0.340854 0.976036
962000 0.326827 0.326151 0.346223 0.9992
963000 0.355226 0.355065 0.348671 1.05896
964000 0.318506 0.335765 0.328944 0.983214
965000 0.317329 0.338929 0.332012 0.98827
966000 0.313477 0.324797 0.333332 0.971606
967000 0.305579 0.329599 0.341224 0.976402
968000 0.310502 0.341923 0.336516 0.988941
969000 0.321913 0.344013 0.331358 0.997284
970000 0.30383 0.335821 0.336594 0.976244
971000 0.305301 0.329818 0.33617 0.97129
972000 0.319295 0.334564 0.340731 0.99459
973000 0.305217 0.350757 0.34874 1.00471
974000 0.317165 0.350818 0.32926 0.997242
975000 0.30179 0.334377 0.339621 0.975787
976000 0.319891 0.334229 0.342778 0.996898
977000 0.311061 0.342418 0.330271 0.98375
978000 0.313508 0.341168 0.346437 1.00111
979000 0.319775 0.344586 0.333145 0.997507
980000 0.315787 0.329449 0.340007 0.985244
981000 0.327318 0.33374 0.348094 1.00915
982000 0.319882 0.333194 0.345597 0.998673
983000 0.315305 0.332068 0.338645 0.986018
984000 0.309301 0.329114 0.340942 0.979357
985000 0.324931 0.335454 0.345549 1.00593
986000 0.32037 0.340349 0.321911 0.982631
987000 0.313703 0.354723 0.334919 1.00334
988000 0.313372 0.341094 0.326362 0.980829
989000 0.315854 0.346126 0.333183 0.995163
990000 0.328846 0.328681 0.355461 1.01299
991000 0.309452 0.330258 0.35596 0.99567
992000 0.312715 0.343465 0.352354 1.00853
993000 0.313264 0.357201 0.341322 1.01179
994000 0.311757 0.344761 0.355157 1.01167
995000 0.34038 0.355558 0.348602 1.04454
996000 0.321579 0.34056 0.340554 1.00269
997000 0.328068 0.348821 0.338636 1.01552
998000 0.346889 0.331893 0.35127 1.03005
999000 0.340753 0.348122 0.333136 1.02201
1000000 0.335286 0.332123 0.346915 1.01432
1001000 0.324495 0.32547 0.347082 0.997048
1002000 0.319313 0.341097 0.353768 1.01418
1003000 0.323144 0.327159 0.342813 0.993116
1004000 0.335124 0.338072 0.350794 1.02399
1005000 0.311006 0.336944 0.33308 0.98103
1006000 0.337087 0.340756 0.335158 1.013
1007000 0.317171 0.336607 0.340668 0.994445
1008000 0.315028 0.33966 0.342853 0.997541
1009000 0.322722 0.337878 0.348118 1.00872
1010000 0.314865 0.342302 0.355073 1.01224
1011000 0.300984 0.336235 0.360265 0.997483
1012000 0.317165 0.337066 0.349268 1.0035
1013000 0.33061 0.339991 0.349618 1.02022
1014000 0.32032 0.335581 0.344164 1.00007
1015000 0.318735 0.326659 0.350085 0.995479
1016000 0.329325 0.325139 0.331647 0.986111
1017000 0.329608 0.336923 0.339578 1.00611
1018000 0.328317 0.335099 0.334081 0.997497
1019000 0.323584 0.331355 0.34672 1.00166
1020000 0.320645 0.34922 0.347034 1.0169
1021000 0.305196 0.333727 0.336825 0.975748
1022000 0.312052 0.348801 0.340894 1.00175
1023000 0.319743 0.346989 0.346804 1.01354
1024000 0.319824 0.332273 0.344255 0.996352
1025000 0.326631 0.343735 0.340429 1.01079
1026000 0.327068 0.335178 0.33671 0.998956
1027000 0.333134 0.344915 0.334343 1.01239
1028000 0.321322 0.32924 0.340551 0.991113
1029000 0.321506 0.340696 0.339795 1.002
1030000 0.318529 0.347181 0.344664 1.01037
