 #  Elapsed Time    Sqr Displ.      Sqr Displ.     Sqr Displ.  KMC step
 #  ************    ***Total***       Atom Ni        Atom NiV  ********
  0.00000000E+00      0.0000000      0.0000000      0.0000000         0
  0.10331138E-11      6.0218586      6.0217066      0.0001520         1
  0.20401330E-11     12.2723822     12.2719234      0.0004588         2
  0.70029778E-11     18.4208199     18.4200347      0.0007853         3
  0.11922797E-10     12.2723846     12.2719258      0.0004588         4
  0.17495094E-10     18.3646417     18.3638163      0.0008254         5
  0.18318427E-10     24.5559319     24.5541298      0.0018021         6
  0.25492644E-10     18.3651232     18.3642973      0.0008259         7
  0.26302302E-10     24.5296403     24.5272204      0.0024198         8
  0.33593411E-10     30.6919363     30.6897649      0.0021714         9
  0.37064722E-10     36.9297366     36.9267956      0.0029411        10
  0.37889889E-10     43.1244304     43.1217418      0.0026886        11
  0.51676988E-10     49.3619900     49.3605621      0.0014279        12
  0.52954165E-10     55.4714766     55.4681557      0.0033209        13
  0.56116652E-10     61.6707640     61.6646532      0.0061108        14
  0.64741783E-10     67.8808444     67.8735872      0.0072571        15
  0.67670730E-10     74.0037088     73.9967838      0.0069251        16
  0.69147123E-10     80.2488687     80.2424142      0.0064545        17
  0.74046091E-10     86.4848907     86.4795403      0.0053504        18
  0.94313777E-10     92.5276192     92.5213805      0.0062387        19
  0.98179537E-10     98.9513695     98.9473601      0.0040093        20
  0.10311981E-09    105.1627382    105.1597364      0.0030018        21
  0.10427239E-09    111.3312222    111.3279916      0.0032306        22
  0.10519608E-09    117.4167743    117.4150670      0.0017072        23
  0.10538335E-09    117.4832029    117.4803720      0.0028308        24
  0.10601975E-09    123.7438606    123.7419503      0.0019103        25
  0.10681699E-09    135.9129673    135.9113394      0.0016279        26
  0.10997775E-09    130.0843131    130.0815015      0.0028116        27
  0.11827411E-09    135.9125010    135.9108732      0.0016278        28
  0.12260597E-09    142.3274988    142.3264466      0.0010522        29
  0.13113570E-09    142.2734140    142.2710681      0.0023458        30
  0.13350690E-09    148.2625721    148.2577007      0.0048714        31
  0.14169266E-09    154.3681381    154.3603820      0.0077561        32
  0.14475362E-09    154.4964076    154.4904572      0.0059504        33
  0.14526912E-09    160.7332906    160.7244729      0.0088177        34
  0.15789346E-09    154.4971856    154.4912342      0.0059514        35
  0.15849254E-09    160.7637747    160.7564924      0.0072823        36
  0.16054382E-09    166.9667966    166.9613343      0.0054623        37
  0.16183611E-09    173.1993669    173.1933817      0.0059852        38
  0.16203242E-09    179.3954169    179.3910962      0.0043207        39
  0.16438630E-09    179.2734462    179.2681028      0.0053434        40
  0.16750235E-09    179.3954185    179.3910978      0.0043207        41
  0.17875610E-09    185.6217001    185.6177083      0.0039918        42
  0.19094147E-09    191.7454588    191.7413468      0.0041120        43
  0.19789195E-09    198.0298647    198.0248540      0.0050107        44
  0.21499285E-09    204.2154033    204.2091598      0.0062435        45
  0.22357734E-09    210.3640800    210.3575099      0.0065701        46
  0.22474644E-09    216.5396474    216.5320256      0.0076218        47
  0.23175832E-09    222.6964644    222.6869430      0.0095214        48
  0.23255485E-09    228.9797445    228.9684932      0.0112513        49
  0.23600171E-09    235.0694761    235.0566358      0.0128403        50
  0.23684341E-09    241.2962301    241.2827025      0.0135276        51
  0.24195233E-09    247.4457144    247.4278861      0.0178283        52
  0.24884468E-09    241.2954467    241.2819242      0.0135225        53
  0.25430121E-09    247.5226153    247.5066867      0.0159285        54
  0.26129167E-09    253.7175192    253.7020511      0.0154681        55
  0.26250792E-09    259.9186066    259.9027092      0.0158974        56
  0.26549077E-09    266.1041037    266.0875907      0.0165129        57
  0.26596227E-09    272.2413864    272.2226490      0.0187374        58
  0.28331366E-09    278.3532975    278.3321885      0.0211090        59
  0.28334806E-09    284.6089329    284.5858260      0.0231069        60
  0.28920178E-09    290.7805414    290.7547672      0.0257742        61
  0.29289806E-09    297.0042239    296.9831781      0.0210458        62
  0.30451998E-09    303.2535884    303.2344354      0.0191531        63
  0.30816253E-09    309.4067473    309.3847287      0.0220186        64
  0.31058805E-09    321.7372505    321.7138738      0.0233767        65
  0.31958586E-09    327.9574533    327.9277041      0.0297492        66
  0.32700708E-09    334.1943966    334.1634664      0.0309302        67
  0.32911415E-09    327.9574555    327.9277063      0.0297492        68
  0.33196873E-09    340.3833359    340.3562371      0.0270988        69
  0.33600909E-09    346.4808954    346.4482470      0.0326484        70
  0.34184996E-09    352.5450146    352.5045372      0.0404775        71
  0.34766175E-09    358.6643393    358.6198483      0.0444910        72
  0.35090044E-09    364.8375995    364.7943426      0.0432569        73
  0.35668659E-09    371.1206166    371.0712685      0.0493481        74
  0.35725197E-09    377.2188438    377.1661748      0.0526690        75
  0.37295711E-09    383.5349352    383.4840571      0.0508781        76
  0.37397930E-09    389.7475364    389.6981506      0.0493858        77
  0.38323103E-09    395.9865417    395.9441749      0.0423669        78
  0.38612139E-09    402.0966419    402.0511281      0.0455138        79
  0.40010129E-09    408.3991387    408.3571442      0.0419945        80
  0.40420060E-09    414.7643005    414.7262349      0.0380656        81
  0.40671775E-09    420.9685536    420.9347892      0.0337643        82
  0.41003799E-09    426.9719923    426.9362752      0.0357171        83
  0.41388056E-09    420.9685515    420.9347872      0.0337643        84
  0.41653657E-09    426.8742625    426.8357528      0.0385098        85
  0.41697530E-09    433.3648721    433.3310074      0.0338647        86
  0.42304680E-09    439.3268623    439.2942196      0.0326427        87
  0.42696851E-09    445.6149982    445.5838815      0.0311167        88
  0.43074590E-09    451.7404686    451.7108523      0.0296164        89
  0.43145526E-09    451.7123305    451.6817166      0.0306139        90
  0.43762868E-09    458.0644467    458.0350864      0.0293603        91
  0.44830733E-09    457.9346036    457.9097722      0.0248314        92
  0.45223630E-09    464.3067602    464.2846969      0.0220634        93
  0.46445648E-09    470.5929523    470.5734751      0.0194772        94
  0.46680671E-09    476.7841558    476.7605578      0.0235981        95
  0.47100167E-09    482.9861213    482.9568855      0.0292359        96
  0.47613210E-09    489.1589860    489.1331624      0.0258236        97
  0.48146715E-09    495.0588597    495.0301654      0.0286943        98
  0.48221538E-09    489.1589799    489.1331563      0.0258236        99
  0.48332404E-09    495.2178288    495.1900897      0.0277391       100
  0.49578037E-09    495.2773448    495.2533242      0.0240206       101
  0.49645084E-09    501.7376070    501.7114063      0.0262008       102
  0.49918630E-09    507.9650885    507.9459461      0.0191424       103
  0.50419464E-09    514.1738816    514.1553326      0.0185490       104
  0.51436508E-09    520.3797122    520.3634458      0.0162664       105
  0.52322445E-09    526.6385999    526.6178734      0.0207264       106
  0.53115711E-09    532.6421142    532.6182817      0.0238325       107
  0.53346266E-09    538.8442044    538.8133881      0.0308163       108
  0.53648685E-09    544.9164262    538.8501012      6.0663250       109
  0.53753032E-09    551.0834309    544.9567168      6.1267142       110
  0.53759055E-09    557.2597017    551.0722043      6.1874974       111
  0.54413763E-09    563.4617861    557.2855978      6.1761883       112
  0.54536502E-09    569.2830776    557.1660151     12.1170625       113
  0.54555009E-09    563.4617727    557.2855869      6.1761858       114
  0.54814484E-09    569.4306559    557.2636689     12.1669869       115
  0.54947443E-09    563.4617600    557.2855767      6.1761834       116
  0.55053717E-09    569.6119478    563.4638923      6.1480555       117
  0.55109983E-09    575.7418542    569.6153794      6.1264748       118
  0.55143339E-09    581.9862045    569.7873168     12.1988877       119
  0.55389354E-09    588.0001429    569.9102454     18.0898976       120
  0.55464169E-09    581.9861531    569.7872553     12.1988978       121
  0.55568735E-09    588.0001450    569.9102476     18.0898975       122
  0.55581404E-09    599.9079907    581.7064249     18.2015658       123
  0.55853287E-09    588.0001087    569.9102279     18.0898808       124
  0.55887456E-09    581.9153793    569.7102652     12.2051141       125
  0.55983457E-09    588.0001108    569.9102302     18.0898807       126
  0.56289531E-09    581.9153574    569.7102451     12.2051123       127
  0.56293304E-09    588.0188145    569.8620206     18.1567939       128
  0.56297162E-09    594.1327255    569.7903125     24.3424129       129
  0.56301843E-09    600.0195800    569.8371839     30.1823961       130
  0.56516858E-09    594.1327141    569.7902564     24.3424577       131
  0.56676844E-09    588.0238737    569.8685206     18.1553531       132
  0.56763164E-09    594.1326368    569.7901666     24.3424702       133
  0.56854374E-09    600.0105043    569.7313800     30.2791243       134
  0.57038553E-09    594.1325334    569.7901110     24.3424225       135
  0.57292865E-09    600.2488326    569.9055971     30.3432356       136
  0.57311009E-09    606.2824211    569.9737286     36.3086925       137
  0.57321787E-09    612.8500223    576.2208958     36.6291265       138
  0.57339205E-09    618.9715531    582.3010285     36.6705246       139
  0.57471997E-09    625.1193190    588.3933531     36.7259658       140
  0.57486659E-09    631.0657177    588.3813652     42.6843524       141
  0.57717965E-09    625.1193222    588.3933577     36.7259645       142
  0.57887979E-09    637.3597096    588.5062724     48.8534372       143
  0.58112139E-09    643.1092437    588.4561786     54.6530651       144
  0.58198727E-09    637.3598177    588.5063604     48.8534573       145
  0.59260433E-09    643.1092530    588.4561802     54.6530728       146
  0.59506691E-09    649.5633835    588.4583913     61.1049922       147
  0.59661651E-09    643.1092892    588.4562564     54.6530328       148
  0.59921490E-09    637.4703875    588.5732134     48.8971741       149
  0.60053826E-09    637.3374789    588.6564976     48.6809813       150
  0.60059235E-09    637.4704222    588.5731969     48.8972253       151
  0.61211813E-09    643.8916991    588.6981023     55.1935968       152
  0.61307719E-09    637.4704970    588.5732080     48.8972890       153
  0.63040083E-09    643.1532259    588.4922554     54.6609705       154
  0.63159679E-09    649.5770241    588.4720011     61.1050230       155
  0.63161542E-09    643.1532621    588.4923314     54.6609307       156
  0.63304875E-09    649.5770312    588.4720053     61.1050259       157
  0.63342697E-09    643.1532983    588.4924073     54.6608911       158
  0.63620636E-09    637.4807299    588.5818034     48.8989265       159
  0.64226618E-09    643.1533066    588.4924080     54.6608985       160
  0.64774334E-09    637.4808456    588.5818888     48.8989568       161
  0.65874386E-09    649.8407191    588.5422090     61.2985100       162
  0.66302880E-09    656.0284094    588.5715976     67.4568118       163
  0.66339045E-09    649.8407247    588.5422573     61.2984674       164
  0.72120641E-09    662.0100195    601.0800186     60.9300009       165
  0.72120884E-09    680.1244680    619.0459278     61.0785401       166
  0.72160861E-09    674.3188544    619.1471501     55.1717043       167
  0.72183271E-09    680.1601026    619.0545963     61.1055063       168
  0.72268520E-09    686.4432734    619.0591364     67.3841370       169
  0.72274231E-09    668.1350184    600.6884794     67.4465390       170
  0.72956358E-09    673.8582508    600.4806220     73.3776288       171
  0.72969260E-09    668.1349381    600.6884759     67.4464622       172
  0.75164289E-09    674.2508864    600.7611496     73.4897367       173
  0.75250039E-09    668.1349766    600.6884883     67.4464883       174
  0.77305991E-09    674.2508908    600.7611479     73.4897429       175
  0.77308809E-09    668.1350151    600.6885007     67.4465144       176
  0.79390291E-09    674.2508953    600.7611462     73.4897490       177
  0.79428924E-09    668.1350535    600.6885130     67.4465405       178
  0.79747255E-09    674.2508997    600.7611445     73.4897552       179
  0.79803862E-09    668.1350920    600.6885254     67.4465666       180
  0.84799139E-09    673.8582640    600.4806293     73.3776347       181
  0.84834238E-09    668.1350117    600.6885220     67.4464898       182
  0.86700285E-09    674.2508758    600.7611444     73.4897314       183
  0.86721542E-09    668.1350502    600.6885343     67.4465159       184
  0.87836118E-09    674.2508803    600.7611427     73.4897376       185
  0.87851243E-09    668.1351002    600.6885495     67.4465507       186
  0.90739806E-09    674.2508848    600.7611410     73.4897437       187
  0.90744838E-09    668.1351890    600.6885741     67.4466148       188
  0.91133281E-09    674.2508892    600.7611393     73.4897499       189
  0.91134923E-09    668.1352762    600.6885981     67.4466781       190
  0.91372623E-09    674.2508937    600.7611377     73.4897560       191
  0.91382782E-09    668.1353619    600.6886214     67.4467405       192
  0.91398454E-09    674.2508981    600.7611360     73.4897622       193
  0.91420036E-09    668.1354597    600.6886470     67.4468127       194
  0.92591822E-09    674.2509026    600.7611343     73.4897683       195
  0.92611018E-09    668.1355423    600.6886689     67.4468734       196
  0.92819350E-09    668.0229042    600.9720521     67.0508521       197
  0.92859366E-09    668.1355137    600.6886622     67.4468516       198
  0.95101498E-09    674.2509158    600.7611433     73.4897725       199
  0.95122803E-09    668.1356066    600.6886860     67.4469206       200
  0.95519703E-09    674.2509202    600.7611416     73.4897787       201
  0.95612226E-09    668.1356976    600.6887088     67.4469888       202
  0.97058386E-09    674.2509247    600.7611399     73.4897848       203
  0.97058508E-09    668.1357867    600.6887306     67.4470561       204
  0.98861627E-09    668.0228974    600.9720195     67.0508779       205
  0.98871086E-09    674.3118090    601.1132258     73.1985833       206
  0.98871618E-09    692.3194693    619.0441341     73.2753352       207
  0.99013624E-09    674.3118058    601.1132223     73.1985836       208
  0.99019069E-09    697.3355325    624.2029724     73.1325601       209
  0.99039322E-09    674.3117482    601.1131958     73.1985524       210
  0.99080287E-09    692.3193969    619.0441039     73.2752930       211
  0.99236527E-09    674.3117451    601.1131924     73.1985527       212
  0.99251729E-09    692.3195001    619.0440268     73.2754734       213
  0.99494482E-09    698.1395019    619.1456462     78.9938557       214
  0.99537722E-09    692.3195450    619.0440697     73.2754753       215
  0.99789643E-09    698.1395063    619.1456481     78.9938582       216
  0.99800918E-09    704.9521306    619.3462299     85.6059008       217
  0.10012386E-08    697.8824757    619.4654036     78.4170720       218
  0.10014211E-08    691.7848405    619.4918042     72.2930363       219
  0.10015245E-08    697.8824951    619.4653906     78.4171045       220
  0.10020629E-08    686.4835467    619.1522411     67.3313056       221
  0.10024729E-08    692.3198044    619.0539250     73.2658794       222
  0.10039804E-08    686.4835471    619.1522405     67.3313065       223
  0.10042377E-08    692.3198022    619.0539669     73.2658353       224
  0.10085433E-08    686.4835474    619.1522400     67.3313075       225
  0.10088092E-08    680.1648147    619.0674045     61.0974102       226
  0.10089486E-08    686.4835616    619.1523967     67.3311649       227
  0.10090058E-08    692.3208109    619.0544606     73.2663503       228
  0.10096889E-08    698.2399619    618.9311436     79.3088183       229
  0.10105200E-08    698.6490211    619.0180443     79.6309768       230
  0.10115400E-08    705.2007112    625.3424945     79.8582167       231
  0.10128540E-08    698.6490198    619.0180443     79.6309755       232
  0.10128780E-08    704.9508793    619.0007350     85.9501443       233
  0.10131811E-08    710.9873538    619.0919703     91.8953835       234
  0.10147187E-08    692.6717272    600.7999646     91.8717626       235
  0.10289045E-08    710.9873532    619.0919730     91.8953802       236
  0.10334350E-08    692.6716991    600.7999136     91.8717855       237
  0.10383642E-08    710.9873526    619.0919757     91.8953768       238
  0.10383891E-08    692.6743525    600.7999842     91.8743683       239
  0.10771938E-08    710.9873519    619.0919784     91.8953735       240
  0.10779704E-08    692.6743244    600.7999332     91.8743912       241
  0.10846664E-08    698.6568901    600.8537303     97.8031598       242
  0.10848209E-08    705.0209293    606.9670181     98.0539113       243
  0.10894471E-08    716.8931197    607.0482878    109.8448319       244
  0.10917301E-08    705.0210289    606.9670147     98.0540142       245
  0.10917656E-08    711.1270912    607.2178760    103.9092152       246
  0.10920837E-08    705.0210313    606.9670691     98.0539622       247
  0.10925302E-08    716.8931264    607.0482889    109.8448375       248
  0.10927711E-08    705.0211238    606.9670718     98.0540521       249
  0.10962519E-08    698.7328211    607.1112446     91.6215765       250
  0.10963360E-08    705.0211664    606.9671002     98.0540662       251
  0.11010257E-08    716.8930817    607.0482610    109.8448207       252
  0.11033212E-08    705.0212537    606.9671060     98.0541477       253
  0.11071765E-08    716.8930895    607.0482614    109.8448281       254
  0.11072527E-08    705.0213348    606.9671165     98.0542183       255
  0.11118985E-08    716.8930973    607.0482617    109.8448356       256
  0.11123144E-08    705.0214080    606.9671334     98.0542746       257
  0.11145559E-08    711.1271099    607.2178771    103.9092327       258
  0.11146680E-08    705.0214106    606.9671608     98.0542498       259
  0.11147560E-08    716.8931560    607.0483061    109.8448499       260
  0.11164598E-08    705.0214829    606.9671780     98.0543050       261
  0.11246261E-08    716.8931638    607.0483064    109.8448574       262
  0.11246830E-08    705.0215457    606.9672035     98.0543421       263
  0.11247594E-08    716.8931716    607.0483068    109.8448648       264
  0.11250702E-08    705.0216176    606.9672227     98.0543949       265
  0.11276202E-08    698.7329042    607.1113048     91.6215993       266
  0.11279253E-08    705.0216528    606.9672570     98.0543957       267
  0.11341369E-08    711.1271958    607.2179281    103.9092677       268
  0.11343036E-08    705.0216545    606.9672850     98.0543695       269
  0.11374226E-08    716.8932400    607.0483717    109.8448684       270
  0.11376256E-08    705.0217159    606.9673108     98.0544051       271
  0.11431767E-08    711.1272379    607.2179682    103.9092697       272
  0.11446779E-08    705.0217155    606.9673406     98.0543748       273
  0.11454759E-08    698.7329283    607.1113244     91.6216039       274
  0.11462084E-08    704.7989916    607.0589958     97.7399958       275
  0.11497326E-08    698.7329285    607.1113246     91.6216039       276
  0.11552181E-08    705.0992722    607.0470086     98.0522636       277
  0.11594164E-08    711.1593048    607.2535230    103.9057817       278
  0.11595122E-08    705.0992776    607.0470358     98.0522418       279
  0.11652274E-08    716.9150607    607.0797568    109.8353040       280
  0.11654078E-08    722.9143087    607.1979117    115.7163970       281
  0.11668086E-08    729.0494350    607.1183478    121.9310872       282
  0.11672966E-08    735.2334793    612.9914890    122.2419904       283
  0.11673137E-08    741.7886158    619.4900584    122.2985574       284
  0.11676691E-08    753.7958466    619.7015296    134.0943170       285
  0.11676992E-08    741.7886230    619.4900640    122.2985590       286
  0.11677824E-08    747.5957087    619.4204010    128.1753077       287
  0.11679107E-08    753.4319749    619.4676242    133.9643507       288
  0.11682110E-08    760.0585514    619.7368121    140.3217393       289
  0.11683909E-08    772.5743550    619.5766967    152.9976583       290
  0.11693313E-08    760.0585535    619.7368126    140.3217409       291
  0.11702363E-08    765.7519566    619.6187935    146.1331631       292
  0.11710190E-08    772.1755208    619.6927652    152.4827555       293
  0.11713685E-08    765.7518780    619.6188438    146.1330342       294
  0.11717433E-08    765.6000541    619.4827652    146.1172889       295
  0.11718476E-08    772.2306158    619.6094542    152.6211616       296
  0.11730072E-08    802.4886137    649.7028566    152.7857570       297
  0.11733158E-08    772.2306306    619.6094664    152.6211642       298
  0.11748374E-08    778.7736298    619.8762843    158.8973455       299
  0.11754749E-08    789.6251378    630.4522043    159.1729335       300
  0.11755107E-08    796.0729894    630.4463546    165.6266347       301
  0.11760220E-08    785.6124482    621.0123803    164.6000679       302
  0.11762578E-08    791.0856065    620.4103502    170.6752563       303
  0.11763223E-08    815.7409904    643.8123747    171.9286157       304
  0.11767086E-08    821.6745525    643.9518599    177.7226926       305
  0.11807794E-08    815.7405903    643.8120133    171.9285771       306
  0.11824442E-08    809.3005169    643.9473055    165.3532114       307
  0.11829204E-08    815.7405961    643.8120189    171.9285772       308
  0.11837297E-08    809.1405144    643.9788712    165.1616433       309
  0.11844425E-08    815.1299880    644.0801581    171.0498299       310
  0.11849528E-08    802.7392799    644.0608042    158.6784757       311
  0.11862108E-08    815.1299970    644.0801585    171.0498385       312
  0.11873678E-08    821.8008975    643.9540736    177.8468240       313
  0.11878953E-08    808.9460481    643.9887422    164.9573058       314
  0.11879670E-08    802.6857674    644.0018836    158.6838838       315
  0.11885638E-08    814.3955275    655.3135238    159.0820037       316
  0.11886644E-08    802.6860543    644.0020392    158.6840150       317
  0.11890281E-08    808.8442849    643.8986121    164.9456728       318
  0.11891248E-08    808.4136133    643.9817032    164.4319101       319
  0.11911174E-08    814.6118924    644.2571357    170.3547567       320
  0.11916526E-08    808.4135889    643.9817761    164.4318128       321
  0.11917207E-08    802.1021770    643.9774857    158.1246913       322
  0.11918407E-08    808.4134429    643.9816846    164.4317583       323
  0.11954819E-08    826.7647384    643.8317156    182.9330229       324
  0.11981990E-08    820.7566766    643.8104891    176.9461876       325
  0.12020620E-08    832.7233837    643.7714254    188.9519583       326
  0.12025534E-08    845.5112617    655.9309051    189.5803566       327
  0.12047733E-08    839.1331117    655.7918653    183.3412464       328
  0.12049675E-08    845.5111574    655.9309015    189.5802559       329
  0.12059870E-08    856.7140150    655.8160630    200.8979520       330
  0.12062076E-08    850.6843560    655.7272186    194.9571374       331
  0.12067210E-08    838.8424329    644.0830883    194.7593446       332
  0.12068087E-08    833.4944521    644.1765035    189.3179486       333
  0.12076610E-08    845.0583295    655.7467669    189.3115625       334
  0.12079981E-08    833.4945107    644.1766058    189.3179049       335
  0.12084529E-08    827.3334535    643.9964149    183.3370386       336
  0.12093068E-08    845.2705645    643.7871445    201.4834200       337
  0.12119368E-08    851.5101634    643.7263175    207.7838459       338
  0.12121211E-08    863.6846584    656.2712170    207.4134414       339
  0.12122144E-08    882.9361408    656.7163469    226.2197939       340
  0.12122878E-08    889.5548457    656.9131822    232.6416634       341
  0.12123804E-08    914.0992713    680.4074839    233.6917874       342
  0.12124121E-08    931.0782368    680.0253806    251.0528562       343
  0.12124446E-08    942.9517265    691.7102638    251.2414628       344
  0.12132547E-08    907.8941364    656.3312320    251.5629044       345
  0.12167959E-08    895.1565768    643.3347950    251.8217818       346
  0.12168314E-08    907.8941125    656.3313216    251.5627909       347
  0.12182773E-08    943.0039500    691.7239063    251.2800436       348
  0.12194815E-08    949.0270683    691.9620675    257.0650008       349
  0.12198119E-08    943.0040179    691.7239223    251.2800956       350
  0.12212434E-08    938.0830285    692.6656074    245.4174211       351
  0.12213795E-08    943.8959379    692.6083027    251.2876352       352
  0.12216238E-08    949.0374005    691.6710799    257.3663206       353
  0.12218978E-08    931.0388859    673.7699304    257.2689555       354
  0.12230160E-08    930.8662513    673.6707096    257.1955418       355
  0.12233951E-08    895.7611571    638.2398494    257.5213078       356
  0.12234827E-08    914.5964313    638.4096143    276.1868170       357
  0.12237169E-08    895.7609956    638.2398751    257.5211205       358
  0.12248924E-08    930.8714734    673.6429752    257.2284983       359
  0.12251722E-08    920.0100051    674.2379743    245.7720308       360
  0.12301161E-08    913.5634608    674.3788443    239.1846165       361
  0.12303824E-08    920.0163408    674.3640645    245.6522763       362
  0.12319665E-08    913.5634440    674.3788583    239.1845856       363
  0.12328187E-08    920.0413611    674.2806964    245.7606647       364
  0.12377161E-08    913.5634399    674.3788590    239.1845809       365
  0.12380777E-08    920.0163471    674.3640672    245.6522799       366
  0.12383626E-08    913.5634230    674.3788729    239.1845501       367
  0.12389654E-08    920.0163485    674.3640653    245.6522833       368
  0.12394912E-08    913.5634062    674.3788869    239.1845193       369
  0.12395262E-08    920.0413790    674.2806993    245.7606797       370
  0.12486948E-08    930.8734913    673.7138005    257.1596907       371
  0.12492482E-08    948.9929591    673.8468072    275.1461519       372
  0.12493635E-08    930.8735009    673.7138010    257.1596999       373
  0.12494391E-08    948.9932166    673.8467504    275.1464662       374
  0.12513848E-08    937.8487771    673.8011616    264.0476155       375
  0.12516768E-08    948.9931181    673.8467106    275.1464075       376
  0.12520973E-08    932.1505130    673.7183080    258.4322050       377
  0.12524632E-08    938.1398736    673.8319459    264.3079276       378
  0.12524764E-08    954.9255804    673.8497803    281.0758001       379
  0.12524894E-08    960.7877307    673.9752740    286.8124566       380
  0.12526284E-08    979.4387843    674.0344047    305.4043797       381
  0.12529365E-08    944.3667304    638.4894413    305.8772892       382
  0.12533739E-08    979.4387979    674.0344054    305.4043925       383
  0.12536337E-08    944.3664895    638.4893531    305.8771365       384
  0.12550258E-08    950.1278010    638.5261558    311.6016452       385
  0.12558696E-08    955.7797906    638.0901459    317.6896447       386
  0.12564018E-08    962.2836269    638.2409150    324.0427120       387
  0.12566464E-08    968.2635969    638.2581671    330.0054298       388
  0.12567879E-08    979.7674842    649.8822364    329.8852478       389
  0.12572845E-08    979.6607961    649.9791489    329.6816472       390
  0.12578910E-08    979.7675620    649.8822703    329.8852917       391
  0.12580362E-08    968.2482723    638.2319778    330.0162945       392
  0.12600614E-08    979.7675565    649.8823431    329.8852134       393
  0.12606894E-08    973.9662174    644.0960297    329.8701877       394
  0.12622484E-08    991.5482656    644.1087654    347.4395001       395
  0.12622734E-08    998.0621269    644.2161420    353.8459849       396
  0.12700250E-08   1016.6666471    644.5016432    372.1650040       397
  0.12704904E-08    998.0618568    644.2159681    353.8458887       398
  0.12718826E-08   1016.6666458    644.5016431    372.1650027       399
  0.12741747E-08    998.0615867    644.2157942    353.8457925       400
  0.12742436E-08   1035.1856298    674.9852627    360.2003671       401
  0.12772396E-08   1047.4723163    674.8659581    372.6063581       402
  0.12782003E-08   1065.1151341    674.8926965    390.2224377       403
  0.12785660E-08   1071.7317897    674.8911827    396.8406071       404
  0.12789659E-08   1089.5532880    675.3433489    414.2099391       405
  0.12802903E-08   1071.7317948    674.8911863    396.8406086       406
  0.12803063E-08   1064.9000563    674.7916909    390.1083654       407
  0.12805704E-08   1047.6319074    674.9348515    372.6970560       408
  0.12806917E-08   1035.0933418    674.9522567    360.1410851       409
  0.12825733E-08   1041.4230914    675.2428292    366.1802622       410
  0.12832743E-08   1053.7231602    675.0950456    378.6281146       411
  0.12834884E-08   1090.2738817    711.5961351    378.6777467       412
  0.12835891E-08   1095.8990567    717.5055625    378.3934941       413
  0.12845144E-08   1102.6135268    718.2291801    384.3843467       414
  0.12851116E-08   1095.8989568    717.5056304    378.3933264       415
  0.12856576E-08   1090.3745481    711.6889735    378.6855746       416
  0.12863103E-08   1095.8989700    717.5056424    378.3933276       417
  0.12870557E-08   1102.4661948    723.7014537    378.7647411       418
  0.12871171E-08   1095.8990294    717.5057151    378.3933142       419
  0.12877194E-08   1090.3744648    711.6888957    378.6855691       420
  0.12895598E-08   1095.8990425    717.5057270    378.3933155       421
  0.12921759E-08   1090.3745149    711.6889604    378.6855545       422
  0.12937771E-08   1095.8990556    717.5057389    378.3933167       423
  0.12942776E-08   1090.3745650    711.6890251    378.6855398       424
  0.12969227E-08   1095.8990688    717.5057508    378.3933179       425
  0.12974749E-08   1090.3746152    711.6890901    378.6855252       426
  0.12975239E-08   1095.8990819    717.5057627    378.3933192       427
  0.12995414E-08   1090.3746653    711.6891548    378.6855105       428
  0.13004841E-08   1095.8990950    717.5057746    378.3933204       429
  0.13009266E-08   1090.3749579    711.6895003    378.6854576       430
  0.13029523E-08   1095.8991081    717.5057864    378.3933216       431
  0.13035216E-08   1102.6134954    718.2291519    384.3843435       432
  0.13036849E-08   1095.8990082    717.5058545    378.3931537       433
  0.13039401E-08   1090.3745014    711.6889555    378.6855459       434
  0.13053420E-08   1095.8990213    717.5058662    378.3931551       435
  0.13054360E-08   1090.3745515    711.6890202    378.6855313       436
  0.13064303E-08   1095.8990345    717.5058780    378.3931565       437
  0.13072566E-08   1102.6135269    718.2291769    384.3843500       438
  0.13078838E-08   1095.8990160    717.5060189    378.3929971       439
  0.13082579E-08   1090.3745756    711.6889728    378.6856027       440
  0.13084540E-08   1053.8167697    675.1530231    378.6637467       441
  0.13085445E-08   1071.4345761    675.1602241    396.2743520       442
  0.13088131E-08   1053.8168216    675.1530152    378.6638064       443
  0.13106840E-08   1090.3549618    711.6549372    378.7000245       444
  0.13113434E-08   1096.8808044    717.8434703    379.0373340       445
  0.13128637E-08   1102.5681030    723.8588441    378.7092589       446
  0.13147749E-08   1108.3015735    723.8850528    384.4165207       447
  0.13148143E-08   1114.7907174    730.0651535    384.7255639       448
  0.13152311E-08   1145.4921891    729.8268819    415.6653072       449
  0.13165261E-08   1163.7169705    729.9275477    433.7894227       450
  0.13165926E-08   1146.0329956    729.9618072    416.0711884       451
  0.13171161E-08   1163.7170926    729.9280311    433.7890616       452
  0.13198887E-08   1146.0329989    729.9618059    416.0711930       453
  0.13202200E-08   1163.7169734    729.9280253    433.7889481       454
  0.13221911E-08   1146.0330022    729.9618046    416.0711976       455
  0.13236583E-08   1163.7169224    729.9282526    433.7886698       456
  0.13244683E-08   1183.0102591    730.0835063    452.9267528       457
  0.13247122E-08   1163.7170047    729.9281994    433.7888053       458
  0.13264972E-08   1175.5630121    741.2850221    434.2779900       459
  0.13282748E-08   1180.8006597    741.2034164    439.5972434       460
  0.13284108E-08   1175.3177536    734.7735475    440.5442061       461
  0.13285715E-08   1163.2169808    723.3448824    439.8720984       462
  0.13299843E-08   1169.3439167    723.5534929    445.7904238       463
  0.13323390E-08   1151.4593881    723.4717057    427.9876824       464
  0.13324447E-08   1169.3442332    723.5533541    445.7908791       465
  0.13342637E-08   1151.4593923    723.4717052    427.9876872       466
  0.13349164E-08   1169.3445715    723.5532127    445.7913588       467
  0.13359841E-08   1168.9271657    722.8526747    446.0744911       468
  0.13363682E-08   1151.1754268    722.8952198    428.2802071       469
  0.13370297E-08   1168.9269481    722.8526178    446.0743303       470
  0.13404238E-08   1151.1754310    722.8952193    428.2802117       471
  0.13411198E-08   1168.9267911    722.8525851    446.0742060       472
  0.13415958E-08   1151.1754351    722.8952189    428.2802163       473
  0.13419525E-08   1168.9266918    722.8525776    446.0741142       474
  0.13419979E-08   1213.0804446    723.3226728    489.7577718       475
  0.13585909E-08   1195.0189043    723.2073286    471.8115758       476
  0.13587696E-08   1213.0804238    723.3225956    489.7578282       477
  0.13598545E-08   1218.4442159    723.4517261    494.9924898       478
  0.13598585E-08   1231.6835557    730.2381969    501.4453588       479
  0.13602902E-08   1225.3545759    723.6593599    501.6952160       480
  0.13617907E-08   1231.6835499    730.2381943    501.4453556       481
  0.13628973E-08   1225.3540843    723.6592783    501.6948060       482
  0.13702403E-08   1237.1096348    735.7208567    501.3887781       483
  0.13703644E-08   1254.1309368    735.4380048    518.6929319       484
  0.13707226E-08   1248.9395549    735.9050555    513.0344994       485
  0.13711730E-08   1255.2193202    742.4838429    512.7354773       486
  0.13741430E-08   1248.9395390    735.9050679    513.0344711       487
  0.13741540E-08   1253.8086630    735.3266698    518.4819932       488
  0.13743819E-08   1271.4359986    752.4184270    519.0175716       489
  0.13747620E-08   1254.8164633    752.7533423    502.0631210       490
  0.13748880E-08   1286.1348548    784.1813379    501.9535169       491
  0.13749176E-08   1303.0435549    784.0043755    519.0391793       492
  0.13761835E-08   1310.5211112    784.0544407    526.4666705       493
  0.13765667E-08   1316.7702734    784.5909722    532.1793012       494
  0.13769388E-08   1310.5208627    784.0543161    526.4665466       495
  0.13781066E-08   1315.0513683    783.8912847    531.1600835       496
  0.13785617E-08   1321.1069728    789.7577060    531.3492668       497
  0.13790620E-08   1322.7941675    790.4403077    532.3538598       498
  0.13814417E-08   1328.1652590    790.3116952    537.8535638       499
  0.13815176E-08   1334.2226785    790.5082729    543.7144056       500
  0.13815692E-08   1316.2305194    790.4653114    525.7652080       501
  0.13819378E-08   1333.4048678    790.0286505    543.3762173       502
  0.13821200E-08   1328.2445047    790.1037909    538.1407138       503
  0.13827576E-08   1329.1102970    790.2108546    538.8994424       504
  0.13836064E-08   1328.2446032    790.1038952    538.1407080       505
  0.13838150E-08   1328.9899870    790.1473265    538.8426605       506
  0.13839894E-08   1328.2445792    790.1040247    538.1405544       507
  0.13855622E-08   1329.1103313    790.2108761    538.8994551       508
  0.13860205E-08   1328.2446786    790.1041432    538.1405354       509
  0.13871870E-08   1340.4617313    790.2996745    550.1620568       510
  0.13872290E-08   1349.7489977    801.5135469    548.2354509       511
  0.13876899E-08   1340.4610974    790.2996266    550.1614709       512
  0.13883626E-08   1333.9400094    790.3307920    543.6092174       513
  0.13885297E-08   1345.0246512    802.4108703    542.6137809       514
  0.13891654E-08   1358.8200969    802.6754632    556.1446337       515
  0.13943088E-08   1365.1678547    809.6058515    555.5620031       516
  0.13952405E-08   1371.9645828    815.5400428    556.4245399       517
  0.13959214E-08   1376.0093747    815.0217466    560.9876280       518
  0.13967654E-08   1371.9645474    815.5400551    556.4244924       519
  0.13970793E-08   1376.0093793    815.0217501    560.9876291       520
  0.13973748E-08   1371.3391625    815.1398371    556.1993254       521
  0.13982884E-08   1359.5853574    814.8456290    544.7397284       522
  0.13982997E-08   1371.9886329    814.9859345    557.0026984       523
  0.13986893E-08   1372.9590425    815.4652676    557.4937749       524
  0.14003166E-08   1371.9886411    814.9859497    557.0026914       525
  0.14022211E-08   1383.0759655    814.4432803    568.6326852       526
  0.14022291E-08   1371.9885797    814.9859333    557.0026464       527
  0.14029481E-08   1372.9591514    815.4653398    557.4938116       528
  0.14037868E-08   1371.9888028    814.9861668    557.0026360       529
  0.14040353E-08   1383.0761821    814.4434276    568.6327546       530
  0.14048939E-08   1371.9887551    814.9861557    557.0025994       531
  0.14052733E-08   1354.0100621    814.7597896    539.2502725       532
  0.14053029E-08   1342.8688531    803.1321578    539.7366953       533
  0.14053724E-08   1347.0394332    802.7241268    544.3153064       534
  0.14055024E-08   1348.0259255    803.0664033    544.9595222       535
  0.14056563E-08   1354.5411501    803.1897343    551.3514158       536
  0.14092616E-08   1360.1713013    808.6724930    551.4988083       537
  0.14093335E-08   1379.6803685    809.2658833    570.4144852       538
  0.14096036E-08   1396.2526231    826.7439189    569.5087042       539
  0.14096882E-08   1394.3631095    826.0180827    568.3450268       540
  0.14097141E-08   1371.8080349    826.4903561    545.3176788       541
  0.14100429E-08   1384.4974767    826.7805896    557.7168872       542
  0.14101603E-08   1367.1028637    809.1888192    557.9140446       543
  0.14103805E-08   1367.0912210    809.3160757    557.7751452       544
  0.14112039E-08   1379.3436853    803.7733336    575.5703517       545
  0.14112090E-08   1396.5620335    821.2990871    575.2629464       546
  0.14112263E-08   1379.3436894    803.7733323    575.5703571       547
  0.14113386E-08   1396.5618871    821.2990590    575.2628281       548
  0.14162627E-08   1366.7335679    791.1161767    575.6173913       549
  0.14170765E-08   1335.9842147    772.8085866    563.1756280       550
  0.14188299E-08   1366.6922905    803.2733773    563.4189132       551
  0.14193993E-08   1372.0694769    803.2933991    568.7760778       552
  0.14205104E-08   1366.6922939    803.2733799    563.4189140       553
  0.14206727E-08   1372.0689557    803.2933768    568.7755789       554
  0.14330193E-08   1360.5131564    803.5734825    556.9396739       555
  0.14340685E-08   1372.0691540    803.2934337    568.7757203       556
  0.14352149E-08   1360.5131574    803.5734812    556.9396762       557
  0.14360468E-08   1372.0693733    803.2934935    568.7758798       558
  0.14382308E-08   1366.8484457    803.3953171    563.4531285       559
  0.14382440E-08   1372.1003297    803.4126020    568.6877277       560
  0.14393460E-08   1366.8484445    803.3953163    563.4531282       561
  0.14396040E-08   1372.0707355    803.2957726    568.7749629       562
  0.14423520E-08   1366.8484433    803.3953155    563.4531278       563
  0.14431200E-08   1372.0702368    803.2957446    568.7744923       564
  0.14440416E-08   1366.8484422    803.3953147    563.4531275       565
  0.14440461E-08   1372.0923166    803.4083159    568.6840006       566
  0.14445766E-08   1366.8484410    803.3953139    563.4531271       567
  0.14449474E-08   1372.0917390    803.4082862    568.6834527       568
  0.14486658E-08   1366.8484399    803.3953131    563.4531268       569
  0.14488553E-08   1372.0943631    803.3069580    568.7874051       570
  0.14507243E-08   1366.8484387    803.3953123    563.4531264       571
  0.14508507E-08   1372.0937307    803.3069375    568.7867932       572
  0.14518248E-08   1360.5127516    803.5730758    556.9396758       573
  0.14519063E-08   1372.0939284    803.3069944    568.7869341       574
  0.14535230E-08   1360.5127526    803.5730745    556.9396781       575
  0.14540490E-08   1372.0941402    803.3070535    568.7870867       576
  0.14547663E-08   1360.5127535    803.5730731    556.9396804       577
  0.14548308E-08   1372.0943745    803.3071162    568.7872583       578
  0.14562690E-08   1401.8995244    821.2650188    580.6345056       579
  0.14570049E-08   1390.4261543    821.7001265    568.7260279       580
  0.14574661E-08   1401.8999562    821.2649618    580.6349944       581
  0.14583005E-08   1426.2498033    821.9323440    604.3174593       582
  0.14588558E-08   1414.9108528    822.3936635    592.5171893       583
  0.14590269E-08   1426.2502392    821.9322944    604.3179448       584
  0.14594080E-08   1420.9997165    821.9583736    599.0413429       585
  0.14594577E-08   1426.3723902    822.0182112    604.3541791       586
  0.14625575E-08   1420.9997209    821.9583751    599.0413458       587
  0.14627404E-08   1426.3724352    822.0182115    604.3542237       588
  0.14633076E-08   1420.9997252    821.9583765    599.0413487       589
  0.14641816E-08   1426.3724315    822.0181625    604.3542690       590
  0.14712391E-08   1420.9997296    821.9583780    599.0413516       591
  0.14713310E-08   1426.3724398    822.0180908    604.3543490       592
  0.14731907E-08   1432.6318418    822.3367018    610.2951400       593
  0.14732580E-08   1439.0519047    822.5473332    616.5045716       594
  0.14735618E-08   1421.3064081    804.5934530    616.7129551       595
  0.14741388E-08   1420.7013559    804.1924000    616.5089559       596
  0.14750077E-08   1419.0550349    803.0150356    616.0399994       597
  0.14773293E-08   1426.5988146    804.5033867    622.0954279       598
  0.14774382E-08   1352.3622602    729.9012945    622.4609657       599
  0.14786962E-08   1364.3950682    741.8130458    622.5820225       600
  0.14789986E-08   1350.5004241    728.5516705    621.9487536       601
  0.14820830E-08   1363.9951040    741.3902477    622.6048563       602
  0.14825456E-08   1369.8500684    741.5150870    628.3349814       603
  0.14828801E-08   1363.9949918    741.3902660    622.6047258       604
  0.14840251E-08   1369.8500700    741.5150896    628.3349804       605
  0.14840312E-08   1363.9948797    741.3902843    622.6045954       606
  0.14840651E-08   1407.8079716    766.3414547    641.4665169       607
  0.14843213E-08   1363.9949474    741.3902751    622.6046723       608
  0.14889580E-08   1370.3336969    741.4938552    628.8398418       609
  0.14889920E-08   1389.9569566    742.1392345    647.8177221       610
  0.14908830E-08   1383.8962996    741.9441434    641.9521563       611
  0.14925753E-08   1389.9569525    742.1392309    647.8177216       612
  0.14959056E-08   1401.0361132    741.3678295    659.6682838       613
  0.15039543E-08   1444.8087527    766.3754178    678.4333348       614
  0.15040930E-08   1475.2812676    766.4216917    708.8595759       615
  0.15054992E-08   1506.4324097    791.1478093    715.2846005       616
  0.15086300E-08   1511.7784661    791.0115383    720.7669278       617
  0.15091265E-08   1506.4323265    791.1477944    715.2845320       618
  0.15117551E-08   1517.9918991    797.3906408    720.6012584       619
  0.15120369E-08   1506.4320690    791.1478561    715.2842129       620
  0.15144286E-08   1511.7784602    791.0115368    720.7669234       621
  0.15147393E-08   1511.5478785    790.8633858    720.6844927       622
  0.15226918E-08   1523.1091311    790.8015279    732.3076032       623
  0.15228431E-08   1536.3778689    790.9465865    745.4312824       624
  0.15231734E-08   1536.5026302    791.1578518    745.3447784       625
  0.15234172E-08   1542.4079000    791.0966171    751.3112829       626
  0.15235091E-08   1536.5025737    791.1579297    745.3446440       627
  0.15239622E-08   1512.7886121    791.3582134    721.4303988       628
  0.15280957E-08   1524.7406432    803.2967966    721.4438466       629
  0.15296183E-08   1505.3154756    802.8652124    702.4502632       630
  0.15298267E-08   1524.7408926    803.2969028    721.4439898       631
  0.15303330E-08   1525.1018983    803.5048080    721.5970903       632
  0.15312567E-08   1524.7408944    803.2963923    721.4445021       633
  0.15314929E-08   1530.5052613    803.4122274    727.0930338       634
  0.15354015E-08   1505.8833488    778.9469656    726.9363831       635
  0.15355768E-08   1511.3464532    785.0192127    726.3272406       636
  0.15356930E-08   1541.9289989    785.2895791    756.6394198       637
  0.15365449E-08   1537.2208091    779.1285448    758.0922642       638
  0.15390191E-08   1543.2546466    779.1370736    764.1175730       639
  0.15390263E-08   1561.8280079    779.5612326    782.2667753       640
  0.15397110E-08   1543.7758433    779.2923881    764.4834552       641
  0.15399054E-08   1568.1518692    779.3530229    788.7988463       642
  0.15424217E-08   1584.9766321    779.1133399    805.8632922       643
  0.15427563E-08   1568.1516414    779.3529517    788.7986897       644
  0.15431225E-08   1603.6352982    779.1103840    824.5249142       645
  0.15431664E-08   1610.4546499    779.2731736    831.1814764       646
  0.15433293E-08   1635.0960128    803.7809600    831.3150528       647
  0.15434954E-08   1611.0767084    803.6264541    807.4502542       648
  0.15435371E-08   1627.9967309    803.5882990    824.4084319       649
  0.15438817E-08   1610.1801139    803.2594125    806.9207014       650
  0.15462516E-08   1651.7191860    833.0931959    818.6259901       651
  0.15464028E-08   1640.5655377    833.4340488    807.1314889       652
  0.15473585E-08   1634.6942291    833.7884841    800.9057450       653
  0.15501523E-08   1633.8415533    833.6518847    800.1896686       654
  0.15509448E-08   1610.7310570    809.4511390    801.2799180       655
  0.15513780E-08   1616.0281751    815.6918739    800.3363011       656
  0.15515413E-08   1622.5159237    821.7411503    800.7747734       657
  0.15515996E-08   1646.7898262    845.8887883    800.9010379       658
  0.15523277E-08   1653.2814585    852.1519721    801.1294864       659
  0.15530802E-08   1658.0497848    857.8599484    800.1898364       660
  0.15533775E-08   1634.5413753    833.9053974    800.6359779       661
  0.15540808E-08   1633.3093424    833.4078978    799.9014446       662
  0.15542230E-08   1616.3149823    833.6428514    782.6721309       663
  0.15544044E-08   1622.9578475    833.4895229    789.4683246       664
  0.15545588E-08   1616.3146349    833.6427437    782.6718912       665
  0.15556837E-08   1633.1270388    833.3683158    799.7587230       666
  0.15556974E-08   1633.3238911    833.2901197    800.0337714       667
  0.15557637E-08   1617.1531512    833.6842354    783.4689158       668
  0.15565904E-08   1633.3238929    833.2901197    800.0337731       669
  0.15575483E-08   1617.1532498    833.6841308    783.4691189       670
  0.15576613E-08   1616.5091313    833.6068283    782.9023030       671
  0.15581527E-08   1617.1532445    833.6841284    783.4691161       672
  0.15614380E-08   1634.8681352    833.8586021    801.0095330       673
  0.15615672E-08   1635.3385556    833.5864908    801.7520648       674
  0.15616516E-08   1635.9297947    833.3689789    802.5608157       675
  0.15617640E-08   1642.0288328    833.3229666    808.7058662       676
  0.15622171E-08   1645.9027859    833.1174858    812.7853001       677
  0.15623852E-08   1642.0300130    833.3229955    808.7070175       678
  0.15631019E-08   1659.3588883    850.9213609    808.4375273       679
  0.15636270E-08   1663.4718003    850.2708706    813.2009297       680
  0.15652121E-08   1669.7653311    850.2800161    819.4853150       681
