# Time-averaged data for fix 1
# TimeStep c_msd_all[1] c_msd_all[2] c_msd_all[3] c_msd_all[4]
31000 0.0608755 0.072007 0.0600228 0.192905
32000 0.0646119 0.0893193 0.0684898 0.222421
33000 0.0625681 0.0738112 0.0630347 0.199414
34000 0.0732177 0.0745191 0.0686375 0.216374
35000 0.0736962 0.0732375 0.0670553 0.213989
36000 0.0708951 0.074475 0.0605354 0.205905
37000 0.0770834 0.0724381 0.0672082 0.21673
38000 0.0741002 0.0788392 0.0651181 0.218057
39000 0.0731686 0.0789951 0.071975 0.224139
40000 0.0621895 0.0710086 0.0846571 0.217855
41000 0.0674783 0.0685966 0.0784397 0.214515
42000 0.0646691 0.077153 0.0740722 0.215894
43000 0.0683816 0.0775672 0.066512 0.212461
44000 0.077058 0.0759694 0.0648281 0.217855
45000 0.0737563 0.0756319 0.0717259 0.221114
46000 0.0685947 0.0705346 0.0698526 0.208982
47000 0.0722305 0.0757643 0.0670561 0.215051
48000 0.0708446 0.0787795 0.0805793 0.230203
49000 0.0693352 0.0764315 0.0793646 0.225131
50000 0.0676112 0.0791432 0.0774744 0.224229
51000 0.0748429 0.0793049 0.0699528 0.224101
52000 0.0805964 0.0798597 0.0658655 0.226322
53000 0.0869093 0.0807105 0.0663461 0.233966
54000 0.0809468 0.0751162 0.0668075 0.222871
55000 0.0751632 0.0727534 0.069074 0.216991
56000 0.0807457 0.0692888 0.0688294 0.218864
57000 0.067232 0.0645524 0.0721468 0.203931
58000 0.0713842 0.0684702 0.0725173 0.212372
59000 0.0700863 0.0723157 0.0750644 0.217466
60000 0.072904 0.0762351 0.0734016 0.222541
61000 0.0713516 0.0732898 0.0717719 0.216413
62000 0.0738229 0.0777921 0.075934 0.227549
63000 0.0754008 0.073252 0.0759565 0.224609
64000 0.0876082 0.0799883 0.0760056 0.243602
65000 0.0735689 0.0717103 0.0720578 0.217337
66000 0.0645062 0.0695254 0.0636461 0.197678
67000 0.0780228 0.0723147 0.0664616 0.216799
68000 0.0777712 0.0815392 0.0694164 0.228727
69000 0.0959966 0.0878761 0.0713831 0.255256
70000 0.0947571 0.0703711 0.0698486 0.234977
71000 0.0898864 0.069154 0.0738916 0.232932
72000 0.0961169 0.0843344 0.0732408 0.253692
73000 0.0817973 0.0722405 0.0720295 0.226067
74000 0.0792561 0.0826882 0.0762792 0.238224
75000 0.0894924 0.0848377 0.0757594 0.250089
76000 0.0781967 0.0754163 0.0811628 0.234776
77000 0.0826613 0.0821061 0.0722855 0.237053
78000 0.0982191 0.0833082 0.0721373 0.253665
79000 0.0945957 0.0734223 0.0808993 0.248917
80000 0.0977489 0.0778386 0.0754444 0.251032
81000 0.0938554 0.0772756 0.0717979 0.242929
82000 0.0866248 0.076166 0.0780384 0.240829
83000 0.0845529 0.0860299 0.0860125 0.256595
84000 0.0925805 0.0848878 0.0813706 0.258839
85000 0.0874882 0.0810372 0.0869751 0.2555
86000 0.0886471 0.0711642 0.0815562 0.241367
87000 0.0886431 0.0901213 0.0789227 0.257687
88000 0.0925166 0.079808 0.0799866 0.252311
89000 0.0902176 0.0846543 0.0795656 0.254438
90000 0.0870398 0.0761735 0.079013 0.242226
91000 0.0907634 0.0892661 0.0763185 0.256348
92000 0.0879877 0.0706079 0.083783 0.242379
93000 0.0887712 0.069918 0.089698 0.248387
94000 0.102814 0.0810878 0.1041 0.288002
95000 0.112151 0.0847623 0.0951519 0.292065
96000 0.0923458 0.0909677 0.0838284 0.267142
97000 0.097478 0.0914285 0.0845983 0.273505
98000 0.0995354 0.0908611 0.086539 0.276936
99000 0.0959782 0.0833992 0.0896348 0.269012
100000 0.0926145 0.081576 0.0966886 0.270879
101000 0.0885291 0.0803189 0.0869457 0.255794
102000 0.0937357 0.0769736 0.0796387 0.250348
103000 0.0980552 0.0956957 0.084226 0.277977
104000 0.0963011 0.0831097 0.0838299 0.263241
105000 0.0870795 0.0843395 0.0877289 0.259148
106000 0.0915777 0.0857786 0.0860921 0.263448
107000 0.0907733 0.0848111 0.0841265 0.259711
108000 0.0939161 0.0857012 0.0890005 0.268618
109000 0.103146 0.0831516 0.0850065 0.271304
110000 0.0989994 0.0797039 0.0839202 0.262624
111000 0.091667 0.0904974 0.0815903 0.263755
112000 0.0980149 0.0945264 0.0776076 0.270149
113000 0.101587 0.0919183 0.0884036 0.281909
114000 0.0940075 0.0907209 0.0876561 0.272385
115000 0.0935112 0.0846409 0.0855407 0.263693
116000 0.0977436 0.0869305 0.0874382 0.272112
117000 0.085436 0.0836046 0.0910976 0.260138
118000 0.094063 0.0864267 0.0903571 0.270847
119000 0.0985433 0.0902501 0.0831225 0.271916
120000 0.100612 0.101935 0.0843798 0.286928
121000 0.0998186 0.0943335 0.0832215 0.277374
122000 0.0959017 0.0848323 0.0823525 0.263086
123000 0.0989248 0.088371 0.08303 0.270326
124000 0.0974205 0.0906376 0.0802087 0.268267
125000 0.0889023 0.0814593 0.082263 0.252625
126000 0.0946566 0.0836894 0.0958652 0.274211
127000 0.100427 0.0942846 0.0999032 0.294615
128000 0.100931 0.0995892 0.104525 0.305045
129000 0.113061 0.0991563 0.0946395 0.306857
130000 0.0979154 0.0870114 0.0864901 0.271417
131000 0.0979153 0.0864098 0.0760639 0.260389
132000 0.120747 0.102803 0.0798206 0.30337
133000 0.0944546 0.0875851 0.0816587 0.263698
134000 0.099354 0.0938453 0.0905387 0.283738
135000 0.106976 0.0983217 0.0854342 0.290732
136000 0.0993982 0.0929971 0.0855322 0.277928
137000 0.0959575 0.094461 0.0837896 0.274208
138000 0.0943629 0.0941807 0.0917982 0.280342
139000 0.0880636 0.0803703 0.0901901 0.258624
140000 0.101832 0.0933024 0.0874369 0.282572
141000 0.104459 0.0873062 0.0885538 0.280319
142000 0.104519 0.0865168 0.0946531 0.285689
143000 0.0923263 0.0890313 0.0894856 0.270843
144000 0.0938651 0.0961475 0.085872 0.275885
145000 0.105385 0.0925868 0.0943733 0.292346
146000 0.09795 0.0845495 0.0931472 0.275647
147000 0.0994948 0.0874876 0.0942983 0.281281
148000 0.103 0.0987364 0.0937161 0.295453
149000 0.112237 0.0968538 0.101364 0.310454
150000 0.0965809 0.0839316 0.0910439 0.271556
151000 0.0978741 0.0865471 0.095085 0.279506
152000 0.0994859 0.0820883 0.106537 0.288111
153000 0.105679 0.0897612 0.10068 0.29612
154000 0.107208 0.0959647 0.0952668 0.29844
155000 0.104477 0.0919747 0.0918612 0.288313
156000 0.110116 0.0982455 0.087873 0.296235
157000 0.100721 0.0910323 0.0914592 0.283212
158000 0.105098 0.0905287 0.0889231 0.28455
159000 0.102635 0.0894089 0.0937184 0.285762
160000 0.118004 0.0893044 0.0957544 0.303062
161000 0.118909 0.0957119 0.0928865 0.307507
162000 0.114246 0.0934573 0.0917758 0.299479
163000 0.104907 0.0871706 0.0945743 0.286652
164000 0.105175 0.112682 0.0938259 0.311683
165000 0.107948 0.0854422 0.0997358 0.293126
166000 0.107537 0.0897028 0.0956991 0.292938
167000 0.134755 0.101109 0.101728 0.337592
168000 0.124295 0.0961262 0.0991868 0.319608
169000 0.109332 0.0945085 0.0890122 0.292852
170000 0.124916 0.100218 0.0988964 0.324031
171000 0.110849 0.0928268 0.0998074 0.303483
172000 0.120571 0.0930188 0.101848 0.315438
173000 0.115208 0.0894386 0.104507 0.309153
174000 0.112401 0.0925053 0.0980981 0.303004
175000 0.121251 0.101758 0.101703 0.324712
176000 0.117107 0.0917994 0.11208 0.320987
177000 0.120325 0.0891329 0.105534 0.314991
178000 0.116366 0.088326 0.0960355 0.300727
179000 0.121587 0.0991297 0.0968972 0.317614
180000 0.11586 0.105141 0.0926571 0.313658
181000 0.117506 0.0894893 0.0918594 0.298855
182000 0.116829 0.0963441 0.0924625 0.305636
183000 0.116456 0.0943585 0.090009 0.300823
184000 0.134374 0.0985649 0.100583 0.333522
185000 0.127285 0.104102 0.102723 0.334111
186000 0.128008 0.0969332 0.101923 0.326864
187000 0.126801 0.108283 0.0982268 0.333311
188000 0.125179 0.100862 0.102849 0.32889
189000 0.131448 0.104447 0.096569 0.332464
190000 0.132017 0.10956 0.102047 0.343624
191000 0.123721 0.100461 0.101563 0.325745
192000 0.134728 0.105452 0.102398 0.342578
193000 0.131582 0.0912213 0.101213 0.324017
194000 0.12309 0.0903939 0.102365 0.315849
195000 0.125129 0.0977975 0.0986275 0.321554
196000 0.125205 0.0982231 0.109578 0.333006
197000 0.127056 0.106766 0.0991223 0.332944
198000 0.135318 0.102503 0.105222 0.343042
199000 0.131564 0.100184 0.106298 0.338046
200000 0.13279 0.0977042 0.0999372 0.330432
201000 0.123321 0.103889 0.0982067 0.325416
202000 0.130758 0.0972079 0.10161 0.329577
203000 0.134288 0.0961435 0.107482 0.337914
204000 0.129223 0.0958051 0.102709 0.327737
205000 0.131695 0.108209 0.110611 0.350515
206000 0.129146 0.100896 0.10536 0.335403
207000 0.137281 0.100543 0.104861 0.342684
208000 0.131162 0.0994003 0.10342 0.333982
209000 0.1329 0.0930263 0.100952 0.326879
210000 0.139571 0.117454 0.103361 0.360386
211000 0.130309 0.11033 0.116228 0.356867
212000 0.137279 0.106572 0.114893 0.358744
213000 0.129956 0.114475 0.110801 0.355232
214000 0.132252 0.104409 0.114816 0.351476
215000 0.133932 0.105385 0.104805 0.344121
216000 0.135393 0.104281 0.110838 0.350512
217000 0.133933 0.101085 0.110996 0.346014
218000 0.13964 0.114653 0.115398 0.369691
219000 0.139725 0.0966454 0.116334 0.352704
220000 0.146846 0.109931 0.117265 0.374042
221000 0.132627 0.111936 0.117705 0.362268
222000 0.139773 0.115449 0.127869 0.383091
223000 0.134031 0.113528 0.122685 0.370244
224000 0.138098 0.111213 0.12522 0.374531
225000 0.1359 0.103798 0.120412 0.360111
226000 0.14376 0.118081 0.119692 0.381532
227000 0.142769 0.102346 0.119179 0.364294
228000 0.140593 0.102425 0.11871 0.361728
229000 0.138203 0.102483 0.124606 0.365291
230000 0.159674 0.118368 0.123606 0.401648
231000 0.159796 0.112392 0.118006 0.390194
232000 0.137419 0.121392 0.119561 0.378371
233000 0.139818 0.104077 0.116724 0.360619
234000 0.135506 0.0989394 0.116484 0.350929
235000 0.148773 0.110386 0.117341 0.376501
236000 0.148553 0.101846 0.121309 0.371708
237000 0.153083 0.112465 0.119546 0.385093
238000 0.15053 0.111779 0.111972 0.374281
239000 0.148844 0.109293 0.121815 0.379952
240000 0.143268 0.113783 0.119032 0.376083
241000 0.141841 0.104575 0.126214 0.37263
242000 0.132398 0.101881 0.126513 0.360793
243000 0.14687 0.117577 0.123999 0.388445
244000 0.138643 0.109922 0.120639 0.369204
245000 0.155762 0.106892 0.122302 0.384956
246000 0.152669 0.109653 0.122119 0.38444
247000 0.146289 0.104752 0.125495 0.376537
248000 0.145842 0.111015 0.129372 0.386229
249000 0.142136 0.103299 0.122684 0.368119
250000 0.144188 0.105141 0.120996 0.370325
251000 0.15164 0.121317 0.123728 0.396685
252000 0.146993 0.11033 0.121248 0.378571
253000 0.15374 0.118008 0.123675 0.395423
254000 0.149284 0.104186 0.118658 0.372128
255000 0.142868 0.114261 0.124663 0.381791
256000 0.149294 0.137478 0.128682 0.415455
257000 0.141401 0.119505 0.129696 0.390601
258000 0.149636 0.116693 0.127448 0.393777
259000 0.146112 0.12206 0.129624 0.397795
260000 0.152733 0.119 0.130171 0.401904
261000 0.147577 0.115218 0.128262 0.391057
262000 0.149717 0.120778 0.123987 0.394481
263000 0.143861 0.115972 0.133246 0.393079
264000 0.145545 0.11428 0.137893 0.397718
265000 0.14995 0.113612 0.144752 0.408315
266000 0.156467 0.118982 0.132481 0.40793
267000 0.151755 0.134182 0.13618 0.422118
268000 0.142715 0.120917 0.142965 0.406597
269000 0.1532 0.124748 0.140649 0.418597
270000 0.141398 0.115763 0.132367 0.389528
271000 0.148564 0.119886 0.132583 0.401033
272000 0.145279 0.114487 0.131331 0.391097
273000 0.164169 0.128299 0.14172 0.434189
274000 0.1576 0.123415 0.1297 0.410715
275000 0.158248 0.123805 0.137404 0.419457
276000 0.155685 0.110393 0.141207 0.407285
277000 0.156248 0.126129 0.142701 0.425077
278000 0.15878 0.122958 0.138239 0.419976
279000 0.151292 0.132005 0.128377 0.411674
280000 0.154887 0.12983 0.131146 0.415864
281000 0.145172 0.112069 0.136326 0.393567
282000 0.159445 0.120663 0.145148 0.425256
283000 0.154478 0.114136 0.149268 0.417881
284000 0.158804 0.125763 0.147081 0.431648
285000 0.156497 0.127643 0.152708 0.436848
286000 0.15376 0.123881 0.140614 0.418254
287000 0.150299 0.118163 0.13493 0.403393
288000 0.154283 0.135063 0.147087 0.436433
289000 0.152068 0.125205 0.137663 0.414936
290000 0.15571 0.127264 0.14105 0.424023
291000 0.159533 0.12975 0.140759 0.430043
292000 0.163806 0.131309 0.145105 0.440221
293000 0.155409 0.119129 0.153172 0.427711
294000 0.148809 0.128663 0.146592 0.424063
295000 0.158585 0.12817 0.143917 0.430672
296000 0.149087 0.117655 0.148044 0.414786
297000 0.155495 0.135015 0.159066 0.449576
298000 0.155056 0.13007 0.150195 0.435321
299000 0.159884 0.133073 0.145398 0.438355
300000 0.153571 0.123416 0.136783 0.413771
301000 0.152056 0.127528 0.139442 0.419026
302000 0.151721 0.127688 0.143818 0.423227
303000 0.154624 0.122618 0.147712 0.424954
304000 0.153193 0.126542 0.153119 0.432853
305000 0.157911 0.119104 0.142928 0.419942
306000 0.149976 0.140759 0.13742 0.428156
307000 0.150487 0.134844 0.138566 0.423897
308000 0.158845 0.133256 0.145066 0.437167
309000 0.154354 0.116351 0.144389 0.415093
310000 0.158603 0.128758 0.148206 0.435567
311000 0.158929 0.146084 0.143175 0.448188
312000 0.156359 0.122884 0.145305 0.424548
313000 0.156815 0.119411 0.143374 0.4196
314000 0.157724 0.135933 0.154578 0.448235
315000 0.156666 0.124139 0.154018 0.434824
316000 0.161653 0.13151 0.146808 0.439971
317000 0.14879 0.133947 0.154811 0.437548
318000 0.153749 0.130462 0.146258 0.430468
319000 0.159952 0.136267 0.149561 0.445781
320000 0.163846 0.143865 0.145975 0.453686
321000 0.158853 0.128313 0.148342 0.435507
322000 0.160589 0.132441 0.149773 0.442803
323000 0.15511 0.129149 0.150642 0.434902
324000 0.175944 0.130816 0.15064 0.4574
325000 0.160297 0.132828 0.155809 0.448934
326000 0.155464 0.124821 0.158461 0.438746
327000 0.149905 0.129123 0.151961 0.430989
328000 0.150072 0.132411 0.153248 0.435731
329000 0.161023 0.13371 0.15059 0.445322
330000 0.159836 0.131536 0.155884 0.447256
331000 0.161651 0.132365 0.14845 0.442466
332000 0.162315 0.13238 0.148075 0.44277
333000 0.154885 0.130771 0.157463 0.443119
334000 0.157387 0.132396 0.164287 0.45407
335000 0.150661 0.131419 0.152844 0.434925
336000 0.155774 0.130577 0.159959 0.44631
337000 0.162076 0.138107 0.158455 0.458638
338000 0.158753 0.138188 0.16534 0.46228
339000 0.155809 0.135904 0.157367 0.44908
340000 0.167036 0.143885 0.147214 0.458135
341000 0.162358 0.13069 0.151947 0.444995
342000 0.166392 0.147884 0.149213 0.46349
343000 0.154265 0.132615 0.14066 0.427539
344000 0.153164 0.124611 0.148751 0.426526
345000 0.154972 0.124929 0.150618 0.430518
346000 0.16085 0.131397 0.149549 0.441796
347000 0.157195 0.130474 0.16004 0.447708
348000 0.156474 0.139329 0.159417 0.455221
349000 0.160505 0.122471 0.157449 0.440425
350000 0.171757 0.136921 0.159215 0.467893
351000 0.157319 0.133594 0.160299 0.451212
352000 0.152946 0.131205 0.159996 0.444147
353000 0.154463 0.1281 0.155024 0.437587
354000 0.166374 0.129398 0.157304 0.453076
355000 0.16342 0.141259 0.155374 0.460053
356000 0.174219 0.141737 0.158906 0.474862
357000 0.170226 0.138737 0.167704 0.476667
358000 0.171147 0.135287 0.156384 0.462818
359000 0.170732 0.129752 0.159306 0.45979
360000 0.17036 0.137722 0.163411 0.471493
361000 0.166389 0.131672 0.160432 0.458493
362000 0.166125 0.133593 0.158064 0.457782
363000 0.174103 0.137426 0.151506 0.463035
364000 0.168841 0.136016 0.160461 0.465319
365000 0.159966 0.132485 0.154689 0.44714
366000 0.167223 0.130694 0.159037 0.456954
367000 0.181221 0.149112 0.173128 0.503461
368000 0.170887 0.141915 0.172349 0.485151
369000 0.163463 0.137557 0.166166 0.467185
370000 0.177947 0.150196 0.161145 0.489287
371000 0.166768 0.142205 0.162523 0.471496
372000 0.169925 0.136682 0.152362 0.458969
373000 0.174648 0.14422 0.168136 0.487003
374000 0.168599 0.142604 0.169286 0.480489
375000 0.166772 0.139152 0.168551 0.474475
376000 0.182401 0.145639 0.160945 0.488984
377000 0.169635 0.14995 0.16818 0.487764
378000 0.180665 0.140571 0.158374 0.479611
379000 0.181216 0.146923 0.172215 0.500354
380000 0.178203 0.15133 0.168304 0.497837
381000 0.179806 0.143336 0.158895 0.482036
382000 0.170037 0.156029 0.160458 0.486525
383000 0.179293 0.154962 0.164051 0.498306
384000 0.193927 0.150175 0.156641 0.500743
385000 0.172714 0.152968 0.156763 0.482445
386000 0.173439 0.152817 0.156667 0.482923
387000 0.18315 0.145631 0.160735 0.489516
388000 0.175863 0.155413 0.170151 0.501427
389000 0.182172 0.143925 0.170596 0.496694
390000 0.174583 0.141121 0.170095 0.4858
391000 0.171291 0.151855 0.168923 0.492068
392000 0.174273 0.143904 0.170274 0.488451
393000 0.179002 0.15955 0.169362 0.507915
394000 0.175971 0.156726 0.165785 0.498483
395000 0.173882 0.148753 0.159591 0.482227
396000 0.177557 0.148079 0.16913 0.494766
397000 0.185278 0.144728 0.163245 0.493251
398000 0.197575 0.156285 0.170282 0.524143
399000 0.194434 0.149332 0.162534 0.5063
400000 0.191385 0.146856 0.166911 0.505151
401000 0.196878 0.155654 0.163005 0.515538
402000 0.185655 0.146803 0.162257 0.494716
403000 0.187891 0.14788 0.159388 0.495159
404000 0.18231 0.136658 0.166701 0.485669
405000 0.186104 0.148063 0.165067 0.499235
406000 0.190635 0.150616 0.169431 0.510681
407000 0.189678 0.147971 0.170695 0.508344
408000 0.19365 0.159681 0.172207 0.525537
409000 0.19434 0.150631 0.169564 0.514535
410000 0.193709 0.152739 0.162211 0.50866
411000 0.185448 0.151745 0.160686 0.497879
412000 0.189494 0.159649 0.159177 0.50832
413000 0.194644 0.138573 0.1569 0.490117
414000 0.188036 0.145797 0.169548 0.503381
415000 0.192161 0.149668 0.16781 0.509639
416000 0.192469 0.147367 0.167795 0.507631
417000 0.191053 0.151153 0.181179 0.523386
418000 0.184502 0.153307 0.170517 0.508326
419000 0.192383 0.15131 0.165123 0.508816
420000 0.185896 0.158666 0.165374 0.509935
421000 0.192681 0.148647 0.163176 0.504504
422000 0.194075 0.14507 0.167637 0.506781
423000 0.187091 0.148979 0.168297 0.504368
424000 0.188277 0.144815 0.15783 0.490922
425000 0.190202 0.146837 0.16208 0.499119
426000 0.199799 0.158138 0.162026 0.519963
427000 0.185032 0.145164 0.16568 0.495877
428000 0.200122 0.152696 0.168771 0.521588
429000 0.191382 0.145928 0.169777 0.507087
430000 0.198641 0.145447 0.164495 0.508583
431000 0.18895 0.136737 0.166444 0.492132
432000 0.197598 0.153078 0.163355 0.514031
433000 0.195893 0.15354 0.166883 0.516316
434000 0.20756 0.152912 0.167967 0.528439
435000 0.199373 0.16222 0.172436 0.534029
436000 0.190581 0.153499 0.173083 0.517163
437000 0.204441 0.154022 0.170979 0.529442
438000 0.208144 0.160354 0.179433 0.547931
439000 0.202962 0.151232 0.171167 0.525361
440000 0.204437 0.156759 0.173063 0.534259
441000 0.20613 0.15807 0.175155 0.539355
442000 0.203339 0.14583 0.170209 0.519378
443000 0.205234 0.153996 0.183248 0.542479
444000 0.203616 0.156968 0.175319 0.535904
445000 0.201529 0.156927 0.185946 0.544402
446000 0.205983 0.166702 0.1818 0.554485
447000 0.194298 0.152072 0.18554 0.53191
448000 0.207268 0.161708 0.178854 0.547831
449000 0.216711 0.174237 0.17681 0.567757
450000 0.21725 0.157513 0.176942 0.551706
451000 0.215702 0.154359 0.182704 0.552764
452000 0.202319 0.163016 0.180042 0.545377
453000 0.200934 0.158549 0.180166 0.539648
454000 0.204485 0.171275 0.181859 0.557618
455000 0.202239 0.162523 0.180939 0.545701
456000 0.211801 0.171642 0.175663 0.559106
457000 0.210998 0.165816 0.178818 0.555632
458000 0.214607 0.166215 0.181251 0.562073
459000 0.225195 0.168314 0.175064 0.568573
460000 0.216834 0.176377 0.17619 0.569401
461000 0.218504 0.171294 0.175194 0.564993
462000 0.224884 0.171692 0.178744 0.57532
463000 0.210622 0.178622 0.186463 0.575707
464000 0.211772 0.176456 0.186699 0.574927
465000 0.214808 0.185798 0.188324 0.588931
466000 0.219856 0.181595 0.185435 0.586886
467000 0.217754 0.179337 0.184873 0.581964
468000 0.215222 0.179636 0.176987 0.571845
469000 0.219363 0.165845 0.18199 0.567198
470000 0.221039 0.174521 0.190733 0.586293
471000 0.215632 0.16835 0.186844 0.570826
472000 0.208539 0.178454 0.183505 0.570498
473000 0.205181 0.17403 0.182485 0.561696
474000 0.215163 0.178004 0.176103 0.56927
475000 0.197862 0.171353 0.179012 0.548227
476000 0.203205 0.169748 0.187087 0.56004
477000 0.229992 0.181384 0.183026 0.594401
478000 0.223352 0.185341 0.186146 0.594839
479000 0.220478 0.175738 0.186264 0.58248
480000 0.229939 0.180697 0.183666 0.594302
481000 0.220829 0.183575 0.174677 0.579082
482000 0.216529 0.180238 0.174968 0.571735
483000 0.22923 0.187899 0.172089 0.589218
484000 0.233284 0.189683 0.178063 0.60103
485000 0.219422 0.175644 0.186997 0.582063
486000 0.220442 0.174127 0.195765 0.590334
487000 0.22792 0.173929 0.187493 0.589342
488000 0.224154 0.18605 0.186148 0.596353
489000 0.223622 0.173498 0.173633 0.570753
490000 0.222394 0.187391 0.180949 0.590734
491000 0.220982 0.196771 0.183883 0.601637
492000 0.224455 0.191896 0.182167 0.598518
493000 0.223732 0.192394 0.175251 0.591377
494000 0.214397 0.18797 0.18789 0.590256
495000 0.217191 0.183435 0.189913 0.59054
496000 0.222988 0.181893 0.185803 0.590684
497000 0.22668 0.173603 0.185497 0.585779
498000 0.22204 0.176314 0.202862 0.601216
499000 0.211931 0.173583 0.195195 0.58071
500000 0.22038 0.191948 0.19586 0.608188
501000 0.210728 0.172616 0.193466 0.57681
502000 0.214626 0.184606 0.182227 0.581459
503000 0.225131 0.188935 0.184662 0.598728
504000 0.223965 0.190692 0.17906 0.593717
505000 0.22163 0.188955 0.184881 0.595465
506000 0.217678 0.174792 0.183164 0.575634
507000 0.222758 0.176551 0.191673 0.590983
508000 0.23445 0.181532 0.17851 0.594491
509000 0.221783 0.188224 0.18934 0.599347
510000 0.206216 0.180223 0.178498 0.564937
511000 0.217341 0.192379 0.193036 0.602756
512000 0.218317 0.18301 0.182737 0.584063
513000 0.224272 0.192561 0.185619 0.602453
514000 0.229047 0.175307 0.181861 0.586216
515000 0.221722 0.179457 0.182395 0.583574
516000 0.228686 0.18595 0.184834 0.59947
517000 0.210314 0.182495 0.178425 0.571234
518000 0.237371 0.187355 0.185252 0.609978
519000 0.226029 0.196171 0.185781 0.607982
520000 0.226248 0.184512 0.181133 0.591893
521000 0.223059 0.185829 0.188141 0.597029
522000 0.226875 0.19531 0.1929 0.615084
523000 0.226516 0.183879 0.196594 0.606989
524000 0.227316 0.190348 0.197127 0.614792
525000 0.233746 0.184101 0.180298 0.598145
526000 0.224738 0.195519 0.185107 0.605364
527000 0.244292 0.197012 0.17698 0.618284
528000 0.228365 0.195218 0.186641 0.610224
529000 0.228652 0.18487 0.187707 0.601229
530000 0.217033 0.204102 0.181472 0.602608
531000 0.230574 0.199474 0.190965 0.621013
532000 0.231544 0.188465 0.191021 0.611031
533000 0.230789 0.178624 0.188042 0.597455
534000 0.231853 0.18535 0.192516 0.609719
535000 0.228398 0.180202 0.195934 0.604534
536000 0.232408 0.189882 0.191429 0.613718
537000 0.227589 0.185461 0.191381 0.604431
538000 0.233537 0.19218 0.190178 0.615895
539000 0.238344 0.190631 0.17765 0.606624
540000 0.232968 0.197358 0.188898 0.619224
541000 0.236943 0.198066 0.193554 0.628563
542000 0.220198 0.194272 0.201705 0.616175
543000 0.23876 0.200485 0.186101 0.625345
544000 0.2339 0.187452 0.189573 0.610926
545000 0.226169 0.191009 0.19289 0.610068
546000 0.240678 0.190259 0.191414 0.62235
547000 0.230617 0.188417 0.19276 0.611793
548000 0.248342 0.204565 0.1887 0.641607
549000 0.238792 0.189052 0.197956 0.625799
550000 0.23137 0.189756 0.187602 0.608728
551000 0.240702 0.206154 0.200039 0.646895
552000 0.232517 0.198615 0.190545 0.621677
553000 0.243026 0.196912 0.191957 0.631895
554000 0.239797 0.202123 0.185775 0.627696
555000 0.253064 0.200443 0.197982 0.651489
556000 0.252956 0.190614 0.191152 0.634721
557000 0.249872 0.187942 0.194191 0.632005
558000 0.264503 0.20158 0.198262 0.664345
559000 0.248479 0.20934 0.192812 0.650631
560000 0.258915 0.203927 0.194392 0.657233
561000 0.248586 0.201369 0.195498 0.645453
562000 0.239943 0.217025 0.195395 0.652363
563000 0.24811 0.200941 0.198151 0.647202
564000 0.241354 0.205717 0.190582 0.637652
565000 0.25203 0.213011 0.18819 0.653231
566000 0.2405 0.20156 0.189654 0.631713
567000 0.255896 0.211963 0.187011 0.65487
568000 0.254426 0.201125 0.204341 0.659891
569000 0.24596 0.205705 0.200979 0.652645
570000 0.255575 0.207175 0.210395 0.673145
571000 0.263452 0.205619 0.211549 0.680619
572000 0.255985 0.222019 0.204921 0.682924
573000 0.260401 0.211078 0.194268 0.665747
574000 0.247835 0.212572 0.207076 0.667483
575000 0.265449 0.207366 0.204157 0.676972
576000 0.258906 0.213773 0.201458 0.674137
577000 0.248464 0.211494 0.193051 0.653009
578000 0.264168 0.225023 0.194983 0.684173
579000 0.261821 0.208457 0.194994 0.665271
580000 0.270456 0.211207 0.201137 0.6828
581000 0.265098 0.212068 0.200364 0.67753
582000 0.267009 0.211979 0.212995 0.691982
583000 0.2816 0.211075 0.204839 0.697514
584000 0.27512 0.208814 0.197813 0.681747
585000 0.281888 0.21887 0.201109 0.701867
586000 0.268497 0.202264 0.204318 0.675078
587000 0.261434 0.218416 0.200662 0.680513
588000 0.275199 0.212952 0.199852 0.688002
589000 0.266094 0.215136 0.203211 0.684441
590000 0.262913 0.215714 0.201062 0.679689
591000 0.269116 0.216706 0.196529 0.682351
592000 0.275548 0.215344 0.199885 0.690776
593000 0.278409 0.205598 0.200267 0.684273
594000 0.276503 0.207569 0.20002 0.684092
595000 0.267249 0.215498 0.20923 0.691977
596000 0.265045 0.21831 0.208936 0.692292
597000 0.269426 0.205581 0.211972 0.686979
598000 0.262312 0.210009 0.205811 0.678132
599000 0.274241 0.225259 0.19538 0.694879
600000 0.259647 0.205585 0.198248 0.663479
601000 0.268541 0.213248 0.209204 0.690993
602000 0.269852 0.217863 0.208798 0.696513
603000 0.262733 0.213336 0.204021 0.680091
604000 0.274911 0.212338 0.214106 0.701354
605000 0.296765 0.222873 0.207985 0.727624
606000 0.290008 0.223259 0.206361 0.719628
607000 0.268076 0.209063 0.205694 0.682833
608000 0.274003 0.210104 0.19898 0.683087
609000 0.263265 0.209399 0.208655 0.68132
610000 0.27563 0.213987 0.203743 0.69336
611000 0.268515 0.203862 0.20436 0.676736
612000 0.281588 0.227871 0.211718 0.721178
613000 0.278436 0.207454 0.206457 0.692347
614000 0.282252 0.221105 0.217059 0.720416
615000 0.282999 0.22411 0.20852 0.715629
616000 0.275175 0.215601 0.205759 0.696535
617000 0.265211 0.210405 0.209322 0.684938
618000 0.27118 0.224704 0.201661 0.697545
619000 0.285324 0.21481 0.207443 0.707576
620000 0.28845 0.240878 0.193881 0.723208
621000 0.301966 0.234822 0.188983 0.72577
622000 0.275342 0.218629 0.200981 0.694952
623000 0.282695 0.220114 0.201752 0.70456
624000 0.284369 0.212391 0.207594 0.704355
625000 0.277037 0.207848 0.207072 0.691957
626000 0.297999 0.223408 0.203309 0.724717
627000 0.290062 0.214456 0.205289 0.709807
628000 0.283019 0.231302 0.214232 0.728553
629000 0.288036 0.226868 0.203995 0.718898
630000 0.286718 0.224967 0.204853 0.716538
631000 0.286719 0.221621 0.205526 0.713866
632000 0.295098 0.238986 0.200033 0.734117
633000 0.295325 0.22805 0.209514 0.732888
634000 0.286855 0.229122 0.213892 0.729869
635000 0.288543 0.218305 0.220782 0.72763
636000 0.312777 0.234162 0.209677 0.756617
637000 0.298925 0.224469 0.214667 0.738062
638000 0.296924 0.226571 0.213655 0.737149
639000 0.301025 0.208989 0.213837 0.723852
640000 0.296744 0.222002 0.210955 0.729701
641000 0.292929 0.226672 0.207179 0.726779
642000 0.296372 0.223827 0.205293 0.725491
643000 0.292112 0.232482 0.203609 0.728203
644000 0.306969 0.228445 0.218132 0.753545
645000 0.29265 0.218086 0.209531 0.720267
646000 0.30419 0.225513 0.207715 0.737418
647000 0.28896 0.214338 0.213082 0.71638
648000 0.294037 0.237924 0.213892 0.745853
649000 0.304659 0.251076 0.218399 0.774134
650000 0.303883 0.231473 0.212365 0.747721
651000 0.302329 0.225628 0.212228 0.740185
652000 0.29159 0.222054 0.213818 0.727462
653000 0.296931 0.229321 0.221026 0.747278
654000 0.294421 0.220806 0.213374 0.728601
655000 0.301262 0.226747 0.213257 0.741266
656000 0.297965 0.227118 0.220515 0.745599
657000 0.28923 0.223595 0.218898 0.731723
658000 0.306578 0.230274 0.216524 0.753377
659000 0.299322 0.220123 0.216925 0.736369
660000 0.303129 0.222139 0.214151 0.739418
661000 0.302041 0.227863 0.221259 0.751163
662000 0.29016 0.23336 0.216716 0.740237
663000 0.295661 0.237294 0.216125 0.74908
664000 0.308917 0.246832 0.212619 0.768367
665000 0.307601 0.241319 0.213333 0.762252
666000 0.305162 0.236189 0.225921 0.767272
667000 0.306748 0.231111 0.224383 0.762242
668000 0.300322 0.228718 0.219545 0.748585
669000 0.296071 0.229417 0.225867 0.751355
670000 0.300818 0.229845 0.218395 0.749058
671000 0.304015 0.229315 0.221752 0.755082
672000 0.308183 0.234813 0.224305 0.7673
673000 0.298813 0.241314 0.218602 0.758728
674000 0.294779 0.240346 0.223977 0.759102
675000 0.305697 0.225786 0.229181 0.760665
676000 0.308396 0.232555 0.221555 0.762506
677000 0.304685 0.244197 0.222438 0.771321
678000 0.305122 0.242238 0.224877 0.772237
679000 0.306822 0.240179 0.218747 0.765748
680000 0.299708 0.242311 0.214344 0.756363
681000 0.29895 0.24245 0.215319 0.756719
682000 0.310006 0.2471 0.233087 0.790193
683000 0.310859 0.241593 0.225876 0.778328
684000 0.305339 0.237025 0.223825 0.766189
685000 0.3063 0.233574 0.245321 0.785195
686000 0.30814 0.237676 0.231443 0.777259
687000 0.305707 0.242938 0.239142 0.787786
688000 0.308996 0.234077 0.223623 0.766696
689000 0.312925 0.230472 0.226023 0.76942
690000 0.304438 0.235762 0.222154 0.762355
691000 0.302931 0.247811 0.223686 0.774428
692000 0.310967 0.246232 0.219963 0.777162
693000 0.325028 0.255912 0.216844 0.797784
694000 0.307557 0.247841 0.225679 0.781077
695000 0.308595 0.244632 0.229296 0.782523
696000 0.306697 0.248049 0.231484 0.786231
697000 0.310692 0.250391 0.23747 0.798554
698000 0.298829 0.241389 0.240317 0.780535
699000 0.312739 0.247476 0.230688 0.790903
700000 0.299823 0.248977 0.23662 0.78542
701000 0.301797 0.247918 0.224956 0.774672
702000 0.316298 0.237028 0.226999 0.780325
703000 0.329368 0.243972 0.225179 0.79852
704000 0.321252 0.246576 0.235102 0.802931
705000 0.317509 0.252952 0.23592 0.806381
706000 0.331662 0.263062 0.234694 0.829418
707000 0.313946 0.241062 0.232638 0.787646
708000 0.314882 0.241405 0.234649 0.790936
709000 0.316622 0.255581 0.225333 0.797536
710000 0.321534 0.238342 0.236037 0.795912
711000 0.314489 0.248445 0.239691 0.802625
712000 0.320826 0.255615 0.239237 0.815679
713000 0.306112 0.241536 0.237883 0.785532
714000 0.309338 0.245854 0.239354 0.794546
715000 0.316092 0.253534 0.234817 0.804443
716000 0.31858 0.243033 0.225299 0.786912
717000 0.324288 0.246272 0.234541 0.8051
718000 0.313347 0.242609 0.229876 0.785832
719000 0.320658 0.248915 0.234468 0.80404
720000 0.32079 0.24261 0.227445 0.790845
721000 0.325974 0.258983 0.240553 0.82551
722000 0.317926 0.241551 0.23665 0.796127
723000 0.32547 0.265953 0.240332 0.831755
724000 0.330337 0.250417 0.239409 0.820163
725000 0.319334 0.245693 0.233672 0.798699
726000 0.327555 0.255209 0.241761 0.824525
727000 0.329482 0.254814 0.24034 0.824636
728000 0.334845 0.250315 0.253284 0.838444
729000 0.342688 0.264093 0.248951 0.855732
730000 0.332886 0.247045 0.254148 0.834079
731000 0.339182 0.251482 0.247604 0.838268
732000 0.334045 0.249474 0.250268 0.833787
733000 0.331003 0.250041 0.247198 0.828242
734000 0.333561 0.257977 0.246201 0.837738
735000 0.339722 0.259056 0.24317 0.841948
736000 0.328822 0.248042 0.254788 0.831652
737000 0.334035 0.257245 0.244196 0.835476
738000 0.351927 0.264967 0.247664 0.864557
739000 0.340306 0.259694 0.245697 0.845697
740000 0.341417 0.262705 0.237307 0.841429
741000 0.344195 0.253188 0.244057 0.84144
742000 0.337626 0.246236 0.253658 0.83752
743000 0.330274 0.244224 0.245204 0.819702
744000 0.341979 0.250298 0.260211 0.852488
745000 0.34066 0.248498 0.240171 0.829329
746000 0.333738 0.258451 0.243665 0.835854
747000 0.328886 0.263942 0.250039 0.842867
748000 0.332813 0.263163 0.246979 0.842955
749000 0.344443 0.26183 0.257882 0.864155
750000 0.34326 0.262161 0.249933 0.855355
751000 0.343526 0.262732 0.252706 0.858963
752000 0.342443 0.248674 0.245483 0.8366
753000 0.345159 0.274543 0.262709 0.88241
754000 0.33759 0.265994 0.256157 0.859741
755000 0.338443 0.259363 0.255976 0.853782
756000 0.343285 0.260683 0.271466 0.875434
757000 0.349977 0.270414 0.259669 0.88006
758000 0.347851 0.28359 0.24664 0.878082
759000 0.345869 0.257246 0.259782 0.862897
760000 0.326791 0.263444 0.24745 0.837684
761000 0.355831 0.261044 0.248619 0.865494
762000 0.344207 0.269234 0.254198 0.867638
763000 0.345434 0.275255 0.259322 0.88001
764000 0.347156 0.274123 0.254679 0.875958
765000 0.333262 0.25177 0.258459 0.843491
766000 0.339716 0.265135 0.265552 0.870403
767000 0.342579 0.257624 0.253054 0.853256
768000 0.34692 0.262095 0.250442 0.859457
769000 0.346214 0.261721 0.255385 0.863321
770000 0.343841 0.271121 0.259078 0.87404
771000 0.339176 0.264347 0.248671 0.852194
772000 0.338582 0.251614 0.255671 0.845867
773000 0.336697 0.253807 0.248799 0.839303
774000 0.334053 0.253373 0.250094 0.83752
775000 0.344149 0.26331 0.263739 0.871198
776000 0.333906 0.267709 0.26916 0.870775
777000 0.339994 0.277551 0.255199 0.872744
778000 0.34374 0.265092 0.254256 0.863088
779000 0.346198 0.257535 0.258615 0.862348
780000 0.348814 0.264589 0.259527 0.87293
781000 0.33511 0.24508 0.254166 0.834356
782000 0.34568 0.256575 0.25464 0.856895
783000 0.346385 0.252842 0.247883 0.847109
784000 0.345433 0.261952 0.25646 0.863845
785000 0.343728 0.26166 0.253758 0.859147
786000 0.337235 0.250191 0.255802 0.843227
787000 0.343853 0.260088 0.253725 0.857665
788000 0.357118 0.267671 0.264869 0.889657
789000 0.335155 0.258048 0.270376 0.863579
790000 0.338949 0.262027 0.256623 0.857599
791000 0.348153 0.258297 0.257868 0.864319
792000 0.337497 0.258087 0.25424 0.849825
793000 0.344992 0.268921 0.252541 0.866455
794000 0.35079 0.25531 0.256361 0.862461
795000 0.362086 0.261054 0.259043 0.882183
796000 0.351155 0.258276 0.254195 0.863626
797000 0.355218 0.263496 0.258189 0.876903
798000 0.349449 0.262333 0.262641 0.874423
799000 0.335469 0.259285 0.267115 0.861869
800000 0.3419 0.265861 0.254322 0.862083
801000 0.339951 0.251457 0.264836 0.856244
802000 0.356201 0.259307 0.266543 0.882052
803000 0.358887 0.263473 0.264178 0.886539
804000 0.35394 0.270792 0.264775 0.889507
805000 0.34272 0.264243 0.265778 0.872741
806000 0.345431 0.260133 0.262068 0.867632
807000 0.347542 0.259937 0.25811 0.865588
808000 0.355453 0.260511 0.260193 0.876158
809000 0.35316 0.267264 0.259918 0.880342
810000 0.354244 0.262034 0.259312 0.875591
811000 0.356543 0.272153 0.264767 0.893463
812000 0.36534 0.276197 0.272421 0.913959
813000 0.344483 0.263819 0.257545 0.865847
814000 0.358877 0.272031 0.262155 0.893063
815000 0.356144 0.266691 0.261368 0.884203
816000 0.342422 0.262573 0.264594 0.869589
817000 0.352327 0.26306 0.26279 0.878178
818000 0.344297 0.254701 0.260615 0.859613
819000 0.336433 0.276735 0.267952 0.881121
820000 0.355963 0.270287 0.264591 0.890841
821000 0.363707 0.27195 0.276404 0.912061
822000 0.362213 0.279959 0.269389 0.911562
823000 0.364147 0.284537 0.267075 0.915759
824000 0.369211 0.284351 0.2732 0.926762
825000 0.346779 0.280322 0.276089 0.90319
826000 0.363433 0.278099 0.277399 0.918931
827000 0.36639 0.283248 0.274156 0.923795
828000 0.368178 0.269609 0.26735 0.905137
829000 0.374653 0.289603 0.282181 0.946437
830000 0.361338 0.28097 0.293419 0.935726
831000 0.354311 0.273593 0.27868 0.906584
832000 0.370686 0.281655 0.282827 0.935168
833000 0.356586 0.277332 0.274269 0.908187
834000 0.358237 0.281163 0.271013 0.910413
835000 0.370507 0.279107 0.274762 0.924376
836000 0.371807 0.288185 0.27285 0.932842
837000 0.360591 0.283021 0.259621 0.903233
838000 0.361883 0.277619 0.270135 0.909637
839000 0.360677 0.302405 0.281213 0.944294
840000 0.354763 0.282316 0.269731 0.90681
841000 0.36161 0.28317 0.267181 0.911961
842000 0.357698 0.26334 0.265257 0.886295
843000 0.374178 0.296694 0.280787 0.951659
844000 0.356542 0.28832 0.277927 0.92279
845000 0.364688 0.286468 0.284445 0.935602
846000 0.374102 0.289244 0.278422 0.941768
847000 0.360566 0.293639 0.273967 0.928172
848000 0.371115 0.277757 0.275432 0.924304
849000 0.369885 0.285167 0.263524 0.918576
850000 0.364424 0.290628 0.263776 0.918828
851000 0.375351 0.29064 0.268673 0.934664
852000 0.365216 0.284774 0.27262 0.922611
853000 0.373653 0.294637 0.275024 0.943315
854000 0.3632 0.289534 0.284839 0.937574
855000 0.373057 0.287684 0.289959 0.9507
856000 0.382873 0.276587 0.283724 0.943184
857000 0.396865 0.303009 0.277921 0.977795
858000 0.362735 0.287907 0.294911 0.945552
859000 0.36111 0.292038 0.273549 0.926696
860000 0.371403 0.286978 0.277224 0.935605
861000 0.372434 0.294392 0.293346 0.960171
862000 0.372812 0.289218 0.287546 0.949575
863000 0.387086 0.291495 0.282908 0.96149
864000 0.375656 0.288213 0.300522 0.96439
865000 0.375534 0.290158 0.292071 0.957763
866000 0.374975 0.293614 0.274107 0.942696
867000 0.372638 0.298464 0.28343 0.954532
868000 0.383445 0.301743 0.299903 0.985092
869000 0.387055 0.300031 0.28281 0.969896
870000 0.403967 0.306998 0.286014 0.99698
871000 0.375133 0.283142 0.280857 0.939133
872000 0.376807 0.288241 0.296006 0.961055
873000 0.371849 0.296898 0.276086 0.944832
874000 0.382774 0.305756 0.282318 0.970848
875000 0.384394 0.311211 0.284315 0.97992
876000 0.373156 0.302981 0.290963 0.9671
877000 0.376378 0.294966 0.286245 0.95759
878000 0.375605 0.286987 0.292205 0.954796
879000 0.37304 0.295513 0.292414 0.960967
880000 0.370547 0.284086 0.279901 0.934534
881000 0.377667 0.291928 0.297216 0.96681
882000 0.371474 0.293069 0.287223 0.951766
883000 0.38344 0.301204 0.283674 0.968318
884000 0.380468 0.304188 0.275493 0.960149
885000 0.379253 0.303389 0.289311 0.971953
886000 0.388368 0.298228 0.290723 0.977318
887000 0.380378 0.291951 0.283705 0.956033
888000 0.398882 0.306699 0.292494 0.998075
889000 0.378863 0.299033 0.292221 0.970117
890000 0.364392 0.296689 0.291646 0.952726
891000 0.372369 0.298312 0.284978 0.955659
892000 0.382259 0.300938 0.281404 0.9646
893000 0.387612 0.300805 0.281865 0.970282
894000 0.383116 0.298332 0.287417 0.968865
895000 0.394112 0.307156 0.279503 0.980771
896000 0.39701 0.318658 0.28767 1.00334
897000 0.368273 0.303567 0.283606 0.955447
898000 0.390271 0.292766 0.284742 0.967779
899000 0.381134 0.299608 0.2874 0.968142
900000 0.385153 0.288623 0.294198 0.967973
901000 0.400911 0.306523 0.295108 1.00254
902000 0.395727 0.286572 0.291008 0.973307
903000 0.394791 0.303168 0.291799 0.989758
904000 0.390183 0.308652 0.291215 0.99005
905000 0.392449 0.296494 0.285289 0.974231
906000 0.388509 0.313538 0.307689 1.00974
907000 0.396413 0.306437 0.294455 0.997305
908000 0.374209 0.304383 0.288 0.966592
909000 0.379342 0.307801 0.289204 0.976348
910000 0.396101 0.303033 0.295078 0.994212
911000 0.38262 0.291409 0.296798 0.970826
912000 0.391025 0.297492 0.296258 0.984775
913000 0.391474 0.314342 0.299214 1.00503
914000 0.40258 0.322633 0.303545 1.02876
915000 0.402212 0.318367 0.302277 1.02286
916000 0.387234 0.307518 0.294369 0.98912
917000 0.394066 0.313853 0.313407 1.02133
918000 0.389573 0.319768 0.300032 1.00937
919000 0.387443 0.301458 0.294037 0.982938
920000 0.384222 0.306614 0.285517 0.976352
921000 0.391328 0.303502 0.295847 0.990678
922000 0.38271 0.312505 0.289565 0.98478
923000 0.388245 0.310141 0.291056 0.989441
924000 0.388326 0.319727 0.303465 1.01152
925000 0.394497 0.315449 0.299519 1.00947
926000 0.390023 0.327511 0.305299 1.02283
927000 0.381988 0.31241 0.302495 0.996894
928000 0.39756 0.315291 0.287036 0.999888
929000 0.387825 0.317331 0.298953 1.00411
930000 0.392366 0.301411 0.294065 0.987842
931000 0.405557 0.32898 0.293439 1.02798
932000 0.388387 0.320323 0.303235 1.01195
933000 0.392142 0.317607 0.295187 1.00494
934000 0.383502 0.323467 0.294248 1.00122
935000 0.379581 0.313372 0.296476 0.989429
936000 0.395046 0.311279 0.306158 1.01248
937000 0.397596 0.318236 0.306338 1.02217
938000 0.396675 0.307488 0.303782 1.00794
939000 0.390975 0.305551 0.302671 0.999197
940000 0.393896 0.307741 0.29718 0.998818
941000 0.403209 0.31154 0.296077 1.01083
942000 0.401778 0.317762 0.299515 1.01905
943000 0.397178 0.318214 0.289984 1.00538
944000 0.399053 0.309645 0.297081 1.00578
945000 0.391373 0.306775 0.303967 1.00211
946000 0.400872 0.309513 0.299585 1.00997
947000 0.397374 0.307694 0.310159 1.01523
948000 0.382553 0.31779 0.295498 0.995841
949000 0.394915 0.322034 0.300194 1.01714
950000 0.391725 0.310345 0.295879 0.997949
951000 0.389846 0.313794 0.288765 0.992405
952000 0.393309 0.32011 0.296194 1.00961
953000 0.392077 0.307908 0.308418 1.0084
954000 0.385655 0.319195 0.312175 1.01703
955000 0.385003 0.304594 0.302386 0.991983
956000 0.382478 0.310142 0.303714 0.996334
957000 0.386565 0.313232 0.293446 0.993242
958000 0.394248 0.302168 0.297586 0.994001
959000 0.396761 0.306723 0.301242 1.00473
960000 0.392558 0.315503 0.307063 1.01512
961000 0.399025 0.303662 0.30218 1.00487
962000 0.404305 0.315372 0.302575 1.02225
963000 0.410243 0.317406 0.316491 1.04414
964000 0.407442 0.308795 0.301832 1.01807
965000 0.408874 0.323165 0.303595 1.03563
966000 0.399723 0.307941 0.304239 1.0119
967000 0.37916 0.314876 0.311831 1.00587
968000 0.40354 0.324482 0.312845 1.04087
969000 0.394071 0.324639 0.309686 1.0284
970000 0.395348 0.313755 0.310749 1.01985
971000 0.388516 0.316081 0.310985 1.01558
972000 0.39153 0.313497 0.303291 1.00832
973000 0.400417 0.317577 0.308098 1.02609
974000 0.397323 0.311298 0.313235 1.02186
975000 0.395863 0.311973 0.313948 1.02179
976000 0.393498 0.335252 0.318265 1.04701
977000 0.38788 0.326173 0.306562 1.02061
978000 0.390749 0.3194 0.318321 1.02847
979000 0.405278 0.331556 0.30824 1.04507
980000 0.389254 0.316569 0.310083 1.01591
981000 0.39373 0.313547 0.29869 1.00597
982000 0.397519 0.317087 0.314087 1.02869
983000 0.390359 0.296109 0.309977 0.996445
984000 0.403914 0.315708 0.318464 1.03809
985000 0.40736 0.328448 0.305049 1.04086
986000 0.411748 0.313378 0.309063 1.03419
987000 0.395314 0.336804 0.304453 1.03657
988000 0.388743 0.325024 0.309801 1.02357
989000 0.395536 0.306936 0.324576 1.02705
990000 0.39949 0.306518 0.312585 1.01859
991000 0.398804 0.304808 0.31899 1.0226
992000 0.385695 0.302935 0.316716 1.00535
993000 0.398296 0.318514 0.313586 1.0304
994000 0.398402 0.306725 0.322708 1.02784
995000 0.423628 0.325983 0.312096 1.06171
996000 0.402578 0.319305 0.313656 1.03554
997000 0.39552 0.31914 0.316141 1.0308
998000 0.40842 0.315158 0.317189 1.04077
999000 0.401131 0.314958 0.313143 1.02923
1000000 0.386095 0.299616 0.310267 0.995978
1001000 0.418856 0.33233 0.328517 1.0797
1002000 0.397012 0.313925 0.324963 1.0359
1003000 0.389701 0.302465 0.324384 1.01655
1004000 0.419182 0.319434 0.317951 1.05657
1005000 0.402482 0.297528 0.309187 1.0092
1006000 0.389862 0.31002 0.308151 1.00803
1007000 0.412886 0.314162 0.31681 1.04386
1008000 0.394931 0.307323 0.313998 1.01625
1009000 0.408405 0.318416 0.318728 1.04555
1010000 0.408976 0.328159 0.304072 1.04121
1011000 0.396469 0.304798 0.32737 1.02864
1012000 0.393408 0.306615 0.316372 1.01639
1013000 0.391218 0.307784 0.323048 1.02205
1014000 0.406664 0.30908 0.324804 1.04055
1015000 0.400096 0.316906 0.31668 1.03368
1016000 0.395316 0.310386 0.31966 1.02536
1017000 0.403163 0.315794 0.304033 1.02299
1018000 0.396679 0.324508 0.313449 1.03464
1019000 0.393384 0.312668 0.320373 1.02643
1020000 0.402737 0.320841 0.312268 1.03585
1021000 0.387692 0.330322 0.326053 1.04407
1022000 0.388312 0.3076 0.31163 1.00754
1023000 0.399223 0.303495 0.316163 1.01888
1024000 0.392606 0.31518 0.318012 1.0258
1025000 0.405973 0.309717 0.321317 1.03701
1026000 0.397615 0.319367 0.308994 1.02598
1027000 0.375924 0.314627 0.307537 0.998088
1028000 0.413588 0.321562 0.308857 1.04401
1029000 0.389877 0.324296 0.31624 1.03041
1030000 0.405841 0.322418 0.310959 1.03922
