# Time-averaged data for fix 1
# TimeStep c_msd_all[1] c_msd_all[2] c_msd_all[3] c_msd_all[4]
31000 0.0692738 0.0711122 0.0621253 0.202511
32000 0.0789969 0.0664119 0.0617369 0.207146
33000 0.0683561 0.0654508 0.0665436 0.20035
34000 0.0760208 0.0861482 0.0691335 0.231302
35000 0.0743036 0.0706776 0.0692709 0.214252
36000 0.0712171 0.0806911 0.0714131 0.223321
37000 0.0755405 0.0783772 0.0674515 0.221369
38000 0.0857902 0.0776554 0.0647842 0.22823
39000 0.0762856 0.088198 0.0665845 0.231068
40000 0.0723769 0.0713386 0.0708132 0.214529
41000 0.0671195 0.0693472 0.0698757 0.206342
42000 0.0774431 0.0917832 0.0692637 0.23849
43000 0.0713281 0.0799027 0.0725641 0.223795
44000 0.0744525 0.0773955 0.0687158 0.220564
45000 0.0707121 0.0780062 0.0694366 0.218155
46000 0.0737747 0.0668205 0.066216 0.206811
47000 0.0673366 0.0653866 0.0698434 0.202567
48000 0.0848414 0.0782981 0.0715312 0.234671
49000 0.0786599 0.0765927 0.0652052 0.220458
50000 0.0710963 0.075532 0.060235 0.206863
51000 0.0716676 0.0773999 0.0646266 0.213694
52000 0.0856393 0.0910599 0.0669432 0.243642
53000 0.0739868 0.0844967 0.0776749 0.236158
54000 0.0765965 0.0785434 0.0720136 0.227154
55000 0.0852561 0.0824423 0.0730448 0.240743
56000 0.0735817 0.0795889 0.0706031 0.223774
57000 0.0791984 0.0766207 0.0731863 0.229005
58000 0.0771616 0.0806317 0.0790399 0.236833
59000 0.0686239 0.0753008 0.0689192 0.212844
60000 0.0699841 0.0807835 0.0736782 0.224446
61000 0.0867956 0.0915598 0.0658971 0.244252
62000 0.0771164 0.0799889 0.0776314 0.234737
63000 0.0764109 0.0799027 0.0718166 0.22813
64000 0.0838843 0.0814925 0.0801056 0.245482
65000 0.0833314 0.0945577 0.0749124 0.252802
66000 0.0796032 0.0841688 0.0768948 0.240667
67000 0.0918585 0.0959548 0.0816429 0.269456
68000 0.0939911 0.0758168 0.0778035 0.247611
69000 0.0859373 0.079521 0.0805236 0.245982
70000 0.0981686 0.096241 0.08546 0.27987
71000 0.0810603 0.0816216 0.0826848 0.245367
72000 0.0753378 0.0922406 0.0846221 0.2522
73000 0.0931057 0.097823 0.082446 0.273375
74000 0.0803561 0.0875912 0.0811294 0.249077
75000 0.0897288 0.0951182 0.0783779 0.263225
76000 0.091609 0.0887174 0.0894316 0.269758
77000 0.0774431 0.0895789 0.0931498 0.260172
78000 0.0995206 0.0979989 0.085896 0.283415
79000 0.073576 0.0874852 0.078832 0.239893
80000 0.0813382 0.0892576 0.0894879 0.260084
81000 0.0954881 0.102279 0.0884226 0.28619
82000 0.0790407 0.084301 0.0891044 0.252446
83000 0.0906316 0.0913717 0.0790084 0.261012
84000 0.0919132 0.0993882 0.0761342 0.267436
85000 0.0866067 0.0892449 0.0846116 0.260463
86000 0.0909667 0.0912418 0.0905373 0.272746
87000 0.0844079 0.0865167 0.0914104 0.262335
88000 0.101329 0.0887607 0.0888246 0.278915
89000 0.0879232 0.0922159 0.0855697 0.265709
90000 0.0841262 0.0961587 0.0875302 0.267815
91000 0.0962371 0.0963242 0.0921748 0.284736
92000 0.0920612 0.10519 0.0944699 0.291721
93000 0.0882097 0.086101 0.0918307 0.266141
94000 0.098907 0.0936388 0.0855607 0.278107
95000 0.0836938 0.0914686 0.0987295 0.273892
96000 0.0937079 0.0891723 0.0943088 0.277189
97000 0.0834786 0.0939347 0.0849086 0.262322
98000 0.0829842 0.0921147 0.083359 0.258458
99000 0.0972781 0.0876411 0.089902 0.274821
100000 0.0842766 0.0854649 0.094672 0.264413
101000 0.0801204 0.0854993 0.0937894 0.259409
102000 0.0937161 0.0925854 0.0952006 0.281502
103000 0.0798513 0.0883008 0.0925277 0.26068
104000 0.0887411 0.0992561 0.0943015 0.282299
105000 0.0920493 0.106935 0.0891241 0.288108
106000 0.0880608 0.093469 0.0965679 0.278098
107000 0.0858724 0.0983567 0.0993333 0.283562
108000 0.0826552 0.0970801 0.0974628 0.277198
109000 0.095024 0.0958704 0.101073 0.291967
110000 0.100365 0.104577 0.0976833 0.302625
111000 0.0872365 0.100671 0.0954408 0.283348
112000 0.0947714 0.11282 0.105691 0.313282
113000 0.0982197 0.106327 0.103302 0.307849
114000 0.0913998 0.110888 0.114999 0.317287
115000 0.0973111 0.105681 0.106672 0.309664
116000 0.0933935 0.10685 0.10347 0.303713
117000 0.0902614 0.101349 0.100914 0.292524
118000 0.0950905 0.101536 0.097608 0.294234
119000 0.0925608 0.108287 0.103661 0.304509
120000 0.0914853 0.113927 0.0990701 0.304482
121000 0.0938164 0.105502 0.105791 0.30511
122000 0.0919868 0.110127 0.0994422 0.301555
123000 0.104753 0.106739 0.109132 0.320624
124000 0.08634 0.106595 0.102532 0.295467
125000 0.0864755 0.104379 0.111663 0.302518
126000 0.09236 0.112091 0.109682 0.314133
127000 0.0918071 0.114231 0.108549 0.314587
128000 0.0891978 0.112202 0.100765 0.302164
129000 0.090964 0.110072 0.112299 0.313335
130000 0.0986737 0.119586 0.113182 0.331442
131000 0.0958515 0.111464 0.0970781 0.304394
132000 0.100635 0.113072 0.0983575 0.312065
133000 0.0982149 0.114693 0.107786 0.320694
134000 0.0982002 0.103606 0.106766 0.308572
135000 0.096945 0.109573 0.101288 0.307806
136000 0.0926283 0.119746 0.104069 0.316444
137000 0.0930496 0.113898 0.1068 0.313748
138000 0.0976519 0.12248 0.105677 0.325809
139000 0.0820072 0.112588 0.105189 0.299784
140000 0.0922721 0.113241 0.103303 0.308816
141000 0.0869212 0.104836 0.107454 0.299211
142000 0.0852933 0.109119 0.10915 0.303562
143000 0.0905163 0.106213 0.10896 0.305689
144000 0.0939232 0.105086 0.100477 0.299486
145000 0.0982276 0.12595 0.107212 0.331389
146000 0.0927106 0.112969 0.0987849 0.304465
147000 0.0943582 0.117366 0.0972044 0.308928
148000 0.094184 0.110367 0.0943759 0.298926
149000 0.091735 0.118679 0.0979212 0.308335
150000 0.0951269 0.117923 0.0979937 0.311043
151000 0.0892135 0.122118 0.0960992 0.307431
152000 0.0928607 0.12584 0.0978584 0.316559
153000 0.100338 0.123434 0.0956695 0.319441
154000 0.0968766 0.129834 0.0929761 0.319686
155000 0.108235 0.115936 0.101237 0.325408
156000 0.0970449 0.119832 0.106514 0.323391
157000 0.105045 0.125428 0.106819 0.337292
158000 0.0913222 0.117792 0.108378 0.317492
159000 0.0926903 0.118002 0.110435 0.321128
160000 0.0960765 0.116318 0.10282 0.315215
161000 0.081898 0.115315 0.106136 0.30335
162000 0.0924271 0.112795 0.0941483 0.29937
163000 0.100454 0.11727 0.10216 0.319884
164000 0.097982 0.118483 0.102628 0.319093
165000 0.0970889 0.115026 0.110899 0.323013
166000 0.103263 0.135689 0.0998709 0.338823
167000 0.0939688 0.123437 0.0929785 0.310384
168000 0.0968107 0.117432 0.0999966 0.314239
169000 0.0908111 0.12414 0.10525 0.320201
170000 0.0929809 0.11917 0.0985146 0.310665
171000 0.0920812 0.119117 0.0950361 0.306234
172000 0.0992972 0.123203 0.0993192 0.32182
173000 0.0903865 0.110115 0.0953446 0.295846
174000 0.0996403 0.107433 0.0952055 0.302279
175000 0.103495 0.115294 0.0989358 0.317725
176000 0.0897791 0.116427 0.110069 0.316275
177000 0.104122 0.118303 0.112393 0.334818
178000 0.0952531 0.122255 0.104549 0.322056
179000 0.0928365 0.110281 0.102705 0.305823
180000 0.0992445 0.119679 0.102646 0.321569
181000 0.0931825 0.115786 0.100324 0.309293
182000 0.10324 0.118185 0.0979613 0.319387
183000 0.105784 0.126363 0.105194 0.337342
184000 0.0929133 0.112986 0.103428 0.309327
185000 0.104849 0.134351 0.100191 0.339391
186000 0.0881447 0.116718 0.101046 0.305909
187000 0.0847846 0.119546 0.103161 0.307492
188000 0.0992241 0.125503 0.102733 0.327459
189000 0.0945296 0.111964 0.0982946 0.304789
190000 0.089586 0.126527 0.0943321 0.310445
191000 0.103132 0.120715 0.105982 0.329829
192000 0.110571 0.122171 0.112005 0.344747
193000 0.109713 0.128951 0.113587 0.352251
194000 0.0922828 0.121108 0.108063 0.321454
195000 0.0958589 0.120104 0.105772 0.321734
196000 0.0970984 0.130165 0.1095 0.336763
197000 0.0934663 0.113841 0.101739 0.309047
198000 0.103034 0.120513 0.102434 0.32598
199000 0.0981586 0.128204 0.108851 0.335213
200000 0.0983056 0.122148 0.101689 0.322143
201000 0.0975117 0.134015 0.102725 0.334252
202000 0.0992341 0.126042 0.102727 0.328003
203000 0.103333 0.130622 0.109145 0.3431
204000 0.107243 0.120426 0.100195 0.327864
205000 0.109756 0.126053 0.102188 0.337997
206000 0.107721 0.119352 0.104988 0.332061
207000 0.100268 0.123087 0.105638 0.328993
208000 0.0983844 0.123744 0.0994374 0.321566
209000 0.100309 0.12689 0.100995 0.328195
210000 0.109309 0.126591 0.107303 0.343202
211000 0.110565 0.129538 0.101543 0.341646
212000 0.107831 0.130415 0.105134 0.34338
213000 0.113165 0.132955 0.108682 0.354801
214000 0.112151 0.117407 0.103742 0.3333
215000 0.10567 0.128978 0.101029 0.335677
216000 0.1012 0.118395 0.102368 0.321963
217000 0.107383 0.131328 0.110344 0.349055
218000 0.0979589 0.121045 0.107476 0.32648
219000 0.100693 0.124933 0.106122 0.331748
220000 0.0983882 0.140663 0.105429 0.34448
221000 0.115225 0.13637 0.106625 0.35822
222000 0.106622 0.129607 0.116915 0.353145
223000 0.102364 0.126245 0.109459 0.338068
224000 0.10948 0.131441 0.107102 0.348024
225000 0.107686 0.136782 0.107055 0.351523
226000 0.110346 0.127028 0.112364 0.349738
227000 0.10536 0.126511 0.112214 0.344085
228000 0.108624 0.139233 0.100878 0.348736
229000 0.115384 0.151931 0.111155 0.37847
230000 0.109001 0.135632 0.106399 0.351033
231000 0.107293 0.134527 0.121691 0.363511
232000 0.116238 0.137042 0.112763 0.366043
233000 0.102356 0.134668 0.108892 0.345916
234000 0.113726 0.1367 0.101138 0.351563
235000 0.11093 0.136435 0.11111 0.358474
236000 0.109842 0.137075 0.107482 0.354399
237000 0.119701 0.135204 0.106299 0.361204
238000 0.123444 0.147718 0.112794 0.383957
239000 0.107645 0.146714 0.113295 0.367654
240000 0.108855 0.142087 0.121838 0.372781
241000 0.11504 0.139423 0.115587 0.37005
242000 0.111509 0.133885 0.114398 0.359792
243000 0.112433 0.143837 0.110032 0.366302
244000 0.110598 0.136675 0.109784 0.357056
245000 0.109297 0.132133 0.102 0.34343
246000 0.105478 0.140663 0.110823 0.356965
247000 0.10874 0.133096 0.107972 0.349808
248000 0.130769 0.144696 0.10748 0.382945
249000 0.100717 0.136709 0.113196 0.350622
250000 0.11401 0.138264 0.131758 0.384031
251000 0.109251 0.134871 0.111149 0.355272
252000 0.104521 0.138094 0.112716 0.355331
253000 0.125577 0.143947 0.115913 0.385437
254000 0.117388 0.150213 0.115526 0.383127
255000 0.114831 0.133203 0.119485 0.367518
256000 0.124612 0.148463 0.125703 0.398779
257000 0.117564 0.15654 0.12385 0.397955
258000 0.116997 0.157612 0.116836 0.391445
259000 0.116111 0.150632 0.119634 0.386377
260000 0.112922 0.142026 0.121974 0.376922
261000 0.12592 0.144393 0.115882 0.386194
262000 0.116084 0.154893 0.11867 0.389647
263000 0.132626 0.148747 0.118359 0.399732
264000 0.119007 0.153747 0.132928 0.405682
265000 0.120508 0.146068 0.124618 0.391193
266000 0.118185 0.148337 0.128759 0.395281
267000 0.110672 0.15002 0.124498 0.385191
268000 0.124277 0.153036 0.129518 0.406832
269000 0.116466 0.151987 0.132195 0.400649
270000 0.114532 0.146793 0.128304 0.389629
271000 0.116391 0.148581 0.132802 0.397775
272000 0.134033 0.172197 0.120576 0.426806
273000 0.117683 0.153346 0.128422 0.399451
274000 0.121883 0.163743 0.125917 0.411543
275000 0.130239 0.169552 0.122522 0.422314
276000 0.119511 0.142503 0.124041 0.386055
277000 0.113557 0.153865 0.128341 0.395764
278000 0.1352 0.156621 0.137526 0.429347
279000 0.126928 0.153137 0.131243 0.411309
280000 0.117401 0.156258 0.13346 0.407119
281000 0.124142 0.16421 0.136432 0.424784
282000 0.115154 0.155521 0.131706 0.402381
283000 0.121483 0.15461 0.134933 0.411026
284000 0.128171 0.161031 0.137656 0.426858
285000 0.126896 0.153143 0.134919 0.414958
286000 0.122836 0.151104 0.129765 0.403704
287000 0.125731 0.155508 0.134122 0.415361
288000 0.121918 0.157403 0.132029 0.41135
289000 0.123734 0.156243 0.130775 0.410751
290000 0.126207 0.166592 0.140962 0.433761
291000 0.124074 0.151539 0.133335 0.408948
292000 0.122374 0.161793 0.136222 0.42039
293000 0.126385 0.152932 0.133214 0.412531
294000 0.13029 0.153715 0.130121 0.414126
295000 0.13161 0.159906 0.133515 0.425031
296000 0.116557 0.146228 0.134144 0.396929
297000 0.124195 0.157265 0.1376 0.41906
298000 0.122695 0.163308 0.145618 0.431622
299000 0.120428 0.162193 0.139097 0.421718
300000 0.126585 0.159431 0.132234 0.41825
301000 0.125321 0.16178 0.14056 0.42766
302000 0.134768 0.155625 0.137541 0.427934
303000 0.123661 0.15517 0.13539 0.414222
304000 0.131883 0.157804 0.130432 0.420119
305000 0.131585 0.154741 0.135665 0.421992
306000 0.126932 0.142699 0.14242 0.412051
307000 0.144563 0.167348 0.135483 0.447394
308000 0.134955 0.159231 0.139872 0.434058
309000 0.121476 0.165015 0.1337 0.420191
310000 0.12822 0.163841 0.138661 0.430722
311000 0.123164 0.167226 0.133937 0.424327
312000 0.121722 0.158789 0.141568 0.422079
313000 0.133349 0.164941 0.136785 0.435075
314000 0.126538 0.157208 0.132497 0.416244
315000 0.126192 0.156369 0.134944 0.417505
316000 0.142342 0.164124 0.139916 0.446382
317000 0.125331 0.16276 0.141145 0.429237
318000 0.131316 0.155762 0.136887 0.423965
319000 0.13881 0.17372 0.140417 0.452947
320000 0.131729 0.172542 0.140504 0.444776
321000 0.129079 0.167489 0.1378 0.434368
322000 0.121079 0.171735 0.135276 0.428091
323000 0.131888 0.16406 0.137015 0.432963
324000 0.146122 0.166666 0.141582 0.45437
325000 0.139823 0.16744 0.162135 0.469398
326000 0.131016 0.162446 0.155801 0.449262
327000 0.133426 0.163226 0.153899 0.450551
328000 0.128559 0.158837 0.143052 0.430448
329000 0.130414 0.164445 0.142893 0.437752
330000 0.151597 0.170636 0.144882 0.467115
331000 0.138987 0.169056 0.151503 0.459546
332000 0.136919 0.167134 0.144748 0.448801
333000 0.139919 0.168243 0.155177 0.463338
334000 0.130254 0.154916 0.147436 0.432605
335000 0.135961 0.157565 0.14226 0.435786
336000 0.13195 0.16389 0.138451 0.434291
337000 0.129649 0.158456 0.143232 0.431337
338000 0.14145 0.164174 0.142422 0.448046
339000 0.136284 0.171968 0.143493 0.451745
340000 0.12765 0.154732 0.146725 0.429107
341000 0.141919 0.183646 0.153851 0.479416
342000 0.144989 0.171748 0.151936 0.468673
343000 0.139895 0.176792 0.147299 0.463986
344000 0.134617 0.166531 0.141582 0.44273
345000 0.140595 0.169355 0.147066 0.457015
346000 0.138013 0.176411 0.144719 0.459143
347000 0.134626 0.164745 0.142484 0.441855
348000 0.145302 0.181627 0.156194 0.483122
349000 0.134436 0.177649 0.151695 0.46378
350000 0.144624 0.177251 0.152198 0.474074
351000 0.13903 0.178944 0.153918 0.471893
352000 0.137222 0.167894 0.159665 0.464782
353000 0.146759 0.174221 0.146979 0.46796
354000 0.130687 0.17027 0.147569 0.448526
355000 0.132256 0.159842 0.148512 0.440611
356000 0.145466 0.193235 0.150131 0.488831
357000 0.152076 0.170028 0.15994 0.482044
358000 0.156592 0.178588 0.161741 0.496921
359000 0.134806 0.169913 0.153641 0.45836
360000 0.149806 0.182174 0.152036 0.484015
361000 0.142893 0.190812 0.158375 0.49208
362000 0.141633 0.178471 0.148583 0.468687
363000 0.138611 0.171476 0.156919 0.467006
364000 0.138547 0.178812 0.159684 0.477043
365000 0.144265 0.18594 0.158488 0.488693
366000 0.149518 0.182413 0.158198 0.490128
367000 0.153149 0.188444 0.159857 0.50145
368000 0.14143 0.174644 0.153595 0.469669
369000 0.142165 0.184321 0.159229 0.485715
370000 0.139037 0.169746 0.155512 0.464295
371000 0.142139 0.177193 0.165553 0.484885
372000 0.146683 0.175635 0.156938 0.479256
373000 0.137614 0.175951 0.158093 0.471659
374000 0.151538 0.183623 0.155354 0.490515
375000 0.147539 0.181687 0.151119 0.480346
376000 0.133597 0.181479 0.160796 0.475872
377000 0.158157 0.176821 0.156016 0.490994
378000 0.141262 0.173677 0.159619 0.474558
379000 0.145868 0.177408 0.152485 0.475761
380000 0.151304 0.182413 0.157793 0.491509
381000 0.149057 0.180178 0.166757 0.495992
382000 0.154343 0.18678 0.155866 0.496989
383000 0.148493 0.174948 0.156808 0.480249
384000 0.148663 0.186051 0.150627 0.48534
385000 0.154629 0.192077 0.160813 0.507519
386000 0.152743 0.190375 0.16718 0.510298
387000 0.147941 0.180993 0.163233 0.492167
388000 0.141467 0.185149 0.159191 0.485807
389000 0.149802 0.184074 0.155912 0.489787
390000 0.135708 0.183954 0.162145 0.481807
391000 0.155656 0.183648 0.158902 0.498206
392000 0.144135 0.181896 0.160565 0.486596
393000 0.143717 0.174445 0.163213 0.481374
394000 0.14534 0.186925 0.156187 0.488452
395000 0.150829 0.181616 0.154725 0.48717
396000 0.143671 0.176269 0.164817 0.484757
397000 0.147518 0.193382 0.161558 0.502458
398000 0.139351 0.181672 0.162212 0.483235
399000 0.153876 0.200193 0.169032 0.523101
400000 0.143743 0.184477 0.16403 0.49225
401000 0.145999 0.185499 0.165662 0.49716
402000 0.158457 0.19398 0.162785 0.515223
403000 0.140848 0.176871 0.150603 0.468322
404000 0.147093 0.182229 0.164306 0.493628
405000 0.149925 0.190569 0.169774 0.510268
406000 0.151321 0.184756 0.164991 0.501068
407000 0.142667 0.178038 0.166548 0.487254
408000 0.157621 0.183697 0.164388 0.505706
409000 0.153701 0.187856 0.161144 0.502701
410000 0.154146 0.187136 0.170158 0.51144
411000 0.153613 0.177996 0.164091 0.4957
412000 0.153177 0.183067 0.168975 0.505219
413000 0.147422 0.176589 0.1796 0.503611
414000 0.159252 0.191114 0.177216 0.527582
415000 0.143539 0.18069 0.163896 0.488125
416000 0.158698 0.183487 0.162862 0.505048
417000 0.140415 0.18172 0.159982 0.482117
418000 0.155151 0.190163 0.165448 0.510762
419000 0.151117 0.187585 0.15996 0.498662
420000 0.161637 0.177067 0.163692 0.502395
421000 0.145377 0.179398 0.163892 0.488667
422000 0.162017 0.198091 0.168434 0.528542
423000 0.154955 0.198268 0.170188 0.523411
424000 0.150914 0.180718 0.165657 0.497289
425000 0.165761 0.20396 0.169601 0.539323
426000 0.146001 0.198301 0.170046 0.514348
427000 0.155103 0.191129 0.170872 0.517104
428000 0.154008 0.183592 0.178016 0.515616
429000 0.155462 0.182211 0.168621 0.506294
430000 0.159675 0.189722 0.173003 0.5224
431000 0.151215 0.19744 0.167441 0.516096
432000 0.159976 0.19996 0.167085 0.527021
433000 0.163102 0.185118 0.165266 0.513486
434000 0.160047 0.19249 0.164031 0.516568
435000 0.16606 0.201927 0.169237 0.537224
436000 0.162051 0.19902 0.17653 0.537601
437000 0.170643 0.199168 0.165609 0.53542
438000 0.162893 0.197529 0.166964 0.527386
439000 0.160479 0.190174 0.166933 0.517585
440000 0.162432 0.197911 0.163949 0.524291
441000 0.173061 0.193446 0.168156 0.534663
442000 0.167854 0.194449 0.166037 0.528339
443000 0.169762 0.187922 0.176715 0.534399
444000 0.172646 0.214454 0.181648 0.568747
445000 0.163993 0.214837 0.175769 0.554599
446000 0.162295 0.196034 0.16952 0.527848
447000 0.178529 0.204115 0.165419 0.548063
448000 0.165665 0.192508 0.172547 0.53072
449000 0.163538 0.206973 0.171988 0.5425
450000 0.179029 0.20114 0.175026 0.555195
451000 0.177849 0.190987 0.177413 0.54625
452000 0.171888 0.191743 0.177269 0.5409
453000 0.175014 0.197048 0.175117 0.547179
454000 0.172402 0.195959 0.188454 0.556816
455000 0.179384 0.210024 0.181124 0.570533
456000 0.167022 0.199256 0.178256 0.544534
457000 0.176745 0.206895 0.176771 0.56041
458000 0.175185 0.199805 0.17821 0.5532
459000 0.166059 0.203919 0.176053 0.54603
460000 0.171162 0.212165 0.173181 0.556509
461000 0.174744 0.204898 0.180623 0.560265
462000 0.178678 0.206462 0.18121 0.56635
463000 0.171984 0.205587 0.181177 0.558748
464000 0.190856 0.207555 0.18955 0.587962
465000 0.18272 0.203947 0.190444 0.577111
466000 0.175506 0.213096 0.181361 0.569963
467000 0.179782 0.220004 0.186124 0.58591
468000 0.175669 0.217176 0.18805 0.580895
469000 0.176377 0.214196 0.184248 0.574821
470000 0.179211 0.21875 0.192579 0.590539
471000 0.169322 0.208092 0.184381 0.561795
472000 0.18018 0.221983 0.192323 0.594486
473000 0.171579 0.214123 0.181993 0.567695
474000 0.189666 0.214877 0.187944 0.592487
475000 0.17158 0.219533 0.180359 0.571471
476000 0.179302 0.206586 0.189038 0.574926
477000 0.183787 0.222919 0.183566 0.590272
478000 0.171711 0.213326 0.188504 0.573542
479000 0.165597 0.215586 0.183314 0.564497
480000 0.181168 0.210589 0.192073 0.58383
481000 0.173028 0.215259 0.182586 0.570872
482000 0.185909 0.217388 0.181554 0.584851
483000 0.183302 0.215946 0.180583 0.579832
484000 0.192384 0.220929 0.187695 0.601008
485000 0.177285 0.220718 0.182695 0.580698
486000 0.193821 0.223858 0.188361 0.606039
487000 0.183651 0.210645 0.184832 0.579128
488000 0.185668 0.223781 0.185125 0.594575
489000 0.179729 0.211677 0.186119 0.577524
490000 0.180373 0.219894 0.183798 0.584064
491000 0.185178 0.221707 0.184976 0.591861
492000 0.181298 0.229322 0.193117 0.603736
493000 0.189434 0.23164 0.183705 0.604779
494000 0.177325 0.225126 0.191033 0.593484
495000 0.1902 0.215953 0.188148 0.594301
496000 0.189605 0.219876 0.189606 0.599087
497000 0.178891 0.223176 0.184878 0.586945
498000 0.174859 0.223473 0.197134 0.595467
499000 0.184755 0.230109 0.194911 0.609775
500000 0.182593 0.229391 0.196534 0.608518
501000 0.17593 0.22795 0.190989 0.594869
502000 0.17897 0.230358 0.191213 0.60054
503000 0.190828 0.22675 0.189247 0.606824
504000 0.181381 0.226144 0.183953 0.591477
505000 0.18432 0.231779 0.188485 0.604584
506000 0.182734 0.223019 0.185326 0.591078
507000 0.192497 0.220388 0.195211 0.608096
508000 0.197705 0.24087 0.195449 0.634024
509000 0.198528 0.234906 0.190154 0.623587
510000 0.187022 0.233617 0.185965 0.606605
511000 0.187309 0.234436 0.185851 0.607595
512000 0.191065 0.230675 0.187665 0.609405
513000 0.183732 0.231365 0.188205 0.603302
514000 0.19013 0.229839 0.184035 0.604004
515000 0.187167 0.232537 0.183466 0.60317
516000 0.19075 0.230925 0.187553 0.609228
517000 0.185082 0.227106 0.192837 0.605024
518000 0.191125 0.226792 0.18137 0.599287
519000 0.192173 0.230201 0.183877 0.606252
520000 0.196413 0.236732 0.184168 0.617313
521000 0.20429 0.227061 0.189231 0.620582
522000 0.196135 0.240117 0.192241 0.628493
523000 0.189167 0.243933 0.189991 0.623091
524000 0.196448 0.248473 0.201048 0.64597
525000 0.189589 0.243612 0.187933 0.621134
526000 0.182368 0.244227 0.182561 0.609156
527000 0.197401 0.24061 0.194074 0.632085
528000 0.189192 0.235417 0.187502 0.612112
529000 0.207217 0.239691 0.186635 0.633543
530000 0.189066 0.241596 0.19342 0.624082
531000 0.197537 0.234783 0.198361 0.630681
532000 0.190374 0.246414 0.194551 0.631339
533000 0.191501 0.234203 0.195702 0.621406
534000 0.195388 0.237261 0.190445 0.623094
535000 0.190104 0.242047 0.202129 0.634279
536000 0.185044 0.231961 0.197134 0.614138
537000 0.209299 0.253991 0.193315 0.656605
538000 0.201837 0.24891 0.194709 0.645457
539000 0.20174 0.255217 0.191756 0.648713
540000 0.189955 0.244347 0.194675 0.628976
541000 0.193198 0.245241 0.203188 0.641628
542000 0.212972 0.257115 0.208199 0.678286
543000 0.196904 0.246496 0.209606 0.653006
544000 0.194198 0.232705 0.192388 0.619292
545000 0.195859 0.240694 0.197958 0.634511
546000 0.1886 0.239321 0.201681 0.629601
547000 0.190548 0.25196 0.192051 0.634559
548000 0.197819 0.250918 0.193526 0.642263
549000 0.19561 0.234381 0.190256 0.620247
550000 0.211678 0.244753 0.205051 0.661482
551000 0.20798 0.244505 0.195233 0.647719
552000 0.203197 0.242307 0.199321 0.644825
553000 0.202324 0.245227 0.198176 0.645726
554000 0.199644 0.244262 0.193653 0.637559
555000 0.204971 0.241816 0.193552 0.640339
556000 0.197456 0.234476 0.199582 0.631514
557000 0.199965 0.238564 0.195922 0.63445
558000 0.205085 0.242893 0.196097 0.644075
559000 0.204307 0.247914 0.198298 0.65052
560000 0.207409 0.251162 0.197462 0.656033
561000 0.229688 0.249207 0.197441 0.676336
562000 0.209796 0.249423 0.198839 0.658058
563000 0.196674 0.241897 0.194472 0.633043
564000 0.207361 0.245613 0.190218 0.643192
565000 0.194423 0.24819 0.20493 0.647542
566000 0.206696 0.247416 0.20048 0.654591
567000 0.196061 0.240452 0.203454 0.639968
568000 0.185903 0.248092 0.188785 0.62278
569000 0.207793 0.252153 0.20474 0.664686
570000 0.215371 0.25784 0.212174 0.685384
571000 0.189087 0.250159 0.213397 0.652643
572000 0.199975 0.256895 0.220378 0.677249
573000 0.211449 0.249355 0.209198 0.670003
574000 0.204787 0.2519 0.200325 0.657012
575000 0.212179 0.254564 0.196472 0.663215
576000 0.208474 0.25498 0.204525 0.667979
577000 0.204188 0.249959 0.204408 0.658555
578000 0.203222 0.250276 0.205027 0.658525
579000 0.200063 0.26067 0.215562 0.676295
580000 0.208552 0.25287 0.213138 0.67456
581000 0.203011 0.263598 0.220431 0.68704
582000 0.208304 0.252861 0.211077 0.672242
583000 0.206031 0.249746 0.20316 0.658937
584000 0.201583 0.262872 0.205656 0.670111
585000 0.210259 0.266095 0.199636 0.67599
586000 0.201171 0.249066 0.203914 0.654151
587000 0.199253 0.250287 0.213631 0.663171
588000 0.19796 0.248777 0.220624 0.667362
589000 0.204974 0.25793 0.211699 0.674603
590000 0.194021 0.268879 0.206964 0.669864
591000 0.200557 0.268475 0.206789 0.675822
592000 0.228795 0.274443 0.208248 0.711486
593000 0.207971 0.260765 0.212736 0.681473
594000 0.212004 0.249632 0.213224 0.674861
595000 0.221917 0.262893 0.220268 0.705078
596000 0.210742 0.259822 0.209324 0.679888
597000 0.219084 0.260593 0.205992 0.685669
598000 0.211841 0.262984 0.212153 0.686979
599000 0.203406 0.248566 0.200359 0.652331
600000 0.212648 0.250957 0.198457 0.662062
601000 0.21513 0.25384 0.204961 0.67393
602000 0.199962 0.256877 0.216503 0.673342
603000 0.205833 0.257231 0.211036 0.6741
604000 0.205481 0.267574 0.212104 0.685159
605000 0.205354 0.26192 0.214921 0.682195
606000 0.20955 0.253134 0.207054 0.669739
607000 0.210404 0.265224 0.208455 0.684082
608000 0.214405 0.273825 0.194857 0.683088
609000 0.195104 0.251341 0.204817 0.651263
610000 0.200612 0.255725 0.202799 0.659136
611000 0.219523 0.260384 0.207411 0.687318
612000 0.213356 0.263511 0.229271 0.706139
613000 0.2004 0.252277 0.221772 0.674449
614000 0.211684 0.255051 0.214991 0.681726
615000 0.201191 0.257269 0.209753 0.668213
616000 0.20711 0.264562 0.206896 0.678568
617000 0.206923 0.257838 0.211822 0.676582
618000 0.201091 0.25809 0.212273 0.671454
619000 0.202183 0.262213 0.204669 0.669064
620000 0.210341 0.261548 0.219655 0.691545
621000 0.202557 0.250653 0.211403 0.664614
622000 0.219834 0.259262 0.218797 0.697893
623000 0.206753 0.259079 0.222814 0.688646
624000 0.215831 0.274385 0.214686 0.704902
625000 0.216312 0.260662 0.208032 0.685007
626000 0.212905 0.254414 0.218638 0.685957
627000 0.204702 0.255498 0.213147 0.673346
628000 0.204961 0.24652 0.205835 0.657316
629000 0.202925 0.252833 0.212668 0.668426
630000 0.21171 0.258229 0.233075 0.703014
631000 0.210743 0.251664 0.222647 0.685054
632000 0.204224 0.254233 0.215863 0.67432
633000 0.209368 0.253399 0.228927 0.691694
634000 0.213037 0.24635 0.236949 0.696337
635000 0.21399 0.265085 0.231844 0.710919
636000 0.216834 0.267982 0.220298 0.705114
637000 0.214815 0.251154 0.217028 0.682997
638000 0.220793 0.265623 0.2283 0.714717
639000 0.212652 0.258524 0.224332 0.695507
640000 0.226301 0.251685 0.234933 0.712919
641000 0.221541 0.258224 0.230637 0.710402
642000 0.216433 0.268925 0.228547 0.713905
643000 0.226173 0.253887 0.224098 0.704158
644000 0.220968 0.254273 0.228082 0.703323
645000 0.214463 0.261544 0.227406 0.703413
646000 0.21095 0.24798 0.232643 0.691574
647000 0.223744 0.26799 0.228908 0.720641
648000 0.213466 0.267495 0.234303 0.715263
649000 0.230332 0.271272 0.229369 0.730974
650000 0.210182 0.265271 0.235681 0.711134
651000 0.212714 0.270783 0.231266 0.714763
652000 0.226122 0.259415 0.228213 0.71375
653000 0.219359 0.257413 0.229858 0.706629
654000 0.225871 0.276472 0.232548 0.734891
655000 0.219269 0.264661 0.225976 0.709907
656000 0.219637 0.261066 0.234358 0.715061
657000 0.229894 0.29001 0.230082 0.749986
658000 0.227513 0.275587 0.228171 0.731271
659000 0.224576 0.277118 0.242331 0.744025
660000 0.223019 0.290283 0.239702 0.753004
661000 0.219882 0.27512 0.238763 0.733765
662000 0.236388 0.265909 0.2315 0.733797
663000 0.221565 0.268562 0.226249 0.716376
664000 0.225814 0.267998 0.232783 0.726595
665000 0.239227 0.280753 0.247407 0.767386
666000 0.227866 0.271394 0.241271 0.74053
667000 0.23082 0.272458 0.237708 0.740986
668000 0.223667 0.295637 0.240823 0.760127
669000 0.230142 0.293757 0.245699 0.769598
670000 0.233952 0.289346 0.243994 0.767292
671000 0.233752 0.303779 0.250754 0.788286
672000 0.22363 0.29472 0.24145 0.7598
673000 0.228516 0.298774 0.242877 0.770167
674000 0.224869 0.28499 0.246012 0.755871
675000 0.247421 0.291208 0.243346 0.781975
676000 0.227872 0.28904 0.244932 0.761844
677000 0.226436 0.294963 0.25238 0.773778
678000 0.228597 0.296513 0.247568 0.772679
679000 0.239978 0.296825 0.243236 0.780039
680000 0.235463 0.297477 0.237332 0.770271
681000 0.24191 0.292594 0.253436 0.78794
682000 0.237912 0.288796 0.251427 0.778135
683000 0.226781 0.295734 0.25537 0.777885
684000 0.228474 0.296604 0.251164 0.776242
685000 0.224958 0.294415 0.247991 0.767364
686000 0.233055 0.297572 0.235204 0.765832
687000 0.227146 0.292996 0.243738 0.76388
688000 0.2446 0.293856 0.24924 0.787696
689000 0.239016 0.302878 0.240562 0.782455
690000 0.243601 0.308474 0.242168 0.794242
691000 0.24961 0.301738 0.250209 0.801557
692000 0.232018 0.292117 0.245412 0.769547
693000 0.231551 0.300606 0.245887 0.778044
694000 0.232256 0.286029 0.245014 0.763299
695000 0.251949 0.314995 0.236164 0.803107
696000 0.233657 0.288049 0.245739 0.767445
697000 0.237166 0.288851 0.249043 0.77506
698000 0.234821 0.289068 0.249278 0.773168
699000 0.233526 0.294945 0.260098 0.788569
700000 0.239006 0.305446 0.253586 0.798038
701000 0.229571 0.297165 0.259319 0.786055
702000 0.242332 0.292723 0.245114 0.780168
703000 0.226404 0.294574 0.243927 0.764905
704000 0.230972 0.294195 0.25253 0.777696
705000 0.239229 0.306728 0.244832 0.790789
706000 0.229871 0.307467 0.24724 0.784578
707000 0.237996 0.301351 0.256527 0.795874
708000 0.232141 0.295321 0.259129 0.786591
709000 0.246545 0.295141 0.251494 0.79318
710000 0.234763 0.304781 0.249578 0.789122
711000 0.235935 0.300101 0.251127 0.787163
712000 0.223966 0.306779 0.249496 0.78024
713000 0.2316 0.307813 0.249897 0.78931
714000 0.237193 0.295957 0.24911 0.78226
715000 0.230906 0.299872 0.259345 0.790123
716000 0.231681 0.293859 0.260274 0.785813
717000 0.231993 0.290675 0.253666 0.776333
718000 0.235896 0.293531 0.258651 0.788078
719000 0.240206 0.299873 0.259924 0.800003
720000 0.236542 0.287531 0.247212 0.771285
721000 0.227929 0.299483 0.249176 0.776588
722000 0.241821 0.30236 0.26155 0.805731
723000 0.242248 0.294093 0.254566 0.790907
724000 0.230598 0.296428 0.261654 0.788681
725000 0.237682 0.319346 0.262456 0.819484
726000 0.241912 0.2957 0.268459 0.806072
727000 0.238562 0.3103 0.268159 0.81702
728000 0.240728 0.318126 0.25767 0.816524
729000 0.232595 0.295549 0.257654 0.785798
730000 0.234598 0.30156 0.261706 0.797865
731000 0.241371 0.318059 0.262041 0.821471
732000 0.24356 0.300038 0.254865 0.798463
733000 0.24801 0.298499 0.249531 0.796039
734000 0.245956 0.318124 0.256073 0.820153
735000 0.233758 0.307368 0.265675 0.806801
736000 0.229945 0.296424 0.273388 0.799756
737000 0.24458 0.317223 0.267065 0.828867
738000 0.2405 0.310351 0.268703 0.819554
739000 0.235372 0.312293 0.258323 0.805987
740000 0.257259 0.312966 0.260936 0.831161
741000 0.239786 0.31105 0.257429 0.808265
742000 0.248737 0.314216 0.260965 0.823917
743000 0.244316 0.310569 0.26699 0.821875
744000 0.247025 0.31474 0.275259 0.837023
745000 0.249194 0.30842 0.28212 0.839734
746000 0.235975 0.321182 0.271441 0.828598
747000 0.235749 0.332171 0.261552 0.829472
748000 0.254357 0.326143 0.266611 0.847111
749000 0.240784 0.316733 0.253023 0.81054
750000 0.24602 0.314165 0.258331 0.818516
751000 0.242068 0.311321 0.26594 0.819329
752000 0.236962 0.310323 0.265807 0.813092
753000 0.245197 0.316638 0.262519 0.824355
754000 0.23286 0.310046 0.270891 0.813797
755000 0.24992 0.300686 0.261963 0.81257
756000 0.255278 0.307988 0.270411 0.833676
757000 0.245732 0.2979 0.272201 0.815833
758000 0.244848 0.316274 0.260504 0.821626
759000 0.23933 0.306632 0.260173 0.806135
760000 0.242787 0.307296 0.254653 0.804736
761000 0.244366 0.308362 0.266664 0.819392
762000 0.237044 0.306719 0.259938 0.8037
763000 0.243139 0.305533 0.260477 0.809148
764000 0.239668 0.306989 0.260574 0.80723
765000 0.241316 0.314524 0.263076 0.818915
766000 0.239703 0.321494 0.264787 0.825984
767000 0.239709 0.305486 0.25508 0.800275
768000 0.251053 0.319639 0.247395 0.818086
769000 0.24602 0.316605 0.257056 0.81968
770000 0.250907 0.320329 0.263737 0.834973
771000 0.24126 0.308868 0.256116 0.806245
772000 0.251463 0.327951 0.257218 0.836632
773000 0.259161 0.337849 0.263923 0.860932
774000 0.256543 0.309561 0.257672 0.823776
775000 0.257531 0.324763 0.277806 0.8601
776000 0.247064 0.324479 0.26696 0.838503
777000 0.244813 0.320198 0.262326 0.827336
778000 0.24446 0.321777 0.275898 0.842135
779000 0.242332 0.322238 0.272453 0.837023
780000 0.25152 0.321836 0.273846 0.847202
781000 0.245008 0.312688 0.259751 0.817447
782000 0.244876 0.316434 0.265861 0.827171
783000 0.263232 0.337255 0.276437 0.876924
784000 0.240356 0.31868 0.272925 0.831961
785000 0.249234 0.318713 0.276653 0.844601
786000 0.256982 0.322061 0.276517 0.85556
787000 0.246893 0.325123 0.271934 0.84395
788000 0.259375 0.332169 0.26455 0.856095
789000 0.262594 0.31782 0.269748 0.850161
790000 0.256877 0.324337 0.274372 0.855586
791000 0.257909 0.329028 0.278413 0.86535
792000 0.262882 0.315424 0.270204 0.84851
793000 0.254933 0.318847 0.271267 0.845047
794000 0.244134 0.315554 0.275312 0.835
795000 0.238574 0.326583 0.28451 0.849667
796000 0.248531 0.330265 0.280635 0.859431
797000 0.260542 0.319237 0.271788 0.851567
798000 0.258174 0.328087 0.272874 0.859134
799000 0.258322 0.328349 0.270544 0.857215
800000 0.256136 0.321639 0.278489 0.856264
801000 0.26437 0.32656 0.277565 0.868495
802000 0.239409 0.332149 0.28535 0.856907
803000 0.253435 0.321984 0.267181 0.8426
804000 0.246398 0.327451 0.276071 0.84992
805000 0.2619 0.316861 0.277326 0.856087
806000 0.264684 0.328557 0.285001 0.878242
807000 0.259402 0.329504 0.27437 0.863276
808000 0.243029 0.320736 0.282386 0.846151
809000 0.243627 0.330496 0.28387 0.857993
810000 0.250361 0.31772 0.283268 0.851349
811000 0.250014 0.324645 0.283695 0.858354
812000 0.239954 0.310133 0.285082 0.835169
813000 0.254468 0.325508 0.274211 0.854187
814000 0.254997 0.320453 0.284647 0.860097
815000 0.256877 0.329071 0.286069 0.872017
816000 0.250765 0.32876 0.296235 0.875761
817000 0.254891 0.321485 0.277851 0.854227
818000 0.259473 0.329416 0.276172 0.86506
819000 0.252802 0.332569 0.287497 0.872868
820000 0.258467 0.31536 0.268629 0.842455
821000 0.270261 0.321869 0.284991 0.877121
822000 0.271345 0.324772 0.282974 0.879091
823000 0.265825 0.320248 0.284102 0.870175
824000 0.268289 0.337949 0.290445 0.896684
825000 0.252771 0.331056 0.284957 0.868784
826000 0.246396 0.325801 0.274495 0.846692
827000 0.265703 0.326231 0.273985 0.865919
828000 0.248036 0.332896 0.285622 0.866554
829000 0.256463 0.319573 0.286722 0.862758
830000 0.255797 0.335549 0.294234 0.88558
831000 0.252323 0.324639 0.280998 0.85796
832000 0.261922 0.323698 0.284879 0.870498
833000 0.254968 0.332764 0.286513 0.874245
834000 0.250626 0.320876 0.295087 0.866589
835000 0.261598 0.330338 0.289155 0.881091
836000 0.250684 0.31865 0.290338 0.859673
837000 0.25896 0.325076 0.281595 0.865632
838000 0.266045 0.344732 0.299633 0.91041
839000 0.265384 0.3314 0.289695 0.88648
840000 0.257425 0.333368 0.28328 0.874073
841000 0.275862 0.336222 0.290889 0.902973
842000 0.257971 0.322196 0.282432 0.862599
843000 0.268352 0.330977 0.280761 0.88009
844000 0.259757 0.333195 0.284094 0.877046
845000 0.255837 0.330975 0.29725 0.884061
846000 0.258278 0.333791 0.294237 0.886306
847000 0.270208 0.331505 0.291905 0.893618
848000 0.265792 0.330828 0.295925 0.892545
849000 0.255685 0.333423 0.294479 0.883586
850000 0.265031 0.343104 0.287675 0.89581
851000 0.258751 0.326634 0.285299 0.870684
852000 0.25796 0.337567 0.301806 0.897333
853000 0.271536 0.336553 0.297873 0.905962
854000 0.269171 0.34417 0.294391 0.907733
855000 0.277966 0.328067 0.29253 0.898563
856000 0.272853 0.347354 0.288011 0.908217
857000 0.265267 0.325634 0.287098 0.877999
858000 0.263443 0.336944 0.302359 0.902746
859000 0.265634 0.326776 0.292793 0.885204
860000 0.266221 0.336122 0.307523 0.909867
861000 0.26871 0.332141 0.288395 0.889246
862000 0.262081 0.329022 0.292968 0.884071
863000 0.262414 0.342722 0.298589 0.903725
864000 0.267039 0.332427 0.29756 0.897026
865000 0.267758 0.340012 0.283855 0.891625
866000 0.271328 0.332761 0.284025 0.888113
867000 0.268459 0.338902 0.286546 0.893908
868000 0.272141 0.330938 0.287261 0.89034
869000 0.279955 0.329283 0.289774 0.899012
870000 0.265518 0.340076 0.298056 0.903649
871000 0.247558 0.329531 0.283302 0.860391
872000 0.265178 0.336543 0.293218 0.89494
873000 0.267438 0.334239 0.286585 0.888261
874000 0.25734 0.329695 0.2966 0.883634
875000 0.269722 0.332698 0.304343 0.906763
876000 0.263306 0.336366 0.297276 0.896948
877000 0.268398 0.340293 0.295137 0.903828
878000 0.274141 0.335412 0.295295 0.904848
879000 0.262858 0.342636 0.296142 0.901635
880000 0.270126 0.33083 0.30016 0.901116
881000 0.27517 0.336507 0.295696 0.907373
882000 0.250843 0.333855 0.290733 0.87543
883000 0.269007 0.327623 0.291214 0.887844
884000 0.262866 0.344952 0.301526 0.909344
885000 0.258371 0.326107 0.304656 0.889135
886000 0.268064 0.33501 0.293722 0.896796
887000 0.265832 0.330336 0.296354 0.892523
888000 0.269117 0.341357 0.297843 0.908318
889000 0.269864 0.338983 0.305809 0.914655
890000 0.278694 0.349071 0.29421 0.921975
891000 0.270405 0.333214 0.294121 0.89774
892000 0.287946 0.344542 0.287869 0.920356
893000 0.276672 0.334922 0.286598 0.898192
894000 0.276856 0.32903 0.290633 0.896519
895000 0.274936 0.333762 0.296274 0.904972
896000 0.277454 0.337416 0.279596 0.894466
897000 0.266771 0.344851 0.289982 0.901605
898000 0.274703 0.336002 0.298791 0.909496
899000 0.272865 0.33983 0.289102 0.901797
900000 0.279011 0.359935 0.28237 0.921316
901000 0.267312 0.356932 0.285747 0.909991
902000 0.272027 0.343427 0.289273 0.904727
903000 0.274294 0.348497 0.292102 0.914893
904000 0.286196 0.35767 0.290867 0.934732
905000 0.265923 0.345152 0.284629 0.895705
906000 0.276023 0.355968 0.286636 0.918627
907000 0.266605 0.346772 0.289399 0.902775
908000 0.272049 0.349784 0.28707 0.908903
909000 0.272088 0.344849 0.294313 0.91125
910000 0.278568 0.337709 0.294126 0.910402
911000 0.271799 0.34359 0.288493 0.903882
912000 0.276355 0.345731 0.298237 0.920324
913000 0.286175 0.347045 0.293853 0.927073
914000 0.268056 0.351114 0.288837 0.908008
915000 0.271241 0.332836 0.28393 0.888007
916000 0.273586 0.358496 0.300451 0.932534
917000 0.275638 0.354414 0.29941 0.929462
918000 0.274982 0.345776 0.294133 0.914892
919000 0.282652 0.349256 0.290324 0.922232
920000 0.262248 0.338695 0.301257 0.9022
921000 0.27101 0.362484 0.29813 0.931624
922000 0.285741 0.368569 0.309911 0.964221
923000 0.279376 0.370232 0.300876 0.950484
924000 0.286919 0.360053 0.29278 0.939752
925000 0.280453 0.349076 0.292182 0.921711
926000 0.273333 0.357542 0.304929 0.935804
927000 0.269649 0.359387 0.297524 0.926559
928000 0.275924 0.345192 0.304599 0.925715
929000 0.287076 0.369284 0.306982 0.963341
930000 0.278158 0.342227 0.293266 0.913651
931000 0.267005 0.351174 0.292074 0.910253
932000 0.279135 0.360057 0.293203 0.932395
933000 0.286434 0.360577 0.305715 0.952726
934000 0.284021 0.357729 0.30733 0.94908
935000 0.274094 0.348549 0.290351 0.912994
936000 0.302009 0.352732 0.295619 0.95036
937000 0.27505 0.357775 0.295415 0.928241
938000 0.285697 0.362341 0.303016 0.951054
939000 0.284636 0.353724 0.29315 0.93151
940000 0.278122 0.346508 0.295879 0.920509
941000 0.295596 0.370697 0.292873 0.959166
942000 0.281236 0.351508 0.297413 0.930157
943000 0.281211 0.36072 0.307349 0.94928
944000 0.284816 0.358212 0.297043 0.94007
945000 0.283302 0.362389 0.295717 0.941407
946000 0.28407 0.360272 0.295143 0.939484
947000 0.287175 0.372031 0.303094 0.9623
948000 0.272201 0.353443 0.302858 0.928502
949000 0.28671 0.360017 0.308054 0.954781
950000 0.278953 0.359283 0.287624 0.92586
951000 0.291392 0.354419 0.300721 0.946532
952000 0.281911 0.35446 0.295233 0.931604
953000 0.294225 0.355472 0.311148 0.960846
954000 0.287394 0.348991 0.2926 0.928986
955000 0.28767 0.364517 0.30978 0.961967
956000 0.293045 0.359575 0.311192 0.963811
957000 0.285658 0.370154 0.302635 0.958447
958000 0.280033 0.359495 0.304867 0.944395
959000 0.293549 0.367595 0.32182 0.982964
960000 0.28432 0.364665 0.311562 0.960547
961000 0.276577 0.368236 0.303969 0.948782
962000 0.296965 0.376317 0.297423 0.970705
963000 0.29794 0.353687 0.294119 0.945746
964000 0.284539 0.354735 0.301696 0.94097
965000 0.2936 0.36912 0.318731 0.98145
966000 0.2937 0.370519 0.317594 0.981813
967000 0.311836 0.366012 0.311325 0.989172
968000 0.292446 0.37169 0.320388 0.984524
969000 0.285819 0.35887 0.325124 0.969813
970000 0.298571 0.374557 0.321083 0.99421
971000 0.289412 0.368498 0.313519 0.971429
972000 0.284553 0.371903 0.305511 0.961967
973000 0.307966 0.376283 0.302945 0.987195
974000 0.290291 0.357453 0.295334 0.943078
975000 0.292475 0.386584 0.308578 0.987637
976000 0.289305 0.371246 0.299754 0.960305
977000 0.300633 0.3746 0.296987 0.972219
978000 0.300707 0.369836 0.31711 0.987653
979000 0.290824 0.363863 0.311644 0.966331
980000 0.291206 0.371558 0.316292 0.979056
981000 0.302837 0.35939 0.306159 0.968386
982000 0.293894 0.373963 0.312303 0.98016
983000 0.294318 0.377156 0.311979 0.983453
984000 0.304286 0.379073 0.316807 1.00017
985000 0.293209 0.371649 0.307794 0.972652
986000 0.302264 0.386057 0.312481 1.0008
987000 0.291388 0.363916 0.302082 0.957386
988000 0.297134 0.371485 0.308888 0.977507
989000 0.284816 0.357277 0.311845 0.953938
990000 0.29439 0.377236 0.302722 0.974348
991000 0.286373 0.367118 0.318248 0.971739
992000 0.300968 0.36478 0.315223 0.980972
993000 0.299423 0.370243 0.305799 0.975465
994000 0.287557 0.380847 0.312009 0.980413
995000 0.295414 0.364244 0.316511 0.976169
996000 0.299449 0.374681 0.321216 0.995347
997000 0.291823 0.36501 0.307461 0.964294
998000 0.292841 0.37875 0.320332 0.991922
999000 0.302174 0.388928 0.321883 1.01299
1000000 0.297544 0.365619 0.315728 0.978891
1001000 0.308944 0.380795 0.317998 1.00774
1002000 0.305863 0.382557 0.308096 0.996516
1003000 0.30072 0.370382 0.318334 0.989435
1004000 0.294375 0.374068 0.315924 0.984367
1005000 0.29702 0.375324 0.336167 1.00851
1006000 0.304666 0.371585 0.329189 1.00544
1007000 0.303991 0.378108 0.326886 1.00898
1008000 0.293195 0.37888 0.316146 0.988221
1009000 0.304627 0.376657 0.322653 1.00394
1010000 0.303801 0.375427 0.330593 1.00982
1011000 0.303705 0.373302 0.317096 0.994104
1012000 0.306163 0.385073 0.324999 1.01624
1013000 0.293711 0.378435 0.334921 1.00707
1014000 0.29248 0.360225 0.321969 0.974675
1015000 0.303282 0.388332 0.334131 1.02575
1016000 0.291473 0.37139 0.319352 0.982214
1017000 0.302562 0.372953 0.320273 0.995787
1018000 0.299726 0.38012 0.324145 1.00399
1019000 0.299004 0.39135 0.308229 0.998583
1020000 0.303087 0.402053 0.31442 1.01956
1021000 0.300449 0.383953 0.313027 0.997429
1022000 0.301199 0.379627 0.325871 1.0067
1023000 0.303589 0.380502 0.332443 1.01653
1024000 0.298259 0.392021 0.31629 1.00657
1025000 0.296523 0.385577 0.321106 1.00321
1026000 0.313825 0.381836 0.326649 1.02231
1027000 0.295745 0.384061 0.31659 0.996396
1028000 0.29872 0.383965 0.324766 1.00745
1029000 0.310884 0.382953 0.317273 1.01111
1030000 0.303267 0.3656 0.320755 0.989622
