# Time-averaged data for fix 1
# TimeStep c_msd_all[1] c_msd_all[2] c_msd_all[3] c_msd_all[4]
31000 0.0718182 0.0663465 0.0682808 0.206445
32000 0.0705722 0.067912 0.0765766 0.215061
33000 0.0676061 0.0693941 0.0763111 0.213311
34000 0.0807462 0.087854 0.0781207 0.246721
35000 0.0623604 0.0763022 0.0800296 0.218692
36000 0.069256 0.0693069 0.0672087 0.205772
37000 0.0699348 0.073244 0.0716177 0.214796
38000 0.0667369 0.0713052 0.0716667 0.209709
39000 0.0768575 0.0819372 0.0709763 0.229771
40000 0.0756285 0.0776234 0.0652564 0.218508
41000 0.0661046 0.0741526 0.0748756 0.215133
42000 0.069544 0.0754316 0.0675728 0.212549
43000 0.0668952 0.0770274 0.0729842 0.216907
44000 0.0860609 0.0903636 0.094492 0.270916
45000 0.0795777 0.0810951 0.0908224 0.251495
46000 0.0725655 0.0837779 0.0993318 0.255675
47000 0.0704214 0.116607 0.0975448 0.284573
48000 0.0661024 0.0900558 0.0962807 0.252439
49000 0.0761511 0.130877 0.10755 0.314578
50000 0.0638787 0.0984668 0.103689 0.266034
51000 0.0738614 0.0914886 0.104679 0.270029
52000 0.0708267 0.137174 0.097504 0.305504
53000 0.0737089 0.101887 0.103612 0.279208
54000 0.079479 0.137659 0.110558 0.327697
55000 0.0635023 0.100487 0.1127 0.27669
56000 0.0798141 0.105805 0.108475 0.294094
57000 0.0651514 0.112503 0.114935 0.29259
58000 0.0849505 0.102119 0.105822 0.292892
59000 0.0731044 0.103091 0.0997313 0.275927
60000 0.0760401 0.103392 0.106403 0.285835
61000 0.0753755 0.116308 0.108699 0.300382
62000 0.0720885 0.107063 0.119834 0.298986
63000 0.0847766 0.100399 0.108156 0.293331
64000 0.0786759 0.124102 0.106577 0.309355
65000 0.0757585 0.107857 0.128494 0.312109
66000 0.0701096 0.118806 0.121466 0.310382
67000 0.0759993 0.110672 0.116764 0.303436
68000 0.0744263 0.103375 0.116128 0.293929
69000 0.0756283 0.12726 0.111165 0.314053
70000 0.0781081 0.113125 0.121506 0.312739
71000 0.0786093 0.155027 0.154141 0.387777
72000 0.0930788 0.124481 0.144982 0.362542
73000 0.0748809 0.12935 0.126517 0.330748
74000 0.0706737 0.130872 0.10764 0.309186
75000 0.0759867 0.116495 0.122339 0.314821
76000 0.080293 0.143935 0.128868 0.353095
77000 0.0850494 0.116972 0.128273 0.330295
78000 0.0762418 0.115445 0.12269 0.314376
79000 0.07836 0.155069 0.126919 0.360347
80000 0.0784349 0.115098 0.118822 0.312354
81000 0.0769264 0.1565 0.126538 0.359964
82000 0.0822587 0.123739 0.124737 0.330735
83000 0.0729358 0.10516 0.108904 0.287
84000 0.0871687 0.161141 0.130969 0.379279
85000 0.079012 0.120971 0.12621 0.326193
86000 0.0938988 0.121969 0.11683 0.332698
87000 0.079993 0.133873 0.136941 0.350807
88000 0.0771722 0.122095 0.120848 0.320115
89000 0.0805411 0.143062 0.127658 0.351261
90000 0.0748351 0.124341 0.12451 0.323685
91000 0.0914763 0.146957 0.131022 0.369455
92000 0.0742807 0.142475 0.130347 0.347103
93000 0.0941223 0.128468 0.133154 0.355744
94000 0.0719685 0.175106 0.141113 0.388188
95000 0.0822145 0.145113 0.134404 0.361731
96000 0.0786657 0.161287 0.139641 0.379593
97000 0.0735846 0.135902 0.145694 0.35518
98000 0.0801266 0.139071 0.148656 0.367854
99000 0.0825191 0.164035 0.156489 0.403043
100000 0.091076 0.135846 0.150586 0.377508
101000 0.087571 0.167069 0.143836 0.398476
102000 0.0823738 0.147436 0.14216 0.37197
103000 0.0877256 0.163569 0.146785 0.398079
104000 0.0798582 0.163505 0.155745 0.399108
105000 0.105686 0.139069 0.146417 0.391172
106000 0.0759452 0.168969 0.144851 0.389765
107000 0.0846757 0.150164 0.14604 0.38088
108000 0.103449 0.149621 0.156192 0.409261
109000 0.0810353 0.156835 0.147737 0.385607
110000 0.0948277 0.151695 0.153618 0.400141
111000 0.0843521 0.164499 0.153317 0.402167
112000 0.0877286 0.145306 0.146198 0.379233
113000 0.0819541 0.158225 0.149736 0.389915
114000 0.0762292 0.151696 0.158914 0.386839
115000 0.104259 0.165781 0.158913 0.428952
116000 0.0858912 0.164096 0.162079 0.412066
117000 0.0983788 0.161399 0.168512 0.428289
118000 0.089862 0.15618 0.171615 0.417657
119000 0.0820297 0.160936 0.159918 0.402884
120000 0.0819052 0.16542 0.171802 0.419128
121000 0.07847 0.163932 0.163457 0.40586
122000 0.0936832 0.189764 0.163908 0.447356
123000 0.083464 0.158153 0.162192 0.40381
124000 0.0923053 0.178773 0.170029 0.441107
125000 0.0808715 0.163708 0.178572 0.423152
126000 0.0885654 0.173051 0.181351 0.442968
127000 0.0959295 0.164436 0.179648 0.440013
128000 0.0802607 0.161491 0.17982 0.421572
129000 0.0937288 0.194993 0.193883 0.482605
130000 0.0882244 0.164984 0.191613 0.444822
131000 0.0935447 0.183429 0.199323 0.476296
132000 0.0871024 0.179858 0.186551 0.453512
133000 0.0915246 0.158416 0.181253 0.431194
134000 0.0854265 0.175881 0.18382 0.445127
135000 0.0885662 0.169999 0.195307 0.453872
136000 0.0864997 0.190108 0.192382 0.46899
137000 0.0808427 0.17507 0.208507 0.46442
138000 0.0869803 0.168679 0.188343 0.444003
139000 0.0916248 0.198054 0.19166 0.481338
140000 0.0878297 0.164608 0.198499 0.450937
141000 0.0879812 0.192703 0.201782 0.482467
142000 0.0907667 0.165627 0.190166 0.446559
143000 0.0974141 0.164214 0.19512 0.456748
144000 0.0957779 0.182781 0.189835 0.468394
145000 0.0858312 0.172068 0.19923 0.457129
146000 0.100902 0.204759 0.211391 0.517052
147000 0.0996169 0.164171 0.19336 0.457148
148000 0.0882715 0.175849 0.208222 0.472342
149000 0.0967285 0.217442 0.199727 0.513897
150000 0.0900614 0.175111 0.208819 0.473991
151000 0.10934 0.221995 0.218066 0.549401
152000 0.0852796 0.185291 0.230862 0.501433
153000 0.0935952 0.190494 0.211236 0.495325
154000 0.0940913 0.196451 0.211975 0.502517
155000 0.0920964 0.181589 0.21748 0.491165
156000 0.102815 0.203763 0.20995 0.516528
157000 0.0868712 0.185329 0.219564 0.491764
158000 0.104332 0.218439 0.220263 0.543033
159000 0.0910614 0.193751 0.21716 0.501973
160000 0.0955031 0.188559 0.20771 0.491772
161000 0.103945 0.212854 0.209045 0.525844
162000 0.101082 0.190273 0.214134 0.505489
163000 0.113827 0.207806 0.219553 0.541186
164000 0.0940808 0.179267 0.214388 0.487735
165000 0.0930619 0.18433 0.207818 0.48521
166000 0.101011 0.220314 0.217747 0.539072
167000 0.0981604 0.188555 0.2136 0.500316
168000 0.096283 0.197629 0.21307 0.506982
169000 0.106179 0.210073 0.223394 0.539645
170000 0.0987242 0.207523 0.222352 0.528599
171000 0.0951499 0.217386 0.224302 0.536838
172000 0.102273 0.197096 0.224407 0.523776
173000 0.110074 0.217353 0.22392 0.551347
174000 0.106293 0.216142 0.228203 0.550637
175000 0.108723 0.219786 0.230065 0.558574
176000 0.109082 0.235398 0.23671 0.58119
177000 0.119658 0.22663 0.240963 0.587251
178000 0.120516 0.221679 0.235072 0.577266
179000 0.117498 0.224123 0.249629 0.59125
180000 0.0961901 0.233374 0.241915 0.57148
181000 0.137821 0.236642 0.262286 0.636749
182000 0.110554 0.217736 0.259032 0.587322
183000 0.108353 0.265337 0.249308 0.622998
184000 0.108662 0.225381 0.246718 0.580762
185000 0.105316 0.259098 0.245253 0.609667
186000 0.125621 0.239537 0.256298 0.621456
187000 0.102008 0.234789 0.238276 0.575072
188000 0.117538 0.26833 0.24226 0.628127
189000 0.112901 0.233595 0.242323 0.588819
190000 0.10679 0.268268 0.249778 0.624836
191000 0.119194 0.237336 0.248654 0.605184
192000 0.122341 0.241215 0.242598 0.606154
193000 0.113817 0.247307 0.253899 0.615022
194000 0.111935 0.255496 0.254695 0.622126
195000 0.113639 0.256107 0.277714 0.64746
196000 0.125364 0.230462 0.251611 0.607438
197000 0.107091 0.230889 0.258412 0.596392
198000 0.116366 0.251014 0.256855 0.624235
199000 0.111619 0.247776 0.25961 0.619006
200000 0.103076 0.251938 0.26342 0.618434
201000 0.114317 0.246806 0.264955 0.626077
202000 0.099825 0.241303 0.258587 0.599715
203000 0.120199 0.259866 0.290016 0.670082
204000 0.115454 0.247719 0.277625 0.640799
205000 0.107064 0.242767 0.281149 0.630981
206000 0.122979 0.254876 0.281921 0.659777
207000 0.103176 0.24773 0.266729 0.617636
208000 0.126101 0.245062 0.27339 0.644553
209000 0.107113 0.248198 0.275105 0.630415
210000 0.124478 0.24946 0.285276 0.659214
211000 0.120438 0.265971 0.284274 0.670683
212000 0.107693 0.248746 0.286842 0.643281
213000 0.120866 0.25161 0.277215 0.649691
214000 0.107542 0.259436 0.280971 0.647949
215000 0.127022 0.27061 0.281727 0.67936
216000 0.125913 0.290329 0.286497 0.70274
217000 0.115171 0.262718 0.29236 0.670249
218000 0.113993 0.284263 0.288265 0.686521
219000 0.120338 0.275029 0.296548 0.691915
220000 0.105263 0.28455 0.282498 0.672311
221000 0.105955 0.27138 0.2818 0.659136
222000 0.111144 0.284376 0.289475 0.684995
223000 0.129613 0.284007 0.295438 0.709058
224000 0.129284 0.27672 0.290875 0.696879
225000 0.121987 0.291927 0.291465 0.705379
226000 0.153362 0.270571 0.301044 0.724977
227000 0.118006 0.302233 0.302655 0.722894
228000 0.124911 0.276024 0.306417 0.707352
229000 0.130766 0.288833 0.30519 0.72479
230000 0.128208 0.288315 0.315124 0.731647
231000 0.150933 0.284134 0.315367 0.750434
232000 0.129847 0.289444 0.311693 0.730984
233000 0.126109 0.299635 0.306487 0.732231
234000 0.150567 0.29194 0.308422 0.750929
235000 0.127538 0.293756 0.288304 0.709598
236000 0.153059 0.300515 0.319622 0.773197
237000 0.128579 0.296796 0.313972 0.739347
238000 0.137267 0.290408 0.326623 0.754298
239000 0.143469 0.289973 0.315305 0.748746
240000 0.130717 0.292681 0.319825 0.743223
241000 0.173927 0.308332 0.316977 0.799236
242000 0.121157 0.290848 0.303155 0.71516
243000 0.138479 0.287488 0.325034 0.751001
244000 0.121264 0.301166 0.297552 0.719982
245000 0.145493 0.282101 0.326656 0.75425
246000 0.137614 0.311186 0.321883 0.770684
247000 0.119035 0.306674 0.325341 0.75105
248000 0.137206 0.285966 0.316156 0.739328
249000 0.137804 0.307486 0.308165 0.753456
250000 0.152175 0.287566 0.323348 0.763089
251000 0.122864 0.311276 0.328814 0.762954
252000 0.136347 0.28604 0.305866 0.728253
253000 0.151743 0.286374 0.319674 0.757791
254000 0.132813 0.305989 0.305906 0.744708
255000 0.134327 0.292531 0.314466 0.741323
256000 0.136401 0.308618 0.313525 0.758543
257000 0.125011 0.292715 0.312382 0.730109
258000 0.143126 0.282036 0.314326 0.739488
259000 0.13616 0.29677 0.314947 0.747877
260000 0.137152 0.294175 0.316919 0.748246
261000 0.130936 0.302909 0.32712 0.760966
262000 0.133646 0.29105 0.331543 0.756239
263000 0.134216 0.319557 0.324721 0.778494
264000 0.134065 0.312183 0.324258 0.770505
265000 0.133815 0.306558 0.331642 0.772016
266000 0.133857 0.346267 0.340826 0.82095
267000 0.137214 0.318261 0.343658 0.799133
268000 0.132078 0.324443 0.354645 0.811165
269000 0.137454 0.305768 0.329305 0.772527
270000 0.121145 0.313741 0.344648 0.779533
271000 0.132911 0.346219 0.334189 0.813319
272000 0.141211 0.312521 0.346687 0.800419
273000 0.134172 0.348791 0.337666 0.820629
274000 0.129222 0.315185 0.338681 0.783088
275000 0.152534 0.320979 0.333372 0.806886
276000 0.138216 0.354528 0.350572 0.843316
277000 0.129984 0.319858 0.333085 0.782927
278000 0.146534 0.31995 0.342202 0.808686
279000 0.134038 0.319431 0.348489 0.801958
280000 0.152854 0.324929 0.352155 0.829938
281000 0.137842 0.336701 0.362443 0.836985
282000 0.127484 0.310565 0.348565 0.786614
283000 0.155496 0.329852 0.354519 0.839867
284000 0.130699 0.33905 0.370396 0.840145
285000 0.156028 0.315652 0.354631 0.826311
286000 0.137601 0.347967 0.357325 0.842892
287000 0.151545 0.325925 0.350328 0.827797
288000 0.146151 0.340667 0.344415 0.831233
289000 0.141288 0.350126 0.366358 0.857771
290000 0.199697 0.336727 0.36519 0.901615
291000 0.137965 0.345902 0.353791 0.837658
292000 0.166925 0.330466 0.37863 0.876021
293000 0.129209 0.32724 0.364594 0.821042
294000 0.135385 0.353854 0.377073 0.866311
295000 0.141085 0.330218 0.384142 0.855445
296000 0.132831 0.361127 0.394771 0.88873
297000 0.134321 0.347995 0.380796 0.863112
298000 0.13282 0.342248 0.367532 0.842599
299000 0.154967 0.356413 0.372313 0.883694
300000 0.132862 0.327906 0.368992 0.82976
301000 0.159326 0.377136 0.385731 0.922194
302000 0.139132 0.347471 0.37176 0.858362
303000 0.175111 0.369862 0.394558 0.939531
304000 0.142259 0.357462 0.401844 0.901565
305000 0.135601 0.352551 0.387205 0.875358
306000 0.172125 0.361885 0.398697 0.932707
307000 0.137136 0.363045 0.383552 0.883733
308000 0.152026 0.349844 0.376636 0.878505
309000 0.163912 0.364924 0.393587 0.922423
310000 0.150564 0.372952 0.396993 0.920509
311000 0.14976 0.376575 0.407617 0.933951
312000 0.155375 0.381677 0.385503 0.922556
313000 0.154121 0.376385 0.384795 0.9153
314000 0.161314 0.384886 0.389997 0.936198
315000 0.154062 0.413961 0.389018 0.957041
316000 0.163841 0.377697 0.406726 0.948265
317000 0.157439 0.384548 0.393582 0.935568
318000 0.151427 0.395451 0.424569 0.971447
319000 0.171851 0.380707 0.409624 0.962182
320000 0.156782 0.397158 0.414586 0.968526
321000 0.184619 0.389248 0.425153 0.99902
322000 0.146614 0.380113 0.394548 0.921274
323000 0.166107 0.394285 0.406853 0.967245
324000 0.157225 0.383538 0.390393 0.931156
325000 0.169855 0.378043 0.387692 0.93559
326000 0.149289 0.399498 0.408694 0.95748
327000 0.164164 0.403655 0.399228 0.967047
328000 0.15903 0.39976 0.406268 0.965057
329000 0.166195 0.392733 0.396533 0.95546
330000 0.151357 0.419207 0.394698 0.965263
331000 0.16052 0.404196 0.406626 0.971343
332000 0.182506 0.417924 0.387468 0.987897
333000 0.15474 0.458477 0.405322 1.01854
334000 0.17538 0.426775 0.429052 1.03121
335000 0.161481 0.455194 0.427101 1.04378
336000 0.181515 0.422614 0.429952 1.03408
337000 0.161769 0.42742 0.423161 1.01235
338000 0.170007 0.450489 0.430769 1.05127
339000 0.185609 0.430671 0.424297 1.04058
340000 0.172923 0.460036 0.426082 1.05904
341000 0.208149 0.42891 0.433916 1.07097
342000 0.160894 0.434177 0.434384 1.02945
343000 0.184048 0.458826 0.442464 1.08534
344000 0.178536 0.453085 0.430183 1.0618
345000 0.174545 0.530503 0.428225 1.13327
346000 0.184835 0.463314 0.437461 1.08561
347000 0.166541 0.465313 0.429584 1.06144
348000 0.176431 0.456056 0.426195 1.05868
349000 0.191907 0.472276 0.433056 1.09724
350000 0.18004 0.509555 0.412599 1.10219
351000 0.187643 0.468034 0.437752 1.09343
352000 0.171556 0.503053 0.420191 1.0948
353000 0.177438 0.464956 0.452831 1.09522
354000 0.185094 0.452447 0.436341 1.07388
355000 0.166197 0.519951 0.440437 1.12658
356000 0.170567 0.464953 0.436378 1.0719
357000 0.163945 0.469949 0.449919 1.08381
358000 0.167071 0.465913 0.441758 1.07474
359000 0.164779 0.457149 0.467166 1.08909
360000 0.183528 0.47985 0.459012 1.12239
361000 0.164848 0.452878 0.456799 1.07452
362000 0.176216 0.479606 0.432922 1.08874
363000 0.17318 0.480105 0.438095 1.09138
364000 0.167832 0.453267 0.452489 1.07359
365000 0.163768 0.47453 0.440368 1.07867
366000 0.185136 0.459035 0.441331 1.0855
367000 0.17254 0.479858 0.459637 1.11203
368000 0.176414 0.449539 0.434712 1.06067
369000 0.163861 0.473713 0.449383 1.08696
370000 0.188032 0.480481 0.454639 1.12315
371000 0.172373 0.469283 0.44367 1.08533
372000 0.183224 0.510557 0.452055 1.14584
373000 0.191572 0.463215 0.457755 1.11254
374000 0.166326 0.470537 0.450785 1.08765
375000 0.178529 0.477183 0.454478 1.11019
376000 0.177321 0.480754 0.454135 1.11221
377000 0.172066 0.485466 0.468267 1.1258
378000 0.177087 0.474438 0.463442 1.11497
379000 0.178906 0.48893 0.460329 1.12816
380000 0.170156 0.471475 0.470931 1.11256
381000 0.177061 0.483924 0.446522 1.10751
382000 0.174837 0.475063 0.458397 1.1083
383000 0.192372 0.480359 0.468831 1.14156
384000 0.18977 0.48836 0.463133 1.14126
385000 0.188935 0.488705 0.489353 1.16699
386000 0.172061 0.484637 0.472375 1.12907
387000 0.172263 0.474282 0.458487 1.10503
388000 0.195629 0.472824 0.450259 1.11871
389000 0.184083 0.500748 0.462071 1.1469
390000 0.191227 0.487891 0.473596 1.15271
391000 0.167938 0.503216 0.469763 1.14092
392000 0.186857 0.489265 0.466103 1.14223
393000 0.187776 0.476827 0.475157 1.13976
394000 0.172768 0.496163 0.462766 1.1317
395000 0.200863 0.491991 0.465557 1.15841
396000 0.176517 0.490136 0.47204 1.13869
397000 0.219177 0.502519 0.478906 1.2006
398000 0.183789 0.476719 0.466134 1.12664
399000 0.169083 0.491037 0.469547 1.12967
400000 0.183842 0.486578 0.455109 1.12553
401000 0.171365 0.469812 0.469691 1.11087
402000 0.198705 0.511371 0.488859 1.19893
403000 0.180149 0.505503 0.473184 1.15884
404000 0.184807 0.487982 0.461203 1.13399
405000 0.182153 0.489866 0.476731 1.14875
406000 0.169879 0.490904 0.472131 1.13291
407000 0.178402 0.507931 0.502967 1.1893
408000 0.173496 0.496269 0.472413 1.14218
409000 0.20757 0.495489 0.469913 1.17297
410000 0.193924 0.503837 0.462197 1.15996
411000 0.196174 0.493831 0.481189 1.17119
412000 0.179869 0.520312 0.475334 1.17552
413000 0.183276 0.518352 0.483946 1.18557
414000 0.186975 0.506766 0.469919 1.16366
415000 0.174093 0.510624 0.463903 1.14862
416000 0.192025 0.510482 0.480573 1.18308
417000 0.206187 0.526663 0.473233 1.20608
418000 0.180035 0.504928 0.485516 1.17048
419000 0.196921 0.524018 0.493705 1.21464
420000 0.195545 0.508137 0.470322 1.174
421000 0.191466 0.500629 0.48442 1.17651
422000 0.204823 0.524386 0.473975 1.20318
423000 0.186858 0.503687 0.47022 1.16076
424000 0.200531 0.51518 0.485997 1.20171
425000 0.204013 0.510235 0.504912 1.21916
426000 0.193347 0.513332 0.485907 1.19259
427000 0.199039 0.515433 0.491906 1.20638
428000 0.194989 0.491322 0.484867 1.17118
429000 0.229666 0.497967 0.485525 1.21316
430000 0.197766 0.528694 0.501063 1.22752
431000 0.206089 0.514383 0.490465 1.21094
432000 0.199687 0.533591 0.482392 1.21567
433000 0.20031 0.52287 0.508338 1.23152
434000 0.20347 0.516563 0.494442 1.21447
435000 0.200562 0.519285 0.485305 1.20515
436000 0.199861 0.525049 0.499671 1.22458
437000 0.20165 0.51459 0.496149 1.21239
438000 0.192206 0.513031 0.49371 1.19895
439000 0.204985 0.515317 0.506783 1.22709
440000 0.203325 0.528028 0.489563 1.22092
441000 0.202685 0.545392 0.492493 1.24057
442000 0.195267 0.533066 0.49976 1.22809
443000 0.201713 0.54263 0.514445 1.25879
444000 0.232451 0.520579 0.50176 1.25479
445000 0.208618 0.541286 0.488988 1.23889
446000 0.211661 0.560078 0.526943 1.29868
447000 0.231979 0.558366 0.514749 1.30509
448000 0.21205 0.582694 0.521024 1.31577
449000 0.244106 0.530146 0.509215 1.28347
450000 0.205069 0.538149 0.503338 1.24656
451000 0.216638 0.577179 0.514974 1.30879
452000 0.208753 0.544252 0.523006 1.27601
453000 0.212903 0.540731 0.513185 1.26682
454000 0.214655 0.554681 0.516824 1.28616
455000 0.215188 0.557113 0.522652 1.29495
456000 0.226202 0.58094 0.549446 1.35659
457000 0.209698 0.556448 0.526311 1.29246
458000 0.231379 0.562937 0.519595 1.31391
459000 0.206338 0.57965 0.538244 1.32423
460000 0.209219 0.578704 0.539444 1.32737
461000 0.236284 0.614296 0.534976 1.38556
462000 0.210468 0.581976 0.541431 1.33388
463000 0.220593 0.578701 0.539652 1.33895
464000 0.214127 0.602169 0.550662 1.36696
465000 0.222403 0.575104 0.532963 1.33047
466000 0.215336 0.617083 0.559346 1.39177
467000 0.225634 0.581925 0.536111 1.34367
468000 0.213463 0.588376 0.538804 1.34064
469000 0.205752 0.583574 0.535673 1.325
470000 0.254938 0.583583 0.560698 1.39922
471000 0.211528 0.583547 0.534158 1.32923
472000 0.234937 0.575015 0.529702 1.33965
473000 0.212558 0.586593 0.521464 1.32062
474000 0.207358 0.570034 0.536452 1.31384
475000 0.234805 0.560897 0.530779 1.32648
476000 0.209728 0.593254 0.510649 1.31363
477000 0.257691 0.563254 0.536144 1.35709
478000 0.214958 0.597614 0.532992 1.34556
479000 0.231938 0.574185 0.524873 1.331
480000 0.214319 0.600743 0.540933 1.35599
481000 0.213064 0.595388 0.554342 1.36279
482000 0.229385 0.615521 0.559918 1.40482
483000 0.20704 0.611102 0.547894 1.36604
484000 0.226117 0.602962 0.522778 1.35186
485000 0.214298 0.620175 0.531736 1.36621
486000 0.237929 0.607686 0.56618 1.41179
487000 0.212906 0.626589 0.574951 1.41445
488000 0.217291 0.637818 0.572168 1.42728
489000 0.218516 0.614891 0.587765 1.42117
490000 0.205639 0.643111 0.550753 1.3995
491000 0.22177 0.606251 0.556154 1.38418
492000 0.222534 0.638776 0.568321 1.42963
493000 0.232083 0.605334 0.575265 1.41268
494000 0.217161 0.62259 0.574178 1.41393
495000 0.220111 0.63855 0.561575 1.42024
496000 0.21298 0.605965 0.5663 1.38524
497000 0.223751 0.61154 0.570522 1.40581
498000 0.223059 0.605148 0.575391 1.4036
499000 0.235782 0.599165 0.578978 1.41392
500000 0.217404 0.614066 0.56711 1.39858
501000 0.20999 0.607869 0.5626 1.38046
502000 0.233038 0.602567 0.572001 1.40761
503000 0.208094 0.597371 0.59295 1.39841
504000 0.246262 0.612541 0.594145 1.45295
505000 0.216071 0.61773 0.590022 1.42382
506000 0.240403 0.625851 0.565364 1.43162
507000 0.224838 0.63938 0.573471 1.43769
508000 0.216553 0.614607 0.59263 1.42379
509000 0.221631 0.618441 0.576183 1.41625
510000 0.21566 0.632006 0.580758 1.42842
511000 0.24389 0.615938 0.579868 1.4397
512000 0.217123 0.676885 0.582393 1.4764
513000 0.244859 0.630779 0.590878 1.46652
514000 0.220648 0.677736 0.587523 1.48591
515000 0.223174 0.619155 0.57869 1.42102
516000 0.24488 0.642557 0.594956 1.48239
517000 0.228695 0.682732 0.612889 1.52432
518000 0.233009 0.629816 0.625415 1.48824
519000 0.214077 0.641273 0.620615 1.47596
520000 0.22804 0.63087 0.592615 1.45152
521000 0.233878 0.616521 0.597155 1.44755
522000 0.220789 0.673794 0.603727 1.49831
523000 0.256638 0.614342 0.618935 1.48991
524000 0.229149 0.636867 0.590307 1.45632
525000 0.221964 0.624726 0.599872 1.44656
526000 0.252317 0.639544 0.573961 1.46582
527000 0.216593 0.63903 0.599691 1.45531
528000 0.238063 0.603137 0.594244 1.43544
529000 0.23012 0.655274 0.583061 1.46845
530000 0.229132 0.631206 0.579768 1.44011
531000 0.264567 0.627312 0.601623 1.4935
532000 0.227349 0.63794 0.594645 1.45993
533000 0.258195 0.599785 0.617983 1.47596
534000 0.215636 0.644587 0.614193 1.47442
535000 0.222721 0.626656 0.596696 1.44607
536000 0.227979 0.643699 0.594973 1.46665
537000 0.221901 0.633975 0.606167 1.46204
538000 0.226312 0.621399 0.589387 1.4371
539000 0.220476 0.621591 0.585154 1.42722
540000 0.222008 0.631672 0.601744 1.45542
541000 0.224514 0.622023 0.595008 1.44155
542000 0.225478 0.639283 0.586886 1.45165
543000 0.219961 0.628857 0.594713 1.44353
544000 0.236434 0.615098 0.579566 1.4311
545000 0.227773 0.620892 0.607696 1.45636
546000 0.215645 0.618344 0.59215 1.42614
547000 0.240269 0.626665 0.614815 1.48175
548000 0.218907 0.653137 0.607248 1.47929
549000 0.228973 0.633404 0.611857 1.47423
550000 0.222128 0.643807 0.599773 1.46571
551000 0.224313 0.631926 0.592364 1.4486
552000 0.239753 0.641405 0.590209 1.47137
553000 0.220324 0.65558 0.595131 1.47104
554000 0.237353 0.623773 0.612765 1.47389
555000 0.247669 0.662429 0.605802 1.5159
556000 0.21975 0.623171 0.600518 1.44344
557000 0.225672 0.644826 0.608426 1.47892
558000 0.23733 0.64371 0.601911 1.48295
559000 0.223228 0.627224 0.601885 1.45234
560000 0.246192 0.669889 0.618588 1.53467
561000 0.221839 0.63984 0.612767 1.47445
562000 0.233931 0.663058 0.620113 1.5171
563000 0.228654 0.638016 0.650117 1.51679
564000 0.235104 0.641838 0.627554 1.5045
565000 0.220436 0.67284 0.61181 1.50509
566000 0.231477 0.63539 0.596623 1.46349
567000 0.2259 0.688174 0.630173 1.54425
568000 0.218396 0.650011 0.613893 1.4823
569000 0.238889 0.653096 0.614771 1.50676
570000 0.225773 0.650993 0.618236 1.495
571000 0.253715 0.659637 0.610749 1.5241
572000 0.230682 0.682508 0.610326 1.52352
573000 0.240398 0.646189 0.624565 1.51115
574000 0.233259 0.660796 0.632116 1.52617
575000 0.219189 0.67057 0.61073 1.50049
576000 0.259382 0.655141 0.618428 1.53295
577000 0.234638 0.679743 0.617881 1.53226
578000 0.242709 0.668639 0.604915 1.51626
579000 0.240742 0.672128 0.609408 1.52228
580000 0.23101 0.660398 0.618762 1.51017
581000 0.251359 0.642918 0.620946 1.51522
582000 0.226155 0.667433 0.624737 1.51832
583000 0.225302 0.651469 0.648969 1.52574
584000 0.23793 0.652284 0.625782 1.516
585000 0.241592 0.666051 0.619459 1.5271
586000 0.279758 0.648512 0.626547 1.55482
587000 0.217925 0.678398 0.627868 1.52419
588000 0.240637 0.667645 0.627003 1.53528
589000 0.244844 0.664716 0.628831 1.53839
590000 0.240209 0.66661 0.644752 1.55157
591000 0.239272 0.665237 0.632701 1.53721
592000 0.230496 0.666265 0.627429 1.52419
593000 0.235989 0.663918 0.643169 1.54308
594000 0.245376 0.661637 0.633836 1.54085
595000 0.226445 0.655657 0.62781 1.50991
596000 0.245928 0.676998 0.646618 1.56954
597000 0.238269 0.685984 0.649352 1.57361
598000 0.266827 0.693431 0.647699 1.60796
599000 0.231606 0.662067 0.632398 1.52607
600000 0.225265 0.678584 0.601969 1.50582
601000 0.233576 0.681829 0.630781 1.54619
602000 0.231916 0.667482 0.652684 1.55208
603000 0.230748 0.679055 0.650154 1.55996
604000 0.245709 0.659613 0.624986 1.53031
605000 0.233288 0.680294 0.627274 1.54086
606000 0.25844 0.6552 0.646773 1.56041
607000 0.239315 0.657909 0.642066 1.53929
608000 0.244211 0.677523 0.656532 1.57827
609000 0.246664 0.65893 0.648597 1.55419
610000 0.234865 0.674158 0.637902 1.54692
611000 0.240842 0.684109 0.645088 1.57004
612000 0.235519 0.679104 0.637779 1.5524
613000 0.252631 0.716196 0.66415 1.63298
614000 0.234593 0.680476 0.656408 1.57148
615000 0.236806 0.665798 0.634953 1.53756
616000 0.246676 0.677942 0.660293 1.58491
617000 0.225886 0.679411 0.638223 1.54352
618000 0.230591 0.7168 0.661515 1.60891
619000 0.243732 0.675632 0.654411 1.57377
620000 0.24091 0.702327 0.655071 1.59831
621000 0.224588 0.679254 0.66973 1.57357
622000 0.272894 0.685686 0.685731 1.64431
623000 0.242472 0.724025 0.666881 1.63338
624000 0.249787 0.689849 0.644161 1.5838
625000 0.237835 0.686879 0.660708 1.58542
626000 0.230428 0.677102 0.647492 1.55502
627000 0.25373 0.689311 0.662765 1.60581
628000 0.223569 0.711895 0.664297 1.59976
629000 0.258517 0.662705 0.664988 1.58621
630000 0.232985 0.693753 0.665148 1.59189
631000 0.229103 0.680197 0.658476 1.56778
632000 0.227241 0.67121 0.656723 1.55517
633000 0.238593 0.705733 0.66705 1.61138
634000 0.26067 0.688023 0.665611 1.6143
635000 0.229874 0.702811 0.665874 1.59856
636000 0.245621 0.719266 0.654143 1.61903
637000 0.2378 0.69872 0.651023 1.58754
638000 0.237716 0.707008 0.661315 1.60604
639000 0.238373 0.712015 0.650322 1.60071
640000 0.244701 0.701551 0.640199 1.58645
641000 0.237279 0.725115 0.663976 1.62637
642000 0.233671 0.696541 0.650492 1.5807
643000 0.241941 0.711924 0.660641 1.61451
644000 0.239145 0.6895 0.655377 1.58402
645000 0.227916 0.687859 0.640226 1.556
646000 0.257825 0.726337 0.679301 1.66346
647000 0.237396 0.698372 0.645178 1.58095
648000 0.26129 0.735035 0.638825 1.63515
649000 0.236536 0.702317 0.655157 1.59401
650000 0.23117 0.715603 0.670205 1.61698
651000 0.241565 0.713011 0.659415 1.61399
652000 0.223949 0.703041 0.655651 1.58264
653000 0.254369 0.707337 0.679916 1.64162
654000 0.237032 0.69591 0.64898 1.58192
655000 0.237396 0.742629 0.66522 1.64525
656000 0.246142 0.726804 0.708291 1.68124
657000 0.229088 0.720926 0.687664 1.63768
658000 0.236544 0.743102 0.70598 1.68563
659000 0.249706 0.733489 0.698948 1.68214
660000 0.225749 0.723333 0.682457 1.63154
661000 0.243801 0.736581 0.698704 1.67909
662000 0.247235 0.735877 0.676216 1.65933
663000 0.231296 0.729509 0.67023 1.63104
664000 0.232095 0.7287 0.711617 1.67241
665000 0.243134 0.762112 0.683422 1.68867
666000 0.238594 0.745231 0.703889 1.68771
667000 0.238712 0.754608 0.692231 1.68555
668000 0.272179 0.737112 0.69991 1.7092
669000 0.239118 0.731024 0.676694 1.64684
670000 0.255551 0.763918 0.691086 1.71056
671000 0.244971 0.728807 0.689541 1.66332
672000 0.249723 0.744379 0.689564 1.68366
673000 0.243735 0.752775 0.715784 1.71229
674000 0.243357 0.721973 0.706276 1.67161
675000 0.246245 0.766637 0.696633 1.70951
676000 0.238604 0.762157 0.696501 1.69726
677000 0.236358 0.743886 0.706621 1.68686
678000 0.261488 0.761495 0.691951 1.71493
679000 0.238499 0.736126 0.711162 1.68579
680000 0.247508 0.764345 0.706123 1.71798
681000 0.238764 0.745387 0.708079 1.69223
682000 0.251393 0.750614 0.708012 1.71002
683000 0.241101 0.739805 0.691024 1.67193
684000 0.251449 0.734969 0.695956 1.68237
685000 0.259922 0.790255 0.720226 1.7704
686000 0.23927 0.742861 0.712409 1.69454
687000 0.260991 0.742088 0.705399 1.70848
688000 0.250322 0.761574 0.701597 1.71349
689000 0.236632 0.744898 0.697847 1.67938
690000 0.244511 0.77905 0.709491 1.73305
691000 0.243844 0.743498 0.723271 1.71061
692000 0.249149 0.758412 0.722217 1.72978
693000 0.247707 0.762879 0.718407 1.72899
694000 0.239452 0.749068 0.706216 1.69474
695000 0.254171 0.785201 0.727885 1.76726
696000 0.252306 0.748274 0.713221 1.7138
697000 0.252592 0.791473 0.702927 1.74699
698000 0.235522 0.757137 0.711177 1.70384
699000 0.252118 0.766037 0.722736 1.74089
700000 0.240194 0.773869 0.712454 1.72652
701000 0.24649 0.752415 0.72169 1.7206
702000 0.250351 0.760851 0.711328 1.72253
703000 0.262564 0.757742 0.714923 1.73523
704000 0.235887 0.758162 0.729444 1.72349
705000 0.249104 0.760877 0.712881 1.72286
706000 0.24553 0.762941 0.73392 1.74239
707000 0.244338 0.765314 0.720366 1.73002
708000 0.246012 0.78162 0.721072 1.74871
709000 0.255929 0.76922 0.733595 1.75874
710000 0.254948 0.758762 0.730377 1.74409
711000 0.254773 0.777191 0.725462 1.75743
712000 0.246416 0.784105 0.730247 1.76077
713000 0.255354 0.772651 0.728798 1.7568
714000 0.244437 0.792127 0.717886 1.75445
715000 0.237773 0.77342 0.716203 1.7274
716000 0.245362 0.772438 0.723946 1.74175
717000 0.250727 0.788399 0.711593 1.75072
718000 0.231421 0.766863 0.721897 1.72018
719000 0.240262 0.770345 0.723549 1.73416
720000 0.249707 0.764671 0.721601 1.73598
721000 0.254224 0.786966 0.714016 1.75521
722000 0.240324 0.780051 0.718287 1.73866
723000 0.262762 0.780258 0.699365 1.74238
724000 0.255432 0.76969 0.733417 1.75854
725000 0.240962 0.789739 0.728786 1.75949
726000 0.268939 0.824481 0.74243 1.83585
727000 0.258152 0.807038 0.735806 1.801
728000 0.271219 0.831972 0.727315 1.83051
729000 0.244095 0.815014 0.721707 1.78082
730000 0.246283 0.8181 0.726597 1.79098
731000 0.260574 0.806233 0.72481 1.79162
732000 0.253112 0.837929 0.731645 1.82269
733000 0.241218 0.812844 0.714816 1.76888
734000 0.257535 0.804564 0.710954 1.77305
735000 0.264629 0.812932 0.699442 1.777
736000 0.246862 0.823048 0.719845 1.78976
737000 0.257731 0.847582 0.751431 1.85674
738000 0.257555 0.822594 0.713445 1.79359
739000 0.259004 0.851222 0.723976 1.8342
740000 0.268202 0.823359 0.718723 1.81028
741000 0.268344 0.839224 0.743465 1.85103
742000 0.272232 0.872589 0.741813 1.88663
743000 0.25771 0.842259 0.714798 1.81477
744000 0.259988 0.828493 0.728715 1.8172
745000 0.2505 0.871873 0.728615 1.85099
746000 0.258361 0.845365 0.750201 1.85393
747000 0.264382 0.873392 0.734759 1.87253
748000 0.255882 0.854982 0.714107 1.82497
749000 0.261582 0.859235 0.75253 1.87335
750000 0.273135 0.838794 0.746642 1.85857
751000 0.260055 0.827678 0.739156 1.82689
752000 0.266087 0.889254 0.743435 1.89878
753000 0.263556 0.861806 0.740347 1.86571
754000 0.260342 0.867618 0.725454 1.85341
755000 0.272812 0.873126 0.719726 1.86566
756000 0.259311 0.84713 0.703166 1.80961
757000 0.269061 0.908964 0.713403 1.89143
758000 0.27486 0.854914 0.711129 1.8409
759000 0.262225 0.918154 0.712499 1.89288
760000 0.274136 0.859629 0.730519 1.86428
761000 0.269424 0.870849 0.7234 1.86367
762000 0.264 0.879779 0.724027 1.86781
763000 0.269389 0.847362 0.724799 1.84155
764000 0.269482 0.905328 0.72355 1.89836
765000 0.271651 0.874132 0.73177 1.87755
766000 0.269133 0.875797 0.727409 1.87234
767000 0.293093 0.920451 0.746605 1.96015
768000 0.278669 0.860061 0.724645 1.86338
769000 0.299898 0.884109 0.7349 1.91891
770000 0.268688 0.86919 0.764372 1.90225
771000 0.281147 0.881836 0.744246 1.90723
772000 0.266813 0.892101 0.74383 1.90274
773000 0.272231 0.875498 0.730931 1.87866
774000 0.278778 0.88553 0.751578 1.91589
775000 0.274487 0.874822 0.747067 1.89638
776000 0.267631 0.881616 0.716682 1.86593
777000 0.282746 0.891482 0.741614 1.91584
778000 0.268458 0.898661 0.754218 1.92134
779000 0.29177 0.908821 0.752868 1.95346
780000 0.267839 0.881982 0.748974 1.8988
781000 0.276941 0.905069 0.749843 1.93185
782000 0.276449 0.897308 0.759303 1.93306
783000 0.27618 0.895948 0.802235 1.97436
784000 0.282877 0.935354 0.77149 1.98972
785000 0.268988 0.895886 0.784745 1.94962
786000 0.274736 0.924318 0.776762 1.97582
787000 0.277079 0.909791 0.793423 1.98029
788000 0.269806 0.915221 0.79122 1.97625
789000 0.290332 0.952755 0.778686 2.02177
790000 0.287665 0.915046 0.773757 1.97647
791000 0.266709 0.928294 0.793085 1.98809
792000 0.273343 0.912907 0.780031 1.96628
793000 0.281583 0.884765 0.782029 1.94838
794000 0.280876 0.948953 0.779233 2.00906
795000 0.269069 0.894118 0.748286 1.91147
796000 0.273553 0.913201 0.79015 1.9769
797000 0.290037 0.89352 0.78293 1.96649
798000 0.282622 0.907532 0.803451 1.9936
799000 0.279623 0.920561 0.773927 1.97411
800000 0.273261 0.904053 0.757276 1.93459
801000 0.278756 0.898456 0.784495 1.96171
802000 0.283458 0.907894 0.782008 1.97336
803000 0.284791 0.906375 0.792511 1.98368
804000 0.273006 0.91782 0.792809 1.98364
805000 0.286404 0.908457 0.793969 1.98883
806000 0.270152 0.918328 0.785355 1.97384
807000 0.277953 0.906702 0.804599 1.98925
808000 0.275135 0.903382 0.786038 1.96456
809000 0.266827 0.92426 0.797484 1.98857
810000 0.281388 0.924222 0.807831 2.01344
811000 0.292423 0.911543 0.799014 2.00298
812000 0.289554 0.935768 0.829829 2.05515
813000 0.278887 0.9205 0.807642 2.00703
814000 0.283604 0.912285 0.812552 2.00844
815000 0.29265 0.918617 0.795797 2.00706
816000 0.279093 0.91124 0.782516 1.97285
817000 0.287954 0.927522 0.798462 2.01394
818000 0.297788 0.915376 0.794497 2.00766
819000 0.273427 0.940873 0.805711 2.02001
820000 0.317952 0.934613 0.801282 2.05385
821000 0.270361 0.912111 0.774582 1.95705
822000 0.302485 0.958876 0.802873 2.06423
823000 0.3038 0.928605 0.808456 2.04086
824000 0.29025 0.916941 0.797464 2.00466
825000 0.300599 0.928121 0.785934 2.01465
826000 0.288495 0.928112 0.799484 2.01609
827000 0.303851 0.956565 0.813809 2.07423
828000 0.293039 0.935566 0.820883 2.04949
829000 0.296936 0.941046 0.816969 2.05495
830000 0.289775 0.932059 0.815774 2.03761
831000 0.304756 0.917617 0.793316 2.01569
832000 0.290494 0.977136 0.822694 2.09032
833000 0.304591 0.939479 0.826428 2.0705
834000 0.284068 0.956601 0.853463 2.09413
835000 0.284429 0.947293 0.812376 2.0441
836000 0.30261 0.932411 0.824004 2.05902
837000 0.283 0.96307 0.814073 2.06014
838000 0.343527 0.967279 0.824443 2.13525
839000 0.292828 0.941371 0.8461 2.0803
840000 0.310055 0.921266 0.836378 2.0677
841000 0.287166 0.942573 0.83104 2.06078
842000 0.29422 0.959447 0.83622 2.08989
843000 0.327354 0.943955 0.868884 2.14019
844000 0.297079 0.965503 0.866981 2.12956
845000 0.317318 0.966795 0.861545 2.14566
846000 0.282376 0.951198 0.874324 2.1079
847000 0.306527 0.974904 0.875988 2.15742
848000 0.299446 0.971997 0.896733 2.16818
849000 0.287614 0.958702 0.905615 2.15193
850000 0.307173 0.908665 0.901672 2.11751
851000 0.288717 0.937047 0.878817 2.10458
852000 0.303417 0.976542 0.897244 2.1772
853000 0.290111 0.935299 0.890988 2.1164
854000 0.29609 0.970787 0.875724 2.1426
855000 0.282398 0.934585 0.874841 2.09182
856000 0.328422 0.949516 0.887838 2.16578
857000 0.282944 0.922397 0.8555 2.06084
858000 0.301573 0.924024 0.874833 2.10043
859000 0.311093 0.923805 0.881562 2.11646
860000 0.294262 0.914712 0.896528 2.1055
861000 0.300932 0.932602 0.887953 2.12149
862000 0.305713 0.899885 0.878127 2.08372
863000 0.327041 0.913253 0.868432 2.10873
864000 0.298686 0.932467 0.900709 2.13186
865000 0.33819 0.948945 0.8944 2.18153
866000 0.298325 0.923489 0.900788 2.1226
867000 0.29407 0.915113 0.912726 2.12191
868000 0.331095 0.956089 0.923818 2.211
869000 0.29469 0.917786 0.918951 2.13143
870000 0.322933 0.928349 0.903776 2.15506
871000 0.301437 0.93081 0.902671 2.13492
872000 0.299478 0.92967 0.917202 2.14635
873000 0.297872 0.966466 0.910625 2.17496
874000 0.293459 0.935716 0.90914 2.13831
875000 0.328188 0.950114 0.894403 2.1727
876000 0.293105 0.923202 0.890013 2.10632
877000 0.32743 0.94173 0.882965 2.15213
878000 0.2869 0.975694 0.917505 2.1801
879000 0.300255 0.925205 0.913278 2.13874
880000 0.300752 0.96833 0.906092 2.17517
881000 0.294788 0.930566 0.923726 2.14908
882000 0.318902 0.950378 0.932511 2.20179
883000 0.296241 0.965068 0.898261 2.15957
884000 0.330064 0.942037 0.921664 2.19376
885000 0.296067 0.988612 0.903336 2.18801
886000 0.292477 0.934616 0.896557 2.12365
887000 0.31015 0.93225 0.900264 2.14266
888000 0.299907 0.944403 0.933244 2.17755
889000 0.321305 0.943644 0.932404 2.19735
890000 0.293234 0.950548 0.902158 2.14594
891000 0.299255 0.937811 0.926115 2.16318
892000 0.289834 0.949872 0.914851 2.15456
893000 0.299049 0.961502 0.911217 2.17177
894000 0.301945 0.935831 0.904952 2.14273
895000 0.295294 0.93631 0.929936 2.16154
896000 0.319491 0.928969 0.914136 2.1626
897000 0.305774 0.916272 0.915504 2.13755
898000 0.301199 0.930353 0.894306 2.12586
899000 0.281521 0.928311 0.892572 2.1024
900000 0.308162 0.937226 0.92076 2.16615
901000 0.293145 0.93594 0.908934 2.13802
902000 0.299652 0.940075 0.944233 2.18396
903000 0.297811 0.959536 0.932679 2.19003
904000 0.31141 0.931941 0.912659 2.15601
905000 0.311693 0.971346 0.948653 2.23169
906000 0.308844 0.940902 0.92781 2.17756
907000 0.320698 0.959542 0.955394 2.23563
908000 0.302271 0.938534 0.930769 2.17157
909000 0.303492 0.942064 0.912273 2.15783
910000 0.307903 0.931198 0.930919 2.17002
911000 0.29855 0.916919 0.907701 2.12317
912000 0.311122 0.941186 0.927548 2.17986
913000 0.305269 0.930562 0.939984 2.17581
914000 0.328667 0.951179 0.92824 2.20809
915000 0.307234 0.967462 0.936836 2.21153
916000 0.29342 0.944373 0.935998 2.17379
917000 0.314753 0.983922 0.940281 2.23896
918000 0.301358 0.962437 0.916336 2.18013
919000 0.319168 0.971762 0.92773 2.21866
920000 0.304889 0.942255 0.932424 2.17957
921000 0.304497 0.944692 0.927314 2.1765
922000 0.309638 0.986887 0.921305 2.21783
923000 0.298318 0.962612 0.927343 2.18827
924000 0.343955 0.972351 0.964089 2.28039
925000 0.30247 0.934271 0.936682 2.17342
926000 0.314307 0.957283 0.953574 2.22516
927000 0.304635 0.988402 0.943885 2.23692
928000 0.314888 0.974812 0.949704 2.2394
929000 0.306281 1.00617 0.934366 2.24682
930000 0.316598 0.980855 0.960644 2.2581
931000 0.314697 0.992507 0.974755 2.28196
932000 0.314251 0.997304 0.959347 2.2709
933000 0.315928 0.991683 0.973402 2.28101
934000 0.324097 1.00563 0.966595 2.29632
935000 0.32442 1.00045 0.956046 2.28092
936000 0.32214 1.01665 0.975768 2.31455
937000 0.329535 1.02946 0.968609 2.3276
938000 0.32073 1.00894 0.960204 2.28987
939000 0.319084 1.03987 0.950814 2.30977
940000 0.326269 1.02317 0.985246 2.33468
941000 0.322129 1.03107 0.972919 2.32612
942000 0.318898 1.06369 0.98231 2.3649
943000 0.305242 1.00042 0.970564 2.27622
944000 0.328187 1.07143 0.977131 2.37674
945000 0.30766 1.01211 0.971537 2.29131
946000 0.334144 1.03781 0.963912 2.33587
947000 0.317799 1.01633 0.952843 2.28697
948000 0.316516 1.00594 0.97422 2.29668
949000 0.32867 1.03715 0.961027 2.32685
950000 0.3101 1.00281 0.951692 2.2646
951000 0.339019 0.994076 0.953967 2.28706
952000 0.302966 1.01403 0.966208 2.2832
953000 0.31072 1.02613 0.959679 2.29653
954000 0.326647 1.05564 0.968578 2.35087
955000 0.318025 1.03211 0.996848 2.34698
956000 0.342441 1.0283 0.970859 2.3416
957000 0.309575 1.02577 0.968636 2.30398
958000 0.342869 1.04689 0.978172 2.36793
959000 0.318372 1.07599 0.965387 2.35975
960000 0.314931 1.02505 0.985837 2.32582
961000 0.329247 1.05904 0.970916 2.3592
962000 0.333582 1.03684 0.986719 2.35714
963000 0.329161 1.02776 0.996138 2.35306
964000 0.31022 1.03544 0.965224 2.31089
965000 0.323868 1.03949 0.954346 2.3177
966000 0.340581 1.06518 0.959629 2.36539
967000 0.321232 1.05105 0.967984 2.34026
968000 0.33097 1.03058 0.975024 2.33658
969000 0.321299 1.05838 0.962907 2.34259
970000 0.318611 1.05709 0.970333 2.34604
971000 0.346445 1.0495 0.975847 2.37179
972000 0.327432 1.037 0.959754 2.32419
973000 0.339408 1.07475 0.973041 2.38719
974000 0.336004 1.05552 0.950298 2.34183
975000 0.329889 1.05003 0.988539 2.36846
976000 0.354331 1.06035 0.981897 2.39658
977000 0.334643 1.0403 0.952945 2.32789
978000 0.340011 1.08012 0.995887 2.41602
979000 0.338518 1.0444 0.975419 2.35833
980000 0.327852 1.05499 0.969809 2.35265
981000 0.322674 1.05231 0.982373 2.35736
982000 0.354151 1.04736 0.975077 2.37659
983000 0.335476 1.0741 0.982187 2.39177
984000 0.342242 1.0549 0.989544 2.38668
985000 0.339696 1.0678 0.983197 2.39069
986000 0.325232 1.04897 0.994443 2.36865
987000 0.369306 1.079 0.953704 2.40201
988000 0.352502 1.09754 0.968427 2.41847
989000 0.356103 1.05142 0.96629 2.37381
990000 0.342338 1.05665 0.98193 2.38092
991000 0.338223 1.06436 0.974826 2.37741
992000 0.356531 1.08945 0.984721 2.4307
993000 0.342565 1.066 0.970723 2.37929
994000 0.349298 1.06225 0.960455 2.372
995000 0.357508 1.08087 0.992382 2.43076
996000 0.345033 1.10787 1.00406 2.45696
997000 0.357147 1.08169 0.998967 2.4378
998000 0.348908 1.08604 0.976989 2.41193
999000 0.348606 1.06017 0.999564 2.40834
1000000 0.354687 1.08336 0.992452 2.4305
1001000 0.354109 1.07788 0.990176 2.42217
1002000 0.352872 1.07585 0.987142 2.41587
1003000 0.352898 1.08906 1.00201 2.44397
1004000 0.360807 1.10324 1.00877 2.47282
1005000 0.351813 1.09716 0.971025 2.42
1006000 0.355784 1.07739 0.998764 2.43193
1007000 0.347442 1.10187 1.00781 2.45712
1008000 0.34129 1.0887 0.985698 2.41569
1009000 0.351571 1.06919 0.989099 2.40986
1010000 0.36559 1.09768 0.976664 2.43994
1011000 0.340627 1.07853 0.981335 2.40049
1012000 0.367887 1.08279 0.997802 2.44848
1013000 0.349198 1.08724 0.988817 2.42526
1014000 0.357004 1.09736 1.02954 2.4839
1015000 0.354738 1.11344 1.00467 2.47284
1016000 0.34931 1.09765 1.01973 2.46669
1017000 0.373951 1.10938 1.00479 2.48812
1018000 0.353894 1.10807 0.991478 2.45344
1019000 0.361684 1.07667 1.00115 2.4395
1020000 0.350897 1.07787 0.992707 2.42147
1021000 0.345963 1.1033 1.01344 2.4627
1022000 0.369626 1.10275 1.00156 2.47394
1023000 0.357651 1.08726 1.02105 2.46596
1024000 0.350435 1.09863 1.00098 2.45005
1025000 0.361216 1.09501 1.00735 2.46358
1026000 0.366096 1.08698 1.01619 2.46926
1027000 0.370052 1.10025 0.999847 2.47015
1028000 0.362537 1.09482 1.00154 2.4589
1029000 0.358067 1.10664 0.994104 2.45881
1030000 0.362151 1.12911 1.02655 2.51781
