# Time-averaged data for fix 1
# TimeStep c_msd_all[1] c_msd_all[2] c_msd_all[3] c_msd_all[4]
31000 0.0715959 0.0866667 0.0752296 0.233492
32000 0.065482 0.0873218 0.076066 0.22887
33000 0.0746733 0.079057 0.0756972 0.229428
34000 0.0722611 0.0790541 0.0714407 0.222756
35000 0.0688857 0.0788333 0.0665773 0.214296
36000 0.0788141 0.0801658 0.0753824 0.234362
37000 0.0751511 0.0842841 0.0827483 0.242183
38000 0.0900161 0.0820378 0.0802623 0.252316
39000 0.0684807 0.085355 0.0738522 0.227688
40000 0.0747567 0.0849017 0.0715451 0.231203
41000 0.0767876 0.0824301 0.0767696 0.235987
42000 0.0744643 0.105667 0.0881175 0.268248
43000 0.082151 0.0862802 0.0805816 0.249013
44000 0.0646888 0.0874276 0.0785295 0.230646
45000 0.0678672 0.0940867 0.0795417 0.241496
46000 0.0890359 0.0836341 0.0770715 0.249742
47000 0.0727008 0.096918 0.0800206 0.249639
48000 0.0983137 0.0816072 0.0810397 0.260961
49000 0.0688121 0.0975713 0.086856 0.253239
50000 0.0849816 0.0889857 0.0870457 0.261013
51000 0.0769933 0.0860115 0.0846634 0.247668
52000 0.0706118 0.0932155 0.0876522 0.251479
53000 0.0863102 0.0876012 0.0868621 0.260773
54000 0.0680883 0.0919428 0.0893665 0.249398
55000 0.0763619 0.0918132 0.0838113 0.251986
56000 0.0714222 0.0935201 0.0866278 0.25157
57000 0.0752511 0.099787 0.0910546 0.266093
58000 0.0740294 0.104465 0.0949149 0.27341
59000 0.0675132 0.0930357 0.0871471 0.247696
60000 0.0702669 0.0990939 0.0907209 0.260082
61000 0.07627 0.107021 0.0934977 0.276789
62000 0.0693129 0.116736 0.094868 0.280917
63000 0.0758854 0.107938 0.0960439 0.279868
64000 0.0750444 0.112054 0.096858 0.283956
65000 0.0689093 0.106047 0.0922246 0.267181
66000 0.0664595 0.112637 0.100373 0.279469
67000 0.0799151 0.106156 0.0934972 0.279569
68000 0.063905 0.111676 0.100047 0.275628
69000 0.0824452 0.12888 0.096215 0.30754
70000 0.0759828 0.113602 0.102357 0.291941
71000 0.074545 0.103404 0.107789 0.285738
72000 0.0736909 0.106925 0.106106 0.286722
73000 0.0704127 0.114275 0.110309 0.294997
74000 0.0830027 0.121746 0.100425 0.305174
75000 0.0723097 0.120278 0.106705 0.299293
76000 0.0732137 0.118747 0.0959556 0.287916
77000 0.0829436 0.116545 0.114507 0.313996
78000 0.0742107 0.116465 0.104349 0.295025
79000 0.0958642 0.116752 0.109555 0.322172
80000 0.086881 0.124005 0.119448 0.330334
81000 0.106957 0.135809 0.117091 0.359857
82000 0.0661138 0.121511 0.112866 0.300491
83000 0.0783784 0.122619 0.112696 0.313694
84000 0.104388 0.135627 0.111484 0.351499
85000 0.0845208 0.1391 0.105646 0.329267
86000 0.120153 0.137263 0.105126 0.362542
87000 0.0751294 0.129798 0.112469 0.317397
88000 0.0781483 0.13583 0.114182 0.328161
89000 0.106143 0.148709 0.11359 0.368441
90000 0.0864389 0.147495 0.124435 0.358369
91000 0.108982 0.132978 0.125704 0.367664
92000 0.0807248 0.146 0.128053 0.354778
93000 0.0855929 0.139821 0.121377 0.346791
94000 0.0818229 0.15334 0.108615 0.343778
95000 0.0886907 0.148933 0.132296 0.369921
96000 0.106182 0.148001 0.131277 0.385461
97000 0.0833293 0.150801 0.131283 0.365413
98000 0.0835142 0.13533 0.126934 0.345779
99000 0.0824718 0.16181 0.128846 0.373128
100000 0.0827409 0.152141 0.128136 0.363017
101000 0.106606 0.154411 0.128162 0.389178
102000 0.0810546 0.157339 0.13221 0.370604
103000 0.0873175 0.143002 0.131014 0.361334
104000 0.0818752 0.155011 0.13017 0.367057
105000 0.0790704 0.145202 0.126078 0.350351
106000 0.112798 0.141528 0.124486 0.378812
107000 0.0842903 0.153105 0.125629 0.363025
108000 0.091292 0.140561 0.12959 0.361443
109000 0.0869185 0.158339 0.132134 0.377391
110000 0.0767457 0.146306 0.139341 0.362393
111000 0.0861568 0.151884 0.143664 0.381704
112000 0.0732504 0.163063 0.136752 0.373065
113000 0.122321 0.150706 0.130518 0.403545
114000 0.0932588 0.160864 0.124302 0.378424
115000 0.101741 0.159318 0.132694 0.393753
116000 0.0812976 0.150412 0.124958 0.356667
117000 0.0906908 0.153012 0.134748 0.37845
118000 0.09958 0.161015 0.136481 0.397076
119000 0.0849436 0.161945 0.143775 0.390663
120000 0.0884582 0.172311 0.138236 0.399005
121000 0.0818186 0.151759 0.128369 0.361946
122000 0.0891081 0.153475 0.14302 0.385604
123000 0.0893912 0.174432 0.134683 0.398506
124000 0.0840362 0.1536 0.12664 0.364276
125000 0.0946335 0.171887 0.13323 0.399751
126000 0.0802682 0.171593 0.138084 0.389945
127000 0.0891993 0.164079 0.156698 0.409976
128000 0.087097 0.155129 0.143502 0.385728
129000 0.0791013 0.160427 0.144941 0.38447
130000 0.126482 0.190057 0.138361 0.4549
131000 0.0957889 0.166648 0.145277 0.407714
132000 0.0998324 0.150793 0.137287 0.387912
133000 0.0826315 0.152206 0.140365 0.375203
134000 0.0830094 0.162128 0.143445 0.388582
135000 0.111281 0.175218 0.147673 0.434173
136000 0.0950078 0.161803 0.148725 0.405535
137000 0.0986796 0.161559 0.14697 0.407209
138000 0.0795973 0.165218 0.1459 0.390716
139000 0.0934539 0.165354 0.14842 0.407228
140000 0.0917906 0.167688 0.148652 0.40813
141000 0.0855882 0.162059 0.147659 0.395306
142000 0.105176 0.167523 0.148441 0.42114
143000 0.0884945 0.168291 0.148779 0.405565
144000 0.0921236 0.168968 0.156365 0.417457
145000 0.0972038 0.18414 0.150667 0.432011
146000 0.0868017 0.181945 0.160585 0.429332
147000 0.0968847 0.185664 0.160463 0.443012
148000 0.0853697 0.168392 0.160704 0.414465
149000 0.0911814 0.172605 0.156175 0.419961
150000 0.0929541 0.182558 0.159203 0.434715
151000 0.092861 0.16963 0.165147 0.427638
152000 0.0838086 0.167493 0.16648 0.417782
153000 0.0968935 0.172484 0.157995 0.427373
154000 0.092353 0.178669 0.16074 0.431762
155000 0.115861 0.193764 0.163025 0.47265
156000 0.0962311 0.182586 0.171082 0.449899
157000 0.0869865 0.175231 0.153578 0.415796
158000 0.0869243 0.176885 0.160644 0.424453
159000 0.0883496 0.180041 0.163646 0.432037
160000 0.0977587 0.180698 0.160283 0.43874
161000 0.0859931 0.175008 0.167519 0.42852
162000 0.110285 0.179213 0.165498 0.454997
163000 0.085815 0.179208 0.162771 0.427794
164000 0.0953773 0.178981 0.167156 0.441514
165000 0.0944468 0.233593 0.17654 0.50458
166000 0.0941993 0.193899 0.166764 0.454862
167000 0.100713 0.205967 0.171327 0.478007
168000 0.0984123 0.183619 0.175957 0.457988
169000 0.0899966 0.187139 0.166862 0.443997
170000 0.097626 0.201458 0.178259 0.477344
171000 0.0978328 0.190428 0.176176 0.464436
172000 0.0905738 0.211604 0.182742 0.48492
173000 0.0911911 0.189503 0.173115 0.453809
174000 0.0997533 0.186567 0.176074 0.462395
175000 0.0992812 0.190286 0.173124 0.462692
176000 0.116586 0.192238 0.178543 0.487367
177000 0.104978 0.210297 0.183464 0.498739
178000 0.108707 0.210738 0.178593 0.498038
179000 0.0929624 0.185348 0.185868 0.464178
180000 0.098287 0.188448 0.184159 0.470894
181000 0.0933704 0.19852 0.178979 0.470869
182000 0.0933551 0.195948 0.171772 0.461075
183000 0.0965882 0.192517 0.178075 0.46718
184000 0.0941604 0.196265 0.177769 0.468194
185000 0.0953185 0.206371 0.176602 0.478291
186000 0.100289 0.18588 0.173989 0.460158
187000 0.102036 0.195237 0.18143 0.478703
188000 0.102356 0.195726 0.186999 0.485081
189000 0.100218 0.193768 0.175373 0.46936
190000 0.108492 0.222223 0.185045 0.515759
191000 0.0978438 0.214471 0.192158 0.504472
192000 0.113441 0.211708 0.194143 0.519291
193000 0.105657 0.215429 0.198084 0.51917
194000 0.100018 0.219057 0.193701 0.512776
195000 0.119501 0.222882 0.200974 0.543357
196000 0.110938 0.218964 0.200556 0.530458
197000 0.115742 0.215758 0.203661 0.535161
198000 0.103117 0.22457 0.195031 0.522718
199000 0.102801 0.217291 0.193796 0.513887
200000 0.11316 0.2143 0.20683 0.534289
201000 0.108856 0.219188 0.207199 0.535243
202000 0.110798 0.217763 0.199237 0.527798
203000 0.102298 0.220671 0.205152 0.528121
204000 0.109227 0.210674 0.199215 0.519116
205000 0.108784 0.216495 0.212196 0.537475
206000 0.104563 0.221748 0.205346 0.531658
207000 0.116927 0.227789 0.196791 0.541508
208000 0.112882 0.230672 0.201621 0.545175
209000 0.112448 0.21483 0.209478 0.536757
210000 0.0990916 0.237741 0.221097 0.55793
211000 0.10611 0.219092 0.20281 0.528011
212000 0.146591 0.224682 0.213378 0.58465
213000 0.111029 0.221029 0.207882 0.539941
214000 0.110782 0.223694 0.202417 0.536893
215000 0.104902 0.233133 0.207152 0.545186
216000 0.112614 0.226685 0.199309 0.538607
217000 0.119586 0.255692 0.216022 0.5913
218000 0.114125 0.237407 0.224188 0.57572
219000 0.109333 0.229983 0.205645 0.54496
220000 0.104375 0.229666 0.20765 0.541691
221000 0.114971 0.234333 0.235065 0.58437
222000 0.109528 0.242226 0.232058 0.583812
223000 0.114795 0.253365 0.226514 0.594674
224000 0.110903 0.251004 0.236503 0.59841
225000 0.108048 0.225719 0.245565 0.579331
226000 0.125338 0.23034 0.253777 0.609455
227000 0.1162 0.266243 0.23104 0.613483
228000 0.11972 0.240044 0.233301 0.593065
229000 0.105894 0.249779 0.247255 0.602928
230000 0.111251 0.251292 0.26567 0.628213
231000 0.117083 0.241875 0.295541 0.654499
232000 0.109562 0.24234 0.257078 0.60898
233000 0.130663 0.256789 0.223209 0.610661
234000 0.107608 0.248796 0.251679 0.608083
235000 0.111931 0.244619 0.261586 0.618136
236000 0.116212 0.264772 0.275615 0.6566
237000 0.122706 0.260119 0.241665 0.62449
238000 0.119048 0.269708 0.249233 0.637989
239000 0.113193 0.302888 0.265786 0.681868
240000 0.107441 0.262756 0.258578 0.628775
241000 0.122267 0.255442 0.276795 0.654504
242000 0.114925 0.271199 0.23062 0.616743
243000 0.125294 0.269345 0.243546 0.638184
244000 0.110095 0.293256 0.255045 0.658395
245000 0.117823 0.280727 0.250267 0.648817
246000 0.121106 0.270601 0.257332 0.649039
247000 0.116636 0.271607 0.245986 0.634229
248000 0.116703 0.269741 0.242538 0.628982
249000 0.122634 0.283766 0.246898 0.653297
250000 0.120381 0.26769 0.24905 0.637121
251000 0.121557 0.274611 0.251384 0.647552
252000 0.126174 0.271219 0.25094 0.648332
253000 0.132178 0.267 0.253286 0.652464
254000 0.128402 0.262444 0.265197 0.656043
255000 0.119803 0.264819 0.244411 0.629034
256000 0.138065 0.279011 0.242189 0.659265
257000 0.128456 0.275076 0.257017 0.660549
258000 0.131829 0.278387 0.247059 0.657275
259000 0.135505 0.27419 0.264082 0.673777
260000 0.125826 0.288173 0.277565 0.691564
261000 0.129272 0.283226 0.26304 0.675538
262000 0.135106 0.292294 0.269206 0.696606
263000 0.127578 0.313767 0.251586 0.69293
264000 0.138312 0.299889 0.263401 0.701601
265000 0.139022 0.308085 0.272403 0.71951
266000 0.12468 0.309042 0.283902 0.717623
267000 0.138094 0.301961 0.289234 0.729289
268000 0.122689 0.307735 0.283483 0.713907
269000 0.127388 0.299282 0.287073 0.713744
270000 0.136084 0.326071 0.295757 0.757912
271000 0.122943 0.303674 0.280937 0.707555
272000 0.129979 0.303598 0.280451 0.714028
273000 0.129598 0.303022 0.290046 0.722667
274000 0.134778 0.296726 0.288568 0.720072
275000 0.150955 0.297321 0.309063 0.757339
276000 0.143592 0.32747 0.30447 0.775532
277000 0.142102 0.311381 0.297711 0.751193
278000 0.127899 0.332353 0.283315 0.743567
279000 0.120332 0.313148 0.298775 0.732255
280000 0.135771 0.321476 0.299494 0.756741
281000 0.135561 0.325033 0.30455 0.765144
282000 0.16802 0.323965 0.293459 0.785445
283000 0.142267 0.3219 0.30252 0.766686
284000 0.144503 0.320918 0.307547 0.772968
285000 0.132045 0.334373 0.321554 0.787972
286000 0.15988 0.316929 0.301234 0.778043
287000 0.132347 0.331438 0.29718 0.760965
288000 0.139109 0.319741 0.317643 0.776493
289000 0.135215 0.328706 0.311909 0.77583
290000 0.128213 0.324667 0.301585 0.754465
291000 0.150157 0.326442 0.295066 0.771666
292000 0.129808 0.319535 0.29022 0.739562
293000 0.134788 0.316866 0.313565 0.765219
294000 0.135432 0.328885 0.318209 0.782525
295000 0.13357 0.334584 0.317087 0.78524
296000 0.136102 0.326614 0.321657 0.784374
297000 0.135572 0.336751 0.306728 0.779051
298000 0.129118 0.337798 0.302214 0.769129
299000 0.14135 0.332913 0.317565 0.791828
300000 0.1392 0.341228 0.322165 0.802594
301000 0.140412 0.332508 0.310142 0.783062
302000 0.130195 0.337214 0.306594 0.774003
303000 0.143127 0.331873 0.328272 0.803272
304000 0.137024 0.339298 0.31162 0.787943
305000 0.143018 0.328834 0.313625 0.785476
306000 0.14673 0.336823 0.314172 0.797725
307000 0.135606 0.33622 0.314704 0.78653
308000 0.158055 0.346738 0.312948 0.817741
309000 0.137607 0.321801 0.289059 0.748467
310000 0.144275 0.32795 0.292843 0.765067
311000 0.15882 0.315694 0.302194 0.776709
312000 0.156521 0.331285 0.316437 0.804244
313000 0.165625 0.333723 0.312298 0.811646
314000 0.144897 0.325136 0.301189 0.771222
315000 0.152026 0.333 0.292071 0.777098
316000 0.151417 0.326019 0.294761 0.772197
317000 0.145057 0.327484 0.311824 0.784366
318000 0.154359 0.334721 0.297119 0.786198
319000 0.138072 0.321925 0.310247 0.770244
320000 0.163443 0.325538 0.304017 0.792998
321000 0.130252 0.33594 0.308085 0.774277
322000 0.144533 0.343324 0.311449 0.799306
323000 0.153847 0.340249 0.301556 0.795651
324000 0.153408 0.337569 0.303125 0.794102
325000 0.180535 0.332349 0.31054 0.823423
326000 0.158917 0.337041 0.303099 0.799058
327000 0.158983 0.332733 0.309071 0.800788
328000 0.159786 0.346729 0.300952 0.807467
329000 0.142793 0.338209 0.293391 0.774393
330000 0.152016 0.336978 0.306445 0.795438
331000 0.142945 0.346256 0.306857 0.796058
332000 0.153325 0.343294 0.311442 0.808061
333000 0.153804 0.341435 0.297094 0.792333
334000 0.138902 0.357601 0.309665 0.806168
335000 0.153285 0.34881 0.304672 0.806767
336000 0.151008 0.335493 0.302532 0.789033
337000 0.165398 0.345306 0.314411 0.825115
338000 0.156217 0.364649 0.309502 0.830368
339000 0.158487 0.361146 0.322148 0.84178
340000 0.155723 0.344636 0.311071 0.81143
341000 0.163826 0.35492 0.312861 0.831607
342000 0.14627 0.358915 0.31435 0.819536
343000 0.154198 0.358572 0.308169 0.820938
344000 0.163965 0.370098 0.312804 0.846868
345000 0.160743 0.363714 0.295018 0.819476
346000 0.159387 0.371491 0.302874 0.833752
347000 0.155424 0.376625 0.317857 0.849907
348000 0.172183 0.381512 0.309064 0.862759
349000 0.167055 0.363828 0.306942 0.837824
350000 0.173642 0.385153 0.296028 0.854824
351000 0.176617 0.380041 0.311706 0.868364
352000 0.169893 0.377218 0.314022 0.861134
353000 0.193345 0.394583 0.31327 0.901198
354000 0.184131 0.398911 0.315137 0.89818
355000 0.173594 0.40178 0.317946 0.893319
356000 0.16691 0.388622 0.325591 0.881122
357000 0.176157 0.382232 0.308404 0.866793
358000 0.166592 0.38697 0.311477 0.865038
359000 0.169401 0.365464 0.30781 0.842675
360000 0.209046 0.38903 0.314065 0.912141
361000 0.177481 0.400693 0.326145 0.904319
362000 0.1933 0.392638 0.319674 0.905612
363000 0.173114 0.41293 0.320412 0.906456
364000 0.179006 0.399172 0.32919 0.907369
365000 0.173982 0.395663 0.345308 0.914953
366000 0.170959 0.390724 0.349943 0.911625
367000 0.183301 0.397617 0.347198 0.928116
368000 0.17728 0.385225 0.323823 0.886328
369000 0.178377 0.397392 0.330592 0.906361
370000 0.171673 0.394266 0.326052 0.891991
371000 0.1715 0.394996 0.331912 0.898408
372000 0.183162 0.41618 0.334392 0.933735
373000 0.169982 0.401856 0.32799 0.899828
374000 0.170199 0.387695 0.329425 0.887319
375000 0.182589 0.434808 0.327966 0.945363
376000 0.177916 0.402928 0.31911 0.899954
377000 0.176869 0.421336 0.322032 0.920237
378000 0.17319 0.413329 0.342304 0.928823
379000 0.166802 0.400602 0.345162 0.912565
380000 0.19199 0.41905 0.344268 0.955308
381000 0.178813 0.433911 0.338381 0.951105
382000 0.173402 0.422463 0.345441 0.941306
383000 0.189861 0.429746 0.328573 0.94818
384000 0.165948 0.408232 0.334491 0.908671
385000 0.201735 0.406782 0.34506 0.953577
386000 0.187152 0.424862 0.328878 0.940892
387000 0.184595 0.42532 0.352624 0.962539
388000 0.173303 0.419665 0.336008 0.928975
389000 0.179917 0.436397 0.325671 0.941985
390000 0.206028 0.436743 0.343804 0.986575
391000 0.171805 0.425955 0.345409 0.943169
392000 0.197854 0.438356 0.331522 0.967732
393000 0.18799 0.43055 0.340284 0.958824
394000 0.190677 0.421232 0.323545 0.935454
395000 0.187285 0.435781 0.349265 0.97233
396000 0.178369 0.435298 0.340765 0.954432
397000 0.200005 0.444067 0.33365 0.977722
398000 0.18151 0.435851 0.339977 0.957338
399000 0.182152 0.424014 0.348041 0.954207
400000 0.179629 0.442086 0.357909 0.979624
401000 0.17635 0.437866 0.351384 0.9656
402000 0.197753 0.43987 0.358123 0.995745
403000 0.172915 0.432017 0.349038 0.95397
404000 0.179375 0.433315 0.351886 0.964576
405000 0.186399 0.436501 0.340777 0.963677
406000 0.176692 0.422944 0.333351 0.932988
407000 0.187968 0.436116 0.339051 0.963135
408000 0.183764 0.44863 0.347134 0.979528
409000 0.184646 0.435696 0.338195 0.958536
410000 0.187063 0.442173 0.355521 0.984758
411000 0.178785 0.4395 0.337064 0.955349
412000 0.181048 0.434507 0.335713 0.951268
413000 0.174126 0.441067 0.345712 0.960905
414000 0.184202 0.431173 0.348478 0.963853
415000 0.169838 0.433409 0.352167 0.955415
416000 0.17796 0.44549 0.347729 0.971179
417000 0.180558 0.425995 0.32704 0.933592
418000 0.195352 0.446294 0.333393 0.975039
419000 0.18271 0.457334 0.348959 0.989003
420000 0.189251 0.459481 0.350077 0.998809
421000 0.192722 0.438768 0.347667 0.979157
422000 0.183366 0.460997 0.348689 0.993052
423000 0.181206 0.436582 0.341681 0.95947
424000 0.179348 0.479262 0.36103 1.01964
425000 0.188642 0.437591 0.350574 0.976807
426000 0.177614 0.423315 0.351496 0.952424
427000 0.181091 0.450758 0.349797 0.981646
428000 0.180057 0.455505 0.344032 0.979594
429000 0.183491 0.447526 0.357693 0.98871
430000 0.187143 0.447958 0.355252 0.990353
431000 0.180566 0.438454 0.355716 0.974736
432000 0.196844 0.442115 0.362186 1.00114
433000 0.174741 0.438094 0.370432 0.983267
434000 0.188602 0.448776 0.370807 1.00819
435000 0.190693 0.450732 0.367779 1.0092
436000 0.177183 0.439967 0.36158 0.97873
437000 0.188187 0.453324 0.37456 1.01607
438000 0.186801 0.467413 0.379945 1.03416
439000 0.187712 0.486189 0.384885 1.05879
440000 0.190824 0.477463 0.371042 1.03933
441000 0.181521 0.459517 0.375997 1.01704
442000 0.185974 0.45787 0.382347 1.02619
443000 0.189775 0.457746 0.382699 1.03022
444000 0.182783 0.476417 0.37635 1.03555
445000 0.181928 0.46764 0.376644 1.02621
446000 0.199873 0.45283 0.383534 1.03624
447000 0.181024 0.469982 0.392033 1.04304
448000 0.193877 0.457585 0.385454 1.03692
449000 0.182343 0.470161 0.391702 1.04421
450000 0.181503 0.450101 0.391364 1.02297
451000 0.190581 0.457453 0.400993 1.04903
452000 0.177229 0.465038 0.411093 1.05336
453000 0.178164 0.448816 0.401402 1.02838
454000 0.184328 0.466915 0.396322 1.04756
455000 0.186294 0.470081 0.415355 1.07173
456000 0.196387 0.477131 0.397029 1.07055
457000 0.195806 0.487154 0.404388 1.08735
458000 0.185864 0.470639 0.41939 1.07589
459000 0.178056 0.476116 0.391191 1.04536
460000 0.187006 0.484598 0.398062 1.06967
461000 0.195823 0.470131 0.386769 1.05272
462000 0.186241 0.473718 0.425358 1.08532
463000 0.17551 0.47301 0.42667 1.07519
464000 0.184659 0.475032 0.416759 1.07645
465000 0.202286 0.475092 0.417953 1.09533
466000 0.190335 0.479197 0.422065 1.0916
467000 0.200904 0.461303 0.421628 1.08383
468000 0.192224 0.484984 0.431909 1.10912
469000 0.196384 0.473369 0.401142 1.07089
470000 0.19395 0.485445 0.411544 1.09094
471000 0.190487 0.500683 0.439369 1.13054
472000 0.194911 0.495715 0.432611 1.12324
473000 0.173623 0.485003 0.419712 1.07834
474000 0.19221 0.493859 0.411522 1.09759
475000 0.178088 0.47806 0.432431 1.08858
476000 0.185899 0.494993 0.425258 1.10615
477000 0.202844 0.507609 0.424625 1.13508
478000 0.179326 0.484356 0.417152 1.08083
479000 0.192565 0.476669 0.421853 1.09109
480000 0.187455 0.493891 0.411078 1.09242
481000 0.180039 0.474913 0.437455 1.09241
482000 0.196814 0.494013 0.433111 1.12394
483000 0.190548 0.479764 0.419622 1.08993
484000 0.189693 0.508501 0.43113 1.12932
485000 0.186015 0.475951 0.443289 1.10526
486000 0.185211 0.482568 0.459098 1.12688
487000 0.184539 0.493355 0.449005 1.1269
488000 0.194038 0.4983 0.420759 1.1131
489000 0.186462 0.509165 0.463972 1.1596
490000 0.191374 0.501809 0.462324 1.15551
491000 0.199479 0.47392 0.475132 1.14853
492000 0.183724 0.496756 0.462466 1.14295
493000 0.184758 0.483074 0.444037 1.11187
494000 0.18459 0.512344 0.45049 1.14742
495000 0.194977 0.50481 0.472618 1.1724
496000 0.181416 0.512495 0.508828 1.20274
497000 0.201848 0.513259 0.493253 1.20836
498000 0.186135 0.511963 0.466256 1.16435
499000 0.183924 0.510309 0.485585 1.17982
500000 0.179938 0.501144 0.487646 1.16873
501000 0.20466 0.513058 0.527958 1.24568
502000 0.177215 0.479004 0.507551 1.16377
503000 0.188593 0.492677 0.474689 1.15596
504000 0.182768 0.510672 0.455232 1.14867
505000 0.184211 0.488827 0.474094 1.14713
506000 0.203962 0.504722 0.482023 1.19071
507000 0.195003 0.482926 0.490657 1.16859
508000 0.189918 0.489219 0.474276 1.15341
509000 0.198831 0.500258 0.47925 1.17834
510000 0.1905 0.502456 0.484212 1.17717
511000 0.198426 0.476257 0.491777 1.16646
512000 0.178212 0.487114 0.483222 1.14855
513000 0.205965 0.488419 0.47316 1.16754
514000 0.181571 0.499842 0.471391 1.1528
515000 0.201757 0.491366 0.473245 1.16637
516000 0.192676 0.500146 0.46814 1.16096
517000 0.196993 0.491578 0.476073 1.16464
518000 0.201118 0.486618 0.476062 1.1638
519000 0.192952 0.496418 0.471608 1.16098
520000 0.191336 0.49952 0.471012 1.16187
521000 0.18664 0.482858 0.477798 1.1473
522000 0.187952 0.49015 0.466766 1.14487
523000 0.194462 0.509855 0.463216 1.16753
524000 0.199312 0.505158 0.475558 1.18003
525000 0.188629 0.501707 0.480419 1.17076
526000 0.202362 0.492557 0.482771 1.17769
527000 0.195591 0.486408 0.484502 1.1665
528000 0.195673 0.502225 0.491912 1.18981
529000 0.20609 0.489932 0.473176 1.1692
530000 0.191134 0.500674 0.486604 1.17841
531000 0.199807 0.515519 0.488924 1.20425
532000 0.186585 0.508618 0.478415 1.17362
533000 0.202733 0.488083 0.480546 1.17136
534000 0.194828 0.506877 0.480034 1.18174
535000 0.198153 0.515233 0.478404 1.19179
536000 0.205197 0.499636 0.483422 1.18826
537000 0.187786 0.502805 0.483522 1.17411
538000 0.202944 0.507969 0.481737 1.19265
539000 0.195664 0.499246 0.50022 1.19513
540000 0.213683 0.524468 0.480925 1.21908
541000 0.189612 0.498604 0.478889 1.1671
542000 0.194966 0.504372 0.471078 1.17042
543000 0.19844 0.5041 0.482067 1.18461
544000 0.205736 0.518408 0.488316 1.21246
545000 0.191995 0.52552 0.483858 1.20137
546000 0.193101 0.528516 0.50243 1.22405
547000 0.21901 0.528136 0.502518 1.24966
548000 0.191715 0.518136 0.492319 1.20217
549000 0.186354 0.525444 0.496046 1.20784
550000 0.209686 0.529052 0.478359 1.2171
551000 0.211697 0.544349 0.487233 1.24328
552000 0.20735 0.521882 0.490614 1.21985
553000 0.193969 0.511149 0.489584 1.1947
554000 0.214899 0.541754 0.495322 1.25197
555000 0.215523 0.540757 0.490322 1.2466
556000 0.20732 0.553267 0.484956 1.24554
557000 0.196908 0.544843 0.493123 1.23487
558000 0.206153 0.53424 0.482054 1.22245
559000 0.202291 0.519497 0.487322 1.20911
560000 0.209669 0.534007 0.497192 1.24087
561000 0.215641 0.542677 0.500872 1.25919
562000 0.209052 0.536962 0.502327 1.24834
563000 0.230562 0.54483 0.501559 1.27695
564000 0.201342 0.529409 0.504415 1.23517
565000 0.19375 0.541826 0.528223 1.2638
566000 0.201598 0.53797 0.498218 1.23779
567000 0.20421 0.530336 0.513806 1.24835
568000 0.217577 0.537096 0.506074 1.26075
569000 0.201695 0.538507 0.519288 1.25949
570000 0.209361 0.541008 0.514423 1.26479
571000 0.212937 0.546297 0.497759 1.25699
572000 0.196568 0.545639 0.498236 1.24044
573000 0.211768 0.540183 0.517815 1.26977
574000 0.209238 0.549785 0.513887 1.27291
575000 0.234416 0.548933 0.503251 1.2866
576000 0.207534 0.561049 0.513012 1.28159
577000 0.21491 0.563002 0.547847 1.32576
578000 0.214049 0.555565 0.51786 1.28747
579000 0.219166 0.582311 0.52896 1.33044
580000 0.216694 0.557956 0.538916 1.31357
581000 0.220086 0.554637 0.532485 1.30721
582000 0.209651 0.576886 0.538614 1.32515
583000 0.2011 0.570436 0.527609 1.29914
584000 0.218135 0.578968 0.529848 1.32695
585000 0.216815 0.593249 0.558379 1.36844
586000 0.22298 0.571668 0.558857 1.3535
587000 0.215143 0.573296 0.567001 1.35544
588000 0.221481 0.58259 0.545594 1.34967
589000 0.22413 0.577638 0.539994 1.34176
590000 0.2121 0.577554 0.547621 1.33728
591000 0.233002 0.603707 0.582852 1.41956
592000 0.222654 0.600062 0.589972 1.41269
593000 0.218525 0.584073 0.547784 1.35038
594000 0.202781 0.576135 0.549051 1.32797
595000 0.219598 0.577762 0.565454 1.36281
596000 0.222305 0.587785 0.564151 1.37424
597000 0.21075 0.596112 0.596719 1.40358
598000 0.227916 0.593342 0.542267 1.36353
599000 0.217253 0.585897 0.545014 1.34816
600000 0.228494 0.600314 0.575405 1.40421
601000 0.218238 0.596969 0.567547 1.38275
602000 0.230143 0.595579 0.567739 1.39346
603000 0.21024 0.597154 0.551956 1.35935
604000 0.224735 0.602322 0.577151 1.40421
605000 0.229281 0.608631 0.576175 1.41409
606000 0.21844 0.610924 0.582567 1.41193
607000 0.22747 0.603592 0.58825 1.41931
608000 0.22536 0.602256 0.567982 1.3956
609000 0.229049 0.603753 0.57747 1.41027
610000 0.227865 0.609386 0.590369 1.42762
611000 0.227114 0.606544 0.586595 1.42025
612000 0.240967 0.627579 0.591757 1.4603
613000 0.22548 0.636144 0.590263 1.45189
614000 0.229292 0.625611 0.591531 1.44643
615000 0.227288 0.619592 0.601174 1.44805
616000 0.240386 0.628011 0.592441 1.46084
617000 0.23219 0.615367 0.605958 1.45352
618000 0.229174 0.623064 0.578908 1.43115
619000 0.23048 0.6601 0.584554 1.47513
620000 0.226866 0.634949 0.607458 1.46927
621000 0.2293 0.626011 0.593886 1.4492
622000 0.230947 0.626498 0.59386 1.45131
623000 0.231736 0.657815 0.605588 1.49514
624000 0.231735 0.643157 0.606444 1.48134
625000 0.23551 0.651569 0.593455 1.48053
626000 0.234904 0.651575 0.591715 1.47819
627000 0.237284 0.642997 0.607377 1.48766
628000 0.222984 0.635167 0.591081 1.44923
629000 0.222242 0.692707 0.592945 1.50789
630000 0.240322 0.669151 0.584899 1.49437
631000 0.235096 0.662874 0.599788 1.49776
632000 0.231185 0.631004 0.596901 1.45909
633000 0.233671 0.63868 0.609752 1.4821
634000 0.238168 0.632396 0.59223 1.46279
635000 0.227356 0.641557 0.581855 1.45077
636000 0.23787 0.639757 0.589608 1.46724
637000 0.243713 0.638487 0.602019 1.48422
638000 0.23586 0.645219 0.607109 1.48819
639000 0.235166 0.647701 0.601417 1.48428
640000 0.23561 0.637531 0.594008 1.46715
641000 0.228791 0.635012 0.58966 1.45346
642000 0.24897 0.648258 0.591838 1.48907
643000 0.260705 0.657132 0.599146 1.51698
644000 0.255501 0.64835 0.59138 1.49523
645000 0.252844 0.648227 0.597627 1.4987
646000 0.23579 0.66353 0.612687 1.51201
647000 0.245378 0.659793 0.626235 1.53141
648000 0.249098 0.650208 0.6119 1.51121
649000 0.237659 0.666026 0.601062 1.50475
650000 0.248691 0.631409 0.602504 1.4826
651000 0.24011 0.654205 0.616408 1.51072
652000 0.253065 0.650074 0.626438 1.52958
653000 0.245811 0.67508 0.612397 1.53329
654000 0.243236 0.651736 0.608204 1.50318
655000 0.236772 0.661101 0.621722 1.51959
656000 0.237673 0.651218 0.626986 1.51588
657000 0.244506 0.64836 0.622287 1.51515
658000 0.256489 0.669085 0.619676 1.54525
659000 0.257878 0.673281 0.637573 1.56873
660000 0.254907 0.658224 0.633164 1.54629
661000 0.250105 0.663228 0.633905 1.54724
662000 0.254781 0.654137 0.642241 1.55116
663000 0.241267 0.678787 0.657036 1.57709
664000 0.261419 0.685939 0.638747 1.5861
665000 0.231505 0.672289 0.633259 1.53705
666000 0.241153 0.666489 0.64195 1.54959
667000 0.238951 0.700218 0.676973 1.61614
668000 0.239614 0.682389 0.653218 1.57522
669000 0.266145 0.675312 0.67217 1.61363
670000 0.246147 0.695499 0.653964 1.59561
671000 0.251294 0.700851 0.652899 1.60504
672000 0.24484 0.676403 0.66625 1.58749
673000 0.260778 0.682237 0.66137 1.60439
674000 0.24068 0.687634 0.651609 1.57992
675000 0.248785 0.699297 0.638601 1.58668
676000 0.247159 0.683909 0.654247 1.58531
677000 0.24904 0.678425 0.668631 1.5961
678000 0.271111 0.681446 0.657503 1.61006
679000 0.23445 0.68761 0.663185 1.58525
680000 0.252236 0.704281 0.630756 1.58727
681000 0.248033 0.708266 0.657215 1.61351
682000 0.252749 0.689908 0.647719 1.59038
683000 0.255983 0.685756 0.646902 1.58864
684000 0.251107 0.675379 0.690256 1.61674
685000 0.257857 0.674882 0.675341 1.60808
686000 0.266573 0.673486 0.662751 1.60281
687000 0.255448 0.68183 0.664281 1.60156
688000 0.262758 0.680716 0.668899 1.61237
689000 0.25365 0.689802 0.663916 1.60737
690000 0.251657 0.693439 0.656969 1.60206
691000 0.245531 0.676346 0.660857 1.58273
692000 0.248646 0.686677 0.665333 1.60066
693000 0.264222 0.684407 0.661597 1.61023
694000 0.246516 0.679392 0.674091 1.6
695000 0.254183 0.671689 0.650919 1.57679
696000 0.244954 0.695796 0.665502 1.60625
697000 0.260202 0.697503 0.711467 1.66917
698000 0.267264 0.694363 0.718267 1.67989
699000 0.263153 0.679719 0.692165 1.63504
700000 0.265618 0.677651 0.68731 1.63058
701000 0.251742 0.695218 0.689045 1.636
702000 0.261926 0.712604 0.696228 1.67076
703000 0.267956 0.695699 0.671424 1.63508
704000 0.256569 0.692997 0.700659 1.65023
705000 0.262988 0.692081 0.701786 1.65685
706000 0.255202 0.698463 0.703906 1.65757
707000 0.25679 0.707264 0.702333 1.66639
708000 0.257323 0.727881 0.695115 1.68032
709000 0.254628 0.692664 0.693095 1.64039
710000 0.268843 0.712683 0.714743 1.69627
711000 0.262323 0.708417 0.710544 1.68128
712000 0.257196 0.719723 0.72782 1.70474
713000 0.260501 0.725851 0.705665 1.69202
714000 0.264261 0.703226 0.71337 1.68086
715000 0.274218 0.702739 0.703492 1.68045
716000 0.268432 0.698961 0.708947 1.67634
717000 0.262612 0.705291 0.748044 1.71595
718000 0.27373 0.710371 0.741234 1.72533
719000 0.265144 0.706743 0.744585 1.71647
720000 0.253189 0.719174 0.746616 1.71898
721000 0.268136 0.716232 0.734033 1.7184
722000 0.270617 0.724402 0.773148 1.76817
723000 0.267771 0.723423 0.781294 1.77249
724000 0.276552 0.733058 0.781652 1.79126
725000 0.273094 0.712436 0.777938 1.76347
726000 0.269712 0.721148 0.75629 1.74715
727000 0.266919 0.724911 0.79275 1.78458
728000 0.285856 0.73661 0.77139 1.79386
729000 0.27322 0.745233 0.770305 1.78876
730000 0.279134 0.744008 0.768697 1.79184
731000 0.285804 0.731312 0.784655 1.80177
732000 0.299801 0.742312 0.776437 1.81855
733000 0.26895 0.751227 0.778631 1.79881
734000 0.266208 0.732139 0.77108 1.76943
735000 0.27702 0.731126 0.77784 1.78599
736000 0.275779 0.746219 0.759596 1.78159
737000 0.280404 0.727559 0.792361 1.80032
738000 0.279277 0.726173 0.779327 1.78478
739000 0.28337 0.745781 0.781936 1.81109
740000 0.282946 0.733688 0.764777 1.78141
741000 0.272097 0.756858 0.755117 1.78407
742000 0.289015 0.742836 0.808701 1.84055
743000 0.268068 0.725633 0.782629 1.77633
744000 0.276571 0.740017 0.781757 1.79834
745000 0.279898 0.732155 0.793983 1.80604
746000 0.275634 0.749937 0.79491 1.82048
747000 0.274869 0.745671 0.797486 1.81803
748000 0.273673 0.764038 0.79107 1.82878
749000 0.269265 0.741384 0.791128 1.80178
750000 0.298826 0.757422 0.763553 1.8198
751000 0.285869 0.734106 0.764236 1.78421
752000 0.287497 0.752864 0.780777 1.82114
753000 0.28605 0.766396 0.770389 1.82284
754000 0.281774 0.754543 0.785855 1.82217
755000 0.281709 0.760336 0.770351 1.8124
756000 0.286596 0.74366 0.791599 1.82185
757000 0.290019 0.750349 0.768561 1.80893
758000 0.288668 0.730595 0.765479 1.78474
759000 0.304367 0.749519 0.778886 1.83277
760000 0.278736 0.749813 0.791337 1.81989
761000 0.281508 0.743897 0.786032 1.81144
762000 0.305119 0.731062 0.79367 1.82985
763000 0.294309 0.721139 0.785942 1.80139
764000 0.286883 0.749802 0.815808 1.85249
765000 0.284163 0.749532 0.783176 1.81687
766000 0.287797 0.76294 0.793806 1.84454
767000 0.294755 0.756777 0.805389 1.85692
768000 0.28674 0.732252 0.787029 1.80602
769000 0.298358 0.741455 0.786421 1.82623
770000 0.299734 0.763679 0.793772 1.85719
771000 0.290876 0.763903 0.81558 1.87036
772000 0.293675 0.754032 0.821695 1.8694
773000 0.286361 0.774751 0.81243 1.87354
774000 0.302614 0.777162 0.78654 1.86632
775000 0.298692 0.783603 0.804858 1.88715
776000 0.300256 0.799187 0.795216 1.89466
777000 0.291364 0.80945 0.832802 1.93362
778000 0.301257 0.810092 0.819907 1.93126
779000 0.330856 0.791874 0.840966 1.9637
780000 0.303584 0.795284 0.835462 1.93433
781000 0.30144 0.791885 0.826653 1.91998
782000 0.293418 0.803683 0.82501 1.92211
783000 0.293578 0.812192 0.828491 1.93426
784000 0.297398 0.799538 0.815162 1.9121
785000 0.285593 0.819498 0.79609 1.90118
786000 0.291374 0.803965 0.821141 1.91648
787000 0.300042 0.794229 0.839806 1.93408
788000 0.295258 0.784251 0.81956 1.89907
789000 0.298575 0.791964 0.824205 1.91474
790000 0.282777 0.780437 0.833738 1.89695
791000 0.285799 0.804971 0.823699 1.91447
792000 0.301862 0.78536 0.828526 1.91575
793000 0.283035 0.785817 0.815118 1.88397
794000 0.294043 0.799768 0.850292 1.9441
795000 0.292767 0.780693 0.834697 1.90816
796000 0.277256 0.778524 0.829312 1.88509
797000 0.292433 0.786215 0.845129 1.92378
798000 0.293879 0.80837 0.838736 1.94099
799000 0.284347 0.793562 0.844919 1.92283
800000 0.304434 0.790259 0.840924 1.93562
801000 0.29331 0.768477 0.851856 1.91364
802000 0.291375 0.774934 0.846828 1.91314
803000 0.290314 0.792681 0.838659 1.92165
804000 0.287755 0.781695 0.846393 1.91584
805000 0.290512 0.784164 0.831991 1.90667
806000 0.297749 0.79496 0.859921 1.95263
807000 0.29547 0.791319 0.864492 1.95128
808000 0.298412 0.794209 0.847943 1.94056
809000 0.294714 0.798761 0.839973 1.93345
810000 0.293061 0.796824 0.830158 1.92004
811000 0.302828 0.808225 0.839098 1.95015
812000 0.313316 0.799509 0.857024 1.96985
813000 0.29696 0.798636 0.833911 1.92951
814000 0.29925 0.772516 0.831363 1.90313
815000 0.296758 0.802475 0.826608 1.92584
816000 0.283595 0.804256 0.843965 1.93182
817000 0.295659 0.791522 0.854552 1.94173
818000 0.289854 0.816436 0.87967 1.98596
819000 0.30247 0.827707 0.859747 1.98993
820000 0.302672 0.792474 0.845937 1.94108
821000 0.318287 0.796799 0.848438 1.96352
822000 0.299199 0.799161 0.882614 1.98097
823000 0.307744 0.827356 0.858675 1.99377
824000 0.306481 0.829653 0.857562 1.9937
825000 0.297638 0.831108 0.849742 1.97849
826000 0.293705 0.826296 0.879115 1.99912
827000 0.293068 0.80919 0.880211 1.98247
828000 0.301012 0.807897 0.860127 1.96903
829000 0.314662 0.842703 0.860809 2.01817
830000 0.299862 0.816784 0.847712 1.96436
831000 0.306358 0.819702 0.860175 1.98624
832000 0.296988 0.812229 0.871029 1.98025
833000 0.303262 0.824384 0.879929 2.00758
834000 0.324868 0.817698 0.875913 2.01848
835000 0.308788 0.821019 0.869589 1.9994
836000 0.31323 0.816507 0.858141 1.98788
837000 0.293284 0.833467 0.889852 2.0166
838000 0.301149 0.829227 0.898869 2.02924
839000 0.301424 0.824764 0.867628 1.99382
840000 0.301177 0.853621 0.844348 1.99915
841000 0.306835 0.820386 0.854529 1.98175
842000 0.30842 0.803867 0.897834 2.01012
843000 0.286978 0.818474 0.91337 2.01882
844000 0.302026 0.823356 0.906441 2.03182
845000 0.310795 0.852843 0.849782 2.01342
846000 0.307306 0.831781 0.850774 1.98986
847000 0.301897 0.823518 0.894649 2.02006
848000 0.305052 0.842738 0.907455 2.05525
849000 0.310351 0.843801 0.914288 2.06844
850000 0.308733 0.824373 0.871113 2.00422
851000 0.303681 0.822746 0.876347 2.00277
852000 0.306911 0.855282 0.910088 2.07228
853000 0.306081 0.831522 0.904743 2.04235
854000 0.295303 0.828409 0.92558 2.04929
855000 0.304946 0.844118 0.89365 2.04271
856000 0.29863 0.856973 0.887441 2.04304
857000 0.312178 0.852433 0.913208 2.07782
858000 0.300141 0.834667 0.923041 2.05785
859000 0.320802 0.844089 0.897672 2.06256
860000 0.30671 0.841617 0.876614 2.02494
861000 0.306662 0.847197 0.873338 2.0272
862000 0.301455 0.862125 0.8889 2.05248
863000 0.299488 0.868034 0.879416 2.04694
864000 0.299294 0.832579 0.881955 2.01383
865000 0.296944 0.838003 0.882991 2.01794
866000 0.314004 0.857658 0.905218 2.07688
867000 0.310825 0.877347 0.911266 2.09944
868000 0.313285 0.856535 0.890914 2.06073
869000 0.313364 0.875574 0.903441 2.09238
870000 0.306129 0.85163 0.894505 2.05226
871000 0.302316 0.859529 0.915338 2.07718
872000 0.318378 0.869161 0.932648 2.12019
873000 0.318571 0.853529 0.926425 2.09852
874000 0.310833 0.849386 0.951458 2.11168
875000 0.303557 0.871046 0.913755 2.08836
876000 0.30325 0.86684 0.917656 2.08775
877000 0.299875 0.856163 0.945301 2.10134
878000 0.313776 0.864849 0.920875 2.0995
879000 0.305256 0.855698 0.945084 2.10604
880000 0.318498 0.843498 0.915869 2.07787
881000 0.319633 0.864683 0.907709 2.09202
882000 0.324998 0.874997 0.930398 2.13039
883000 0.310939 0.865029 0.933086 2.10905
884000 0.303681 0.846717 0.949114 2.09951
885000 0.316356 0.881182 0.940104 2.13764
886000 0.312044 0.853775 0.945497 2.11132
887000 0.314966 0.866346 0.943752 2.12506
888000 0.309235 0.867108 0.929728 2.10607
889000 0.316982 0.861791 0.917727 2.0965
890000 0.309759 0.859499 0.931683 2.10094
891000 0.311639 0.870966 0.939327 2.12193
892000 0.347568 0.873564 0.924241 2.14537
893000 0.308838 0.875526 0.925151 2.10951
894000 0.3271 0.880223 0.930299 2.13762
895000 0.316729 0.860297 0.951639 2.12867
896000 0.298832 0.856076 0.931702 2.08661
897000 0.315153 0.86396 0.920922 2.10003
898000 0.299335 0.860645 0.92085 2.08083
899000 0.320586 0.876156 0.936207 2.13295
900000 0.306345 0.894414 0.942307 2.14307
901000 0.305427 0.874628 0.93486 2.11492
902000 0.315577 0.86421 0.959747 2.13953
903000 0.307679 0.885345 0.928744 2.12177
904000 0.310491 0.885244 0.929536 2.12527
905000 0.305928 0.882105 0.953308 2.14134
906000 0.316573 0.880061 0.948125 2.14476
907000 0.32059 0.883773 0.944409 2.14877
908000 0.316824 0.904879 0.938577 2.16028
909000 0.319171 0.905184 0.955716 2.18007
910000 0.324222 0.909583 0.957192 2.191
911000 0.315304 0.925452 0.962595 2.20335
912000 0.312658 0.917577 0.985114 2.21535
913000 0.314482 0.902765 0.96145 2.1787
914000 0.310893 0.930816 0.959437 2.20115
915000 0.303639 0.90551 0.98213 2.19128
916000 0.323542 0.916496 0.967598 2.20764
917000 0.305974 0.917921 0.958426 2.18232
918000 0.303557 0.899128 0.981624 2.18431
919000 0.299584 0.915431 0.98358 2.1986
920000 0.306113 0.900052 0.973328 2.17949
921000 0.305254 0.918741 0.997987 2.22198
922000 0.302109 0.918786 0.970418 2.19131
923000 0.310847 0.916555 0.975975 2.20338
924000 0.308636 0.911448 0.955019 2.1751
925000 0.32874 0.903737 0.96084 2.19332
926000 0.321118 0.931296 0.96331 2.21572
927000 0.307212 0.907337 0.982856 2.19741
928000 0.30912 0.902286 0.991103 2.20251
929000 0.308908 0.90955 0.9816 2.20006
930000 0.31098 0.949828 0.970723 2.23153
931000 0.318361 0.911503 0.976308 2.20617
932000 0.314894 0.918256 1.00687 2.24002
933000 0.320574 0.910786 1.00512 2.23648
934000 0.308953 0.918396 0.974691 2.20204
935000 0.31802 0.943295 0.982279 2.24359
936000 0.309494 0.913065 0.992271 2.21483
937000 0.31115 0.908755 0.993334 2.21324
938000 0.321622 0.950572 1.0075 2.27969
939000 0.313738 0.931459 0.986032 2.23123
940000 0.321554 0.940961 0.97491 2.23742
941000 0.318877 0.925684 0.966255 2.21082
942000 0.332128 0.90497 0.999143 2.23624
943000 0.331069 0.927085 0.994213 2.25237
944000 0.32261 0.958835 1.00855 2.28999
945000 0.320212 0.948405 0.983574 2.25219
946000 0.326544 0.945613 0.98352 2.25568
947000 0.323795 0.92804 0.98806 2.2399
948000 0.333701 0.913022 0.984435 2.23116
949000 0.320845 0.943035 0.980928 2.24481
950000 0.333794 0.925413 0.99102 2.25023
951000 0.326779 0.960645 0.99579 2.28321
952000 0.330079 0.94376 1.01009 2.28393
953000 0.320047 0.94544 1.01234 2.27782
954000 0.332577 0.957101 0.981225 2.2709
955000 0.315039 0.943898 1.01275 2.27168
956000 0.322791 0.94752 0.992983 2.26329
957000 0.331318 0.941747 1.02272 2.29579
958000 0.327745 0.93789 1.03792 2.30355
959000 0.331526 0.94179 1.02161 2.29493
960000 0.328576 0.920977 1.01098 2.26053
961000 0.328339 0.961475 1.02988 2.31969
962000 0.340144 0.931326 0.986966 2.25844
963000 0.325194 0.944605 1.00054 2.27033
964000 0.346267 0.950064 1.01899 2.31532
965000 0.330368 0.962809 1.02152 2.31469
966000 0.332981 0.951683 1.01912 2.30379
967000 0.329424 0.955677 1.0057 2.2908
968000 0.321579 0.953595 1.01422 2.28939
969000 0.325567 0.958573 1.04087 2.32501
970000 0.328869 0.964486 1.04354 2.33689
971000 0.332442 0.993587 1.03843 2.36446
972000 0.323503 0.972647 1.01662 2.31277
973000 0.333548 0.955112 1.01922 2.30788
974000 0.327952 0.970296 1.03327 2.33152
975000 0.329546 0.960607 1.03582 2.32597
976000 0.314858 0.973125 1.0184 2.30639
977000 0.329917 0.971204 1.01522 2.31634
978000 0.338623 0.975539 1.01825 2.33241
979000 0.35568 1.00392 1.02358 2.38318
980000 0.326998 0.970103 1.01498 2.31208
981000 0.331405 0.970915 1.03962 2.34194
982000 0.343592 0.968937 1.02186 2.33439
983000 0.324231 1.00216 1.01244 2.33883
984000 0.351262 0.995013 1.02475 2.37102
985000 0.326504 0.970109 1.03853 2.33515
986000 0.349067 0.96885 1.03574 2.35366
987000 0.338255 0.990124 1.01611 2.34449
988000 0.355277 1.01461 1.02068 2.39057
989000 0.365482 0.978782 1.00575 2.35001
990000 0.335035 0.987465 1.00011 2.32261
991000 0.334049 0.994104 1.04032 2.36847
992000 0.334367 0.987092 1.05131 2.37277
993000 0.352181 1.01392 1.04079 2.40688
994000 0.35375 1.0024 1.0159 2.37205
995000 0.33687 1.00776 1.03506 2.37969
996000 0.334448 1.00164 1.03131 2.36739
997000 0.35852 0.999321 1.04752 2.40536
998000 0.347434 1.02252 1.03708 2.40703
999000 0.353433 1.01394 1.02445 2.39182
1000000 0.32895 1.02171 1.02195 2.37261
1001000 0.333831 0.99648 1.0362 2.36651
1002000 0.344653 0.999906 1.03247 2.37703
1003000 0.34261 1.01858 1.01674 2.37793
1004000 0.361098 1.01876 1.04993 2.42979
1005000 0.344296 1.02188 1.07427 2.44044
1006000 0.325342 1.03599 1.06226 2.42359
1007000 0.351425 1.00518 1.01003 2.36664
1008000 0.351733 1.02299 1.04044 2.41517
1009000 0.351919 1.01878 1.04148 2.41218
1010000 0.340568 1.01797 1.04426 2.40279
1011000 0.357677 1.03128 1.04337 2.43232
1012000 0.341576 1.03418 1.03708 2.41283
1013000 0.342879 1.05858 1.04091 2.44237
1014000 0.34042 1.05871 1.04045 2.43958
1015000 0.352828 1.05208 1.05458 2.45949
1016000 0.377741 1.03891 1.05236 2.46901
1017000 0.353007 1.0483 1.0377 2.43901
1018000 0.361551 1.04057 1.04506 2.44718
1019000 0.340833 1.04293 1.04128 2.42504
1020000 0.347613 1.04445 1.03559 2.42766
1021000 0.345169 1.0575 1.08689 2.48956
1022000 0.338798 1.04224 1.06038 2.44142
1023000 0.348904 1.02872 1.06784 2.44546
1024000 0.333408 1.04051 1.03079 2.4047
1025000 0.361957 1.03336 1.05745 2.45277
1026000 0.360825 1.05045 1.04797 2.45925
1027000 0.353029 1.05262 1.06045 2.4661
1028000 0.357262 1.0392 1.0736 2.47006
1029000 0.34917 1.03784 1.06816 2.45517
1030000 0.338727 1.03755 1.09069 2.46697
