# Time-averaged data for fix 1
# TimeStep c_msd_all[1] c_msd_all[2] c_msd_all[3] c_msd_all[4]
31000 0.0671844 0.0699156 0.0592606 0.196361
32000 0.0719383 0.0589748 0.0603436 0.191257
33000 0.0630087 0.0580739 0.0656988 0.186781
34000 0.072396 0.0708736 0.0709237 0.214193
35000 0.0711382 0.0626215 0.0608512 0.194611
36000 0.0728814 0.0635883 0.0672392 0.203709
37000 0.078576 0.072187 0.0644322 0.215195
38000 0.0684868 0.0673239 0.0604849 0.196296
39000 0.0650465 0.0605506 0.0549246 0.180522
40000 0.0718603 0.0573162 0.0576592 0.186836
41000 0.0700826 0.0618305 0.055252 0.187165
42000 0.0684518 0.0648822 0.0560728 0.189407
43000 0.0741372 0.0664838 0.0615924 0.202213
44000 0.0727179 0.0688412 0.0622575 0.203817
45000 0.0697098 0.0692565 0.0621709 0.201137
46000 0.0756595 0.0699479 0.0691304 0.214738
47000 0.0682907 0.0612405 0.0775772 0.207108
48000 0.0705077 0.0631434 0.0651329 0.198784
49000 0.0788196 0.065837 0.0625181 0.207175
50000 0.0732998 0.0719101 0.0684129 0.213623
51000 0.0775922 0.0686557 0.0657774 0.212025
52000 0.0745081 0.0709157 0.0699979 0.215422
53000 0.0701422 0.0639433 0.0632698 0.197355
54000 0.080889 0.065848 0.0603687 0.207106
55000 0.0780263 0.0702225 0.0756553 0.223904
56000 0.065762 0.0667535 0.0813658 0.213881
57000 0.0717512 0.0689892 0.0748813 0.215622
58000 0.0678861 0.0702244 0.0745909 0.212701
59000 0.0733794 0.0693636 0.0639194 0.206662
60000 0.0684097 0.0739899 0.0628552 0.205255
61000 0.0667791 0.0689426 0.0629383 0.19866
62000 0.0702741 0.0659226 0.0601055 0.196302
63000 0.0671766 0.0668435 0.0656507 0.199671
64000 0.0728795 0.0698769 0.0718056 0.214562
65000 0.0749378 0.0735683 0.0653019 0.213808
66000 0.0688701 0.0716716 0.0679675 0.208509
67000 0.0701622 0.0616223 0.0649207 0.196705
68000 0.0754517 0.0807308 0.0680186 0.224201
69000 0.0704308 0.0663193 0.0660094 0.202759
70000 0.0679614 0.0674479 0.0649995 0.200409
71000 0.0781749 0.0747936 0.0694356 0.222404
72000 0.0693461 0.0688094 0.0706028 0.208758
73000 0.0751511 0.0770093 0.0698181 0.221978
74000 0.0720298 0.0733501 0.068446 0.213826
75000 0.0764244 0.073788 0.0758548 0.226067
76000 0.0751431 0.0789224 0.0676402 0.221706
77000 0.0753464 0.0753806 0.0643954 0.215122
78000 0.072883 0.0699602 0.0664188 0.209262
79000 0.0732233 0.0710547 0.0691032 0.213381
80000 0.0802684 0.0682771 0.0718377 0.220383
81000 0.0761545 0.0706515 0.0705861 0.217392
82000 0.0802116 0.077799 0.0699086 0.227919
83000 0.0791501 0.0779057 0.068743 0.225799
84000 0.0857935 0.0736518 0.0644612 0.223906
85000 0.0771822 0.0765203 0.0613788 0.215081
86000 0.0779557 0.0747846 0.0685916 0.221332
87000 0.0735933 0.068534 0.0660505 0.208178
88000 0.0806821 0.0774368 0.0731623 0.231281
89000 0.0707435 0.0722 0.0680952 0.211039
90000 0.0805773 0.0763104 0.0650041 0.221892
91000 0.0744976 0.0784416 0.0685861 0.221525
92000 0.0796126 0.0873402 0.0654394 0.232392
93000 0.0848683 0.0773965 0.0714279 0.233693
94000 0.0756704 0.0738496 0.0708302 0.22035
95000 0.0787402 0.0821635 0.070485 0.231389
96000 0.0788906 0.0689023 0.0707263 0.218519
97000 0.0738833 0.0710938 0.0736185 0.218596
98000 0.0775612 0.0795858 0.0734457 0.230593
99000 0.0774264 0.0794199 0.0790828 0.235929
100000 0.0897557 0.0843952 0.0808095 0.25496
101000 0.0791255 0.0830351 0.074158 0.236319
102000 0.0789862 0.0802662 0.0742012 0.233454
103000 0.0790329 0.0896188 0.0745325 0.243184
104000 0.0794166 0.0847437 0.0814318 0.245592
105000 0.0801122 0.0842675 0.0835927 0.247972
106000 0.083695 0.083484 0.0876335 0.254812
107000 0.0792052 0.0836993 0.0786921 0.241597
108000 0.0954913 0.0943037 0.0828054 0.2726
109000 0.089857 0.0894868 0.0720804 0.251424
110000 0.0857334 0.084909 0.0754201 0.246063
111000 0.0854467 0.0894239 0.074934 0.249804
112000 0.0795971 0.0834145 0.0754316 0.238443
113000 0.0826481 0.0895235 0.0833755 0.255547
114000 0.07984 0.0904852 0.0852482 0.255573
115000 0.0753773 0.0857944 0.0905475 0.251719
116000 0.0814945 0.0936065 0.0845568 0.259658
117000 0.0893582 0.0901117 0.0838157 0.263286
118000 0.0851845 0.0805624 0.0849258 0.250673
119000 0.0807386 0.089085 0.0904763 0.2603
120000 0.0826936 0.0884197 0.08859 0.259703
121000 0.0834405 0.0798381 0.0829662 0.246245
122000 0.0873863 0.0839366 0.0825872 0.25391
123000 0.0858469 0.0803335 0.0834313 0.249612
124000 0.0873923 0.0864093 0.0934992 0.267301
125000 0.0918431 0.0753965 0.0942892 0.261529
126000 0.0936861 0.0852891 0.0952536 0.274229
127000 0.091859 0.0813063 0.101869 0.275034
128000 0.0878929 0.0859367 0.0972685 0.271098
129000 0.0832227 0.0825437 0.100711 0.266478
130000 0.0835911 0.0921451 0.0994495 0.275186
131000 0.0906348 0.0870194 0.0874977 0.265152
132000 0.0906666 0.0829817 0.0889178 0.262566
133000 0.0807253 0.0785788 0.088919 0.248223
134000 0.0832969 0.0828043 0.0940255 0.260127
135000 0.0976537 0.0873413 0.0950082 0.280003
136000 0.0952454 0.0999371 0.0955629 0.290745
137000 0.0861429 0.0925005 0.0917152 0.270359
138000 0.0906629 0.0919324 0.102472 0.285067
139000 0.0918705 0.0905764 0.104179 0.286626
140000 0.0968589 0.0864186 0.0973533 0.280631
141000 0.0973335 0.0911403 0.09576 0.284234
142000 0.0941146 0.0938843 0.0931675 0.281166
143000 0.0879598 0.0851054 0.0848206 0.257886
144000 0.101806 0.0981321 0.0918606 0.291798
145000 0.0870395 0.0912722 0.0996984 0.27801
146000 0.0908166 0.0896436 0.090831 0.271291
147000 0.105541 0.0973567 0.0954652 0.298363
148000 0.100479 0.0902361 0.0985575 0.289273
149000 0.103377 0.0889354 0.10117 0.293482
150000 0.100948 0.0903419 0.101758 0.293047
151000 0.0981161 0.0970844 0.0999707 0.295171
152000 0.107801 0.105293 0.101355 0.314448
153000 0.0946766 0.0873081 0.0959009 0.277886
154000 0.0874232 0.0878967 0.0982511 0.273571
155000 0.0960236 0.10007 0.0962661 0.29236
156000 0.101485 0.0935436 0.10052 0.295549
157000 0.0979615 0.109102 0.105615 0.312678
158000 0.0895325 0.0971777 0.109314 0.296024
159000 0.0889817 0.0954586 0.0976989 0.282139
160000 0.0884716 0.101878 0.0992439 0.289594
161000 0.0979162 0.0951631 0.104171 0.29725
162000 0.113155 0.100977 0.0990582 0.313191
163000 0.0909292 0.0983552 0.0983793 0.287664
164000 0.0910133 0.0894318 0.0985099 0.278955
165000 0.0958629 0.105346 0.0974429 0.298651
166000 0.0889122 0.0920964 0.108806 0.289814
167000 0.097926 0.0984594 0.102862 0.299248
168000 0.105297 0.10582 0.106263 0.31738
169000 0.104851 0.0988536 0.106813 0.310517
170000 0.0940589 0.0965675 0.103852 0.294478
171000 0.0953572 0.107503 0.104554 0.307414
172000 0.100341 0.0935825 0.108054 0.301977
173000 0.0980041 0.0998842 0.104443 0.302332
174000 0.0945317 0.0959586 0.110517 0.301007
175000 0.0995372 0.101319 0.104757 0.305614
176000 0.092565 0.0974854 0.10417 0.29422
177000 0.0996484 0.0922233 0.10625 0.298121
178000 0.0939321 0.0999657 0.107485 0.301382
179000 0.0901896 0.0971756 0.106272 0.293637
180000 0.1041 0.103186 0.106652 0.313937
181000 0.0935806 0.0948931 0.102855 0.291329
182000 0.102538 0.103233 0.102364 0.308136
183000 0.0947694 0.101639 0.105771 0.302179
184000 0.0953083 0.10761 0.109093 0.312012
185000 0.0967317 0.094662 0.107956 0.299349
186000 0.0915076 0.0957098 0.113092 0.30031
187000 0.107518 0.107543 0.111592 0.326653
188000 0.0920947 0.0949833 0.109744 0.296822
189000 0.0986687 0.101997 0.112288 0.312953
190000 0.0918942 0.103972 0.105599 0.301465
191000 0.100215 0.0973678 0.0944306 0.292013
192000 0.0922832 0.0930807 0.102225 0.287589
193000 0.0988082 0.0905703 0.109797 0.299176
194000 0.0949808 0.101671 0.110922 0.307574
195000 0.0993119 0.109141 0.10954 0.317993
196000 0.0975156 0.101907 0.0995055 0.298928
197000 0.100471 0.100611 0.107716 0.308798
198000 0.0930986 0.0976975 0.116009 0.306805
199000 0.0983427 0.104848 0.105943 0.309134
200000 0.104349 0.112177 0.111839 0.328365
201000 0.0900352 0.102383 0.10537 0.297788
202000 0.0974452 0.095144 0.106095 0.298684
203000 0.0951723 0.10603 0.106906 0.308108
204000 0.102203 0.109676 0.114039 0.325917
205000 0.0939448 0.107871 0.114204 0.31602
206000 0.090672 0.107419 0.113651 0.311742
207000 0.0971927 0.111218 0.114149 0.322559
208000 0.0881366 0.115812 0.110663 0.314611
209000 0.0936413 0.118863 0.106861 0.319364
210000 0.0895456 0.113046 0.10954 0.312131
211000 0.0912803 0.119397 0.107318 0.317995
212000 0.0912074 0.129127 0.111522 0.331857
213000 0.0924201 0.119658 0.119218 0.331296
214000 0.0929336 0.122004 0.111023 0.32596
215000 0.0856668 0.12306 0.108656 0.317383
216000 0.0946416 0.127385 0.113924 0.335951
217000 0.091995 0.115016 0.114383 0.321393
218000 0.090779 0.124767 0.101056 0.316603
219000 0.0863637 0.115971 0.116289 0.318624
220000 0.0967796 0.121945 0.116675 0.3354
221000 0.0899571 0.125682 0.113404 0.329043
222000 0.0885228 0.122661 0.109122 0.320305
223000 0.101081 0.127729 0.104213 0.333023
224000 0.0899012 0.119139 0.112283 0.321323
225000 0.104142 0.12398 0.112535 0.340656
226000 0.103686 0.11374 0.114209 0.331635
227000 0.0973248 0.121518 0.119263 0.338106
228000 0.0944086 0.120046 0.123685 0.338139
229000 0.0949319 0.120256 0.120242 0.33543
230000 0.0949585 0.116808 0.115047 0.326814
231000 0.0892192 0.118946 0.119994 0.32816
232000 0.0985905 0.125583 0.110928 0.335102
233000 0.0907342 0.123023 0.111385 0.325142
234000 0.0937242 0.120344 0.118849 0.332918
235000 0.10606 0.136596 0.116731 0.359387
236000 0.0983346 0.120612 0.112817 0.331764
237000 0.10115 0.12308 0.124586 0.348816
238000 0.104013 0.126422 0.119441 0.349876
239000 0.111584 0.13178 0.119291 0.362655
240000 0.10472 0.12674 0.118477 0.349936
241000 0.0894106 0.127511 0.119673 0.336596
242000 0.0980199 0.131615 0.130818 0.360453
243000 0.0983368 0.12261 0.118968 0.339915
244000 0.094327 0.12322 0.118499 0.336046
245000 0.100905 0.126364 0.123116 0.350386
246000 0.0962986 0.126303 0.135372 0.357973
247000 0.11167 0.140178 0.143255 0.395102
248000 0.0984801 0.129606 0.143094 0.37118
249000 0.100357 0.133529 0.123775 0.357661
250000 0.102282 0.142134 0.125457 0.369873
251000 0.0947483 0.133046 0.122831 0.350625
252000 0.103579 0.132932 0.12554 0.362051
253000 0.0962196 0.130971 0.13291 0.3601
254000 0.102057 0.122946 0.12779 0.352793
255000 0.101808 0.130334 0.12402 0.356163
256000 0.0995513 0.134639 0.1247 0.35889
257000 0.113897 0.130009 0.132487 0.376393
258000 0.10469 0.132296 0.143541 0.380527
259000 0.10053 0.142957 0.132203 0.37569
260000 0.0996323 0.138225 0.126569 0.364426
261000 0.107055 0.140803 0.131362 0.379221
262000 0.108812 0.134332 0.135058 0.378202
263000 0.114909 0.133157 0.127462 0.375528
264000 0.10961 0.128261 0.121993 0.359864
265000 0.109078 0.138398 0.1281 0.375576
266000 0.10346 0.127253 0.138543 0.369256
267000 0.103888 0.128758 0.13423 0.366875
268000 0.0966382 0.128134 0.127713 0.352485
269000 0.103472 0.130857 0.132455 0.366784
270000 0.104873 0.135435 0.126322 0.36663
271000 0.116705 0.14335 0.137235 0.39729
272000 0.105126 0.13047 0.142783 0.378379
273000 0.105443 0.126325 0.133245 0.365013
274000 0.111144 0.12731 0.126301 0.364755
275000 0.112273 0.127977 0.133203 0.373453
276000 0.11037 0.125544 0.127923 0.363837
277000 0.116837 0.133883 0.122695 0.373415
278000 0.103711 0.133471 0.128105 0.365287
279000 0.106502 0.137076 0.133765 0.377343
280000 0.107133 0.136084 0.136102 0.379318
281000 0.101747 0.140088 0.129964 0.371799
282000 0.114906 0.143513 0.137238 0.395656
283000 0.115788 0.136237 0.129157 0.381182
284000 0.108372 0.136203 0.133882 0.378457
285000 0.113263 0.135447 0.130199 0.378909
286000 0.11051 0.146231 0.128766 0.385507
287000 0.113057 0.138454 0.129652 0.381163
288000 0.102229 0.138357 0.132629 0.373216
289000 0.112883 0.135276 0.133003 0.381162
290000 0.103966 0.141204 0.136032 0.381202
291000 0.106603 0.134447 0.130846 0.371895
292000 0.103988 0.135382 0.134319 0.373689
293000 0.108267 0.136413 0.127974 0.372654
294000 0.120002 0.141488 0.136589 0.398079
295000 0.113743 0.136408 0.138449 0.3886
296000 0.11646 0.140876 0.139518 0.396854
297000 0.110181 0.141355 0.145828 0.397364
298000 0.104177 0.135953 0.132989 0.373119
299000 0.112297 0.144238 0.126257 0.382792
300000 0.110052 0.144347 0.134706 0.389105
301000 0.11689 0.139332 0.127506 0.383728
302000 0.107605 0.147194 0.134952 0.389751
303000 0.10519 0.145084 0.134545 0.384818
304000 0.11777 0.140361 0.137179 0.39531
305000 0.122768 0.155611 0.131929 0.410307
306000 0.113293 0.145185 0.128065 0.386543
307000 0.119281 0.151192 0.132176 0.402649
308000 0.114138 0.144976 0.130944 0.390057
309000 0.110506 0.139783 0.142433 0.392723
310000 0.116299 0.156908 0.136902 0.41011
311000 0.118113 0.143308 0.14137 0.402791
312000 0.114403 0.143889 0.131237 0.38953
313000 0.134212 0.147319 0.132193 0.413724
314000 0.116716 0.145532 0.136253 0.398501
315000 0.119643 0.148874 0.134711 0.403228
316000 0.126553 0.152316 0.129814 0.408684
317000 0.123694 0.152981 0.134023 0.410698
318000 0.117819 0.153517 0.136582 0.407918
319000 0.122151 0.151394 0.137382 0.410927
320000 0.114194 0.149488 0.135025 0.398707
321000 0.125994 0.15554 0.142154 0.423687
322000 0.124322 0.159954 0.136611 0.420886
323000 0.124381 0.155373 0.140942 0.420695
324000 0.114849 0.157532 0.129383 0.401764
325000 0.13177 0.154473 0.138308 0.42455
326000 0.130493 0.153335 0.132583 0.416411
327000 0.122414 0.145086 0.140599 0.408099
328000 0.122279 0.157894 0.132972 0.413145
329000 0.124906 0.155357 0.136296 0.416559
330000 0.123763 0.156055 0.133568 0.413386
331000 0.120168 0.167592 0.133627 0.421387
332000 0.113712 0.154064 0.139346 0.407122
333000 0.116549 0.148783 0.132496 0.397829
334000 0.135374 0.162952 0.137059 0.435386
335000 0.132763 0.172728 0.140095 0.445585
336000 0.125747 0.167581 0.142917 0.436245
337000 0.127534 0.161385 0.137194 0.426113
338000 0.12995 0.172179 0.140567 0.442696
339000 0.126437 0.172197 0.135875 0.434509
340000 0.121451 0.160711 0.14154 0.423701
341000 0.125445 0.173312 0.140761 0.439517
342000 0.121888 0.16477 0.140461 0.427119
343000 0.132274 0.164544 0.144849 0.441666
344000 0.129594 0.1688 0.14623 0.444625
345000 0.132326 0.179126 0.156429 0.46788
346000 0.129287 0.161309 0.139944 0.430541
347000 0.126916 0.166641 0.140492 0.434049
348000 0.125261 0.164449 0.134045 0.423756
349000 0.12576 0.171092 0.144055 0.440907
350000 0.130989 0.176425 0.140665 0.448078
351000 0.122168 0.175023 0.14275 0.43994
352000 0.125477 0.172091 0.13339 0.430957
353000 0.129686 0.163705 0.141862 0.435253
354000 0.124143 0.173533 0.147519 0.445195
355000 0.129667 0.173183 0.143223 0.446073
356000 0.133282 0.174323 0.151324 0.458928
357000 0.131954 0.167365 0.144172 0.443491
358000 0.148968 0.182889 0.137457 0.469314
359000 0.136042 0.185843 0.142666 0.46455
360000 0.13594 0.185089 0.134833 0.455862
361000 0.1362 0.178165 0.142494 0.456859
362000 0.128621 0.176461 0.137528 0.44261
363000 0.132207 0.178305 0.137347 0.447859
364000 0.137835 0.182594 0.13706 0.45749
365000 0.138338 0.176746 0.142422 0.457506
366000 0.132092 0.175589 0.14161 0.449292
367000 0.128362 0.170696 0.146737 0.445795
368000 0.134471 0.181356 0.148821 0.464648
369000 0.134605 0.178738 0.149366 0.46271
370000 0.135214 0.178637 0.147726 0.461577
371000 0.137725 0.182623 0.148067 0.468414
372000 0.126923 0.17835 0.143895 0.449168
373000 0.134316 0.180822 0.145114 0.460251
374000 0.126401 0.181973 0.141484 0.449858
375000 0.140556 0.184839 0.155539 0.480934
376000 0.141729 0.186894 0.153442 0.482065
377000 0.143581 0.179475 0.151825 0.474881
378000 0.137616 0.17677 0.150131 0.464517
379000 0.144234 0.187179 0.159906 0.49132
380000 0.133157 0.182317 0.1546 0.470075
381000 0.139737 0.183707 0.164075 0.487519
382000 0.141022 0.194526 0.155244 0.490793
383000 0.133989 0.185536 0.151081 0.470605
384000 0.139021 0.190093 0.14786 0.476975
385000 0.141349 0.193191 0.154021 0.488561
386000 0.142688 0.18878 0.150487 0.481955
387000 0.142688 0.189825 0.143619 0.476131
388000 0.13967 0.185152 0.159269 0.484091
389000 0.141667 0.194911 0.15416 0.490739
390000 0.145866 0.19317 0.156318 0.495354
391000 0.137874 0.187445 0.160313 0.485632
392000 0.137095 0.184726 0.153441 0.475262
393000 0.137095 0.189831 0.154347 0.481273
394000 0.137787 0.190959 0.14942 0.478165
395000 0.146619 0.193531 0.155096 0.495246
396000 0.142646 0.182676 0.158252 0.483574
397000 0.135353 0.190787 0.163868 0.490008
398000 0.137153 0.195211 0.159242 0.491605
399000 0.147107 0.186116 0.154252 0.487475
400000 0.140921 0.191237 0.153882 0.486039
401000 0.145511 0.189946 0.152445 0.487901
402000 0.146417 0.195037 0.154665 0.496119
403000 0.145627 0.188391 0.159291 0.49331
404000 0.135466 0.18671 0.155681 0.477857
405000 0.139398 0.179666 0.156419 0.475482
406000 0.148061 0.192142 0.147527 0.48773
407000 0.136132 0.186152 0.152813 0.475097
408000 0.137773 0.180225 0.148915 0.466913
409000 0.136902 0.182598 0.154265 0.473764
410000 0.133141 0.185031 0.149809 0.46798
411000 0.13458 0.180744 0.151344 0.466667
412000 0.139241 0.183648 0.151111 0.474
413000 0.138686 0.18988 0.150786 0.479352
414000 0.146251 0.186321 0.149522 0.482095
415000 0.139693 0.193929 0.159354 0.492976
416000 0.144415 0.188088 0.154836 0.487339
417000 0.142532 0.187964 0.156848 0.487343
418000 0.141498 0.182456 0.147378 0.471333
419000 0.138344 0.183549 0.158128 0.480021
420000 0.150809 0.184259 0.156453 0.491521
421000 0.137891 0.182425 0.151804 0.472121
422000 0.149842 0.179721 0.153856 0.483419
423000 0.144201 0.179443 0.164263 0.487906
424000 0.159769 0.191736 0.162659 0.514164
425000 0.154306 0.180693 0.165767 0.500766
426000 0.148198 0.201832 0.160112 0.510142
427000 0.147949 0.182085 0.155588 0.485622
428000 0.149298 0.186906 0.15936 0.495564
429000 0.14117 0.19318 0.167589 0.501939
430000 0.155517 0.195697 0.163174 0.514387
431000 0.148187 0.194991 0.154395 0.497573
432000 0.153176 0.196587 0.166106 0.515869
433000 0.150879 0.179545 0.158735 0.489159
434000 0.157293 0.19245 0.16639 0.516133
435000 0.165561 0.19359 0.167611 0.526762
436000 0.148048 0.180631 0.167021 0.4957
437000 0.158052 0.185783 0.166107 0.509943
438000 0.154846 0.194005 0.169107 0.517958
439000 0.16465 0.194097 0.174655 0.533402
440000 0.163715 0.186284 0.174247 0.524246
441000 0.158128 0.191936 0.169249 0.519313
442000 0.160696 0.204049 0.174405 0.53915
443000 0.150647 0.195596 0.174864 0.521106
444000 0.163132 0.201844 0.178842 0.543818
445000 0.161849 0.200082 0.184616 0.546548
446000 0.172034 0.193094 0.176016 0.541144
447000 0.168696 0.198525 0.191625 0.558846
448000 0.163362 0.196605 0.17943 0.539397
449000 0.152759 0.194 0.178079 0.524838
450000 0.159149 0.202351 0.173523 0.535023
451000 0.168295 0.199569 0.177563 0.545428
452000 0.168422 0.194394 0.186513 0.549329
453000 0.171701 0.200976 0.175191 0.547868
454000 0.163537 0.196102 0.174019 0.533657
455000 0.163311 0.201803 0.167301 0.532415
456000 0.162434 0.199556 0.182402 0.544393
457000 0.165328 0.20435 0.179936 0.549614
458000 0.160726 0.209292 0.192672 0.56269
459000 0.15693 0.198132 0.178063 0.533125
460000 0.172681 0.195175 0.17792 0.545775
461000 0.173165 0.193399 0.183088 0.549652
462000 0.175338 0.203953 0.183882 0.563174
463000 0.180257 0.209996 0.181058 0.57131
464000 0.182273 0.200046 0.191744 0.574062
465000 0.172867 0.215954 0.186454 0.575276
466000 0.161747 0.20621 0.189499 0.557456
467000 0.165438 0.201338 0.199542 0.566318
468000 0.175802 0.217349 0.182349 0.575501
469000 0.1627 0.208982 0.195345 0.567027
470000 0.168183 0.207936 0.193948 0.570067
471000 0.182593 0.220133 0.191317 0.594044
472000 0.174256 0.216144 0.19227 0.582669
473000 0.167138 0.212562 0.18599 0.56569
474000 0.172702 0.210478 0.19182 0.575
475000 0.163179 0.212081 0.18957 0.56483
476000 0.171633 0.222446 0.195334 0.589412
477000 0.164862 0.20623 0.200742 0.571834
478000 0.169031 0.210654 0.194025 0.57371
479000 0.171797 0.213359 0.186961 0.572117
480000 0.170599 0.211216 0.193827 0.575641
481000 0.166122 0.219774 0.194742 0.580638
482000 0.175609 0.228327 0.199793 0.603729
483000 0.17011 0.21966 0.184648 0.574418
484000 0.170014 0.231492 0.191937 0.593442
485000 0.172664 0.224055 0.195127 0.591846
486000 0.173885 0.21607 0.201463 0.591418
487000 0.169067 0.222416 0.200259 0.591743
488000 0.175556 0.231726 0.199976 0.607257
489000 0.180929 0.214847 0.200176 0.595952
490000 0.176158 0.227857 0.195711 0.599726
491000 0.177183 0.224993 0.199016 0.601191
492000 0.180425 0.226575 0.212598 0.619597
493000 0.170014 0.219241 0.201117 0.590371
494000 0.165924 0.224745 0.194184 0.584853
495000 0.17217 0.224073 0.208766 0.60501
496000 0.171013 0.222779 0.19619 0.589982
497000 0.181102 0.225932 0.208891 0.615925
498000 0.174898 0.222615 0.202011 0.599524
499000 0.18192 0.233069 0.214462 0.629452
500000 0.186445 0.222625 0.206238 0.615308
501000 0.181433 0.227423 0.210578 0.619434
502000 0.179999 0.221845 0.208033 0.609877
503000 0.183924 0.224064 0.217937 0.625924
504000 0.174197 0.232654 0.211149 0.618
505000 0.181484 0.241908 0.215239 0.638631
506000 0.178905 0.226205 0.214368 0.619478
507000 0.186871 0.222323 0.224494 0.633688
508000 0.182729 0.226809 0.215975 0.625513
509000 0.195544 0.233708 0.214164 0.643416
510000 0.188714 0.236331 0.215584 0.640629
511000 0.186185 0.225169 0.214437 0.62579
512000 0.178723 0.224356 0.222413 0.625492
513000 0.185153 0.242988 0.219889 0.64803
514000 0.185733 0.229384 0.21583 0.630946
515000 0.186164 0.232513 0.211792 0.630469
516000 0.188023 0.235998 0.211846 0.635867
517000 0.191445 0.239081 0.214436 0.644961
518000 0.198014 0.233374 0.216024 0.647412
519000 0.20972 0.236319 0.22309 0.669129
520000 0.194328 0.230761 0.21898 0.644068
521000 0.189236 0.238255 0.205519 0.63301
522000 0.193133 0.242668 0.211687 0.647488
523000 0.186432 0.227734 0.210639 0.624805
524000 0.183574 0.236985 0.218715 0.639275
525000 0.192215 0.251942 0.227599 0.671755
526000 0.200556 0.236369 0.221167 0.658092
527000 0.193349 0.236219 0.217851 0.647419
528000 0.197069 0.240168 0.225246 0.662483
529000 0.190182 0.239649 0.224027 0.653858
530000 0.191833 0.232177 0.215352 0.639362
531000 0.193844 0.245704 0.223223 0.662771
532000 0.191839 0.239786 0.223986 0.655611
533000 0.198522 0.250048 0.223442 0.672012
534000 0.192214 0.247646 0.214985 0.654845
535000 0.193746 0.236648 0.21682 0.647214
536000 0.201401 0.234202 0.222065 0.657668
537000 0.192563 0.236144 0.220296 0.649003
538000 0.196476 0.236869 0.223332 0.656677
539000 0.206769 0.239358 0.22199 0.668117
540000 0.196846 0.231312 0.222164 0.650322
541000 0.198375 0.241376 0.227793 0.667544
542000 0.198178 0.238871 0.223431 0.66048
543000 0.217246 0.237694 0.227823 0.682763
544000 0.210195 0.23044 0.221508 0.662142
545000 0.194262 0.24698 0.235759 0.677001
546000 0.205092 0.248083 0.223174 0.67635
547000 0.190248 0.236897 0.223801 0.650946
548000 0.188428 0.228894 0.225554 0.642876
549000 0.198605 0.241955 0.228983 0.669544
550000 0.203502 0.24265 0.235862 0.682014
551000 0.196182 0.242778 0.226192 0.665151
552000 0.196098 0.247049 0.222535 0.665683
553000 0.200154 0.237217 0.228193 0.665563
554000 0.204985 0.24177 0.220304 0.667059
555000 0.208896 0.247039 0.229201 0.685136
556000 0.193785 0.231125 0.220696 0.645605
557000 0.201208 0.240832 0.228899 0.670939
558000 0.202674 0.234011 0.227102 0.663787
559000 0.205642 0.245652 0.232509 0.683803
560000 0.199701 0.232874 0.226876 0.659451
561000 0.214393 0.246777 0.237251 0.698421
562000 0.208935 0.235371 0.231681 0.675987
563000 0.203414 0.230305 0.234131 0.66785
564000 0.213262 0.244181 0.23746 0.694902
565000 0.20465 0.237777 0.233272 0.675699
566000 0.212012 0.248014 0.237414 0.697441
567000 0.204829 0.238068 0.230896 0.673793
568000 0.201635 0.244697 0.229239 0.675571
569000 0.210406 0.233436 0.234394 0.678236
570000 0.201527 0.242653 0.230752 0.674932
571000 0.200349 0.236106 0.234424 0.67088
572000 0.211122 0.234059 0.232785 0.677966
573000 0.211858 0.238136 0.244812 0.694807
574000 0.216208 0.244285 0.24127 0.701763
575000 0.20429 0.235528 0.248323 0.68814
576000 0.205134 0.244546 0.24625 0.695929
577000 0.198263 0.239456 0.255121 0.69284
578000 0.198538 0.23813 0.238014 0.674682
579000 0.205846 0.249397 0.257823 0.713066
580000 0.200449 0.240115 0.256547 0.697111
581000 0.209562 0.233425 0.257685 0.700672
582000 0.208635 0.248699 0.251489 0.708823
583000 0.198666 0.244623 0.258128 0.701417
584000 0.209876 0.243661 0.24633 0.699867
585000 0.206297 0.236615 0.266537 0.709449
586000 0.205794 0.237948 0.24911 0.692852
587000 0.207916 0.24501 0.257269 0.710196
588000 0.206598 0.239214 0.261981 0.707793
589000 0.205154 0.239999 0.270055 0.715208
590000 0.213133 0.246667 0.256769 0.716569
591000 0.204276 0.236323 0.245188 0.685787
592000 0.217843 0.240908 0.238258 0.697009
593000 0.20524 0.247803 0.251649 0.704692
594000 0.206201 0.250725 0.254405 0.711331
595000 0.200543 0.24197 0.262096 0.704609
596000 0.198317 0.240381 0.251629 0.690328
597000 0.203809 0.2522 0.245339 0.701347
598000 0.204336 0.238509 0.248339 0.691184
599000 0.213394 0.253148 0.243449 0.709991
600000 0.202307 0.242746 0.245005 0.690058
601000 0.222045 0.252347 0.252049 0.726441
602000 0.207562 0.243893 0.242033 0.693489
603000 0.216507 0.242219 0.248176 0.706902
604000 0.214803 0.235589 0.259908 0.710299
605000 0.204538 0.245287 0.259168 0.708993
606000 0.197041 0.232802 0.26655 0.696393
607000 0.204958 0.250511 0.260548 0.716018
608000 0.191201 0.238493 0.264812 0.694506
609000 0.198338 0.245942 0.255212 0.699492
610000 0.199133 0.233292 0.247656 0.680082
611000 0.204707 0.238732 0.250326 0.693765
612000 0.20767 0.249921 0.237386 0.694977
613000 0.201134 0.23473 0.249361 0.685225
614000 0.202057 0.236986 0.249352 0.688395
615000 0.203544 0.250605 0.250959 0.705108
616000 0.213119 0.248129 0.258808 0.720055
617000 0.219893 0.248099 0.278153 0.746145
618000 0.202524 0.238146 0.252014 0.692684
619000 0.19193 0.242145 0.270505 0.70458
620000 0.205911 0.239319 0.271366 0.716595
621000 0.20452 0.237275 0.263839 0.705633
622000 0.206878 0.253 0.268758 0.728636
623000 0.205815 0.24676 0.257311 0.709886
624000 0.204626 0.244334 0.261729 0.710689
625000 0.208109 0.255128 0.269058 0.732295
626000 0.209566 0.239859 0.265924 0.715349
627000 0.205804 0.246198 0.251699 0.703701
628000 0.208446 0.242385 0.268499 0.71933
629000 0.208271 0.237493 0.277237 0.723
630000 0.210776 0.236389 0.271728 0.718893
631000 0.212367 0.242794 0.262576 0.717738
632000 0.217656 0.244773 0.266325 0.728754
633000 0.209736 0.240093 0.263171 0.713001
634000 0.212737 0.247495 0.277266 0.737498
635000 0.221051 0.247209 0.265893 0.734152
636000 0.210057 0.24293 0.274555 0.727542
637000 0.210731 0.238302 0.26124 0.710273
638000 0.203161 0.244493 0.261539 0.709193
639000 0.209861 0.238892 0.271275 0.720029
640000 0.208863 0.249907 0.252883 0.711653
641000 0.209957 0.241956 0.260636 0.712548
642000 0.215457 0.248541 0.272972 0.736969
643000 0.213267 0.237847 0.269495 0.720609
644000 0.215853 0.236819 0.272503 0.725174
645000 0.218298 0.247645 0.274682 0.740626
646000 0.211766 0.247774 0.270555 0.730095
647000 0.214855 0.259458 0.278589 0.752902
648000 0.209671 0.247346 0.274505 0.731522
649000 0.209918 0.24577 0.282259 0.737947
650000 0.220664 0.242317 0.263253 0.726233
651000 0.212365 0.243923 0.268616 0.724904
652000 0.22441 0.246698 0.270264 0.741371
653000 0.216127 0.245799 0.273242 0.735168
654000 0.211557 0.250052 0.27571 0.737319
655000 0.208123 0.244999 0.268809 0.721931
656000 0.221253 0.246846 0.274171 0.74227
657000 0.216985 0.241273 0.269019 0.727277
658000 0.212397 0.247338 0.271118 0.730852
659000 0.223729 0.258539 0.272811 0.755078
660000 0.223545 0.234075 0.272506 0.730126
661000 0.222872 0.240081 0.263341 0.726294
662000 0.20996 0.249423 0.271073 0.730456
663000 0.20699 0.242603 0.271247 0.72084
664000 0.217408 0.237942 0.273976 0.729327
665000 0.204605 0.244315 0.261972 0.710892
666000 0.216032 0.24757 0.276552 0.740154
667000 0.220992 0.245386 0.273432 0.73981
668000 0.213873 0.236448 0.288018 0.738339
669000 0.215646 0.243417 0.285925 0.744987
670000 0.214066 0.250622 0.278661 0.74335
671000 0.215258 0.243064 0.27989 0.738213
672000 0.214319 0.250147 0.274596 0.739062
673000 0.206888 0.247051 0.278552 0.732491
674000 0.221057 0.257644 0.290516 0.769217
675000 0.213733 0.255666 0.277709 0.747108
676000 0.210302 0.246974 0.277699 0.734974
677000 0.208987 0.244713 0.288528 0.742229
678000 0.215463 0.250925 0.282814 0.749202
679000 0.215871 0.232416 0.274133 0.72242
680000 0.208716 0.25271 0.274448 0.735873
681000 0.210119 0.256682 0.279874 0.746675
682000 0.212168 0.238398 0.286227 0.736793
683000 0.20514 0.241466 0.279895 0.726501
684000 0.212179 0.25767 0.28005 0.7499
685000 0.211239 0.252023 0.281478 0.744739
686000 0.224328 0.246958 0.285494 0.756781
687000 0.218289 0.247221 0.284257 0.749766
688000 0.218835 0.244156 0.288741 0.751732
689000 0.221231 0.236239 0.291517 0.748987
690000 0.21842 0.249028 0.299674 0.767123
691000 0.213484 0.243306 0.290394 0.747185
692000 0.215538 0.243906 0.277457 0.736901
693000 0.223325 0.240752 0.293319 0.757396
694000 0.212488 0.234688 0.286439 0.733615
695000 0.22205 0.256571 0.291703 0.770324
696000 0.219969 0.250025 0.282508 0.752501
697000 0.223145 0.258019 0.282644 0.763808
698000 0.216735 0.251632 0.276047 0.744414
699000 0.217698 0.249397 0.289136 0.756231
700000 0.219189 0.246646 0.289452 0.755288
701000 0.211831 0.249977 0.292308 0.754115
702000 0.211263 0.248184 0.284716 0.744164
703000 0.220631 0.257684 0.292642 0.770956
704000 0.218725 0.25335 0.289069 0.761143
705000 0.213474 0.248936 0.288702 0.751111
706000 0.221614 0.262096 0.291933 0.775643
707000 0.217294 0.245888 0.286935 0.750117
708000 0.21787 0.245225 0.301417 0.764512
709000 0.212728 0.244024 0.283089 0.739841
710000 0.211286 0.253832 0.280365 0.745483
711000 0.231091 0.250305 0.283813 0.76521
712000 0.211952 0.239637 0.294621 0.746209
713000 0.214222 0.250785 0.276408 0.741414
714000 0.224988 0.25385 0.282493 0.761332
715000 0.223544 0.259808 0.292153 0.775505
716000 0.232924 0.247529 0.279376 0.759829
717000 0.22619 0.243172 0.28761 0.756973
718000 0.228085 0.254455 0.282852 0.765392
719000 0.219599 0.245954 0.28245 0.748003
720000 0.225746 0.250545 0.285634 0.761926
721000 0.227979 0.256866 0.297724 0.782569
722000 0.219644 0.244853 0.287116 0.751613
723000 0.217939 0.247505 0.296416 0.761859
724000 0.208895 0.241654 0.286359 0.736908
725000 0.215025 0.25402 0.284143 0.753188
726000 0.217782 0.244074 0.286747 0.748603
727000 0.225004 0.244507 0.28962 0.759131
728000 0.209282 0.256458 0.287487 0.753228
729000 0.210721 0.247743 0.29857 0.757034
730000 0.223496 0.265371 0.300002 0.788869
731000 0.212415 0.242014 0.297366 0.751795
732000 0.224594 0.267814 0.303589 0.795996
733000 0.218428 0.2552 0.313582 0.78721
734000 0.218023 0.254616 0.301403 0.774043
735000 0.227169 0.25472 0.298009 0.779898
736000 0.232911 0.259548 0.297509 0.789968
737000 0.218863 0.248719 0.298219 0.765802
738000 0.214025 0.240424 0.298589 0.753039
739000 0.20387 0.251389 0.294278 0.749537
740000 0.213283 0.24578 0.298469 0.757532
741000 0.226404 0.256798 0.312618 0.795821
742000 0.221987 0.245575 0.293096 0.760658
743000 0.207354 0.249214 0.310399 0.766967
744000 0.213562 0.251247 0.315231 0.78004
745000 0.211275 0.258369 0.29277 0.762413
746000 0.22867 0.263576 0.293915 0.786162
747000 0.224052 0.253094 0.295384 0.77253
748000 0.216571 0.26141 0.302892 0.780873
749000 0.224647 0.275494 0.296533 0.796674
750000 0.216241 0.25736 0.299502 0.773103
751000 0.215392 0.273735 0.300308 0.789435
752000 0.212187 0.262502 0.309001 0.78369
753000 0.222029 0.251514 0.303256 0.776799
754000 0.20941 0.259525 0.287812 0.756747
755000 0.216807 0.258408 0.299194 0.774409
756000 0.229363 0.262692 0.299977 0.792033
757000 0.213188 0.257687 0.301008 0.771883
758000 0.216604 0.256832 0.292744 0.76618
759000 0.208641 0.254181 0.289945 0.752767
760000 0.221648 0.253586 0.300855 0.776089
761000 0.227329 0.264513 0.301241 0.793084
762000 0.219282 0.262855 0.287844 0.76998
763000 0.221219 0.257507 0.29456 0.773286
764000 0.224432 0.259302 0.310149 0.793883
765000 0.224977 0.249768 0.297859 0.772604
766000 0.217767 0.253004 0.303781 0.774553
767000 0.22326 0.268671 0.302958 0.794889
768000 0.227965 0.248116 0.295409 0.771489
769000 0.221588 0.256703 0.293392 0.771683
770000 0.219296 0.271847 0.290786 0.781929
771000 0.224206 0.258832 0.289211 0.77225
772000 0.218328 0.260489 0.281617 0.760435
773000 0.224028 0.259773 0.289722 0.773523
774000 0.221213 0.268714 0.295834 0.785761
775000 0.216463 0.259228 0.299561 0.775252
776000 0.225878 0.247572 0.294219 0.76767
777000 0.222861 0.262106 0.305175 0.790141
778000 0.214485 0.25393 0.299302 0.767717
779000 0.226797 0.265009 0.28683 0.778635
780000 0.217403 0.264361 0.297753 0.779517
781000 0.227667 0.264396 0.290682 0.782745
782000 0.225893 0.266566 0.295873 0.788332
783000 0.23457 0.258042 0.291251 0.783863
784000 0.224689 0.256598 0.287645 0.768932
785000 0.228329 0.258317 0.304896 0.791542
786000 0.214032 0.261745 0.302732 0.778509
787000 0.227702 0.265884 0.307138 0.800724
788000 0.233115 0.27573 0.308039 0.816883
789000 0.218761 0.272435 0.297449 0.788645
790000 0.238031 0.276882 0.297639 0.812552
791000 0.221052 0.278051 0.289124 0.788227
792000 0.229329 0.276288 0.297953 0.80357
793000 0.238267 0.284495 0.304111 0.826873
794000 0.232682 0.286155 0.296158 0.814995
795000 0.232261 0.278689 0.30411 0.815059
796000 0.235853 0.277392 0.308773 0.822018
797000 0.231369 0.268262 0.301566 0.801197
798000 0.227459 0.280381 0.305459 0.813299
799000 0.23897 0.278445 0.311238 0.828654
800000 0.228349 0.280805 0.309064 0.818218
801000 0.236262 0.273066 0.305515 0.814842
802000 0.237342 0.289861 0.306659 0.833862
803000 0.229402 0.281232 0.312835 0.823469
804000 0.22962 0.28602 0.315827 0.831467
805000 0.239414 0.287296 0.315005 0.841716
806000 0.235844 0.277412 0.315645 0.828901
807000 0.243732 0.27776 0.317111 0.838603
808000 0.24361 0.278854 0.313744 0.836209
809000 0.230524 0.271406 0.317366 0.819295
810000 0.258115 0.27904 0.311908 0.849063
811000 0.235763 0.289353 0.305441 0.830557
812000 0.236972 0.27608 0.307009 0.820061
813000 0.24029 0.284821 0.317515 0.842626
814000 0.244499 0.293964 0.306608 0.845072
815000 0.249416 0.281239 0.302079 0.832734
816000 0.243039 0.283997 0.309392 0.836428
817000 0.240057 0.273946 0.314348 0.82835
818000 0.243476 0.281142 0.329345 0.853963
819000 0.245336 0.281613 0.322816 0.849765
820000 0.243436 0.283928 0.320115 0.847479
821000 0.238896 0.279687 0.323877 0.84246
822000 0.248504 0.281392 0.314253 0.84415
823000 0.246828 0.289516 0.322325 0.858669
824000 0.247788 0.277166 0.325923 0.850877
825000 0.249256 0.283329 0.320186 0.852771
826000 0.24374 0.295328 0.327845 0.866913
827000 0.259782 0.300165 0.327313 0.887259
828000 0.247734 0.294699 0.321502 0.863935
829000 0.245722 0.300276 0.31812 0.864118
830000 0.251293 0.299985 0.322745 0.874023
831000 0.251807 0.302069 0.317602 0.871478
832000 0.245177 0.296639 0.317785 0.859601
833000 0.253218 0.293686 0.318103 0.865007
834000 0.25283 0.297222 0.321386 0.871439
835000 0.25709 0.292121 0.324074 0.873285
836000 0.242485 0.291652 0.315573 0.849709
837000 0.246334 0.291485 0.320196 0.858016
838000 0.254229 0.287723 0.326387 0.868339
839000 0.248497 0.297749 0.337738 0.883984
840000 0.247364 0.292296 0.32638 0.86604
841000 0.246373 0.29001 0.321086 0.857468
842000 0.248911 0.27881 0.329896 0.857617
843000 0.258009 0.290973 0.317712 0.866694
844000 0.24798 0.29197 0.317069 0.85702
845000 0.252315 0.288978 0.318631 0.859924
846000 0.22972 0.291764 0.312911 0.834395
847000 0.249085 0.298674 0.317444 0.865203
848000 0.241824 0.296599 0.331106 0.86953
849000 0.248137 0.29494 0.330527 0.873605
850000 0.254001 0.288856 0.321855 0.864713
851000 0.251189 0.295332 0.318743 0.865265
852000 0.240719 0.30019 0.315335 0.856245
853000 0.254894 0.293117 0.319564 0.867575
854000 0.259626 0.301471 0.318109 0.879206
855000 0.256638 0.298871 0.336077 0.891586
856000 0.262323 0.296548 0.32843 0.887301
857000 0.25118 0.304771 0.319777 0.875728
858000 0.253788 0.295877 0.323374 0.873039
859000 0.246084 0.301279 0.322498 0.869861
860000 0.257765 0.290154 0.32509 0.873009
861000 0.252779 0.306549 0.321309 0.880637
862000 0.257733 0.292138 0.320116 0.869987
863000 0.258651 0.300961 0.320537 0.880149
864000 0.254802 0.290599 0.317147 0.862549
865000 0.248567 0.286961 0.323041 0.858569
866000 0.258107 0.304121 0.323355 0.885583
867000 0.24718 0.297755 0.325708 0.870643
868000 0.249804 0.302465 0.315394 0.867664
869000 0.25562 0.300347 0.330362 0.886329
870000 0.254231 0.303353 0.328975 0.886559
871000 0.255699 0.305914 0.336237 0.89785
872000 0.255543 0.310518 0.332486 0.898546
873000 0.25668 0.306742 0.336621 0.900043
874000 0.248292 0.31049 0.327557 0.886339
875000 0.243306 0.308033 0.324977 0.876317
876000 0.252581 0.305561 0.315636 0.873778
877000 0.251374 0.302627 0.324463 0.878464
878000 0.252046 0.297982 0.325761 0.875789
879000 0.245936 0.305013 0.324918 0.875867
880000 0.256344 0.305431 0.338448 0.900223
881000 0.2564 0.312642 0.338586 0.907628
882000 0.261748 0.306499 0.345728 0.913975
883000 0.252907 0.308638 0.341212 0.902757
884000 0.243962 0.31084 0.330984 0.885787
885000 0.257426 0.30482 0.336532 0.898778
886000 0.257953 0.307131 0.326322 0.891405
887000 0.248906 0.306472 0.32747 0.882848
888000 0.256127 0.303445 0.333309 0.892882
889000 0.256977 0.313031 0.331202 0.901209
890000 0.249833 0.312842 0.335551 0.898226
891000 0.255466 0.311982 0.341056 0.908504
892000 0.258132 0.315522 0.346571 0.920225
893000 0.265281 0.312986 0.334555 0.912822
894000 0.25467 0.305819 0.338516 0.899005
895000 0.267786 0.313243 0.322217 0.903246
896000 0.263515 0.31214 0.326392 0.902047
897000 0.26151 0.314501 0.324045 0.900056
898000 0.255978 0.311961 0.331435 0.899374
899000 0.256979 0.308591 0.339375 0.904944
900000 0.248746 0.305552 0.340123 0.894421
901000 0.273223 0.311818 0.342139 0.927179
902000 0.266057 0.31544 0.338324 0.919821
903000 0.262723 0.31472 0.338563 0.916006
904000 0.258009 0.314208 0.335405 0.907622
905000 0.266997 0.31944 0.33676 0.923197
906000 0.263825 0.312842 0.327597 0.904265
907000 0.264549 0.318803 0.338113 0.921465
908000 0.269217 0.314367 0.330124 0.913708
909000 0.25566 0.313729 0.32768 0.897068
910000 0.262745 0.31118 0.344954 0.918879
911000 0.261089 0.315163 0.351036 0.927288
912000 0.262842 0.311181 0.340098 0.914121
913000 0.259901 0.312288 0.332414 0.904603
914000 0.273023 0.312886 0.341906 0.927815
915000 0.274905 0.31067 0.335749 0.921323
916000 0.266414 0.315962 0.327493 0.909869
917000 0.270935 0.30926 0.331495 0.911691
918000 0.269078 0.309829 0.332038 0.910945
919000 0.266296 0.318942 0.337013 0.922252
920000 0.264371 0.317194 0.344701 0.926267
921000 0.269481 0.317521 0.334661 0.921663
922000 0.261636 0.30958 0.346996 0.918211
923000 0.270543 0.307584 0.344199 0.922326
924000 0.272967 0.312879 0.351262 0.937108
925000 0.268795 0.315392 0.338109 0.922295
926000 0.265505 0.321674 0.337841 0.925021
927000 0.268693 0.317334 0.335038 0.921065
928000 0.265523 0.32073 0.335036 0.921289
929000 0.265212 0.31767 0.33921 0.922091
930000 0.268489 0.314865 0.344285 0.92764
931000 0.268643 0.317108 0.345856 0.931607
932000 0.274122 0.310107 0.331488 0.915717
933000 0.271292 0.31402 0.328821 0.914133
934000 0.270244 0.310842 0.347854 0.928941
935000 0.262637 0.304665 0.3366 0.903902
936000 0.264201 0.313604 0.339546 0.917351
937000 0.264216 0.30802 0.337955 0.910191
938000 0.265992 0.317864 0.337585 0.921441
939000 0.270477 0.309024 0.342318 0.92182
940000 0.26315 0.312127 0.343797 0.919074
941000 0.275055 0.315886 0.344942 0.935883
942000 0.264101 0.321909 0.343192 0.929202
943000 0.267564 0.31864 0.331522 0.917726
944000 0.267485 0.313514 0.341024 0.922023
945000 0.260901 0.315185 0.3524 0.928485
946000 0.271773 0.306277 0.349207 0.927257
947000 0.264319 0.317296 0.350306 0.931921
948000 0.260961 0.316961 0.349276 0.927199
949000 0.275627 0.324334 0.342107 0.942068
950000 0.256563 0.314744 0.345324 0.91663
951000 0.266529 0.315472 0.349942 0.931943
952000 0.274861 0.331551 0.345808 0.95222
953000 0.264475 0.319102 0.356473 0.940051
954000 0.261502 0.317611 0.350148 0.929261
955000 0.26563 0.321382 0.346362 0.933375
956000 0.269895 0.327579 0.357757 0.95523
957000 0.272762 0.316489 0.345892 0.935143
958000 0.262902 0.323439 0.339802 0.926143
959000 0.262806 0.324671 0.350005 0.937481
960000 0.266992 0.313754 0.352116 0.932862
961000 0.268759 0.332921 0.348141 0.949821
962000 0.26864 0.312103 0.352984 0.933728
963000 0.266462 0.312897 0.347213 0.926572
964000 0.290433 0.322501 0.354526 0.96746
965000 0.280727 0.321392 0.347457 0.949576
966000 0.269128 0.316172 0.346854 0.932153
967000 0.27122 0.33074 0.346671 0.948631
968000 0.280339 0.320791 0.342332 0.943461
969000 0.275015 0.3224 0.35292 0.950335
970000 0.26819 0.314099 0.359 0.941288
971000 0.269596 0.313553 0.337208 0.920358
972000 0.276058 0.331131 0.348715 0.955904
973000 0.283731 0.32924 0.335856 0.948827
974000 0.26431 0.316135 0.336151 0.916595
975000 0.273659 0.315065 0.352442 0.941166
976000 0.274563 0.334858 0.341462 0.950883
977000 0.281636 0.329056 0.34217 0.952862
978000 0.271642 0.322634 0.348973 0.943249
979000 0.280492 0.319943 0.347326 0.947761
980000 0.270717 0.328864 0.345294 0.944876
981000 0.277097 0.325509 0.341769 0.944375
982000 0.27399 0.31933 0.344094 0.937414
983000 0.267486 0.32724 0.349506 0.944232
984000 0.279525 0.327607 0.344151 0.951284
985000 0.278812 0.324303 0.354615 0.957729
986000 0.281639 0.326673 0.350578 0.95889
987000 0.281678 0.321796 0.349901 0.953374
988000 0.271978 0.322017 0.354297 0.948292
989000 0.288917 0.328555 0.35491 0.972382
990000 0.288265 0.326914 0.342145 0.957324
991000 0.277954 0.316927 0.357583 0.952465
992000 0.271429 0.319714 0.347002 0.938145
993000 0.273837 0.328645 0.352189 0.954672
994000 0.273993 0.318934 0.347338 0.940266
995000 0.272472 0.330133 0.350094 0.952699
996000 0.282776 0.331486 0.349872 0.964134
997000 0.274 0.335329 0.354642 0.963971
998000 0.27941 0.32417 0.347003 0.950582
999000 0.277772 0.326877 0.352345 0.956995
1000000 0.276938 0.319758 0.364324 0.961021
1001000 0.274022 0.330903 0.350182 0.955106
1002000 0.273508 0.329575 0.347704 0.950787
1003000 0.283736 0.32969 0.349178 0.962603
1004000 0.272502 0.338344 0.344489 0.955335
1005000 0.280834 0.328702 0.349738 0.959275
1006000 0.270131 0.316206 0.345364 0.931701
1007000 0.281295 0.316886 0.354201 0.952382
1008000 0.281553 0.32527 0.349425 0.956248
1009000 0.285697 0.318853 0.360784 0.965335
1010000 0.289841 0.328501 0.360496 0.978838
1011000 0.279208 0.322383 0.347262 0.948852
1012000 0.282971 0.334359 0.340267 0.957596
1013000 0.292004 0.339499 0.34622 0.977723
1014000 0.279021 0.326408 0.353545 0.958974
1015000 0.280304 0.332997 0.351122 0.964423
1016000 0.284514 0.328437 0.363873 0.976824
1017000 0.281221 0.327459 0.358525 0.967205
1018000 0.267702 0.322819 0.349711 0.940232
1019000 0.277298 0.323651 0.350738 0.951687
1020000 0.280291 0.335392 0.357443 0.973126
1021000 0.272557 0.326355 0.351471 0.950383
1022000 0.284657 0.339226 0.358556 0.98244
1023000 0.286101 0.332433 0.356031 0.974565
1024000 0.284815 0.3343 0.346223 0.965338
1025000 0.286165 0.333595 0.344992 0.964751
1026000 0.297008 0.333502 0.341598 0.972108
1027000 0.296092 0.330686 0.35103 0.977808
1028000 0.291184 0.342502 0.354665 0.98835
1029000 0.274938 0.331314 0.363958 0.970211
1030000 0.281999 0.33818 0.364543 0.984723
