# Time-averaged data for fix 1
# TimeStep c_msd_all[1] c_msd_all[2] c_msd_all[3] c_msd_all[4]
31000 0.0876624 0.0678846 0.0652405 0.220787
32000 0.0825292 0.0697834 0.0669003 0.219213
33000 0.0671928 0.0747664 0.0734684 0.215428
34000 0.0750584 0.0866198 0.0747429 0.236421
35000 0.0784474 0.0769437 0.073157 0.228548
36000 0.072425 0.0805378 0.0860534 0.239016
37000 0.0904634 0.0890397 0.0843647 0.263868
38000 0.0789925 0.0863392 0.0909337 0.256265
39000 0.0918616 0.0827034 0.0820118 0.256577
40000 0.076623 0.0919234 0.0823637 0.25091
41000 0.0847782 0.0958668 0.102732 0.283377
42000 0.0809672 0.0899818 0.0948528 0.265802
43000 0.0924231 0.099289 0.0935235 0.285236
44000 0.0739771 0.0962771 0.0944151 0.264669
45000 0.0922256 0.0993368 0.091138 0.2827
46000 0.0759422 0.098585 0.104955 0.279482
47000 0.0996965 0.110958 0.0945076 0.305162
48000 0.078441 0.106997 0.102182 0.28762
49000 0.0764914 0.10567 0.0985134 0.280675
50000 0.0833123 0.104908 0.0968431 0.285064
51000 0.102822 0.0985795 0.101537 0.302938
52000 0.121804 0.127047 0.0981606 0.347011
53000 0.0878279 0.121137 0.119206 0.32817
54000 0.0986959 0.115557 0.0984577 0.312711
55000 0.10782 0.108255 0.0968223 0.312898
56000 0.0945577 0.120647 0.105355 0.32056
57000 0.121014 0.131078 0.0998359 0.351928
58000 0.0927626 0.124867 0.105842 0.323472
59000 0.0817302 0.106313 0.106461 0.294503
60000 0.0732494 0.106869 0.113368 0.293487
61000 0.0746281 0.115241 0.117676 0.307545
62000 0.0872798 0.117219 0.113004 0.317503
63000 0.0792578 0.112287 0.112865 0.304409
64000 0.104362 0.120353 0.113221 0.337937
65000 0.0912689 0.118016 0.124995 0.33428
66000 0.0868824 0.109371 0.112392 0.308646
67000 0.0694173 0.113537 0.111107 0.294062
68000 0.0832251 0.119605 0.125154 0.327984
69000 0.0976375 0.116315 0.120963 0.334916
70000 0.0870977 0.120197 0.137043 0.344338
71000 0.0816594 0.114156 0.131882 0.327697
72000 0.081182 0.123369 0.116778 0.321328
73000 0.0825575 0.123701 0.115199 0.321458
74000 0.0975846 0.128138 0.120495 0.346217
75000 0.0886431 0.122562 0.148621 0.359826
76000 0.104492 0.11522 0.133786 0.353498
77000 0.0786998 0.120848 0.132558 0.332106
78000 0.0866451 0.133116 0.124397 0.344158
79000 0.0843592 0.141345 0.126436 0.35214
80000 0.0818197 0.132168 0.137664 0.351651
81000 0.102005 0.124463 0.133301 0.359769
82000 0.0885565 0.133066 0.141566 0.363189
83000 0.0846161 0.133107 0.128051 0.345774
84000 0.0776743 0.124428 0.12995 0.332052
85000 0.0748645 0.120161 0.127528 0.322554
86000 0.106764 0.125783 0.11388 0.346427
87000 0.0954218 0.122863 0.132829 0.351114
88000 0.0864796 0.11541 0.125774 0.327663
89000 0.0831037 0.117485 0.128651 0.32924
90000 0.0779027 0.118142 0.120492 0.316536
91000 0.0979588 0.12382 0.125782 0.347561
92000 0.117833 0.127689 0.124515 0.370036
93000 0.0892475 0.125751 0.11752 0.332519
94000 0.0910432 0.117061 0.118158 0.326262
95000 0.0891083 0.125686 0.130221 0.345015
96000 0.0921084 0.125047 0.127642 0.344797
97000 0.0872091 0.142672 0.126581 0.356461
98000 0.0936124 0.143622 0.130349 0.367583
99000 0.0851461 0.154345 0.137316 0.376808
100000 0.0932995 0.145981 0.123232 0.362512
101000 0.0899331 0.136726 0.134505 0.361165
102000 0.0925374 0.138416 0.13191 0.362864
103000 0.0865327 0.146717 0.138974 0.372223
104000 0.0816853 0.141242 0.149386 0.372313
105000 0.0899744 0.144157 0.125364 0.359495
106000 0.0950289 0.156744 0.130318 0.382091
107000 0.0883945 0.143464 0.136318 0.368177
108000 0.0804657 0.143718 0.129609 0.353793
109000 0.0919389 0.156651 0.147008 0.395598
110000 0.099272 0.141965 0.140014 0.381252
111000 0.0985566 0.16286 0.141171 0.402588
112000 0.091296 0.151485 0.146423 0.389204
113000 0.105003 0.161071 0.149159 0.415234
114000 0.0982205 0.155424 0.150065 0.40371
115000 0.110835 0.159442 0.165597 0.435875
116000 0.102326 0.169402 0.162354 0.434082
117000 0.106665 0.164025 0.163347 0.434037
118000 0.1026 0.16613 0.156882 0.425612
119000 0.0896466 0.168455 0.168768 0.42687
120000 0.0989937 0.162394 0.162576 0.423964
121000 0.115463 0.192669 0.163945 0.472078
122000 0.104136 0.175214 0.167795 0.447145
123000 0.0892552 0.183711 0.159279 0.432245
124000 0.0967576 0.177581 0.1637 0.438039
125000 0.10466 0.18014 0.18118 0.46598
126000 0.0958264 0.174241 0.176605 0.446672
127000 0.0919844 0.172628 0.177419 0.442032
128000 0.0946882 0.180853 0.174976 0.450518
129000 0.100516 0.178396 0.1773 0.456212
130000 0.108584 0.186639 0.179884 0.475108
131000 0.0936084 0.183486 0.175034 0.452128
132000 0.0899475 0.182971 0.178726 0.451645
133000 0.10599 0.182199 0.188396 0.476585
134000 0.10416 0.187882 0.189561 0.481603
135000 0.0986622 0.17945 0.178111 0.456223
136000 0.100914 0.189838 0.189887 0.480639
137000 0.0894458 0.20873 0.186944 0.48512
138000 0.0985075 0.197438 0.177151 0.473097
139000 0.0918333 0.19117 0.182696 0.465699
140000 0.113701 0.194102 0.207306 0.515109
141000 0.107248 0.201649 0.20599 0.514887
142000 0.109028 0.201068 0.201676 0.511773
143000 0.111742 0.192178 0.192966 0.496886
144000 0.0956953 0.203921 0.198436 0.498052
145000 0.0950775 0.206371 0.208269 0.509717
146000 0.0984261 0.213871 0.211652 0.52395
147000 0.100294 0.217849 0.219118 0.537261
148000 0.134507 0.215014 0.203258 0.552779
149000 0.110743 0.21861 0.201272 0.530625
150000 0.0886949 0.210819 0.215411 0.514925
151000 0.0896451 0.225379 0.188376 0.503401
152000 0.104765 0.221717 0.191762 0.518244
153000 0.0987191 0.216738 0.193192 0.508648
154000 0.109765 0.223107 0.18475 0.517621
155000 0.101456 0.231417 0.218824 0.551697
156000 0.097924 0.236763 0.208055 0.542742
157000 0.096284 0.233997 0.207715 0.537997
158000 0.104883 0.236185 0.199425 0.540493
159000 0.113917 0.246341 0.210478 0.570735
160000 0.105535 0.237673 0.211744 0.554952
161000 0.111753 0.269812 0.210917 0.592483
162000 0.114433 0.238511 0.207577 0.56052
163000 0.10875 0.241349 0.210494 0.560593
164000 0.111613 0.251344 0.19923 0.562187
165000 0.10499 0.245461 0.216445 0.566896
166000 0.109547 0.274052 0.211351 0.594949
167000 0.11052 0.255166 0.217101 0.582787
168000 0.117367 0.247975 0.210874 0.576216
169000 0.1152 0.237405 0.20616 0.558765
170000 0.114107 0.250493 0.223865 0.588465
171000 0.117174 0.264491 0.21734 0.599006
172000 0.12102 0.253129 0.224612 0.598761
173000 0.117763 0.25564 0.218226 0.591629
174000 0.102965 0.239853 0.208352 0.55117
175000 0.126921 0.245401 0.236791 0.609113
176000 0.112451 0.249056 0.232741 0.594248
177000 0.111559 0.2569 0.239241 0.607701
178000 0.115999 0.263341 0.224687 0.604027
179000 0.11332 0.247848 0.221729 0.582896
180000 0.106453 0.254362 0.237282 0.598097
181000 0.111851 0.251135 0.214309 0.577294
182000 0.133229 0.259853 0.230416 0.623498
183000 0.123994 0.270448 0.22409 0.618532
184000 0.110879 0.257725 0.212141 0.580745
185000 0.115012 0.26348 0.249219 0.62771
186000 0.115926 0.272119 0.227285 0.615329
187000 0.115984 0.27079 0.228597 0.615371
188000 0.113937 0.272305 0.229731 0.615972
189000 0.114818 0.272971 0.223415 0.611203
190000 0.116735 0.254124 0.23048 0.601339
191000 0.123825 0.255634 0.223127 0.602585
192000 0.123673 0.265293 0.238916 0.627883
193000 0.118592 0.28618 0.239749 0.644521
194000 0.125134 0.271101 0.24503 0.641264
195000 0.122001 0.283378 0.245654 0.651033
196000 0.118788 0.277047 0.233868 0.629703
197000 0.125032 0.283584 0.247321 0.655937
198000 0.118198 0.275897 0.234844 0.628938
199000 0.130227 0.274086 0.247392 0.651705
200000 0.116325 0.27346 0.246562 0.636347
201000 0.128269 0.279798 0.243443 0.65151
202000 0.132811 0.287982 0.274524 0.695317
203000 0.108273 0.285643 0.245273 0.63919
204000 0.140295 0.294381 0.270496 0.705172
205000 0.126088 0.287136 0.252911 0.666136
206000 0.134621 0.287314 0.255055 0.67699
207000 0.115944 0.284119 0.259787 0.65985
208000 0.113266 0.286824 0.257179 0.65727
209000 0.134325 0.292679 0.281422 0.708425
210000 0.124468 0.308111 0.264429 0.697007
211000 0.126889 0.307411 0.272693 0.706993
212000 0.118215 0.28873 0.251276 0.65822
213000 0.125608 0.280469 0.256943 0.663019
214000 0.124824 0.289387 0.271601 0.685812
215000 0.122122 0.31527 0.267534 0.704926
216000 0.142225 0.30195 0.273083 0.717258
217000 0.135121 0.311924 0.283382 0.730427
218000 0.1401 0.309686 0.289541 0.739327
219000 0.141863 0.310835 0.276717 0.729415
220000 0.132642 0.296877 0.269782 0.699301
221000 0.180719 0.326217 0.284826 0.791762
222000 0.136662 0.334962 0.281366 0.75299
223000 0.144841 0.32619 0.286737 0.757768
224000 0.149135 0.314437 0.294975 0.758548
225000 0.140702 0.323056 0.291515 0.755273
226000 0.143995 0.316436 0.289286 0.749718
227000 0.145517 0.329613 0.295066 0.770196
228000 0.139122 0.319254 0.283564 0.741939
229000 0.125859 0.310931 0.283792 0.720582
230000 0.132262 0.319503 0.295104 0.746868
231000 0.157649 0.327899 0.314169 0.799716
232000 0.128794 0.318324 0.294228 0.741346
233000 0.146743 0.336242 0.302083 0.785067
234000 0.138335 0.338839 0.297132 0.774306
235000 0.139208 0.341282 0.305443 0.785933
236000 0.151113 0.3449 0.313684 0.809697
237000 0.138617 0.343613 0.305299 0.787529
238000 0.137684 0.350837 0.321185 0.809706
239000 0.141827 0.360827 0.321062 0.823717
240000 0.140769 0.346149 0.323846 0.810764
241000 0.137014 0.33443 0.318615 0.790058
242000 0.139637 0.335975 0.327759 0.803371
243000 0.13168 0.337185 0.325449 0.794314
244000 0.1432 0.33734 0.317413 0.797952
245000 0.137579 0.328137 0.297302 0.763017
246000 0.143609 0.32092 0.311347 0.775876
247000 0.13747 0.332549 0.309721 0.77974
248000 0.137507 0.330324 0.305147 0.772978
249000 0.143479 0.321247 0.322293 0.787019
250000 0.140931 0.336068 0.305746 0.782745
251000 0.14392 0.33963 0.321134 0.804684
252000 0.140947 0.346535 0.305091 0.792573
253000 0.141053 0.350697 0.312756 0.804506
254000 0.142444 0.369756 0.319588 0.831788
255000 0.142754 0.379586 0.303832 0.826171
256000 0.137878 0.364715 0.318582 0.821174
257000 0.123941 0.37378 0.310888 0.808609
258000 0.144944 0.404058 0.3159 0.864902
259000 0.143113 0.39473 0.32942 0.867263
260000 0.130499 0.385759 0.345795 0.862053
261000 0.145395 0.380657 0.331602 0.857654
262000 0.141058 0.383439 0.317648 0.842144
263000 0.142908 0.397565 0.343805 0.884277
264000 0.130972 0.401639 0.313924 0.846535
265000 0.149499 0.422784 0.340616 0.9129
266000 0.14438 0.398913 0.324233 0.867525
267000 0.144538 0.395354 0.321112 0.861005
268000 0.148951 0.417609 0.338117 0.904677
269000 0.155958 0.399969 0.324113 0.880039
270000 0.14593 0.403086 0.354589 0.903605
271000 0.154824 0.402566 0.333527 0.890917
272000 0.149507 0.396142 0.326987 0.872637
273000 0.148487 0.391625 0.336141 0.876252
274000 0.150348 0.380873 0.330222 0.861443
275000 0.148991 0.402693 0.358508 0.910192
276000 0.152716 0.405635 0.318855 0.877207
277000 0.143199 0.393208 0.32493 0.861336
278000 0.141231 0.387986 0.313937 0.843154
279000 0.148852 0.39821 0.325998 0.87306
280000 0.137047 0.399303 0.332693 0.869043
281000 0.162139 0.403765 0.324102 0.890006
282000 0.15395 0.379801 0.314846 0.848597
283000 0.149089 0.396015 0.316364 0.861468
284000 0.134746 0.382229 0.316958 0.833933
285000 0.153216 0.415335 0.34861 0.917161
286000 0.167153 0.400469 0.315386 0.883008
287000 0.147032 0.405681 0.339651 0.892363
288000 0.141817 0.391931 0.356657 0.890405
289000 0.143938 0.390235 0.318478 0.852651
290000 0.159027 0.395139 0.352539 0.906706
291000 0.140418 0.412839 0.315129 0.868386
292000 0.144165 0.404447 0.339131 0.887743
293000 0.154437 0.41083 0.353169 0.918437
294000 0.150089 0.401517 0.334221 0.885826
295000 0.153333 0.414683 0.344071 0.912087
296000 0.160929 0.433473 0.335228 0.929631
297000 0.160785 0.433998 0.34996 0.944742
298000 0.151948 0.430046 0.359026 0.94102
299000 0.148176 0.428639 0.344186 0.921002
300000 0.154518 0.419365 0.367747 0.941631
301000 0.157979 0.422165 0.346709 0.926852
302000 0.156714 0.432247 0.345286 0.934248
303000 0.143779 0.440018 0.335859 0.919656
304000 0.163176 0.448385 0.348198 0.959759
305000 0.193847 0.446381 0.376753 1.01698
306000 0.157317 0.4467 0.347869 0.951886
307000 0.171136 0.4395 0.367905 0.978541
308000 0.141284 0.452614 0.35175 0.945647
309000 0.163381 0.445956 0.36213 0.971467
310000 0.162629 0.439209 0.363324 0.965161
311000 0.170011 0.456549 0.361644 0.988205
312000 0.183265 0.468022 0.359786 1.01107
313000 0.154812 0.440103 0.348839 0.943754
314000 0.152927 0.455514 0.348234 0.956675
315000 0.158005 0.438775 0.353343 0.950123
316000 0.151035 0.465872 0.364291 0.981198
317000 0.153545 0.481481 0.376492 1.01152
318000 0.150705 0.445642 0.368974 0.965321
319000 0.158082 0.463487 0.368881 0.990451
320000 0.156238 0.473345 0.393204 1.02279
321000 0.160609 0.471544 0.396949 1.0291
322000 0.152096 0.473354 0.383756 1.00921
323000 0.151215 0.483383 0.39152 1.02612
324000 0.154989 0.474269 0.385046 1.0143
325000 0.160627 0.469551 0.380518 1.0107
326000 0.159745 0.458109 0.378267 0.996121
327000 0.144102 0.471632 0.382232 0.997965
328000 0.162915 0.462458 0.400394 1.02577
329000 0.161074 0.450162 0.380842 0.992078
330000 0.163945 0.468719 0.371244 1.00391
331000 0.165278 0.469822 0.39004 1.02514
332000 0.161816 0.446647 0.377678 0.98614
333000 0.188994 0.466927 0.417678 1.0736
334000 0.163895 0.451724 0.392303 1.00792
335000 0.183468 0.457671 0.41409 1.05523
336000 0.157897 0.471962 0.404649 1.03451
337000 0.149378 0.456065 0.399971 1.00541
338000 0.147017 0.457202 0.409897 1.01412
339000 0.174581 0.468197 0.408686 1.05146
340000 0.150845 0.472683 0.419228 1.04276
341000 0.149767 0.467921 0.400133 1.01782
342000 0.155717 0.479218 0.420062 1.055
343000 0.154968 0.47921 0.417096 1.05127
344000 0.152427 0.478344 0.417336 1.04811
345000 0.152137 0.483067 0.4228 1.058
346000 0.152874 0.478224 0.441038 1.07214
347000 0.156523 0.473167 0.42835 1.05804
348000 0.155597 0.476928 0.414985 1.04751
349000 0.167089 0.475897 0.428628 1.07161
350000 0.160394 0.475826 0.417585 1.0538
351000 0.154839 0.473535 0.429571 1.05794
352000 0.156461 0.468273 0.455876 1.08061
353000 0.157577 0.48571 0.421629 1.06492
354000 0.180624 0.47102 0.420247 1.07189
355000 0.157617 0.487196 0.436042 1.08085
356000 0.167036 0.498961 0.437293 1.10329
357000 0.152039 0.481461 0.456895 1.0904
358000 0.152083 0.470394 0.43055 1.05303
359000 0.166698 0.479405 0.43828 1.08438
360000 0.165619 0.484698 0.439217 1.08953
361000 0.164417 0.503222 0.447012 1.11465
362000 0.159885 0.490301 0.444585 1.09477
363000 0.160113 0.490932 0.443819 1.09486
364000 0.169246 0.497445 0.449039 1.11573
365000 0.14645 0.46925 0.440423 1.05612
366000 0.147895 0.49794 0.456382 1.10222
367000 0.156627 0.514653 0.460273 1.13155
368000 0.160747 0.50752 0.451609 1.11988
369000 0.154777 0.493889 0.471293 1.11996
370000 0.15286 0.493853 0.446306 1.09302
371000 0.158145 0.504941 0.448371 1.11146
372000 0.161666 0.505176 0.457811 1.12465
373000 0.154809 0.499859 0.449649 1.10432
374000 0.162376 0.508341 0.468535 1.13925
375000 0.157267 0.504882 0.45021 1.11236
376000 0.152544 0.504653 0.452517 1.10971
377000 0.158822 0.535017 0.451987 1.14583
378000 0.161366 0.519031 0.471419 1.15182
379000 0.166242 0.507822 0.459404 1.13347
380000 0.16036 0.498774 0.444037 1.10317
381000 0.16146 0.498674 0.456836 1.11697
382000 0.162655 0.494285 0.465144 1.12209
383000 0.166886 0.521028 0.466411 1.15432
384000 0.169611 0.499771 0.479324 1.14871
385000 0.157441 0.496281 0.469903 1.12362
386000 0.159928 0.493795 0.476218 1.12994
387000 0.160201 0.510647 0.481118 1.15197
388000 0.156329 0.51717 0.459656 1.13315
389000 0.171146 0.522799 0.4893 1.18325
390000 0.157727 0.493437 0.466151 1.11731
391000 0.165108 0.494337 0.471535 1.13098
392000 0.169219 0.509322 0.493109 1.17165
393000 0.156456 0.50902 0.492601 1.15808
394000 0.171863 0.528468 0.495158 1.19549
395000 0.165229 0.502056 0.483861 1.15115
396000 0.165106 0.492898 0.467541 1.12554
397000 0.169089 0.523177 0.503072 1.19534
398000 0.164029 0.507738 0.472871 1.14464
399000 0.172973 0.534451 0.511207 1.21863
400000 0.164309 0.504139 0.498041 1.16649
401000 0.182036 0.521683 0.48917 1.19289
402000 0.16145 0.53741 0.516522 1.21538
403000 0.165136 0.523074 0.478363 1.16657
404000 0.175847 0.525333 0.494 1.19518
405000 0.167748 0.496836 0.479541 1.14413
406000 0.167985 0.516767 0.495025 1.17978
407000 0.166377 0.514676 0.501888 1.18294
408000 0.185083 0.511697 0.484903 1.18168
409000 0.183382 0.531069 0.505062 1.21951
410000 0.16527 0.513311 0.491058 1.16964
411000 0.166216 0.513669 0.501607 1.18149
412000 0.170141 0.501294 0.515155 1.18659
413000 0.181706 0.510342 0.497953 1.19
414000 0.161571 0.502097 0.535766 1.19943
415000 0.164542 0.512652 0.49761 1.1748
416000 0.158518 0.501978 0.503209 1.16371
417000 0.185425 0.525364 0.51845 1.22924
418000 0.164817 0.501032 0.499666 1.16551
419000 0.167907 0.519356 0.541279 1.22854
420000 0.186421 0.509118 0.491217 1.18676
421000 0.165244 0.516373 0.507197 1.18881
422000 0.164304 0.502242 0.517058 1.1836
423000 0.170048 0.507458 0.513661 1.19117
424000 0.179401 0.518524 0.524116 1.22204
425000 0.169658 0.511876 0.501659 1.18319
426000 0.167802 0.500659 0.503164 1.17162
427000 0.168039 0.496154 0.507503 1.1717
428000 0.159725 0.50284 0.472336 1.1349
429000 0.166332 0.50721 0.487835 1.16138
430000 0.171432 0.506565 0.463097 1.14109
431000 0.180603 0.489897 0.456046 1.12655
432000 0.172819 0.499125 0.484069 1.15601
433000 0.168004 0.519321 0.468731 1.15606
434000 0.171322 0.501977 0.466234 1.13953
435000 0.17315 0.522258 0.494682 1.19009
436000 0.178268 0.522753 0.474331 1.17535
437000 0.169428 0.539018 0.477997 1.18644
438000 0.179971 0.535602 0.484965 1.20054
439000 0.166943 0.530162 0.482712 1.17982
440000 0.169212 0.553279 0.514475 1.23697
441000 0.17361 0.527389 0.50757 1.20857
442000 0.17972 0.532761 0.518131 1.23061
443000 0.16967 0.530516 0.48823 1.18842
444000 0.166906 0.535929 0.502147 1.20498
445000 0.161731 0.539125 0.525648 1.2265
446000 0.183242 0.540935 0.511032 1.23521
447000 0.17492 0.521845 0.497076 1.19384
448000 0.177872 0.538808 0.524424 1.2411
449000 0.175816 0.533154 0.506258 1.21523
450000 0.182279 0.524205 0.507098 1.21358
451000 0.176804 0.54603 0.502503 1.22534
452000 0.169814 0.526985 0.490746 1.18754
453000 0.176324 0.540642 0.513977 1.23094
454000 0.165298 0.538375 0.508392 1.21207
455000 0.167572 0.534865 0.53693 1.23937
456000 0.164912 0.52825 0.504491 1.19765
457000 0.15769 0.5266 0.516384 1.20067
458000 0.175154 0.529316 0.506701 1.21117
459000 0.166826 0.528621 0.517705 1.21315
460000 0.168027 0.521805 0.554683 1.24452
461000 0.173623 0.521054 0.500062 1.19474
462000 0.182913 0.554137 0.522577 1.25963
463000 0.179503 0.526392 0.51939 1.22528
464000 0.168488 0.52196 0.523516 1.21396
465000 0.172681 0.52197 0.547732 1.24238
466000 0.169733 0.502887 0.518862 1.19148
467000 0.181548 0.535281 0.523011 1.23984
468000 0.178589 0.521967 0.514776 1.21533
469000 0.178362 0.532625 0.517005 1.22799
470000 0.177018 0.521581 0.558031 1.25663
471000 0.188455 0.549751 0.507802 1.24601
472000 0.182595 0.535951 0.531383 1.24993
473000 0.168772 0.526993 0.533607 1.22937
474000 0.183817 0.535798 0.52677 1.24639
475000 0.182917 0.537853 0.532675 1.25344
476000 0.203009 0.550619 0.526256 1.27988
477000 0.182289 0.525263 0.531475 1.23903
478000 0.173028 0.534743 0.530652 1.23842
479000 0.170524 0.537306 0.52124 1.22907
480000 0.180552 0.532373 0.554002 1.26693
481000 0.205496 0.557722 0.528428 1.29165
482000 0.181 0.549588 0.53022 1.26081
483000 0.191635 0.53189 0.514988 1.23851
484000 0.18416 0.539538 0.504338 1.22804
485000 0.177523 0.526573 0.529651 1.23375
486000 0.188488 0.523619 0.517128 1.22923
487000 0.184165 0.530745 0.551912 1.26682
488000 0.18928 0.535612 0.536193 1.26108
489000 0.1712 0.527883 0.527262 1.22634
490000 0.176182 0.548867 0.552971 1.27802
491000 0.177055 0.534477 0.53378 1.24531
492000 0.171423 0.541165 0.530451 1.24304
493000 0.1791 0.553483 0.537293 1.26988
494000 0.172947 0.555112 0.528356 1.25642
495000 0.17993 0.546834 0.539497 1.26626
496000 0.175314 0.536002 0.519083 1.2304
497000 0.178691 0.54545 0.54857 1.27271
498000 0.170941 0.548885 0.536688 1.25651
499000 0.173583 0.557948 0.551511 1.28304
500000 0.184603 0.54818 0.57518 1.30796
501000 0.193316 0.5552 0.536501 1.28502
502000 0.173114 0.564686 0.554594 1.29239
503000 0.18492 0.56152 0.555255 1.3017
504000 0.184458 0.563547 0.558265 1.30627
505000 0.175687 0.563155 0.54209 1.28093
506000 0.184807 0.565145 0.540274 1.29023
507000 0.1861 0.568686 0.568702 1.32349
508000 0.181187 0.560742 0.563559 1.30549
509000 0.192343 0.571544 0.568608 1.3325
510000 0.178106 0.575717 0.584241 1.33806
511000 0.175905 0.558222 0.558796 1.29292
512000 0.182927 0.580375 0.576336 1.33964
513000 0.182679 0.572233 0.58257 1.33748
514000 0.177735 0.579783 0.576892 1.33441
515000 0.19246 0.590177 0.614 1.39664
516000 0.189535 0.580481 0.583026 1.35304
517000 0.189627 0.603038 0.584578 1.37724
518000 0.19663 0.602983 0.598217 1.39783
519000 0.181396 0.618569 0.597611 1.39758
520000 0.184893 0.591808 0.598315 1.37502
521000 0.18989 0.61676 0.575486 1.38214
522000 0.183928 0.59733 0.611765 1.39302
523000 0.209351 0.632019 0.601186 1.44256
524000 0.194565 0.621864 0.588299 1.40473
525000 0.196826 0.614722 0.592119 1.40367
526000 0.196408 0.628794 0.602068 1.42727
527000 0.178027 0.614403 0.630796 1.42323
528000 0.187306 0.608609 0.5933 1.38922
529000 0.191936 0.615328 0.60959 1.41685
530000 0.199189 0.627291 0.607113 1.43359
531000 0.186344 0.620461 0.600388 1.40719
532000 0.195826 0.586579 0.627274 1.40968
533000 0.193662 0.616423 0.597652 1.40774
534000 0.189353 0.606757 0.60705 1.40316
535000 0.189904 0.624359 0.61834 1.4326
536000 0.186157 0.611496 0.604216 1.40187
537000 0.199469 0.603636 0.604594 1.4077
538000 0.17979 0.610816 0.598212 1.38882
539000 0.183317 0.622287 0.621257 1.42686
540000 0.196574 0.603235 0.600351 1.40016
541000 0.185809 0.614182 0.61368 1.41367
542000 0.191872 0.607916 0.628467 1.42825
543000 0.181345 0.601897 0.600474 1.38372
544000 0.195202 0.609385 0.608141 1.41273
545000 0.196999 0.611465 0.596615 1.40508
546000 0.186429 0.6107 0.629351 1.42648
547000 0.19027 0.610162 0.615761 1.41619
548000 0.196795 0.634371 0.617146 1.44831
549000 0.197658 0.635811 0.630148 1.46362
550000 0.201569 0.619567 0.607125 1.42826
551000 0.176629 0.605167 0.62655 1.40835
552000 0.192703 0.623876 0.620469 1.43705
553000 0.183293 0.613011 0.613708 1.41001
554000 0.198235 0.631042 0.632286 1.46156
555000 0.200814 0.616997 0.619096 1.43691
556000 0.192283 0.616459 0.633663 1.4424
557000 0.183535 0.617665 0.608496 1.4097
558000 0.19095 0.621072 0.628441 1.44046
559000 0.19191 0.635924 0.623564 1.4514
560000 0.191623 0.623796 0.615727 1.43115
561000 0.182247 0.626699 0.641517 1.45046
562000 0.188516 0.622207 0.598114 1.40884
563000 0.192423 0.629955 0.61845 1.44083
564000 0.182694 0.641636 0.651924 1.47625
565000 0.193696 0.630331 0.601509 1.42554
566000 0.183613 0.649635 0.640345 1.47359
567000 0.19283 0.623928 0.613829 1.43059
568000 0.189341 0.630606 0.619286 1.43923
569000 0.191207 0.629067 0.640571 1.46085
570000 0.198129 0.654896 0.626026 1.47905
571000 0.189715 0.656662 0.646895 1.49327
572000 0.207478 0.665411 0.64062 1.51351
573000 0.182875 0.644665 0.641056 1.4686
574000 0.207178 0.634768 0.659536 1.50148
575000 0.18544 0.660255 0.632892 1.47859
576000 0.192465 0.643731 0.637892 1.47409
577000 0.196114 0.656156 0.644267 1.49654
578000 0.19204 0.65914 0.647063 1.49824
579000 0.199557 0.634873 0.63302 1.46745
580000 0.207758 0.658469 0.638061 1.50429
581000 0.198097 0.652612 0.644655 1.49536
582000 0.193916 0.655703 0.640354 1.48997
583000 0.194099 0.647869 0.638559 1.48053
584000 0.194409 0.637948 0.665589 1.49795
585000 0.194 0.657506 0.642932 1.49444
586000 0.199064 0.653218 0.665509 1.51779
587000 0.208501 0.672541 0.664198 1.54524
588000 0.202194 0.655543 0.662011 1.51975
589000 0.202218 0.651845 0.669072 1.52313
590000 0.187703 0.659316 0.658804 1.50582
591000 0.210539 0.6483 0.682868 1.54171
592000 0.203409 0.63821 0.657565 1.49918
593000 0.198374 0.653502 0.66442 1.5163
594000 0.194051 0.663175 0.686084 1.54331
595000 0.19633 0.67114 0.66371 1.53118
596000 0.196477 0.653235 0.692915 1.54263
597000 0.19465 0.666481 0.641667 1.5028
598000 0.221301 0.647389 0.676541 1.54523
599000 0.221835 0.646992 0.660496 1.52932
600000 0.197869 0.66877 0.654146 1.52078
601000 0.21193 0.667096 0.686213 1.56524
602000 0.212276 0.6589 0.656944 1.52812
603000 0.195895 0.657745 0.673765 1.5274
604000 0.218953 0.654725 0.652567 1.52624
605000 0.191714 0.649459 0.702594 1.54377
606000 0.192701 0.668678 0.660278 1.52166
607000 0.207746 0.657987 0.65884 1.52457
608000 0.19839 0.664627 0.683366 1.54638
609000 0.192408 0.670275 0.655175 1.51786
610000 0.200931 0.6772 0.65688 1.53501
611000 0.202227 0.648321 0.666482 1.51703
612000 0.20018 0.655102 0.651865 1.50715
613000 0.19628 0.65418 0.689002 1.53946
614000 0.200844 0.650621 0.66201 1.51347
615000 0.203622 0.677564 0.686385 1.56757
616000 0.200868 0.678158 0.684737 1.56376
617000 0.218179 0.671397 0.669852 1.55943
618000 0.198806 0.665926 0.680095 1.54483
619000 0.192215 0.656468 0.661798 1.51048
620000 0.206227 0.657838 0.686537 1.5506
621000 0.205961 0.655206 0.658923 1.52009
622000 0.235139 0.661761 0.662939 1.55984
623000 0.213386 0.655168 0.67343 1.54198
624000 0.210599 0.66832 0.665157 1.54408
625000 0.212697 0.661402 0.703984 1.57808
626000 0.211386 0.664391 0.691316 1.56709
627000 0.255082 0.672966 0.681928 1.60998
628000 0.228475 0.68753 0.714326 1.63033
629000 0.270911 0.68305 0.682252 1.63621
630000 0.2147 0.679008 0.688479 1.58219
631000 0.197226 0.669268 0.680757 1.54725
632000 0.213198 0.682106 0.69937 1.59468
633000 0.212014 0.668856 0.709811 1.59068
634000 0.241312 0.691131 0.699294 1.63174
635000 0.192469 0.668551 0.708973 1.56999
636000 0.217471 0.687691 0.703321 1.60848
637000 0.20472 0.709274 0.724031 1.63803
638000 0.202716 0.692864 0.703722 1.5993
639000 0.209822 0.688426 0.701048 1.5993
640000 0.204558 0.696568 0.733578 1.63471
641000 0.225693 0.689299 0.699188 1.61418
642000 0.202517 0.692653 0.715177 1.61035
643000 0.213777 0.693459 0.713666 1.6209
644000 0.215971 0.702274 0.715041 1.63329
645000 0.202902 0.679136 0.738787 1.62083
646000 0.2096 0.688172 0.694829 1.5926
647000 0.202729 0.700872 0.731943 1.63554
648000 0.208283 0.684161 0.689173 1.58162
649000 0.241059 0.700138 0.693 1.6342
650000 0.218171 0.678346 0.750081 1.6466
651000 0.213718 0.702892 0.714191 1.6308
652000 0.209311 0.696576 0.71605 1.62194
653000 0.212684 0.689449 0.731942 1.63407
654000 0.226879 0.712166 0.733042 1.67209
655000 0.195905 0.708653 0.744102 1.64866
656000 0.215662 0.69848 0.709622 1.62376
657000 0.230293 0.71172 0.737793 1.67981
658000 0.213851 0.736912 0.715035 1.6658
659000 0.235295 0.707482 0.734441 1.67722
660000 0.230953 0.708693 0.753465 1.69311
661000 0.235035 0.732175 0.726058 1.69327
662000 0.212191 0.701862 0.7419 1.65595
663000 0.218347 0.716626 0.709731 1.6447
664000 0.230523 0.728647 0.729052 1.68822
665000 0.204204 0.709942 0.754601 1.66875
666000 0.217119 0.712345 0.738985 1.66845
667000 0.235817 0.713602 0.744217 1.69364
668000 0.208285 0.712165 0.74032 1.66077
669000 0.236394 0.726223 0.74425 1.70687
670000 0.226928 0.695384 0.755936 1.67825
671000 0.232315 0.698888 0.728129 1.65933
672000 0.22145 0.737855 0.754816 1.71412
673000 0.213456 0.696778 0.742038 1.65227
674000 0.217886 0.721111 0.735139 1.67414
675000 0.210603 0.715456 0.748317 1.67438
676000 0.226447 0.748945 0.75274 1.72813
677000 0.220987 0.709713 0.757768 1.68847
678000 0.220784 0.725792 0.735399 1.68198
679000 0.208712 0.721449 0.742996 1.67316
680000 0.211874 0.727779 0.740489 1.68014
681000 0.226383 0.747894 0.757117 1.73139
682000 0.209177 0.726661 0.749137 1.68497
683000 0.247026 0.72055 0.73676 1.70434
684000 0.231262 0.692996 0.72732 1.65158
685000 0.218844 0.73042 0.744479 1.69374
686000 0.23084 0.720457 0.727728 1.67903
687000 0.219185 0.730248 0.738287 1.68772
688000 0.22016 0.725492 0.748511 1.69416
689000 0.216066 0.713373 0.740883 1.67032
690000 0.228958 0.730419 0.756406 1.71578
691000 0.214468 0.714988 0.747823 1.67728
692000 0.204873 0.728927 0.730312 1.66411
693000 0.217979 0.734711 0.767907 1.7206
694000 0.218509 0.726058 0.764017 1.70858
695000 0.208103 0.729663 0.740951 1.67872
696000 0.208216 0.758489 0.758584 1.72529
697000 0.216165 0.731625 0.744491 1.69228
698000 0.222342 0.728349 0.748269 1.69896
699000 0.213479 0.755551 0.750457 1.71949
700000 0.212635 0.749669 0.766506 1.72881
701000 0.215712 0.752111 0.780584 1.74841
702000 0.216631 0.766378 0.749336 1.73234
703000 0.213497 0.743639 0.764563 1.7217
704000 0.227284 0.752323 0.773225 1.75283
705000 0.212747 0.743066 0.772195 1.72801
706000 0.232808 0.766059 0.785353 1.78422
707000 0.230246 0.783294 0.764045 1.77759
708000 0.231659 0.786724 0.776723 1.79511
709000 0.251401 0.765464 0.765166 1.78203
710000 0.219183 0.793085 0.763696 1.77596
711000 0.235888 0.769047 0.77032 1.77525
712000 0.212131 0.776128 0.765145 1.7534
713000 0.219973 0.755693 0.78849 1.76416
714000 0.21947 0.756412 0.768404 1.74429
715000 0.233387 0.784716 0.751687 1.76979
716000 0.228727 0.766843 0.789116 1.78469
717000 0.227837 0.754516 0.765897 1.74825
718000 0.237605 0.77198 0.783161 1.79275
719000 0.229722 0.773743 0.766162 1.76963
720000 0.225995 0.78429 0.760131 1.77042
721000 0.230766 0.777323 0.792503 1.80059
722000 0.225551 0.770425 0.76174 1.75772
723000 0.224685 0.768033 0.788951 1.78167
724000 0.224627 0.76604 0.785945 1.77661
725000 0.22456 0.78989 0.78697 1.80142
726000 0.227569 0.775756 0.798824 1.80215
727000 0.226704 0.804257 0.810925 1.84189
728000 0.225678 0.807409 0.785723 1.81881
729000 0.222954 0.791236 0.777362 1.79155
730000 0.221604 0.818433 0.798145 1.83818
731000 0.231588 0.824799 0.808594 1.86498
732000 0.235561 0.796095 0.792826 1.82448
733000 0.226697 0.807752 0.789525 1.82397
734000 0.232872 0.795272 0.796406 1.82455
735000 0.229776 0.776148 0.81071 1.81663
736000 0.239823 0.806649 0.790192 1.83667
737000 0.233347 0.802562 0.812797 1.84871
738000 0.229372 0.800111 0.808251 1.83773
739000 0.224549 0.810431 0.780094 1.81507
740000 0.236427 0.803823 0.77951 1.81976
741000 0.239103 0.79829 0.792072 1.82947
742000 0.240252 0.793601 0.794775 1.82863
743000 0.228361 0.80599 0.799972 1.83432
744000 0.242275 0.815448 0.823377 1.8811
745000 0.225972 0.820192 0.825243 1.87141
746000 0.250977 0.808502 0.83242 1.8919
747000 0.235956 0.817201 0.809793 1.86295
748000 0.249517 0.809661 0.802322 1.8615
749000 0.241833 0.808458 0.836304 1.88659
750000 0.228806 0.808418 0.793789 1.83101
751000 0.254923 0.820428 0.838945 1.9143
752000 0.25159 0.82499 0.807567 1.88415
753000 0.261527 0.812687 0.837592 1.91181
754000 0.227446 0.856962 0.829606 1.91401
755000 0.240647 0.834844 0.811896 1.88739
756000 0.234619 0.839293 0.810297 1.88421
757000 0.246431 0.842099 0.815714 1.90424
758000 0.234419 0.846373 0.813563 1.89435
759000 0.235594 0.853613 0.810036 1.89924
760000 0.234875 0.846172 0.809948 1.891
761000 0.241206 0.839536 0.835366 1.91611
762000 0.250511 0.840669 0.816353 1.90753
763000 0.253035 0.848636 0.800405 1.90208
764000 0.232831 0.833667 0.823884 1.89038
765000 0.241582 0.845441 0.821579 1.9086
766000 0.228555 0.894302 0.843987 1.96684
767000 0.238281 0.865786 0.805537 1.9096
768000 0.249427 0.86139 0.818054 1.92887
769000 0.24459 0.839033 0.82894 1.91256
770000 0.247795 0.855318 0.80736 1.91047
771000 0.248546 0.878505 0.849091 1.97614
772000 0.230651 0.86534 0.825874 1.92186
773000 0.246518 0.866442 0.84509 1.95805
774000 0.249236 0.86631 0.830555 1.9461
775000 0.271732 0.849084 0.843211 1.96403
776000 0.248782 0.87577 0.876891 2.00144
777000 0.237496 0.883878 0.838573 1.95995
778000 0.246937 0.891251 0.838962 1.97715
779000 0.241854 0.880027 0.865474 1.98736
780000 0.250335 0.888382 0.851353 1.99007
781000 0.23733 0.878437 0.88659 2.00236
782000 0.264707 0.889122 0.833383 1.98721
783000 0.249239 0.870962 0.848952 1.96915
784000 0.250593 0.879619 0.869719 1.99993
785000 0.265829 0.88131 0.85041 1.99755
786000 0.255739 0.884201 0.838533 1.97847
787000 0.246391 0.901726 0.859846 2.00796
788000 0.244135 0.898701 0.834236 1.97707
789000 0.253624 0.886056 0.845112 1.98479
790000 0.24849 0.870174 0.848233 1.9669
791000 0.244286 0.885001 0.865309 1.9946
792000 0.235672 0.875991 0.869493 1.98116
793000 0.253932 0.869465 0.849826 1.97322
794000 0.27425 0.9135 0.857291 2.04504
795000 0.260414 0.89039 0.85326 2.00406
796000 0.269967 0.893352 0.875959 2.03928
797000 0.245306 0.889648 0.878588 2.01354
798000 0.24609 0.899999 0.869499 2.01559
799000 0.266192 0.884217 0.877735 2.02814
800000 0.271133 0.905648 0.87 2.04678
801000 0.259181 0.906545 0.850282 2.01601
802000 0.247354 0.901203 0.888516 2.03707
803000 0.23743 0.882612 0.864078 1.98412
804000 0.272714 0.903023 0.886615 2.06235
805000 0.262262 0.912157 0.884975 2.05939
806000 0.270052 0.871835 0.863561 2.00545
807000 0.264193 0.886849 0.892628 2.04367
808000 0.252953 0.907544 0.867458 2.02796
809000 0.251347 0.910064 0.873835 2.03525
810000 0.267478 0.895793 0.888586 2.05186
811000 0.251805 0.885593 0.885572 2.02297
812000 0.246862 0.904445 0.854487 2.00579
813000 0.248086 0.909724 0.887588 2.0454
814000 0.253275 0.90873 0.875341 2.03735
815000 0.26155 0.913801 0.892122 2.06747
816000 0.257891 0.919138 0.907814 2.08484
817000 0.249952 0.894268 0.884675 2.0289
818000 0.254744 0.91213 0.90299 2.06986
819000 0.253444 0.907849 0.897178 2.05847
820000 0.243447 0.933598 0.898517 2.07556
821000 0.256156 0.918114 0.902261 2.07653
822000 0.260363 0.922731 0.895468 2.07856
823000 0.260343 0.899713 0.89953 2.05959
824000 0.258791 0.893764 0.886905 2.03946
825000 0.255577 0.92099 0.89648 2.07305
826000 0.253471 0.915076 0.891134 2.05968
827000 0.247411 0.907239 0.895761 2.05041
828000 0.240947 0.916752 0.902313 2.06001
829000 0.257781 0.905034 0.886602 2.04942
830000 0.254909 0.908974 0.893903 2.05779
831000 0.254794 0.892948 0.891093 2.03883
832000 0.254866 0.909362 0.879474 2.0437
833000 0.263186 0.92462 0.893607 2.08141
834000 0.257065 0.928163 0.898495 2.08372
835000 0.25154 0.921333 0.880516 2.05339
836000 0.262454 0.914648 0.901023 2.07813
837000 0.255053 0.911833 0.881321 2.04821
838000 0.25597 0.925935 0.880371 2.06227
839000 0.26497 0.944431 0.906344 2.11574
840000 0.247995 0.93015 0.887679 2.06582
841000 0.249153 0.956698 0.92539 2.13124
842000 0.257024 0.916029 0.909119 2.08217
843000 0.268321 0.933706 0.917565 2.11959
844000 0.257181 0.946776 0.919115 2.12307
845000 0.259463 0.910522 0.881655 2.05164
846000 0.260616 0.929894 0.918544 2.10905
847000 0.259512 0.915635 0.892056 2.0672
848000 0.264023 0.917649 0.901892 2.08356
849000 0.262127 0.950979 0.90139 2.1145
850000 0.247932 0.932407 0.894442 2.07478
851000 0.251383 0.900781 0.896592 2.04876
852000 0.27871 0.92473 0.904178 2.10762
853000 0.273154 0.929147 0.891035 2.09334
854000 0.267639 0.903551 0.904788 2.07598
855000 0.247581 0.915113 0.902319 2.06501
856000 0.260119 0.941918 0.908887 2.11093
857000 0.261665 0.929677 0.894531 2.08587
858000 0.263003 0.932853 0.917845 2.1137
859000 0.271737 0.931307 0.899112 2.10216
860000 0.255618 0.945502 0.908226 2.10935
861000 0.249382 0.93978 0.893419 2.08258
862000 0.253545 0.922655 0.889399 2.0656
863000 0.247991 0.939143 0.940968 2.1281
864000 0.261387 0.931833 0.891965 2.08518
865000 0.255978 0.935119 0.936235 2.12733
866000 0.274847 0.91858 0.877431 2.07086
867000 0.254169 0.930744 0.898298 2.08321
868000 0.260332 0.942439 0.926654 2.12942
869000 0.255628 0.928498 0.908765 2.09289
870000 0.255805 0.927404 0.924088 2.1073
871000 0.271728 0.943916 0.905677 2.12132
872000 0.265633 0.927488 0.915736 2.10886
873000 0.277491 0.942729 0.939964 2.16018
874000 0.266713 0.946647 0.895829 2.10919
875000 0.277929 0.96239 0.975997 2.21632
876000 0.266476 0.95303 0.908464 2.12797
877000 0.280288 0.964274 0.93623 2.18079
878000 0.275843 0.955307 0.924968 2.15612
879000 0.257798 0.97278 0.908586 2.13916
880000 0.265714 0.94639 0.934938 2.14704
881000 0.263654 0.944146 0.915161 2.12296
882000 0.270884 0.955291 0.930748 2.15692
883000 0.26593 0.96413 0.921 2.15106
884000 0.273685 0.981192 0.917239 2.17212
885000 0.273236 0.978649 0.983406 2.23529
886000 0.262975 0.971417 0.931483 2.16588
887000 0.269842 0.971759 0.931664 2.17326
888000 0.266651 0.963041 0.945855 2.17555
889000 0.263349 0.967731 0.932763 2.16384
890000 0.268776 0.968963 0.966177 2.20392
891000 0.27218 0.953712 0.927313 2.1532
892000 0.267531 0.973931 0.976448 2.21791
893000 0.260906 0.997335 0.945996 2.20424
894000 0.266684 1.00182 0.938118 2.20663
895000 0.259831 0.975389 0.950543 2.18576
896000 0.279686 0.999705 0.936452 2.21584
897000 0.272904 1.0032 0.981447 2.25755
898000 0.261479 0.991465 0.937275 2.19022
899000 0.297646 1.02053 0.928798 2.24697
900000 0.274301 0.991524 0.967157 2.23298
901000 0.272415 1.00718 0.940694 2.22029
902000 0.280686 1.01769 1.01131 2.30968
903000 0.274482 0.993486 0.947557 2.21553
904000 0.261549 0.988169 0.939883 2.1896
905000 0.271162 1.00238 1.01771 2.29125
906000 0.269962 1.01237 0.956884 2.23922
907000 0.270309 1.00781 0.996227 2.27434
908000 0.273036 0.999351 0.924388 2.19677
909000 0.278542 0.988376 0.94046 2.20738
910000 0.267646 0.989816 0.995607 2.25307
911000 0.263405 1.01729 0.941165 2.22186
912000 0.269836 1.02437 0.984866 2.27908
913000 0.277004 0.995248 0.937049 2.2093
914000 0.277129 0.992127 0.941735 2.21099
915000 0.27395 1.03117 0.971507 2.27663
916000 0.273939 0.994034 0.941403 2.20938
917000 0.270834 1.01183 0.996888 2.27956
918000 0.276541 1.00299 0.940125 2.21966
919000 0.267803 1.00509 0.935164 2.20806
920000 0.281283 1.02751 0.983534 2.29233
921000 0.271268 0.99368 0.95792 2.22287
922000 0.277111 1.01258 0.999471 2.28916
923000 0.280271 1.01981 0.953221 2.2533
924000 0.27379 1.0266 0.949419 2.24981
925000 0.275326 1.01777 0.975314 2.26841
926000 0.280274 1.02086 0.971334 2.27247
927000 0.283594 1.0222 0.999718 2.30551
928000 0.282343 1.04709 0.954539 2.28397
929000 0.264986 1.00766 0.970561 2.24321
930000 0.292998 1.01814 1.01255 2.32369
931000 0.274906 1.03653 0.966912 2.27834
932000 0.276376 1.02664 0.995296 2.29831
933000 0.269319 1.03429 0.965231 2.26884
934000 0.276564 1.02353 0.936278 2.23637
935000 0.283118 1.03762 1.0075 2.32825
936000 0.271738 1.02792 0.957575 2.25724
937000 0.276338 1.04271 1.01067 2.32972
938000 0.266291 1.03942 0.966013 2.27173
939000 0.266092 1.03891 0.953813 2.25881
940000 0.278347 1.01329 1.00696 2.2986
941000 0.277361 1.04158 0.956699 2.27564
942000 0.267176 1.01852 1.03221 2.3179
943000 0.27419 1.03658 0.941107 2.25188
944000 0.261212 1.05908 0.981998 2.30229
945000 0.273763 1.026 1.01067 2.31043
946000 0.279525 1.01209 0.961153 2.25276
947000 0.271899 1.02579 1.06235 2.36004
948000 0.271999 1.03359 0.971369 2.27696
949000 0.271112 1.05775 0.969165 2.29803
950000 0.292281 1.05089 0.986062 2.32923
951000 0.274338 1.03572 0.973789 2.28385
952000 0.269665 1.04155 1.04287 2.35409
953000 0.27462 1.04155 0.944462 2.26063
954000 0.291163 1.04874 0.987152 2.32705
955000 0.281109 1.03756 1.00785 2.32651
956000 0.274856 1.05538 0.956032 2.28627
957000 0.2665 1.02025 1.04525 2.33199
958000 0.282547 1.03274 0.976643 2.29193
959000 0.289749 1.04615 0.982936 2.31884
960000 0.273303 1.04727 1.00442 2.32499
961000 0.276137 1.04832 0.975835 2.30029
962000 0.285141 1.06078 1.00476 2.35068
963000 0.30116 1.04538 0.967479 2.31402
964000 0.278526 1.07709 1.00141 2.35703
965000 0.281864 1.02024 0.972021 2.27413
966000 0.280853 1.02818 0.95929 2.26832
967000 0.285343 1.05039 1.0059 2.34163
968000 0.296586 1.07383 0.997785 2.3682
969000 0.285564 1.07153 0.994465 2.35156
970000 0.279393 1.03037 0.997418 2.30718
971000 0.291717 1.04201 0.980197 2.31393
972000 0.279928 1.03429 1.05854 2.37277
973000 0.28155 1.0385 0.964227 2.28428
974000 0.297824 1.05667 1.00098 2.35547
975000 0.279699 1.04487 1.00221 2.32678
976000 0.300282 1.05891 0.989229 2.34842
977000 0.307779 1.04029 1.0436 2.39167
978000 0.316609 1.05741 1.0149 2.38892
979000 0.293577 1.05794 1.00642 2.35793
980000 0.292302 1.04879 1.01338 2.35446
981000 0.284562 1.06183 0.989362 2.33576
982000 0.303457 1.04916 1.02996 2.38258
983000 0.308197 1.05456 0.98073 2.34349
984000 0.298765 1.0557 1.00587 2.36034
985000 0.300358 1.06017 1.01966 2.38019
986000 0.30014 1.05853 0.99799 2.35666
987000 0.287119 1.06818 1.02707 2.38237
988000 0.289486 1.09028 1.01211 2.39188
989000 0.297251 1.04285 1.01589 2.356
990000 0.301317 1.06025 1.02727 2.38884
991000 0.290808 1.05182 0.995672 2.3383
992000 0.299149 1.06134 1.03842 2.39892
993000 0.28519 1.06615 1.00046 2.35181
994000 0.288976 1.07504 1.01267 2.37669
995000 0.294708 1.06308 1.02083 2.37862
996000 0.29008 1.08602 1.00524 2.38134
997000 0.301541 1.08242 1.04981 2.43377
998000 0.312024 1.06666 1.02302 2.40171
999000 0.300256 1.08331 1.03115 2.41472
1000000 0.288896 1.07969 1.03102 2.39961
1001000 0.299503 1.087 1.0198 2.4063
1002000 0.300389 1.0754 1.08088 2.45667
1003000 0.299233 1.06446 1.02394 2.38764
1004000 0.318505 1.09039 1.03559 2.44448
1005000 0.301984 1.07344 1.06162 2.43704
1006000 0.303459 1.10083 1.02972 2.43401
1007000 0.313871 1.0807 1.05181 2.44638
1008000 0.315808 1.08136 1.03308 2.43024
1009000 0.309513 1.09382 1.0199 2.42323
1010000 0.303787 1.07236 1.0589 2.43505
1011000 0.324533 1.10458 0.989943 2.41905
1012000 0.319323 1.08692 1.06025 2.46649
1013000 0.3444 1.08804 1.03022 2.46266
1014000 0.300634 1.1037 1.02298 2.42731
1015000 0.303523 1.08399 1.03823 2.42575
1016000 0.306653 1.0695 1.00051 2.37666
1017000 0.3093 1.07573 1.02727 2.4123
1018000 0.347645 1.08493 1.0286 2.46118
1019000 0.327836 1.10229 1.01543 2.44555
1020000 0.336409 1.0781 1.05729 2.4718
1021000 0.292914 1.0899 1.03104 2.41386
1022000 0.292998 1.09943 1.0361 2.42853
1023000 0.315072 1.07073 1.04662 2.43243
1024000 0.32895 1.0649 1.00228 2.39613
1025000 0.314843 1.09369 1.06283 2.47136
1026000 0.305796 1.07693 1.00518 2.38791
1027000 0.316029 1.08463 1.02482 2.42548
1028000 0.320196 1.08992 1.03196 2.44207
1029000 0.297825 1.10445 1.02026 2.42253
1030000 0.303542 1.10618 1.05035 2.46007
