# Time-averaged data for fix 1
# TimeStep c_msd_all[1] c_msd_all[2] c_msd_all[3] c_msd_all[4]
31000 0.0856798 0.0813667 0.054845 0.221892
32000 0.0682717 0.0681219 0.0638407 0.200234
33000 0.0784098 0.0746079 0.0642207 0.217238
34000 0.0756408 0.0639338 0.0612058 0.20078
35000 0.0725951 0.06426 0.0557449 0.1926
36000 0.0777935 0.0683485 0.0561826 0.202325
37000 0.0668604 0.0689015 0.055468 0.19123
38000 0.0759084 0.0809975 0.0567924 0.213698
39000 0.066722 0.0609068 0.0592081 0.186837
40000 0.0730423 0.0703796 0.0569201 0.200342
41000 0.085303 0.0819409 0.055669 0.222913
42000 0.0666576 0.0608255 0.0570026 0.184486
43000 0.0744605 0.0673937 0.0584096 0.200264
44000 0.0719041 0.0736858 0.0562226 0.201812
45000 0.0621468 0.0640462 0.0644487 0.190642
46000 0.0747 0.0653413 0.0708847 0.210926
47000 0.0784269 0.0708744 0.0621864 0.211488
48000 0.0742511 0.0683623 0.061139 0.203752
49000 0.0759939 0.0741836 0.0698157 0.219993
50000 0.0697126 0.0743123 0.0643519 0.208377
51000 0.0709603 0.0690667 0.063684 0.203711
52000 0.076868 0.0773992 0.0628609 0.217128
53000 0.0760957 0.0775404 0.0609868 0.214623
54000 0.0752973 0.0692672 0.0682377 0.212802
55000 0.0857962 0.0836948 0.0632396 0.232731
56000 0.083225 0.0788302 0.0629921 0.225047
57000 0.0686984 0.067835 0.0652522 0.201786
58000 0.079305 0.0726776 0.0669048 0.218887
59000 0.0788595 0.0742743 0.0656673 0.218801
60000 0.0786774 0.0725419 0.0637435 0.214963
61000 0.0899347 0.0854126 0.0644801 0.239827
62000 0.0866986 0.0741783 0.0644554 0.225332
63000 0.0807878 0.0769092 0.0664365 0.224134
64000 0.0820201 0.0915812 0.0707591 0.24436
65000 0.076422 0.0803616 0.0650492 0.221833
66000 0.0796021 0.0740446 0.069992 0.223639
67000 0.0861794 0.0825534 0.0726828 0.241416
68000 0.0833728 0.0794994 0.0673034 0.230176
69000 0.0852763 0.0760554 0.064129 0.225461
70000 0.0802628 0.0819598 0.0658321 0.228055
71000 0.0962756 0.0961361 0.0753165 0.267728
72000 0.0929201 0.0862455 0.0707722 0.249938
73000 0.0811879 0.0847138 0.0661065 0.232008
74000 0.0947452 0.106082 0.0708005 0.271628
75000 0.081202 0.0888949 0.076338 0.246435
76000 0.0833662 0.0890763 0.0773318 0.249774
77000 0.086553 0.093131 0.0759923 0.255676
78000 0.0824712 0.0934869 0.0819346 0.257893
79000 0.0896599 0.0974361 0.0764345 0.263531
80000 0.0865384 0.0881188 0.073105 0.247762
81000 0.0791232 0.0908254 0.0715914 0.24154
82000 0.0839188 0.10069 0.0742668 0.258876
83000 0.0831892 0.0966098 0.0754122 0.255211
84000 0.0810357 0.096669 0.0725364 0.250241
85000 0.087974 0.0967823 0.0790012 0.263758
86000 0.0953495 0.0996319 0.0760329 0.271014
87000 0.0954915 0.10851 0.0755702 0.279571
88000 0.0842733 0.0988938 0.0765564 0.259723
89000 0.0933014 0.104115 0.0839197 0.281336
90000 0.0862192 0.100794 0.0757059 0.262719
91000 0.089856 0.108083 0.0783043 0.276243
92000 0.0950472 0.101605 0.0771772 0.27383
93000 0.0949913 0.105911 0.0764968 0.277399
94000 0.0882319 0.107537 0.0778857 0.273655
95000 0.0858346 0.0999649 0.0850243 0.270824
96000 0.0955963 0.112512 0.0772226 0.285331
97000 0.0957232 0.102718 0.0743857 0.272827
98000 0.084549 0.107101 0.0788044 0.270455
99000 0.0927361 0.111518 0.0777101 0.281964
100000 0.0910914 0.105246 0.0773347 0.273672
101000 0.100152 0.113235 0.0788655 0.292253
102000 0.0835802 0.107617 0.0854095 0.276607
103000 0.0926549 0.107065 0.08708 0.2868
104000 0.100679 0.11311 0.0846389 0.298429
105000 0.0889359 0.100617 0.0835645 0.273117
106000 0.0928726 0.112306 0.0981378 0.303316
107000 0.0997607 0.134124 0.0827085 0.316593
108000 0.084929 0.108583 0.0898702 0.283382
109000 0.0950623 0.115359 0.0880886 0.298509
110000 0.0995753 0.111863 0.0808862 0.292325
111000 0.0853378 0.102316 0.0865525 0.274206
112000 0.0988824 0.113516 0.0905198 0.302918
113000 0.0891281 0.105388 0.0835187 0.278034
114000 0.0970411 0.116532 0.0780665 0.291639
115000 0.100853 0.10806 0.0878716 0.296784
116000 0.101556 0.116853 0.0917787 0.310187
117000 0.109183 0.10803 0.0830388 0.300251
118000 0.0924321 0.104583 0.0858338 0.282849
119000 0.101923 0.121252 0.0925583 0.315733
120000 0.106563 0.121135 0.0874671 0.315165
121000 0.0978774 0.110489 0.0871764 0.295543
122000 0.096201 0.106639 0.0906567 0.293497
123000 0.1112 0.112541 0.0912564 0.314998
124000 0.105391 0.119533 0.0949168 0.31984
125000 0.097357 0.107652 0.0851635 0.290173
126000 0.102356 0.107299 0.0934419 0.303097
127000 0.102944 0.117156 0.0867497 0.306849
128000 0.0949767 0.115103 0.0875934 0.297673
129000 0.102745 0.119764 0.0926737 0.315183
130000 0.0964305 0.116935 0.0964653 0.309831
131000 0.0964269 0.118838 0.0934533 0.308718
132000 0.118639 0.125263 0.0901568 0.334059
133000 0.0944804 0.107037 0.0890161 0.290533
134000 0.105324 0.108984 0.0918292 0.306138
135000 0.101435 0.121416 0.096323 0.319174
136000 0.0984517 0.105604 0.0822852 0.286341
137000 0.108418 0.114091 0.0876037 0.310112
138000 0.097969 0.11588 0.0966908 0.31054
139000 0.10912 0.110537 0.0947385 0.314395
140000 0.1041 0.118024 0.0947527 0.316877
141000 0.113949 0.131022 0.0929394 0.33791
142000 0.10304 0.119599 0.104504 0.327144
143000 0.110888 0.127284 0.0919417 0.330114
144000 0.107355 0.12082 0.0973445 0.325519
145000 0.106711 0.119508 0.0966209 0.32284
146000 0.108113 0.121054 0.0908523 0.32002
147000 0.104873 0.119016 0.0938376 0.317727
148000 0.110866 0.131236 0.0977784 0.33988
149000 0.110102 0.133032 0.0934002 0.336534
150000 0.103838 0.122105 0.0957052 0.321648
151000 0.105664 0.125668 0.0933893 0.324722
152000 0.116599 0.128809 0.0978411 0.343249
153000 0.106907 0.117873 0.100732 0.325513
154000 0.115101 0.117073 0.0974712 0.329645
155000 0.122856 0.128208 0.103488 0.354552
156000 0.114767 0.119361 0.107836 0.341964
157000 0.117967 0.133095 0.106675 0.357737
158000 0.106869 0.132777 0.101841 0.341487
159000 0.114314 0.120082 0.102465 0.336862
160000 0.112768 0.134138 0.0907787 0.337685
161000 0.105747 0.121896 0.0992249 0.326868
162000 0.10514 0.119087 0.0992308 0.323457
163000 0.124444 0.124371 0.100866 0.349681
164000 0.121148 0.121758 0.0977186 0.340625
165000 0.121236 0.123133 0.101309 0.345677
166000 0.113144 0.128472 0.102026 0.343642
167000 0.113475 0.126922 0.0997885 0.340186
168000 0.118329 0.133959 0.102417 0.354705
169000 0.110203 0.130968 0.0954232 0.336594
170000 0.112338 0.122657 0.0988047 0.3338
171000 0.102924 0.120425 0.0929615 0.316311
172000 0.118092 0.122673 0.0965431 0.337308
173000 0.106704 0.12785 0.101525 0.336079
174000 0.114422 0.133526 0.107525 0.355473
175000 0.11358 0.134462 0.10241 0.350452
176000 0.103466 0.125857 0.101512 0.330835
177000 0.121038 0.134592 0.100166 0.355797
178000 0.113507 0.124273 0.109281 0.347061
179000 0.113641 0.129984 0.104736 0.348362
180000 0.117591 0.127078 0.093736 0.338405
181000 0.111833 0.132663 0.104821 0.349317
182000 0.11432 0.131557 0.111189 0.357067
183000 0.109373 0.14248 0.108153 0.360006
184000 0.11679 0.128941 0.102327 0.348059
185000 0.103957 0.13757 0.105111 0.346639
186000 0.115899 0.133571 0.114488 0.363958
187000 0.112624 0.135451 0.0989832 0.347058
188000 0.1124 0.121834 0.10151 0.335743
189000 0.111864 0.132133 0.099117 0.343114
190000 0.126521 0.144481 0.101464 0.372466
191000 0.106329 0.120576 0.10252 0.329425
192000 0.11965 0.12771 0.104072 0.351433
193000 0.122458 0.132525 0.108364 0.363347
194000 0.112715 0.132223 0.100838 0.345776
195000 0.121813 0.145097 0.111166 0.378077
196000 0.1229 0.129364 0.107292 0.359556
197000 0.126737 0.143088 0.113012 0.382836
198000 0.124619 0.145926 0.115436 0.385981
199000 0.114346 0.128023 0.110897 0.353266
200000 0.117229 0.132475 0.108123 0.357828
201000 0.123164 0.141399 0.112282 0.376845
202000 0.112728 0.137752 0.113567 0.364047
203000 0.125764 0.140549 0.114562 0.380875
204000 0.130269 0.131239 0.124402 0.385911
205000 0.124943 0.130881 0.119196 0.375019
206000 0.133497 0.134153 0.118392 0.386042
207000 0.131152 0.133079 0.11367 0.3779
208000 0.117048 0.129397 0.107886 0.354331
209000 0.127497 0.141097 0.113775 0.382369
210000 0.127655 0.130629 0.108501 0.366784
211000 0.110711 0.13644 0.111851 0.359003
212000 0.125159 0.137804 0.115269 0.378232
213000 0.121572 0.143718 0.11373 0.37902
214000 0.12972 0.144287 0.116464 0.390471
215000 0.11558 0.137009 0.125144 0.377734
216000 0.125295 0.143027 0.117351 0.385673
217000 0.123873 0.142579 0.114987 0.381439
218000 0.114147 0.138411 0.120564 0.373122
219000 0.118655 0.146479 0.110617 0.375751
220000 0.131417 0.151909 0.117495 0.400821
221000 0.119735 0.131857 0.116606 0.368198
222000 0.124768 0.158361 0.126892 0.410022
223000 0.12163 0.138268 0.123165 0.383063
224000 0.125217 0.147735 0.118374 0.391325
225000 0.136582 0.144103 0.122091 0.402776
226000 0.117422 0.15158 0.123946 0.392948
227000 0.120937 0.150737 0.119824 0.391498
228000 0.112422 0.141034 0.120928 0.374384
229000 0.131368 0.153418 0.122051 0.406837
230000 0.127238 0.139169 0.126768 0.393176
231000 0.131043 0.15065 0.112354 0.394046
232000 0.132023 0.14988 0.126055 0.407959
233000 0.123893 0.147578 0.128683 0.400154
234000 0.137656 0.149325 0.124586 0.411567
235000 0.127121 0.149014 0.118647 0.394783
236000 0.138016 0.151279 0.127651 0.416946
237000 0.128021 0.149777 0.125268 0.403067
238000 0.127257 0.145334 0.125631 0.398221
239000 0.124993 0.150379 0.128499 0.403871
240000 0.121347 0.14224 0.126463 0.39005
241000 0.133428 0.154605 0.126185 0.414218
242000 0.127237 0.149632 0.127936 0.404805
243000 0.134668 0.150728 0.129592 0.414988
244000 0.133987 0.162114 0.12947 0.425571
245000 0.139281 0.156068 0.122599 0.417948
246000 0.125769 0.152825 0.128921 0.407515
247000 0.121847 0.152829 0.128613 0.40329
248000 0.134711 0.147597 0.12962 0.411928
249000 0.125021 0.152296 0.131748 0.409065
250000 0.127846 0.155017 0.1298 0.412663
251000 0.139157 0.165647 0.135797 0.440601
252000 0.127482 0.149497 0.138087 0.415066
253000 0.138216 0.157132 0.131177 0.426524
254000 0.1361 0.148356 0.127204 0.411661
255000 0.129952 0.155363 0.131492 0.416806
256000 0.137787 0.158329 0.134521 0.430637
257000 0.129722 0.153876 0.125647 0.409245
258000 0.133108 0.158481 0.134879 0.426468
259000 0.128122 0.14152 0.118577 0.388219
260000 0.127318 0.153738 0.134403 0.415459
261000 0.139236 0.158282 0.136059 0.433577
262000 0.144381 0.156934 0.140237 0.441552
263000 0.129429 0.152523 0.145965 0.427918
264000 0.135404 0.149133 0.133379 0.417917
265000 0.12944 0.160167 0.137653 0.42726
266000 0.139905 0.160252 0.130711 0.430867
267000 0.134525 0.148848 0.137636 0.421009
268000 0.138917 0.1613 0.141757 0.441974
269000 0.142923 0.154239 0.148634 0.445795
270000 0.134215 0.156403 0.140295 0.430912
271000 0.134379 0.156855 0.14541 0.436645
272000 0.127014 0.146106 0.145903 0.419023
273000 0.134924 0.15384 0.144738 0.433501
274000 0.134711 0.147099 0.134467 0.416277
275000 0.132195 0.162561 0.134112 0.428868
276000 0.137609 0.160608 0.135995 0.434212
277000 0.13005 0.15441 0.14275 0.427211
278000 0.140878 0.157568 0.138743 0.437188
279000 0.137308 0.1651 0.140728 0.443136
280000 0.146572 0.163571 0.132101 0.442244
281000 0.148562 0.178739 0.141264 0.468565
282000 0.142644 0.157704 0.136348 0.436697
283000 0.162257 0.176569 0.137054 0.47588
284000 0.143533 0.162072 0.139761 0.445366
285000 0.145513 0.166965 0.143262 0.45574
286000 0.141089 0.165811 0.137816 0.444716
287000 0.145171 0.162472 0.142381 0.450024
288000 0.154051 0.168108 0.137888 0.460047
289000 0.160901 0.186538 0.144904 0.492343
290000 0.154993 0.163709 0.14879 0.467492
291000 0.155445 0.164629 0.137474 0.457549
292000 0.154707 0.181532 0.138292 0.47453
293000 0.144489 0.155493 0.134813 0.434795
294000 0.152457 0.18175 0.148271 0.482478
295000 0.151139 0.173619 0.14112 0.465878
296000 0.153847 0.176883 0.150324 0.481054
297000 0.157381 0.175601 0.149112 0.482094
298000 0.143785 0.176877 0.144639 0.4653
299000 0.154598 0.183557 0.151888 0.490043
300000 0.141869 0.167611 0.13211 0.44159
301000 0.154681 0.177105 0.141136 0.472922
302000 0.158881 0.172634 0.141368 0.472883
303000 0.15379 0.164691 0.152769 0.47125
304000 0.160468 0.177478 0.141861 0.479807
305000 0.152231 0.174424 0.141834 0.468489
306000 0.152467 0.163044 0.146145 0.461657
307000 0.16679 0.179935 0.144025 0.49075
308000 0.153906 0.165183 0.152679 0.471769
309000 0.14147 0.167714 0.155486 0.464669
310000 0.166176 0.178127 0.149831 0.494134
311000 0.151904 0.160579 0.150737 0.46322
312000 0.151869 0.179893 0.144712 0.476474
313000 0.155543 0.161239 0.150952 0.467734
314000 0.154329 0.177968 0.145458 0.477755
315000 0.154146 0.169761 0.149743 0.47365
316000 0.160919 0.163814 0.152411 0.477144
317000 0.158978 0.182752 0.154578 0.496308
318000 0.154785 0.166702 0.15293 0.474417
319000 0.153309 0.176189 0.148868 0.478366
320000 0.157305 0.164871 0.156674 0.47885
321000 0.150634 0.166547 0.154189 0.47137
322000 0.167879 0.175411 0.159616 0.502906
323000 0.160368 0.174424 0.157303 0.492095
324000 0.152614 0.177492 0.150928 0.481034
325000 0.150704 0.186744 0.151968 0.489417
326000 0.156117 0.186185 0.157415 0.499717
327000 0.152122 0.178005 0.157331 0.487458
328000 0.163702 0.165355 0.155167 0.484225
329000 0.161952 0.17874 0.160358 0.501051
330000 0.16085 0.174285 0.159419 0.494554
331000 0.14903 0.173656 0.161285 0.483971
332000 0.159277 0.182453 0.155835 0.497565
333000 0.155416 0.181597 0.158926 0.495939
334000 0.166006 0.184744 0.159972 0.510722
335000 0.160509 0.175663 0.153626 0.489798
336000 0.154937 0.174944 0.160394 0.490276
337000 0.161703 0.179093 0.152589 0.493385
338000 0.157397 0.181607 0.157365 0.496369
339000 0.161421 0.18505 0.156411 0.502882
340000 0.170018 0.178643 0.155257 0.503919
341000 0.163747 0.182962 0.155241 0.50195
342000 0.164744 0.18297 0.160764 0.508478
343000 0.147547 0.166294 0.155565 0.469406
344000 0.176252 0.186335 0.157225 0.519811
345000 0.159028 0.183204 0.157856 0.500088
346000 0.160791 0.179935 0.161421 0.502147
347000 0.153973 0.174458 0.165156 0.493588
348000 0.159423 0.18003 0.160378 0.49983
349000 0.159602 0.176663 0.150341 0.486606
350000 0.163131 0.180289 0.156451 0.499871
351000 0.158419 0.184721 0.155538 0.498677
352000 0.153914 0.171471 0.159854 0.485239
353000 0.152566 0.17579 0.162043 0.490399
354000 0.156854 0.178251 0.163655 0.49876
355000 0.15796 0.172919 0.153387 0.484267
356000 0.174612 0.190683 0.15844 0.523735
357000 0.158818 0.187026 0.161014 0.506858
358000 0.156463 0.185419 0.161411 0.503293
359000 0.162563 0.188866 0.154662 0.506091
360000 0.167581 0.181106 0.160778 0.509466
361000 0.164368 0.189636 0.155985 0.509989
362000 0.163943 0.180749 0.167837 0.512528
363000 0.174356 0.183694 0.164045 0.522095
364000 0.166019 0.181336 0.16027 0.507625
365000 0.166611 0.186016 0.166551 0.519178
366000 0.176842 0.179567 0.163272 0.519681
367000 0.168827 0.189498 0.164775 0.523099
368000 0.168408 0.186105 0.156373 0.510887
369000 0.179145 0.175907 0.162465 0.517516
370000 0.167277 0.193209 0.162479 0.522965
371000 0.171767 0.172946 0.172145 0.516857
372000 0.190625 0.193928 0.167492 0.552044
373000 0.169283 0.181592 0.167267 0.518142
374000 0.170376 0.183668 0.160934 0.514978
375000 0.182347 0.197522 0.159343 0.539212
376000 0.169915 0.192893 0.165469 0.528277
377000 0.169303 0.179722 0.160562 0.509588
378000 0.172249 0.188161 0.165335 0.525745
379000 0.166186 0.185868 0.1634 0.515454
380000 0.169331 0.186289 0.167877 0.523497
381000 0.170534 0.18809 0.169136 0.527759
382000 0.17309 0.181886 0.169033 0.524009
383000 0.168604 0.175435 0.161534 0.505573
384000 0.167824 0.177645 0.161183 0.506652
385000 0.185522 0.193425 0.16342 0.542366
386000 0.162819 0.181511 0.165488 0.509818
387000 0.167691 0.174287 0.164119 0.506098
388000 0.167464 0.187877 0.161278 0.516618
389000 0.158375 0.184367 0.163311 0.506052
390000 0.169831 0.195857 0.172112 0.5378
391000 0.183796 0.192826 0.164438 0.54106
392000 0.176823 0.177153 0.166943 0.520918
393000 0.177652 0.189915 0.17755 0.545117
394000 0.16912 0.180896 0.166682 0.516699
395000 0.177221 0.189881 0.162137 0.529238
396000 0.179099 0.196238 0.170191 0.545527
397000 0.180066 0.189294 0.171621 0.540981
398000 0.176697 0.18932 0.169628 0.535645
399000 0.171012 0.196648 0.170772 0.538433
400000 0.174274 0.185286 0.165062 0.524621
401000 0.181017 0.182611 0.169812 0.53344
402000 0.186581 0.190202 0.18103 0.557813
403000 0.186047 0.199385 0.171627 0.557059
404000 0.171468 0.187246 0.169637 0.528351
405000 0.194686 0.200412 0.178835 0.573932
406000 0.177454 0.189387 0.182455 0.549296
407000 0.187098 0.203393 0.176498 0.566988
408000 0.185705 0.201086 0.175002 0.561793
409000 0.180568 0.194308 0.171231 0.546107
410000 0.176612 0.194834 0.172236 0.543683
411000 0.176548 0.183547 0.173687 0.533782
412000 0.183921 0.197325 0.172894 0.55414
413000 0.178861 0.184178 0.17195 0.53499
414000 0.184766 0.197984 0.170202 0.552952
415000 0.187815 0.202114 0.173839 0.563769
416000 0.178576 0.19052 0.173488 0.542584
417000 0.190421 0.197526 0.172164 0.560111
418000 0.17928 0.198236 0.173874 0.551389
419000 0.196434 0.215669 0.173743 0.585846
420000 0.186834 0.202938 0.167756 0.557528
421000 0.194816 0.208843 0.174018 0.577677
422000 0.187638 0.199248 0.171367 0.558254
423000 0.191434 0.206932 0.173607 0.571973
424000 0.185997 0.20767 0.181814 0.575482
425000 0.181284 0.19509 0.17035 0.546724
426000 0.18971 0.203471 0.178452 0.571632
427000 0.184827 0.203105 0.169303 0.557235
428000 0.18461 0.218591 0.172697 0.575897
429000 0.191288 0.208251 0.167677 0.567216
430000 0.192417 0.213656 0.16547 0.571543
431000 0.185334 0.208366 0.176339 0.57004
432000 0.193593 0.216697 0.179882 0.590172
433000 0.185305 0.197504 0.18299 0.565799
434000 0.191036 0.209762 0.177657 0.578455
435000 0.197958 0.211038 0.178845 0.587841
436000 0.190084 0.203988 0.171878 0.56595
437000 0.188479 0.212453 0.168445 0.569376
438000 0.188834 0.205689 0.18077 0.575293
439000 0.188604 0.197133 0.175412 0.561149
440000 0.195952 0.214793 0.174868 0.585613
441000 0.185245 0.203619 0.167282 0.556145
442000 0.182892 0.214913 0.185296 0.583101
443000 0.194002 0.208085 0.183353 0.58544
444000 0.197085 0.205744 0.180734 0.583564
445000 0.194378 0.218399 0.178235 0.591012
446000 0.188804 0.202573 0.175593 0.56697
447000 0.187642 0.210323 0.176249 0.574213
448000 0.193903 0.212929 0.171551 0.578384
449000 0.184978 0.198353 0.174261 0.557592
450000 0.19085 0.213471 0.182739 0.587061
451000 0.190081 0.202389 0.170859 0.563328
452000 0.204024 0.203509 0.179596 0.587128
453000 0.188429 0.208233 0.173577 0.570239
454000 0.188373 0.210319 0.178742 0.577433
455000 0.197094 0.204914 0.167212 0.56922
456000 0.190116 0.20446 0.171952 0.566528
457000 0.202891 0.20171 0.174221 0.578821
458000 0.206951 0.211363 0.171883 0.590196
459000 0.191223 0.201475 0.188367 0.581065
460000 0.204111 0.219817 0.191137 0.615065
461000 0.199525 0.199059 0.182432 0.581015
462000 0.199822 0.221446 0.176329 0.597596
463000 0.197281 0.20474 0.184963 0.586984
464000 0.202077 0.209277 0.182833 0.594187
465000 0.199085 0.213681 0.182812 0.595578
466000 0.200809 0.210155 0.172441 0.583405
467000 0.195742 0.209417 0.173811 0.57897
468000 0.205351 0.220706 0.188563 0.614621
469000 0.197963 0.209515 0.181903 0.589382
470000 0.19695 0.213124 0.182897 0.592971
471000 0.202964 0.215842 0.182305 0.601111
472000 0.206082 0.213486 0.180256 0.599824
473000 0.20146 0.213721 0.177377 0.592557
474000 0.20067 0.230134 0.182403 0.613207
475000 0.212809 0.225048 0.188434 0.626291
476000 0.208644 0.229766 0.188088 0.626497
477000 0.198287 0.214651 0.185196 0.598134
478000 0.226864 0.20229 0.174114 0.603268
479000 0.203335 0.21523 0.18302 0.601585
480000 0.207184 0.207028 0.173317 0.587529
481000 0.199056 0.212279 0.17864 0.589975
482000 0.201359 0.22119 0.186032 0.608581
483000 0.215801 0.217992 0.17703 0.610822
484000 0.200916 0.219555 0.181546 0.602018
485000 0.199758 0.215915 0.175903 0.591577
486000 0.210217 0.220846 0.175104 0.606167
487000 0.200806 0.217558 0.180289 0.598653
488000 0.204313 0.212897 0.177402 0.594612
489000 0.206658 0.220376 0.185773 0.612808
490000 0.19906 0.206375 0.194003 0.599438
491000 0.196801 0.219106 0.188281 0.604187
492000 0.206668 0.211839 0.188966 0.607472
493000 0.210223 0.220474 0.186322 0.617019
494000 0.209774 0.214142 0.192015 0.61593
495000 0.210968 0.21124 0.179617 0.601825
496000 0.198281 0.221363 0.181942 0.601585
497000 0.22085 0.217379 0.192426 0.630654
498000 0.21523 0.228041 0.193873 0.637143
499000 0.218328 0.225597 0.184779 0.628705
500000 0.204946 0.208062 0.182834 0.595842
501000 0.217282 0.213516 0.180094 0.610892
502000 0.209623 0.218879 0.178473 0.606976
503000 0.202866 0.214746 0.189868 0.607481
504000 0.211914 0.228533 0.178134 0.618581
505000 0.219918 0.218955 0.18977 0.628642
506000 0.206526 0.217578 0.186728 0.610832
507000 0.207136 0.228885 0.188064 0.624086
508000 0.224444 0.226078 0.189478 0.64
509000 0.215935 0.222146 0.193143 0.631224
510000 0.2209 0.217774 0.19932 0.637995
511000 0.221954 0.220149 0.189155 0.631257
512000 0.216468 0.2212 0.183657 0.621326
513000 0.214442 0.219889 0.187093 0.621424
514000 0.214816 0.227295 0.191229 0.63334
515000 0.221986 0.217688 0.189884 0.629559
516000 0.222108 0.222905 0.18724 0.632253
517000 0.226922 0.22075 0.178285 0.625957
518000 0.231324 0.217648 0.189963 0.638935
519000 0.216273 0.223589 0.194245 0.634108
520000 0.211246 0.216305 0.190748 0.6183
521000 0.224543 0.235052 0.186445 0.646041
522000 0.213545 0.223723 0.190914 0.628181
523000 0.216783 0.223708 0.193993 0.634484
524000 0.215526 0.224438 0.187979 0.627943
525000 0.210472 0.229127 0.194975 0.634574
526000 0.220441 0.220102 0.194804 0.635348
527000 0.210633 0.220498 0.18677 0.617902
528000 0.221269 0.224888 0.19311 0.639267
529000 0.221242 0.224239 0.18874 0.634221
530000 0.215948 0.216209 0.18549 0.617648
531000 0.215582 0.2328 0.188859 0.637241
532000 0.224918 0.221384 0.193317 0.639619
533000 0.216326 0.22468 0.192104 0.633109
534000 0.225375 0.233627 0.191873 0.650875
535000 0.215704 0.211633 0.191002 0.618339
536000 0.222049 0.234091 0.192985 0.649124
537000 0.21556 0.22763 0.189723 0.632913
538000 0.223465 0.224257 0.194481 0.642203
539000 0.221714 0.229715 0.192832 0.644261
540000 0.217923 0.227437 0.189554 0.634914
541000 0.214183 0.224092 0.198208 0.636483
542000 0.223594 0.234848 0.201459 0.659901
543000 0.218456 0.219241 0.196651 0.634348
544000 0.228134 0.231113 0.199369 0.658617
545000 0.227705 0.229742 0.210502 0.667949
546000 0.221449 0.229103 0.215326 0.665877
547000 0.220035 0.233793 0.208765 0.662592
548000 0.234351 0.240728 0.211938 0.687018
549000 0.2136 0.229177 0.195522 0.638298
550000 0.224138 0.240975 0.202071 0.667184
551000 0.222208 0.23246 0.202684 0.657352
552000 0.237893 0.241525 0.216837 0.696255
553000 0.219709 0.231381 0.200899 0.651989
554000 0.221742 0.235817 0.214186 0.671745
555000 0.226333 0.240889 0.208143 0.675365
556000 0.222437 0.234522 0.20201 0.65897
557000 0.232801 0.245313 0.202207 0.680321
558000 0.23737 0.234624 0.211962 0.683957
559000 0.227137 0.227204 0.20463 0.658971
560000 0.214743 0.228581 0.211532 0.654857
561000 0.219883 0.227402 0.212647 0.659933
562000 0.22409 0.232551 0.210091 0.666733
563000 0.236573 0.244283 0.20591 0.686765
564000 0.222482 0.230526 0.208074 0.661083
565000 0.23493 0.23929 0.209964 0.684184
566000 0.228839 0.234098 0.214766 0.677704
567000 0.245247 0.253314 0.213144 0.711704
568000 0.23325 0.235861 0.219913 0.689024
569000 0.226682 0.231686 0.218786 0.677154
570000 0.23022 0.246878 0.209696 0.686794
571000 0.224258 0.23123 0.213259 0.668746
572000 0.24328 0.243252 0.214835 0.701366
573000 0.231889 0.232377 0.214183 0.678449
574000 0.239755 0.242733 0.216454 0.698942
575000 0.233899 0.237275 0.220723 0.691897
576000 0.242504 0.229187 0.223745 0.695435
577000 0.246423 0.240748 0.217967 0.705138
578000 0.224008 0.239285 0.222461 0.685754
579000 0.241359 0.242765 0.216728 0.700853
580000 0.238118 0.242893 0.209855 0.690866
581000 0.232699 0.238166 0.210104 0.680969
582000 0.238439 0.246637 0.212761 0.697838
583000 0.233139 0.242058 0.215911 0.691108
584000 0.245899 0.235772 0.210653 0.692323
585000 0.234753 0.234359 0.220577 0.689689
586000 0.232859 0.244129 0.217967 0.694955
587000 0.237376 0.250984 0.21811 0.706471
588000 0.238282 0.238697 0.211893 0.688872
589000 0.240502 0.237211 0.209513 0.687225
590000 0.239119 0.241256 0.213636 0.694011
591000 0.230466 0.235964 0.212654 0.679084
592000 0.243362 0.250267 0.21577 0.7094
593000 0.238704 0.244744 0.21952 0.702968
594000 0.240497 0.246186 0.216202 0.702885
595000 0.246417 0.257935 0.214924 0.719276
596000 0.236879 0.239519 0.220493 0.696891
597000 0.23946 0.23542 0.214527 0.689407
598000 0.245124 0.247509 0.222197 0.71483
599000 0.253199 0.249353 0.220802 0.723354
600000 0.240245 0.240523 0.219392 0.70016
601000 0.25395 0.244456 0.220591 0.718997
602000 0.241625 0.246024 0.225086 0.712735
603000 0.239813 0.244383 0.227032 0.711228
604000 0.244354 0.240964 0.22982 0.715138
605000 0.243939 0.237409 0.227244 0.708592
606000 0.245322 0.233706 0.212348 0.691376
607000 0.243324 0.248015 0.219583 0.710922
608000 0.24359 0.242165 0.217283 0.703038
609000 0.234361 0.249063 0.217603 0.701027
610000 0.237995 0.245692 0.225919 0.709606
611000 0.258215 0.251408 0.222425 0.732048
612000 0.247466 0.243649 0.229554 0.720669
613000 0.247008 0.256336 0.228803 0.732147
614000 0.248605 0.248318 0.23087 0.727793
615000 0.23714 0.231793 0.226941 0.695873
616000 0.257746 0.25247 0.228958 0.739174
617000 0.246137 0.260736 0.218375 0.725248
618000 0.251721 0.239085 0.222463 0.713269
619000 0.261805 0.259575 0.229596 0.750977
620000 0.250692 0.246832 0.223006 0.72053
621000 0.270082 0.254616 0.226875 0.751573
622000 0.255936 0.27393 0.225739 0.755604
623000 0.25135 0.247164 0.230142 0.728656
624000 0.262232 0.261165 0.228479 0.751876
625000 0.259877 0.258492 0.230336 0.748705
626000 0.252364 0.258621 0.242697 0.753681
627000 0.25493 0.267613 0.24417 0.766713
628000 0.255148 0.266329 0.244082 0.765559
629000 0.255391 0.263064 0.25204 0.770496
630000 0.260929 0.256988 0.245044 0.76296
631000 0.269514 0.260709 0.233365 0.763589
632000 0.269952 0.266067 0.237008 0.773026
633000 0.256287 0.258274 0.235228 0.749788
634000 0.251904 0.267736 0.237498 0.757138
635000 0.255755 0.269037 0.241446 0.766238
636000 0.269588 0.28742 0.241463 0.798472
637000 0.266726 0.271834 0.246219 0.78478
638000 0.255868 0.26757 0.25118 0.774618
639000 0.260741 0.267003 0.25236 0.780104
640000 0.288844 0.287879 0.246233 0.822956
641000 0.262188 0.26549 0.237242 0.764919
642000 0.26864 0.282548 0.242998 0.794187
643000 0.252149 0.270295 0.241126 0.76357
644000 0.263935 0.273665 0.231969 0.76957
645000 0.261929 0.276145 0.241442 0.779517
646000 0.264122 0.269632 0.241124 0.774877
647000 0.26245 0.260772 0.240678 0.7639
648000 0.270556 0.268883 0.236938 0.776377
649000 0.26179 0.276062 0.23388 0.771732
650000 0.266602 0.266195 0.237544 0.770341
651000 0.259775 0.255972 0.236766 0.752513
652000 0.259204 0.276843 0.247062 0.783109
653000 0.262808 0.272309 0.244088 0.779205
654000 0.2551 0.266465 0.241921 0.763485
655000 0.250984 0.25136 0.248774 0.751117
656000 0.258962 0.274553 0.239767 0.773282
657000 0.263997 0.257459 0.248415 0.769871
658000 0.257606 0.268563 0.244623 0.770792
659000 0.254591 0.278695 0.24151 0.774795
660000 0.265585 0.262845 0.252279 0.780709
661000 0.266482 0.270329 0.247545 0.784357
662000 0.255812 0.26964 0.239347 0.764799
663000 0.263399 0.276931 0.24904 0.78937
664000 0.265834 0.257044 0.252356 0.775234
665000 0.269018 0.27845 0.253435 0.800903
666000 0.275895 0.285893 0.26012 0.821907
667000 0.267571 0.282785 0.248098 0.798454
668000 0.262478 0.273104 0.252531 0.788112
669000 0.274441 0.28053 0.253316 0.808287
670000 0.265888 0.279519 0.263208 0.808615
671000 0.266395 0.262096 0.253235 0.781726
672000 0.272316 0.288566 0.247894 0.808776
673000 0.267853 0.281473 0.245462 0.794788
674000 0.270697 0.282314 0.252442 0.805454
675000 0.261439 0.269591 0.239687 0.770717
676000 0.275408 0.278003 0.248623 0.802034
677000 0.262804 0.268489 0.254145 0.785439
678000 0.267513 0.279121 0.247637 0.794271
679000 0.264338 0.270547 0.253932 0.788817
680000 0.279623 0.284564 0.259285 0.823472
681000 0.261378 0.272257 0.248872 0.782507
682000 0.270771 0.272847 0.255401 0.799019
683000 0.267192 0.287321 0.259351 0.813864
684000 0.264656 0.284448 0.245093 0.794196
685000 0.259212 0.285252 0.25347 0.797933
686000 0.280708 0.299411 0.251754 0.831873
687000 0.26936 0.284606 0.268575 0.822541
688000 0.26698 0.2776 0.25486 0.79944
689000 0.285162 0.290347 0.254518 0.830028
690000 0.25889 0.29085 0.257828 0.807568
691000 0.272557 0.289426 0.264455 0.826438
692000 0.276917 0.285793 0.259672 0.822382
693000 0.272368 0.287677 0.258635 0.818681
694000 0.272013 0.285637 0.255836 0.813486
695000 0.2772 0.296739 0.249984 0.823923
696000 0.272193 0.283637 0.254686 0.810516
697000 0.274844 0.290597 0.25718 0.822621
698000 0.270267 0.288409 0.248873 0.807549
699000 0.271484 0.28174 0.259442 0.812665
700000 0.271071 0.290248 0.268471 0.82979
701000 0.273796 0.302488 0.253153 0.829437
702000 0.277574 0.282647 0.249982 0.810202
703000 0.253456 0.288888 0.251652 0.793996
704000 0.276758 0.290847 0.262106 0.829711
705000 0.279637 0.288638 0.256168 0.824443
706000 0.264649 0.284713 0.261375 0.810737
707000 0.277413 0.295971 0.268908 0.842291
708000 0.265623 0.294519 0.264194 0.824336
709000 0.264833 0.286951 0.265015 0.8168
710000 0.259595 0.287869 0.248555 0.796019
711000 0.265162 0.283407 0.253579 0.802148
712000 0.263361 0.290359 0.260688 0.814408
713000 0.278608 0.296388 0.257927 0.832923
714000 0.259304 0.28171 0.257398 0.798412
715000 0.265686 0.286628 0.259173 0.811487
716000 0.267331 0.277412 0.258776 0.803519
717000 0.271087 0.292422 0.263759 0.827268
718000 0.27498 0.295822 0.252919 0.82372
719000 0.268775 0.283394 0.259794 0.811962
720000 0.279778 0.300623 0.261009 0.84141
721000 0.282038 0.288289 0.259459 0.829785
722000 0.257832 0.290157 0.260353 0.808342
723000 0.276411 0.307588 0.253641 0.83764
724000 0.267285 0.296481 0.258829 0.822594
725000 0.274579 0.296669 0.254912 0.826161
726000 0.263745 0.284848 0.250369 0.798963
727000 0.26774 0.285961 0.25799 0.811691
728000 0.264066 0.292296 0.254713 0.811076
729000 0.273738 0.297583 0.251754 0.823075
730000 0.268067 0.294473 0.256433 0.818973
731000 0.266686 0.29711 0.263501 0.827297
732000 0.266509 0.287551 0.258261 0.812321
733000 0.274919 0.283483 0.260862 0.819264
734000 0.276718 0.298898 0.258535 0.834151
735000 0.270997 0.287082 0.273457 0.831535
736000 0.296856 0.293516 0.262078 0.85245
737000 0.272675 0.286814 0.260527 0.820016
738000 0.269295 0.292588 0.26423 0.826113
739000 0.281929 0.298135 0.261181 0.841245
740000 0.263758 0.279949 0.269178 0.812885
741000 0.278816 0.29548 0.26081 0.835105
742000 0.272884 0.285589 0.256895 0.815368
743000 0.273473 0.309474 0.259448 0.842395
744000 0.284143 0.305247 0.269582 0.858972
745000 0.276562 0.299377 0.276405 0.852344
746000 0.275417 0.296265 0.283514 0.855196
747000 0.275075 0.288288 0.265243 0.828606
748000 0.272838 0.294531 0.2688 0.836169
749000 0.269841 0.306116 0.266984 0.842941
750000 0.269817 0.301568 0.268091 0.839475
751000 0.270734 0.285464 0.255537 0.811735
752000 0.287088 0.321623 0.24789 0.8566
753000 0.267236 0.294759 0.261553 0.823548
754000 0.28505 0.294635 0.25989 0.839575
755000 0.27751 0.295038 0.271675 0.844224
756000 0.281283 0.293675 0.26534 0.840298
757000 0.273893 0.296763 0.2749 0.845556
758000 0.270001 0.303669 0.2755 0.849169
759000 0.303337 0.301026 0.282131 0.886495
760000 0.278295 0.292563 0.271539 0.842397
761000 0.264978 0.295622 0.270625 0.831224
762000 0.281141 0.304448 0.274998 0.860588
763000 0.268015 0.289269 0.271987 0.82927
764000 0.280802 0.29184 0.272267 0.844909
765000 0.286677 0.293945 0.266384 0.847007
766000 0.27323 0.286411 0.270245 0.829886
767000 0.295334 0.304258 0.271431 0.871023
768000 0.27734 0.297042 0.272229 0.846612
769000 0.281736 0.313823 0.284072 0.879631
770000 0.275242 0.298422 0.283503 0.857167
771000 0.276381 0.294704 0.283323 0.854408
772000 0.286384 0.296093 0.269926 0.852403
773000 0.280046 0.297222 0.277971 0.855239
774000 0.291066 0.310297 0.275788 0.877151
775000 0.280864 0.313765 0.281411 0.876039
776000 0.280241 0.297146 0.2604 0.837787
777000 0.287878 0.313053 0.281858 0.88279
778000 0.273155 0.302847 0.279539 0.855541
779000 0.281444 0.307258 0.280088 0.868789
780000 0.28646 0.292204 0.282946 0.86161
781000 0.288733 0.298354 0.278942 0.866029
782000 0.270801 0.304407 0.275461 0.850669
783000 0.279772 0.298048 0.275104 0.852925
784000 0.290729 0.308439 0.276125 0.875293
785000 0.274522 0.292609 0.278597 0.845728
786000 0.278634 0.30525 0.265986 0.849871
787000 0.284996 0.29257 0.283078 0.860644
788000 0.279477 0.298694 0.279967 0.858138
789000 0.288333 0.30968 0.28552 0.883533
790000 0.272066 0.300298 0.281458 0.853822
791000 0.28728 0.305787 0.283724 0.876791
792000 0.280025 0.295848 0.274488 0.850361
793000 0.277864 0.305535 0.278456 0.861855
794000 0.267667 0.292674 0.263499 0.823839
795000 0.277578 0.298123 0.278068 0.853769
796000 0.272429 0.307678 0.274718 0.854825
797000 0.282767 0.29803 0.283987 0.864783
798000 0.282707 0.299176 0.287762 0.869645
799000 0.293196 0.300277 0.287195 0.880669
800000 0.291575 0.306778 0.282454 0.880807
801000 0.270671 0.300167 0.277286 0.848124
802000 0.283404 0.300586 0.280909 0.864899
803000 0.272022 0.30193 0.282025 0.855976
804000 0.280005 0.305284 0.281033 0.866322
805000 0.283179 0.306798 0.271268 0.861244
806000 0.288091 0.304953 0.282015 0.875059
807000 0.308363 0.329959 0.282017 0.920339
808000 0.289678 0.30153 0.295985 0.887193
809000 0.275553 0.301631 0.303192 0.880376
810000 0.303192 0.337844 0.283656 0.924692
811000 0.286559 0.299102 0.272594 0.858254
812000 0.301553 0.306033 0.280293 0.887879
813000 0.280974 0.309057 0.27802 0.868052
814000 0.286535 0.301591 0.283887 0.872012
815000 0.282518 0.304033 0.296806 0.883358
816000 0.290086 0.306031 0.287476 0.883593
817000 0.28167 0.315482 0.292975 0.890127
818000 0.296386 0.308402 0.274863 0.879652
819000 0.297892 0.306749 0.27876 0.883401
820000 0.294069 0.318751 0.278644 0.891465
821000 0.292353 0.322467 0.277692 0.892512
822000 0.286135 0.313337 0.284854 0.884325
823000 0.303085 0.321732 0.275585 0.900402
824000 0.289481 0.304027 0.290824 0.884332
825000 0.303501 0.307429 0.289003 0.899932
826000 0.287811 0.312292 0.284085 0.884188
827000 0.303458 0.309457 0.273029 0.885944
828000 0.311851 0.307457 0.273845 0.893153
829000 0.304059 0.303374 0.276433 0.883866
830000 0.300313 0.312323 0.271236 0.883871
831000 0.299709 0.318009 0.273579 0.891297
832000 0.297608 0.308107 0.280816 0.886531
833000 0.313377 0.316194 0.285208 0.91478
834000 0.297493 0.310888 0.290659 0.89904
835000 0.312831 0.317825 0.280462 0.911117
836000 0.301492 0.317643 0.280159 0.899294
837000 0.306067 0.313232 0.284237 0.903536
838000 0.307237 0.315456 0.281511 0.904204
839000 0.310125 0.313974 0.287497 0.911595
840000 0.302654 0.312069 0.285061 0.899784
841000 0.302803 0.325086 0.281879 0.909768
842000 0.310617 0.321397 0.279715 0.91173
843000 0.311214 0.326594 0.288972 0.926781
844000 0.303129 0.318033 0.284243 0.905405
845000 0.305896 0.32281 0.28724 0.915947
846000 0.303261 0.30417 0.279184 0.886614
847000 0.306828 0.319172 0.278362 0.904361
848000 0.298839 0.310854 0.273088 0.88278
849000 0.313956 0.304309 0.268109 0.886373
850000 0.311829 0.319649 0.291016 0.922494
851000 0.312407 0.325028 0.283155 0.92059
852000 0.296928 0.321642 0.281754 0.900323
853000 0.30566 0.315024 0.281691 0.902375
854000 0.31653 0.31479 0.290603 0.921922
855000 0.307255 0.316096 0.28104 0.904391
856000 0.294371 0.302822 0.276357 0.87355
857000 0.322846 0.342374 0.285299 0.950519
858000 0.302295 0.310608 0.283915 0.896818
859000 0.312521 0.327827 0.28433 0.924678
860000 0.323225 0.326089 0.289536 0.93885
861000 0.307047 0.312651 0.298113 0.917811
862000 0.325525 0.346232 0.291369 0.963126
863000 0.310631 0.330641 0.293264 0.934536
864000 0.314073 0.326234 0.2888 0.929107
865000 0.319845 0.326655 0.282694 0.929194
866000 0.314554 0.314309 0.293212 0.922074
867000 0.320129 0.345308 0.283411 0.948848
868000 0.311296 0.330382 0.298308 0.939986
869000 0.322149 0.322082 0.29665 0.94088
870000 0.319259 0.323937 0.287316 0.930512
871000 0.314948 0.327955 0.282456 0.925358
872000 0.334352 0.347914 0.281042 0.963308
873000 0.313634 0.328638 0.285592 0.927864
874000 0.321852 0.32766 0.284696 0.934208
875000 0.318099 0.327994 0.285243 0.931335
876000 0.332247 0.313137 0.287609 0.932993
877000 0.316461 0.316026 0.28737 0.919857
878000 0.327193 0.334042 0.28524 0.946476
879000 0.325543 0.32703 0.285865 0.938439
880000 0.331031 0.311372 0.286757 0.92916
881000 0.334964 0.34112 0.28752 0.963603
882000 0.316443 0.319953 0.293595 0.929991
883000 0.319005 0.32808 0.283021 0.930106
884000 0.326395 0.32903 0.296849 0.952274
885000 0.322962 0.325884 0.298488 0.947334
886000 0.337151 0.325974 0.282779 0.945903
887000 0.324642 0.340828 0.29526 0.96073
888000 0.329323 0.329126 0.287954 0.946403
889000 0.334634 0.322064 0.303108 0.959806
890000 0.333538 0.319721 0.299835 0.953094
891000 0.317223 0.330823 0.291475 0.939521
892000 0.33227 0.320483 0.294479 0.947232
893000 0.327454 0.326225 0.284371 0.93805
894000 0.320236 0.334581 0.288114 0.94293
895000 0.339755 0.343173 0.282095 0.965023
896000 0.31924 0.335714 0.288319 0.943274
897000 0.325088 0.329139 0.295951 0.950177
898000 0.332739 0.335946 0.288696 0.957381
899000 0.329674 0.317717 0.286385 0.933777
900000 0.334719 0.320241 0.287386 0.942346
901000 0.332102 0.318396 0.296108 0.946606
902000 0.324792 0.341035 0.288955 0.954781
903000 0.331737 0.347737 0.284417 0.963891
904000 0.32249 0.343065 0.288774 0.954329
905000 0.317952 0.342238 0.283172 0.943362
906000 0.337556 0.334964 0.287799 0.960319
907000 0.329292 0.320135 0.291056 0.940483
908000 0.332921 0.339536 0.28408 0.956536
909000 0.330235 0.326759 0.287431 0.944425
910000 0.318911 0.342104 0.284532 0.945547
911000 0.325104 0.336259 0.284176 0.94554
912000 0.318127 0.339125 0.275692 0.932944
913000 0.325624 0.371975 0.283062 0.980662
914000 0.324471 0.345408 0.286317 0.956196
915000 0.318516 0.334041 0.272744 0.925302
916000 0.330604 0.345185 0.279375 0.955164
917000 0.321961 0.34545 0.287298 0.954709
918000 0.309069 0.345027 0.289437 0.943533
919000 0.328946 0.341833 0.292714 0.963494
920000 0.321297 0.349298 0.29976 0.970355
921000 0.33286 0.338736 0.290049 0.961645
922000 0.329199 0.361836 0.284743 0.975778
923000 0.322749 0.343316 0.291467 0.957531
924000 0.327996 0.32866 0.292597 0.949253
925000 0.330982 0.364629 0.29701 0.992621
926000 0.32222 0.343223 0.285241 0.950684
927000 0.32246 0.33717 0.277225 0.936855
928000 0.33829 0.343228 0.288044 0.969562
929000 0.326793 0.353687 0.289437 0.969918
930000 0.328355 0.352669 0.282027 0.963051
931000 0.315912 0.333096 0.293062 0.942071
932000 0.336265 0.34322 0.279185 0.958669
933000 0.332886 0.358721 0.289948 0.981554
934000 0.335638 0.352366 0.309605 0.997609
935000 0.336691 0.354106 0.289839 0.980636
936000 0.335541 0.350038 0.295572 0.981151
937000 0.341164 0.350557 0.290816 0.982538
938000 0.338619 0.352843 0.295152 0.986614
939000 0.329387 0.33442 0.293064 0.956871
940000 0.334061 0.351966 0.292878 0.978905
941000 0.337927 0.34832 0.28234 0.968586
942000 0.32573 0.344653 0.285344 0.955727
943000 0.330849 0.354876 0.290399 0.976124
944000 0.34304 0.35739 0.291954 0.992384
945000 0.329716 0.355097 0.288616 0.973429
946000 0.337007 0.353819 0.286062 0.976888
947000 0.326545 0.356484 0.303098 0.986126
948000 0.334442 0.363552 0.295609 0.993602
949000 0.333038 0.351764 0.289555 0.974357
950000 0.339133 0.358034 0.302403 0.999569
951000 0.322757 0.35397 0.308945 0.985672
952000 0.33824 0.349449 0.296792 0.984481
953000 0.351834 0.358417 0.288994 0.999245
954000 0.340212 0.342008 0.29417 0.97639
955000 0.330379 0.357559 0.289071 0.977009
956000 0.350045 0.358347 0.283388 0.991781
957000 0.330704 0.345598 0.293469 0.969772
958000 0.341112 0.361506 0.306434 1.00905
959000 0.342486 0.352425 0.292254 0.987164
960000 0.335799 0.350184 0.284392 0.970375
961000 0.353593 0.356659 0.2932 1.00345
962000 0.324759 0.352037 0.296318 0.973114
963000 0.343587 0.367946 0.289958 1.00149
964000 0.336365 0.351044 0.288134 0.975543
965000 0.335619 0.363339 0.296325 0.995283
966000 0.342296 0.358236 0.290389 0.990922
967000 0.3458 0.35542 0.290248 0.991468
968000 0.338516 0.37172 0.291148 1.00138
969000 0.350462 0.368436 0.299528 1.01843
970000 0.338184 0.356419 0.287209 0.981812
971000 0.335459 0.367823 0.301152 1.00443
972000 0.338013 0.350736 0.29402 0.982769
973000 0.342734 0.375932 0.303307 1.02197
974000 0.34825 0.368664 0.293508 1.01042
975000 0.336788 0.359988 0.290657 0.987433
976000 0.359543 0.36839 0.295221 1.02315
977000 0.357355 0.377052 0.284236 1.01864
978000 0.340401 0.363282 0.287841 0.991524
979000 0.335662 0.37071 0.284458 0.99083
980000 0.349394 0.367884 0.29104 1.00832
981000 0.336635 0.369272 0.280964 0.986871
982000 0.33612 0.370556 0.289381 0.996057
983000 0.339423 0.35828 0.287926 0.985628
984000 0.331243 0.363211 0.286467 0.98092
985000 0.34636 0.36354 0.297986 1.00789
986000 0.330812 0.362409 0.293039 0.98626
987000 0.329354 0.367841 0.293922 0.991117
988000 0.345397 0.365731 0.293934 1.00506
989000 0.331706 0.355145 0.296605 0.983455
990000 0.326216 0.368227 0.288933 0.983376
991000 0.336175 0.382339 0.293988 1.0125
992000 0.331541 0.362157 0.290494 0.984192
993000 0.350351 0.386028 0.311399 1.04778
994000 0.329709 0.358303 0.301364 0.989376
995000 0.343556 0.35801 0.284095 0.985662
996000 0.347936 0.364736 0.293108 1.00578
997000 0.345865 0.348185 0.292959 0.987009
998000 0.342766 0.364643 0.291088 0.998496
999000 0.338232 0.352847 0.297906 0.988985
1000000 0.339386 0.348523 0.302423 0.990332
1001000 0.348284 0.368947 0.29898 1.01621
1002000 0.344785 0.356292 0.302067 1.00314
1003000 0.34651 0.352592 0.29914 0.998242
1004000 0.350008 0.355482 0.297034 1.00252
1005000 0.347796 0.366023 0.304652 1.01847
1006000 0.346576 0.36155 0.306464 1.01459
1007000 0.349051 0.362025 0.298699 1.00977
1008000 0.33827 0.360252 0.298377 0.9969
1009000 0.346271 0.349234 0.308267 1.00377
1010000 0.345542 0.350101 0.292434 0.988077
1011000 0.352739 0.367258 0.300622 1.02062
1012000 0.341873 0.366523 0.300007 1.0084
1013000 0.348814 0.352437 0.307037 1.00829
1014000 0.365704 0.367563 0.310454 1.04372
1015000 0.342873 0.358379 0.299602 1.00085
1016000 0.351299 0.348528 0.289837 0.989664
1017000 0.347597 0.365197 0.295375 1.00817
1018000 0.339163 0.349651 0.302857 0.99167
1019000 0.35378 0.369119 0.298304 1.0212
1020000 0.33963 0.3606 0.298835 0.999065
1021000 0.34816 0.358116 0.313195 1.01947
1022000 0.350819 0.36079 0.309277 1.02088
1023000 0.339574 0.359931 0.308009 1.00751
1024000 0.3556 0.364006 0.297947 1.01755
1025000 0.347403 0.363461 0.297838 1.0087
1026000 0.346862 0.362128 0.299745 1.00873
1027000 0.344166 0.339091 0.306925 0.990182
1028000 0.345405 0.375542 0.298835 1.01978
1029000 0.345262 0.369539 0.301928 1.01673
1030000 0.331016 0.364122 0.297082 0.99222
