# Time-averaged data for fix 1
# TimeStep c_msd_all[1] c_msd_all[2] c_msd_all[3] c_msd_all[4]
31000 0.0673491 0.0920308 0.0683828 0.227763
32000 0.0767635 0.129169 0.0714608 0.277394
33000 0.0700947 0.0840792 0.0752881 0.229462
34000 0.0647473 0.108213 0.0708862 0.243847
35000 0.0657799 0.0997697 0.0701133 0.235663
36000 0.0618859 0.0688131 0.0742429 0.204942
37000 0.0693003 0.131539 0.073282 0.274121
38000 0.0667488 0.0783078 0.0802392 0.225296
39000 0.0691306 0.138998 0.0828125 0.290941
40000 0.067737 0.0861743 0.0974984 0.25141
41000 0.0695224 0.0983628 0.0766008 0.244486
42000 0.0766861 0.141619 0.0782532 0.296558
43000 0.0747682 0.0925709 0.0777042 0.245043
44000 0.0757097 0.127898 0.0792385 0.282846
45000 0.0809061 0.108846 0.0839071 0.273659
46000 0.0730252 0.0978749 0.0924782 0.263378
47000 0.0735049 0.128934 0.095785 0.298224
48000 0.0769777 0.103037 0.0897842 0.269799
49000 0.088126 0.152073 0.0925661 0.332765
50000 0.0673959 0.10374 0.0903908 0.261527
51000 0.0711942 0.111551 0.0938636 0.276609
52000 0.0812765 0.136199 0.0994748 0.31695
53000 0.0719564 0.0978525 0.0973184 0.267127
54000 0.0755312 0.130912 0.090929 0.297373
55000 0.0745119 0.103383 0.0939303 0.271825
56000 0.0785022 0.0981667 0.0869214 0.26359
57000 0.074933 0.131059 0.0966553 0.302647
58000 0.068873 0.0984326 0.0911358 0.258442
59000 0.0813282 0.124968 0.0978342 0.30413
60000 0.0734247 0.105682 0.100319 0.279426
61000 0.0762298 0.121169 0.0949606 0.292359
62000 0.0816883 0.110712 0.0998564 0.292257
63000 0.0677397 0.102881 0.0878364 0.258457
64000 0.0765395 0.138228 0.0930216 0.307789
65000 0.0721052 0.10548 0.0981616 0.275747
66000 0.0790375 0.127013 0.109213 0.315264
67000 0.0909617 0.106166 0.106646 0.303774
68000 0.0910862 0.123231 0.10028 0.314597
69000 0.087788 0.109775 0.0981549 0.295718
70000 0.0760151 0.121978 0.105777 0.30377
71000 0.0760715 0.128181 0.100249 0.304502
72000 0.0831989 0.10449 0.108502 0.296192
73000 0.0762706 0.138655 0.106315 0.32124
74000 0.0812083 0.102224 0.102274 0.285707
75000 0.0723842 0.109828 0.0987876 0.281
76000 0.0745863 0.12605 0.110572 0.311208
77000 0.0759415 0.105803 0.105928 0.287672
78000 0.0729602 0.130485 0.103452 0.306897
79000 0.0806219 0.134339 0.108381 0.323342
80000 0.073464 0.108712 0.101714 0.28389
81000 0.0772048 0.14581 0.102932 0.325947
82000 0.0705084 0.120721 0.105925 0.297154
83000 0.0767932 0.12357 0.104044 0.304407
84000 0.0779503 0.124603 0.103063 0.305616
85000 0.0745704 0.109898 0.116041 0.30051
86000 0.0730571 0.16521 0.106888 0.345155
87000 0.0788241 0.10892 0.109145 0.296889
88000 0.0751308 0.128863 0.101511 0.305505
89000 0.0853037 0.131925 0.112267 0.329496
90000 0.0789243 0.122386 0.114652 0.315962
91000 0.0778627 0.123418 0.113605 0.314886
92000 0.0756007 0.119197 0.120868 0.315666
93000 0.0785238 0.136253 0.111023 0.3258
94000 0.0811219 0.145326 0.128555 0.355003
95000 0.08068 0.129181 0.122403 0.332264
96000 0.0818069 0.16158 0.127169 0.370556
97000 0.0723201 0.13334 0.130228 0.335888
98000 0.0875058 0.16148 0.120035 0.369021
99000 0.0768251 0.151244 0.130555 0.358624
100000 0.0808646 0.127112 0.132233 0.34021
101000 0.0823039 0.168086 0.122117 0.372507
102000 0.0821796 0.134607 0.136544 0.353331
103000 0.0758851 0.153503 0.12494 0.354328
104000 0.0753936 0.129455 0.119066 0.323914
105000 0.0806475 0.14934 0.125793 0.35578
106000 0.0777168 0.174266 0.126737 0.378719
107000 0.0828975 0.148681 0.14121 0.372788
108000 0.0826235 0.224227 0.127831 0.434682
109000 0.0907587 0.139901 0.126097 0.356757
110000 0.0786417 0.159961 0.13063 0.369233
111000 0.0855147 0.163643 0.138405 0.387563
112000 0.0867916 0.139591 0.136366 0.362749
113000 0.0831612 0.213459 0.145202 0.441822
114000 0.0795968 0.141046 0.135929 0.356572
115000 0.0825528 0.159426 0.132209 0.374188
116000 0.0843325 0.177345 0.150538 0.412216
117000 0.0917337 0.141569 0.146657 0.37996
118000 0.0791665 0.191254 0.1486 0.419021
119000 0.0861226 0.14226 0.147832 0.376215
120000 0.0861925 0.168266 0.137059 0.391517
121000 0.0877972 0.171961 0.13896 0.398718
122000 0.0894655 0.150749 0.148035 0.38825
123000 0.0829267 0.192603 0.150417 0.425947
124000 0.097235 0.14982 0.144589 0.391644
125000 0.0934775 0.197154 0.155349 0.445981
126000 0.0918053 0.168133 0.157763 0.417701
127000 0.0988955 0.166677 0.141645 0.407217
128000 0.0888513 0.201141 0.154225 0.444217
129000 0.101087 0.162809 0.148731 0.412627
130000 0.0871803 0.18459 0.148986 0.420757
131000 0.105813 0.181236 0.15046 0.437509
132000 0.0874458 0.177777 0.149515 0.414737
133000 0.0910871 0.188402 0.150668 0.430157
134000 0.107804 0.18874 0.161978 0.458522
135000 0.091696 0.189168 0.159693 0.440557
136000 0.110222 0.188872 0.152305 0.451398
137000 0.0933677 0.173429 0.152288 0.419085
138000 0.0876862 0.209441 0.166662 0.463789
139000 0.0935103 0.191391 0.171185 0.456087
140000 0.0919093 0.177341 0.172906 0.442156
141000 0.0966704 0.205783 0.176197 0.47865
142000 0.0881975 0.175968 0.178798 0.442964
143000 0.101424 0.238836 0.175858 0.516118
144000 0.0908794 0.184641 0.179734 0.455254
145000 0.0960819 0.194323 0.177667 0.468071
146000 0.0915857 0.193594 0.16916 0.45434
147000 0.0902593 0.193765 0.183154 0.467178
148000 0.0893016 0.231301 0.186159 0.506761
149000 0.0874157 0.19126 0.186149 0.464825
150000 0.0888703 0.206045 0.192778 0.487693
151000 0.0942954 0.196081 0.196424 0.486801
152000 0.0896332 0.179957 0.188458 0.458048
153000 0.0850393 0.204767 0.182773 0.472579
154000 0.090273 0.182091 0.191904 0.464269
155000 0.0957162 0.20206 0.206396 0.504172
156000 0.0924086 0.199357 0.202621 0.494386
157000 0.0915661 0.201097 0.20675 0.499413
158000 0.102343 0.220669 0.207999 0.531012
159000 0.0956414 0.191573 0.203871 0.491086
160000 0.0906786 0.199417 0.196496 0.486591
161000 0.0996618 0.2105 0.203071 0.513232
162000 0.108462 0.197628 0.2079 0.513989
163000 0.0980802 0.242774 0.202717 0.543571
164000 0.102179 0.222307 0.213018 0.537505
165000 0.0992916 0.23402 0.221082 0.554393
166000 0.102396 0.2342 0.207369 0.543965
167000 0.0992607 0.205578 0.208127 0.512965
168000 0.101717 0.221571 0.214767 0.538055
169000 0.107134 0.248592 0.206891 0.562617
170000 0.101981 0.245752 0.216738 0.564471
171000 0.11186 0.230482 0.218227 0.56057
172000 0.105149 0.271981 0.210362 0.587493
173000 0.106502 0.22413 0.2186 0.549232
174000 0.102629 0.226827 0.21757 0.547026
175000 0.097218 0.246294 0.231794 0.575306
176000 0.110214 0.232319 0.233345 0.575879
177000 0.105409 0.269113 0.230523 0.605045
178000 0.103514 0.245158 0.225165 0.573837
179000 0.104884 0.243496 0.228885 0.577265
180000 0.10525 0.289472 0.243843 0.638564
181000 0.0997161 0.229574 0.235937 0.565227
182000 0.105189 0.271482 0.229832 0.606503
183000 0.097359 0.232578 0.232822 0.562759
184000 0.100457 0.256653 0.22503 0.58214
185000 0.107879 0.260687 0.223109 0.591675
186000 0.11539 0.234321 0.221379 0.57109
187000 0.116979 0.291876 0.227595 0.63645
188000 0.106412 0.247845 0.233308 0.587565
189000 0.104008 0.265359 0.23422 0.603587
190000 0.0996783 0.25319 0.230257 0.583125
191000 0.114587 0.255603 0.238148 0.608339
192000 0.0999704 0.272811 0.23488 0.607661
193000 0.116706 0.243183 0.239172 0.599061
194000 0.0971905 0.282768 0.23419 0.614148
195000 0.102622 0.238437 0.231902 0.572961
196000 0.107337 0.254966 0.260017 0.622319
197000 0.104593 0.264896 0.245223 0.614712
198000 0.112998 0.259092 0.246275 0.618364
199000 0.104247 0.280117 0.250508 0.634872
200000 0.101366 0.262099 0.256443 0.619908
201000 0.099598 0.247105 0.251217 0.59792
202000 0.107089 0.246237 0.253289 0.606615
203000 0.109654 0.254598 0.247231 0.611483
204000 0.104077 0.256306 0.243674 0.604057
205000 0.103853 0.26148 0.248548 0.613881
206000 0.104893 0.273319 0.24703 0.625242
207000 0.114325 0.255218 0.239596 0.609139
208000 0.111535 0.281241 0.243189 0.635965
209000 0.109827 0.262117 0.242394 0.614338
210000 0.109747 0.258312 0.249618 0.617677
211000 0.110929 0.267216 0.251996 0.630142
212000 0.0997107 0.267261 0.264352 0.631324
213000 0.103585 0.305003 0.256357 0.664946
214000 0.113042 0.279772 0.257079 0.649894
215000 0.104581 0.276566 0.258336 0.639483
216000 0.112116 0.287239 0.265587 0.664942
217000 0.107358 0.264053 0.258798 0.630209
218000 0.105291 0.29406 0.261834 0.661186
219000 0.108474 0.280886 0.275586 0.664946
220000 0.105377 0.281125 0.27975 0.666252
221000 0.12351 0.321244 0.272486 0.717239
222000 0.112648 0.274682 0.274758 0.662088
223000 0.109969 0.293923 0.27083 0.674722
224000 0.104693 0.309001 0.28989 0.703584
225000 0.109061 0.302537 0.285727 0.697325
226000 0.130993 0.32131 0.292882 0.745185
227000 0.106738 0.295903 0.283979 0.68662
228000 0.114978 0.346989 0.271128 0.733096
229000 0.108704 0.297707 0.268438 0.67485
230000 0.118739 0.331338 0.278311 0.728388
231000 0.110942 0.333503 0.270987 0.715432
232000 0.112755 0.301438 0.283446 0.697639
233000 0.121712 0.352247 0.273173 0.747132
234000 0.11515 0.294386 0.28206 0.691597
235000 0.124049 0.351865 0.273803 0.749717
236000 0.117777 0.323307 0.29958 0.740664
237000 0.113135 0.322876 0.292259 0.72827
238000 0.122133 0.354189 0.296358 0.77268
239000 0.116336 0.317945 0.294385 0.728667
240000 0.11624 0.324372 0.295423 0.736034
241000 0.117974 0.316578 0.287323 0.721875
242000 0.109348 0.327073 0.307532 0.743953
243000 0.114811 0.331195 0.307852 0.753858
244000 0.144375 0.32868 0.299511 0.772566
245000 0.118729 0.317107 0.300108 0.735944
246000 0.11289 0.321796 0.319881 0.754568
247000 0.104448 0.331385 0.311431 0.747265
248000 0.109541 0.326207 0.30904 0.744788
249000 0.116058 0.337709 0.300119 0.753886
250000 0.119459 0.33114 0.301798 0.752397
251000 0.133227 0.338245 0.312364 0.783836
252000 0.123879 0.33479 0.325037 0.783706
253000 0.137847 0.3263 0.320175 0.784322
254000 0.113336 0.343297 0.327648 0.784281
255000 0.118254 0.339154 0.3076 0.765008
256000 0.118843 0.339229 0.309441 0.767513
257000 0.124377 0.338559 0.327861 0.790797
258000 0.145268 0.335608 0.34118 0.822056
259000 0.138639 0.354884 0.351018 0.844541
260000 0.140702 0.327482 0.333273 0.801457
261000 0.12956 0.34684 0.333106 0.809506
262000 0.118723 0.337643 0.329769 0.786134
263000 0.133495 0.341562 0.332799 0.807857
264000 0.13538 0.360378 0.334268 0.830025
265000 0.1435 0.338221 0.340559 0.822281
266000 0.13831 0.36009 0.348371 0.846771
267000 0.129888 0.345413 0.351387 0.826688
268000 0.141801 0.350199 0.361807 0.853806
269000 0.128505 0.413137 0.366566 0.908208
270000 0.148136 0.348513 0.369411 0.866061
271000 0.127477 0.368592 0.36683 0.862899
272000 0.129234 0.385331 0.370663 0.885228
273000 0.142883 0.351412 0.371058 0.865352
274000 0.134685 0.379371 0.371863 0.885919
275000 0.137422 0.363459 0.363948 0.864828
276000 0.148531 0.419965 0.380746 0.949243
277000 0.139182 0.385785 0.367231 0.892197
278000 0.129756 0.371493 0.376562 0.877811
279000 0.139602 0.413062 0.377782 0.930447
280000 0.136989 0.387719 0.388231 0.912939
281000 0.135336 0.400286 0.370134 0.905756
282000 0.124079 0.383067 0.370275 0.877421
283000 0.129081 0.389305 0.372065 0.890451
284000 0.130348 0.443103 0.388564 0.962015
285000 0.123504 0.400865 0.378793 0.903163
286000 0.129766 0.409743 0.390809 0.930318
287000 0.128634 0.406643 0.379382 0.914659
288000 0.129019 0.413229 0.39795 0.940199
289000 0.131787 0.427427 0.403898 0.963112
290000 0.138246 0.415778 0.406081 0.960105
291000 0.137317 0.449598 0.405161 0.992076
292000 0.133858 0.399019 0.406423 0.939299
293000 0.141968 0.418453 0.429567 0.989988
294000 0.138665 0.429851 0.437663 1.00618
295000 0.135636 0.412136 0.446804 0.994576
296000 0.135837 0.436341 0.439097 1.01128
297000 0.141231 0.418899 0.435712 0.995842
298000 0.135232 0.412832 0.440723 0.988787
299000 0.13772 0.440573 0.440618 1.01891
300000 0.129089 0.442172 0.427701 0.998962
301000 0.132803 0.418831 0.42609 0.977723
302000 0.137625 0.446049 0.426601 1.01028
303000 0.144906 0.423495 0.432405 1.00081
304000 0.150028 0.42339 0.427182 1.0006
305000 0.135364 0.438505 0.427831 1.0017
306000 0.140522 0.422724 0.423486 0.986731
307000 0.145887 0.443815 0.428841 1.01854
308000 0.13899 0.434234 0.429334 1.00256
309000 0.150237 0.438275 0.419114 1.00763
310000 0.13058 0.433232 0.421093 0.984905
311000 0.140741 0.428909 0.443071 1.01272
312000 0.141379 0.429123 0.430593 1.00109
313000 0.129593 0.425873 0.437305 0.992772
314000 0.140685 0.436082 0.439685 1.01645
315000 0.130848 0.462038 0.44698 1.03987
316000 0.136444 0.427184 0.435327 0.998955
317000 0.1452 0.471483 0.447421 1.0641
318000 0.132041 0.457544 0.4467 1.03628
319000 0.150947 0.462934 0.455123 1.069
320000 0.147013 0.464252 0.449163 1.06043
321000 0.162239 0.460021 0.438212 1.06047
322000 0.148885 0.450304 0.450011 1.0492
323000 0.136877 0.438437 0.460931 1.03624
324000 0.148003 0.45469 0.441534 1.04423
325000 0.146174 0.450379 0.460966 1.05752
326000 0.174392 0.466696 0.46119 1.10228
327000 0.163346 0.459119 0.460098 1.08256
328000 0.139372 0.45449 0.444094 1.03796
329000 0.151589 0.481992 0.454089 1.08767
330000 0.135371 0.458302 0.450616 1.04429
331000 0.156411 0.45622 0.456646 1.06928
332000 0.167402 0.514659 0.465294 1.14735
333000 0.155481 0.457776 0.473541 1.0868
334000 0.142476 0.509825 0.472943 1.12524
335000 0.147822 0.480081 0.465488 1.09339
336000 0.142659 0.473225 0.464605 1.08049
337000 0.143043 0.517311 0.488338 1.14869
338000 0.161223 0.458608 0.476349 1.09618
339000 0.157346 0.500823 0.50321 1.16138
340000 0.163807 0.485241 0.487608 1.13666
341000 0.140437 0.471288 0.481598 1.09332
342000 0.141511 0.515793 0.475657 1.13296
343000 0.1424 0.454903 0.475913 1.07322
344000 0.14287 0.493651 0.472531 1.10905
345000 0.154119 0.480474 0.491639 1.12623
346000 0.143302 0.487539 0.500585 1.13143
347000 0.156128 0.512327 0.499675 1.16813
348000 0.148893 0.46857 0.480592 1.09806
349000 0.149263 0.482498 0.482882 1.11464
350000 0.147529 0.467849 0.48801 1.10339
351000 0.148822 0.509267 0.491836 1.14993
352000 0.154808 0.473632 0.497586 1.12603
353000 0.149693 0.498162 0.485485 1.13334
354000 0.142588 0.466852 0.480273 1.08971
355000 0.146201 0.477582 0.480389 1.10417
356000 0.147737 0.485186 0.47218 1.1051
357000 0.147881 0.467494 0.481663 1.09704
358000 0.140574 0.508798 0.486848 1.13622
359000 0.148847 0.477635 0.484854 1.11134
360000 0.137403 0.471922 0.473875 1.0832
361000 0.145814 0.499906 0.487673 1.13339
362000 0.152193 0.455675 0.492231 1.1001
363000 0.151299 0.485346 0.497136 1.13378
364000 0.14788 0.49512 0.515009 1.15801
365000 0.137763 0.471292 0.493878 1.10293
366000 0.143883 0.504187 0.483541 1.13161
367000 0.140047 0.468686 0.476917 1.08565
368000 0.144414 0.482932 0.483963 1.11131
369000 0.143895 0.487278 0.48087 1.11204
370000 0.148594 0.47825 0.487666 1.11451
371000 0.149784 0.510846 0.48835 1.14898
372000 0.141288 0.480397 0.483663 1.10535
373000 0.149623 0.507553 0.497224 1.1544
374000 0.149809 0.475111 0.490743 1.11566
375000 0.154774 0.463111 0.492193 1.11008
376000 0.153383 0.495307 0.487801 1.13649
377000 0.148783 0.482668 0.484662 1.11611
378000 0.134603 0.514894 0.488604 1.1381
379000 0.145464 0.482166 0.501168 1.1288
380000 0.151719 0.498822 0.502367 1.15291
381000 0.147548 0.514712 0.518788 1.18105
382000 0.14367 0.51461 0.512081 1.17036
383000 0.141438 0.542467 0.542456 1.22636
384000 0.142882 0.498363 0.529705 1.17095
385000 0.148116 0.508757 0.527073 1.18395
386000 0.146993 0.534319 0.533205 1.21452
387000 0.137747 0.507039 0.538331 1.18312
388000 0.140868 0.551792 0.526058 1.21872
389000 0.148865 0.484511 0.540278 1.17365
390000 0.142666 0.529895 0.54158 1.21414
391000 0.146645 0.510625 0.535243 1.19251
392000 0.138873 0.50869 0.570074 1.21764
393000 0.148141 0.523615 0.577222 1.24898
394000 0.147637 0.501523 0.566922 1.21608
395000 0.138806 0.520284 0.549636 1.20873
396000 0.152023 0.496012 0.549547 1.19758
397000 0.149934 0.521182 0.56023 1.23135
398000 0.164175 0.526058 0.565915 1.25615
399000 0.158219 0.547687 0.569573 1.27548
400000 0.138404 0.529215 0.573052 1.24067
401000 0.151672 0.546048 0.557526 1.25525
402000 0.142311 0.509054 0.559744 1.21111
403000 0.160929 0.523621 0.558719 1.24327
404000 0.147175 0.52882 0.562898 1.23889
405000 0.15189 0.519809 0.557054 1.22875
406000 0.155734 0.518228 0.562499 1.23646
407000 0.150139 0.536812 0.564326 1.25128
408000 0.151643 0.54046 0.55878 1.25088
409000 0.141896 0.5192 0.556193 1.21729
410000 0.150382 0.527839 0.581552 1.25977
411000 0.150491 0.542016 0.558412 1.25092
412000 0.139039 0.523632 0.571137 1.23381
413000 0.156308 0.528502 0.573559 1.25837
414000 0.144576 0.534559 0.554885 1.23402
415000 0.143915 0.550169 0.557176 1.25126
416000 0.146697 0.534676 0.572071 1.25344
417000 0.151023 0.526661 0.568636 1.24632
418000 0.151064 0.551215 0.561197 1.26348
419000 0.151294 0.537212 0.563675 1.25218
420000 0.151407 0.522313 0.559327 1.23305
421000 0.149717 0.561471 0.56015 1.27134
422000 0.15794 0.538577 0.584275 1.28079
423000 0.142629 0.562916 0.554897 1.26044
424000 0.147464 0.529338 0.561214 1.23802
425000 0.142966 0.544268 0.561598 1.24883
426000 0.143015 0.542498 0.56807 1.25358
427000 0.153321 0.526349 0.56135 1.24102
428000 0.147132 0.55961 0.565181 1.27192
429000 0.144946 0.533292 0.57338 1.25162
430000 0.141679 0.559131 0.54641 1.24722
431000 0.144276 0.513383 0.553979 1.21164
432000 0.160391 0.551181 0.553555 1.26513
433000 0.142815 0.554023 0.554167 1.25101
434000 0.16874 0.531412 0.570972 1.27112
435000 0.145304 0.576623 0.56822 1.29015
436000 0.155968 0.559035 0.56704 1.28204
437000 0.148623 0.54219 0.5565 1.24731
438000 0.142023 0.576626 0.565532 1.28418
439000 0.157467 0.562782 0.579551 1.2998
440000 0.152837 0.581912 0.581063 1.31581
441000 0.15361 0.575406 0.570639 1.29966
442000 0.145786 0.565541 0.564822 1.27615
443000 0.160419 0.549655 0.589112 1.29919
444000 0.151679 0.559226 0.586144 1.29705
445000 0.147903 0.564687 0.583411 1.296
446000 0.148328 0.571179 0.607328 1.32684
447000 0.14609 0.564177 0.602772 1.31304
448000 0.15242 0.549174 0.583243 1.28484
449000 0.161323 0.589149 0.575384 1.32586
450000 0.151025 0.554372 0.603028 1.30843
451000 0.151052 0.562686 0.602285 1.31602
452000 0.163945 0.598559 0.608303 1.37081
453000 0.164615 0.560204 0.59353 1.31835
454000 0.165146 0.599962 0.590591 1.3557
455000 0.159128 0.573793 0.608644 1.34156
456000 0.162538 0.567959 0.593895 1.32439
457000 0.160966 0.564174 0.600146 1.32529
458000 0.166363 0.561624 0.597008 1.32499
459000 0.159856 0.591936 0.609425 1.36122
460000 0.148422 0.566896 0.58925 1.30457
461000 0.160765 0.570009 0.594659 1.32543
462000 0.168705 0.58089 0.600223 1.34982
463000 0.168359 0.581703 0.603895 1.35396
464000 0.158967 0.588081 0.604848 1.3519
465000 0.161613 0.590392 0.603271 1.35528
466000 0.167565 0.593918 0.592743 1.35423
467000 0.160965 0.569712 0.600842 1.33152
468000 0.166221 0.584599 0.611869 1.36269
469000 0.166735 0.569661 0.600191 1.33659
470000 0.164321 0.583774 0.612877 1.36097
471000 0.166759 0.591209 0.610781 1.36875
472000 0.175705 0.604294 0.607142 1.38714
473000 0.173269 0.579352 0.613079 1.3657
474000 0.15827 0.582397 0.618862 1.35953
475000 0.177172 0.58935 0.624492 1.39101
476000 0.168562 0.591765 0.626316 1.38664
477000 0.169036 0.606629 0.610478 1.38614
478000 0.167977 0.59579 0.617366 1.38113
479000 0.169142 0.602339 0.632208 1.40369
480000 0.159062 0.589141 0.625324 1.37353
481000 0.166806 0.587834 0.611471 1.36611
482000 0.167799 0.5948 0.63346 1.39606
483000 0.165412 0.590179 0.615123 1.37071
484000 0.163705 0.600583 0.615659 1.37995
485000 0.17335 0.602188 0.621748 1.39729
486000 0.165371 0.591445 0.637113 1.39393
487000 0.176161 0.610643 0.623317 1.41012
488000 0.164836 0.592734 0.626716 1.38428
489000 0.170521 0.595405 0.636051 1.40198
490000 0.169053 0.595828 0.643677 1.40856
491000 0.169973 0.616426 0.629416 1.41582
492000 0.177363 0.603933 0.661038 1.44233
493000 0.170661 0.579643 0.626788 1.37709
494000 0.172738 0.640433 0.623698 1.43687
495000 0.167916 0.597861 0.631339 1.39712
496000 0.169069 0.606215 0.632232 1.40752
497000 0.180802 0.618317 0.664545 1.46366
498000 0.17077 0.592122 0.659402 1.42229
499000 0.17332 0.642149 0.661983 1.47745
500000 0.173579 0.595362 0.632526 1.40147
501000 0.172787 0.638351 0.637271 1.44841
502000 0.173226 0.601748 0.635005 1.40998
503000 0.180717 0.616215 0.642987 1.43992
504000 0.16647 0.603215 0.625655 1.39534
505000 0.160347 0.617493 0.623138 1.40098
506000 0.174746 0.609843 0.635692 1.42028
507000 0.164536 0.609787 0.668166 1.44249
508000 0.175836 0.596672 0.643521 1.41603
509000 0.16857 0.62411 0.656158 1.44884
510000 0.162537 0.627367 0.640311 1.43022
511000 0.180316 0.605348 0.665195 1.45086
512000 0.178396 0.626527 0.655708 1.46063
513000 0.176945 0.596203 0.649784 1.42293
514000 0.172477 0.619346 0.637415 1.42924
515000 0.160866 0.64451 0.648017 1.45339
516000 0.176428 0.601001 0.624377 1.40181
517000 0.175384 0.620065 0.641882 1.43733
518000 0.173155 0.605015 0.651988 1.43016
519000 0.176684 0.598741 0.638801 1.41423
520000 0.173485 0.638135 0.641182 1.4528
521000 0.17719 0.617932 0.646744 1.44187
522000 0.178827 0.611623 0.647752 1.4382
523000 0.178435 0.613569 0.650331 1.44233
524000 0.186607 0.604148 0.659013 1.44977
525000 0.168774 0.646366 0.643922 1.45906
526000 0.171318 0.607799 0.655267 1.43438
527000 0.182825 0.607565 0.630884 1.42127
528000 0.190507 0.630743 0.635842 1.45709
529000 0.175808 0.606293 0.651562 1.43366
530000 0.170543 0.640856 0.649899 1.4613
531000 0.176395 0.613815 0.658234 1.44844
532000 0.174874 0.616645 0.654686 1.44621
533000 0.177759 0.616084 0.667278 1.46112
534000 0.18596 0.623873 0.666943 1.47678
535000 0.187094 0.622332 0.651666 1.46109
536000 0.176833 0.610691 0.657503 1.44503
537000 0.182004 0.627414 0.642707 1.45213
538000 0.181251 0.61114 0.643397 1.43579
539000 0.184532 0.655486 0.65578 1.4958
540000 0.184076 0.616842 0.666507 1.46743
541000 0.183802 0.636529 0.657875 1.47821
542000 0.179458 0.63889 0.665504 1.48385
543000 0.181111 0.61884 0.664398 1.46435
544000 0.184253 0.640462 0.661892 1.48661
545000 0.190227 0.63677 0.664544 1.49154
546000 0.177035 0.64491 0.661412 1.48336
547000 0.183603 0.636119 0.64732 1.46704
548000 0.183347 0.65969 0.674084 1.51712
549000 0.183395 0.637841 0.662066 1.4833
550000 0.197645 0.633218 0.667397 1.49826
551000 0.190143 0.665523 0.679264 1.53493
552000 0.188442 0.657359 0.671714 1.51752
553000 0.180239 0.648676 0.663923 1.49284
554000 0.187784 0.650745 0.693915 1.53244
555000 0.1879 0.626315 0.681657 1.49587
556000 0.188928 0.655389 0.665435 1.50975
557000 0.178757 0.636489 0.668639 1.48389
558000 0.191107 0.644659 0.662514 1.49828
559000 0.177836 0.643388 0.68743 1.50865
560000 0.184514 0.656687 0.69276 1.53396
561000 0.193384 0.649857 0.674076 1.51732
562000 0.197443 0.655432 0.677809 1.53068
563000 0.187038 0.640925 0.688385 1.51635
564000 0.190787 0.65673 0.696507 1.54402
565000 0.185498 0.644564 0.67402 1.50408
566000 0.191328 0.644849 0.667358 1.50354
567000 0.184049 0.633246 0.673466 1.49076
568000 0.187389 0.668142 0.695309 1.55084
569000 0.184342 0.647111 0.685027 1.51648
570000 0.194305 0.636759 0.706265 1.53733
571000 0.18679 0.654625 0.701023 1.54244
572000 0.186768 0.638994 0.686251 1.51201
573000 0.192693 0.672811 0.707916 1.57342
574000 0.180477 0.658668 0.689921 1.52907
575000 0.193657 0.662741 0.719934 1.57633
576000 0.185114 0.672026 0.703701 1.56084
577000 0.18615 0.65481 0.708077 1.54904
578000 0.186051 0.692071 0.712832 1.59095
579000 0.193163 0.653363 0.703224 1.54975
580000 0.195124 0.682708 0.702163 1.58
581000 0.184815 0.636759 0.695635 1.51721
582000 0.185086 0.670187 0.708944 1.56422
583000 0.198729 0.707558 0.705686 1.61197
584000 0.186566 0.651498 0.707021 1.54509
585000 0.200317 0.706157 0.72419 1.63066
586000 0.181817 0.646566 0.689832 1.51822
587000 0.187433 0.672381 0.70406 1.56387
588000 0.195298 0.698145 0.688492 1.58193
589000 0.192647 0.662269 0.703479 1.5584
590000 0.182082 0.724922 0.708319 1.61532
591000 0.197112 0.655001 0.727598 1.57971
592000 0.195401 0.676644 0.709938 1.58198
593000 0.188053 0.692628 0.701618 1.5823
594000 0.192047 0.664082 0.682005 1.53813
595000 0.191228 0.738405 0.710838 1.64047
596000 0.196354 0.649109 0.709807 1.55527
597000 0.176196 0.663474 0.700673 1.54034
598000 0.188132 0.68601 0.701941 1.57608
599000 0.188194 0.651941 0.711838 1.55197
600000 0.186219 0.720584 0.720193 1.627
601000 0.195435 0.666676 0.72053 1.58264
602000 0.182468 0.707563 0.709865 1.5999
603000 0.183989 0.681608 0.706312 1.57191
604000 0.195444 0.66931 0.707046 1.5718
605000 0.187384 0.711501 0.705002 1.60389
606000 0.181912 0.669582 0.724774 1.57627
607000 0.193494 0.72589 0.704082 1.62347
608000 0.182218 0.68193 0.714633 1.57878
609000 0.186464 0.662885 0.70074 1.55009
610000 0.191668 0.692447 0.701255 1.58537
611000 0.193788 0.66382 0.716122 1.57373
612000 0.187751 0.680672 0.762839 1.63126
613000 0.183255 0.706309 0.726349 1.61591
614000 0.19145 0.684563 0.715829 1.59184
615000 0.18916 0.663529 0.720156 1.57285
616000 0.184788 0.679377 0.721223 1.58539
617000 0.191219 0.690688 0.736359 1.61827
618000 0.191965 0.713917 0.723364 1.62925
619000 0.190101 0.671911 0.742965 1.60498
620000 0.193293 0.716772 0.719474 1.62954
621000 0.190953 0.687231 0.719181 1.59737
622000 0.1844 0.697099 0.753727 1.63523
623000 0.200522 0.707699 0.752646 1.66087
624000 0.187521 0.697457 0.746886 1.63186
625000 0.183425 0.710397 0.733861 1.62768
626000 0.188494 0.678321 0.726106 1.59292
627000 0.19589 0.720145 0.737252 1.65329
628000 0.197769 0.711417 0.745053 1.65424
629000 0.202973 0.697285 0.749627 1.64988
630000 0.19627 0.734981 0.762096 1.69335
631000 0.196822 0.735759 0.744347 1.67693
632000 0.198357 0.737583 0.752728 1.68867
633000 0.196239 0.732985 0.773595 1.70282
634000 0.198432 0.743039 0.760274 1.70174
635000 0.202396 0.749903 0.758737 1.71104
636000 0.198424 0.777652 0.753949 1.73002
637000 0.195232 0.711149 0.759553 1.66593
638000 0.190761 0.78137 0.775535 1.74767
639000 0.190008 0.731845 0.752503 1.67436
640000 0.18562 0.749564 0.759218 1.6944
641000 0.18785 0.745561 0.755579 1.68899
642000 0.184783 0.729709 0.76221 1.6767
643000 0.196768 0.764017 0.77195 1.73274
644000 0.186138 0.736694 0.771215 1.69405
645000 0.199409 0.727005 0.774887 1.7013
646000 0.18943 0.754633 0.76574 1.7098
647000 0.197281 0.75904 0.775225 1.73155
648000 0.197705 0.724681 0.756288 1.67867
649000 0.192246 0.757897 0.769263 1.71941
650000 0.189792 0.747998 0.76911 1.7069
651000 0.197485 0.773131 0.777058 1.74767
652000 0.199215 0.741125 0.781781 1.72212
653000 0.192945 0.758745 0.776154 1.72784
654000 0.194071 0.739488 0.77991 1.71347
655000 0.200326 0.736986 0.781726 1.71904
656000 0.19785 0.77851 0.775472 1.75183
657000 0.200684 0.734347 0.791636 1.72667
658000 0.204928 0.744808 0.773427 1.72316
659000 0.208189 0.743668 0.768022 1.71988
660000 0.198507 0.743384 0.799012 1.7409
661000 0.210547 0.773525 0.782616 1.76669
662000 0.196774 0.754922 0.791301 1.743
663000 0.206893 0.781996 0.814849 1.80374
664000 0.208345 0.741417 0.780824 1.73059
665000 0.214898 0.752557 0.794733 1.76219
666000 0.200206 0.767711 0.80288 1.7708
667000 0.206448 0.742961 0.804248 1.75366
668000 0.207817 0.80262 0.800361 1.8108
669000 0.211508 0.771909 0.782428 1.76584
670000 0.224839 0.764578 0.808368 1.79779
671000 0.220712 0.765205 0.791945 1.77786
672000 0.209993 0.770763 0.794644 1.7754
673000 0.209313 0.789577 0.804924 1.80381
674000 0.20756 0.75111 0.780312 1.73898
675000 0.20887 0.757805 0.785054 1.75173
676000 0.232425 0.769281 0.779387 1.78109
677000 0.231432 0.788571 0.797491 1.81749
678000 0.228998 0.825111 0.797903 1.85201
679000 0.213425 0.797672 0.793205 1.8043
680000 0.206649 0.811787 0.780828 1.79926
681000 0.216459 0.822051 0.786286 1.8248
682000 0.217146 0.817743 0.79433 1.82922
683000 0.221715 0.822216 0.798196 1.84213
684000 0.204935 0.849594 0.793435 1.84796
685000 0.21441 0.825545 0.79259 1.83254
686000 0.208784 0.844553 0.82016 1.8735
687000 0.21314 0.837461 0.811369 1.86197
688000 0.22557 0.840528 0.809476 1.87557
689000 0.220442 0.847277 0.817418 1.88514
690000 0.239326 0.835867 0.818444 1.89364
691000 0.218931 0.88231 0.838362 1.9396
692000 0.215525 0.848866 0.813943 1.87833
693000 0.222654 0.897418 0.818334 1.93841
694000 0.216375 0.874404 0.836575 1.92735
695000 0.236414 0.85713 0.833641 1.92719
696000 0.234112 0.899351 0.823518 1.95698
697000 0.220213 0.860755 0.829572 1.91054
698000 0.219323 0.915203 0.825517 1.96004
699000 0.223586 0.880506 0.841399 1.94549
700000 0.257601 0.867714 0.83146 1.95678
701000 0.238375 0.927535 0.817463 1.98337
702000 0.221618 0.86943 0.855568 1.94662
703000 0.238967 0.921508 0.849909 2.01038
704000 0.226487 0.887542 0.858292 1.97232
705000 0.22478 0.918045 0.853707 1.99653
706000 0.237448 0.882452 0.832295 1.95219
707000 0.233686 0.903549 0.83946 1.97669
708000 0.234771 0.91609 0.849162 2.00002
709000 0.2497 0.897059 0.849788 1.99655
710000 0.224774 0.927015 0.853144 2.00493
711000 0.234718 0.894326 0.844195 1.97324
712000 0.240132 0.918935 0.830843 1.98991
713000 0.233149 0.913211 0.836223 1.98258
714000 0.224686 0.924383 0.82763 1.9767
715000 0.225896 0.918881 0.831541 1.97632
716000 0.226705 0.911674 0.83086 1.96924
717000 0.226516 0.975401 0.853558 2.05547
718000 0.231992 0.901915 0.843747 1.97765
719000 0.233813 0.934843 0.844509 2.01316
720000 0.232741 0.911537 0.854044 1.99832
721000 0.227114 0.917306 0.822773 1.96719
722000 0.234141 0.961743 0.827368 2.02325
723000 0.219213 0.914318 0.83468 1.96821
724000 0.227447 0.951932 0.83742 2.0168
725000 0.218999 0.910437 0.851474 1.98091
726000 0.230093 0.914044 0.821951 1.96609
727000 0.236461 0.927246 0.843429 2.00714
728000 0.245042 0.893058 0.849798 1.9879
729000 0.230939 0.950381 0.842895 2.02422
730000 0.225156 0.905413 0.870768 2.00134
731000 0.2388 0.951334 0.855497 2.04563
732000 0.224909 0.964818 0.851306 2.04103
733000 0.23638 0.920054 0.829533 1.98597
734000 0.242565 0.97276 0.842191 2.05752
735000 0.222917 0.950651 0.827693 2.00126
736000 0.234005 0.932908 0.840381 2.00729
737000 0.225387 0.920279 0.845758 1.99142
738000 0.242288 0.903907 0.867493 2.01369
739000 0.241762 0.982456 0.841296 2.06551
740000 0.231962 0.91403 0.842378 1.98837
741000 0.238658 0.952117 0.843517 2.03429
742000 0.228024 0.96365 0.867735 2.05941
743000 0.243986 0.936389 0.845752 2.02613
744000 0.239233 0.969313 0.848835 2.05738
745000 0.231089 0.935857 0.841659 2.00861
746000 0.238346 0.960182 0.854739 2.05327
747000 0.236503 0.962131 0.848968 2.0476
748000 0.239699 0.931141 0.863459 2.0343
749000 0.2441 0.984518 0.847405 2.07602
750000 0.248676 0.933169 0.860136 2.04198
751000 0.240154 0.948816 0.873483 2.06245
752000 0.245391 0.952707 0.853535 2.05163
753000 0.234899 0.913098 0.848937 1.99693
754000 0.23438 0.97999 0.863093 2.07746
755000 0.248546 0.922082 0.861809 2.03244
756000 0.237253 0.932619 0.858296 2.02817
757000 0.248783 0.945538 0.839132 2.03345
758000 0.240599 0.92848 0.843255 2.01233
759000 0.235963 0.958099 0.843091 2.03715
760000 0.238041 0.936419 0.851426 2.02589
761000 0.243936 0.93278 0.846399 2.02312
762000 0.238002 1.00078 0.851083 2.08986
763000 0.238041 0.93651 0.837293 2.01184
764000 0.249992 0.968753 0.846366 2.06511
765000 0.254669 0.940751 0.849034 2.04445
766000 0.254554 0.918906 0.852527 2.02599
767000 0.248331 0.996773 0.864465 2.10957
768000 0.240826 0.939994 0.852041 2.03286
769000 0.240176 0.980061 0.849952 2.07019
770000 0.237464 0.926223 0.863801 2.02749
771000 0.237059 0.948896 0.853181 2.03914
772000 0.246052 0.964615 0.842929 2.0536
773000 0.241287 0.927179 0.85274 2.02121
774000 0.251686 0.981433 0.857552 2.09067
775000 0.240838 0.951805 0.838535 2.03118
776000 0.240181 0.955249 0.83869 2.03412
777000 0.248613 0.961404 0.849463 2.05948
778000 0.249028 0.949877 0.863372 2.06228
779000 0.258171 0.948697 0.83903 2.0459
780000 0.253679 0.93995 0.888923 2.08255
781000 0.245405 0.928366 0.864985 2.03876
782000 0.242209 0.930795 0.861953 2.03496
783000 0.25503 0.943166 0.870899 2.06909
784000 0.266343 0.968691 0.874677 2.10971
785000 0.246436 0.940381 0.87359 2.06041
786000 0.248849 0.946248 0.853729 2.04883
787000 0.26678 0.92661 0.864432 2.05782
788000 0.261526 0.925226 0.858538 2.04529
789000 0.271472 0.96487 0.898824 2.13517
790000 0.249731 0.954705 0.878774 2.08321
791000 0.259367 0.940362 0.879269 2.079
792000 0.270169 0.946078 0.87348 2.08973
793000 0.245436 0.928651 0.875999 2.05009
794000 0.256277 0.952119 0.85685 2.06525
795000 0.259646 0.9648 0.865485 2.08993
796000 0.263182 0.951649 0.884853 2.09968
797000 0.255389 0.965823 0.867975 2.08919
798000 0.267479 0.961451 0.889326 2.11826
799000 0.259887 0.960552 0.894918 2.11536
800000 0.250158 0.939615 0.921584 2.11136
801000 0.254911 0.959025 0.910458 2.12439
802000 0.255064 0.962555 0.890734 2.10835
803000 0.251578 0.958383 0.901541 2.1115
804000 0.259249 0.989353 0.886879 2.13548
805000 0.244908 0.978314 0.914928 2.13815
806000 0.257901 0.961009 0.882381 2.10129
807000 0.259597 0.96172 0.895357 2.11667
808000 0.265886 0.974706 0.904854 2.14545
809000 0.263409 0.966309 0.915615 2.14533
810000 0.247547 0.98348 0.918501 2.14953
811000 0.256754 0.970187 0.908614 2.13555
812000 0.254949 1.02705 0.912057 2.19406
813000 0.256438 0.996487 0.92158 2.1745
814000 0.267509 1.00314 0.933147 2.2038
815000 0.24658 1.01707 0.911545 2.1752
816000 0.263211 1.00743 0.89553 2.16617
817000 0.252571 1.02627 0.907954 2.18679
818000 0.26181 0.963862 0.919752 2.14542
819000 0.275374 0.997472 0.914075 2.18692
820000 0.270866 0.996692 0.93535 2.20291
821000 0.275773 1.00116 0.898482 2.17542
822000 0.260186 1.00137 0.888732 2.15029
823000 0.257339 0.984665 0.930158 2.17216
824000 0.273308 1.00802 0.920002 2.20133
825000 0.269115 0.980524 0.937513 2.18715
826000 0.257508 0.996246 0.909307 2.16306
827000 0.261622 0.967467 0.903708 2.1328
828000 0.271459 1.01572 0.917788 2.20497
829000 0.273171 0.998394 0.911987 2.18355
830000 0.261744 0.987735 0.921825 2.1713
831000 0.260915 1.02615 0.903041 2.19011
832000 0.261589 0.997556 0.912107 2.17125
833000 0.266222 1.0013 0.892094 2.15962
834000 0.257902 0.991432 0.904273 2.15361
835000 0.275182 1.02574 0.929147 2.23007
836000 0.261324 0.979836 0.905752 2.14691
837000 0.257634 1.02888 0.914763 2.20128
838000 0.28455 0.987762 0.904997 2.17731
839000 0.256057 1.00821 0.897718 2.16198
840000 0.258653 1.00885 0.90587 2.17337
841000 0.279191 0.98436 0.907536 2.17109
842000 0.264482 1.02379 0.906646 2.19492
843000 0.272007 0.991414 0.892524 2.15594
844000 0.259664 1.01393 0.906474 2.18007
845000 0.261826 0.993981 0.908782 2.16459
846000 0.265104 1.01573 0.908982 2.18981
847000 0.269685 1.04014 0.91286 2.22268
848000 0.263413 1.0266 0.898989 2.189
849000 0.285009 1.03947 0.902284 2.22676
850000 0.2682 1.00621 0.896431 2.17084
851000 0.281589 1.02266 0.903864 2.20811
852000 0.282391 1.02786 0.919908 2.23016
853000 0.28194 1.02601 0.928483 2.23644
854000 0.277956 1.04218 0.902119 2.22225
855000 0.282775 1.00917 0.914767 2.20671
856000 0.279042 1.06014 0.902392 2.24158
857000 0.287459 1.01032 0.902366 2.20014
858000 0.261726 1.03564 0.891499 2.18887
859000 0.282895 1.04657 0.920962 2.25042
860000 0.286931 1.01577 0.931252 2.23395
861000 0.269436 1.04632 0.908477 2.22423
862000 0.282453 1.04643 0.943883 2.27276
863000 0.274814 1.0455 0.916466 2.23678
864000 0.284489 1.0425 0.920051 2.24704
865000 0.276761 1.0166 0.926089 2.21945
866000 0.291017 1.07082 0.94226 2.3041
867000 0.279508 1.05432 0.930625 2.26445
868000 0.272571 1.05291 0.937099 2.26258
869000 0.274296 1.04915 0.935351 2.25879
870000 0.279473 1.03296 0.943525 2.25595
871000 0.272293 1.10804 0.92584 2.30618
872000 0.272218 1.04111 0.952614 2.26594
873000 0.285663 1.07675 0.925359 2.28777
874000 0.274879 1.05347 0.93675 2.2651
875000 0.28891 1.05871 0.928262 2.27588
876000 0.279485 1.0876 0.937538 2.30462
877000 0.275506 1.05499 0.932067 2.26256
878000 0.284105 1.07627 0.931211 2.29159
879000 0.278522 1.02382 0.951745 2.25409
880000 0.287287 1.05543 0.949146 2.29186
881000 0.286368 1.09759 0.952643 2.33661
882000 0.277892 1.04134 0.960044 2.27928
883000 0.268922 1.06719 0.952044 2.28816
884000 0.274025 1.01819 0.961418 2.25363
885000 0.282781 1.07386 0.945682 2.30232
886000 0.288012 1.05444 0.949218 2.29167
887000 0.272682 1.02762 0.950721 2.25102
888000 0.287743 1.07731 0.952923 2.31798
889000 0.280238 1.05112 0.948096 2.27945
890000 0.300906 1.04051 0.949729 2.29115
891000 0.285819 1.04798 0.94352 2.27732
892000 0.302456 1.08328 0.944301 2.33003
893000 0.291581 1.06022 0.9668 2.3186
894000 0.282677 1.09048 0.965606 2.33876
895000 0.295819 1.06256 0.94554 2.30392
896000 0.274392 1.06878 0.978387 2.32156
897000 0.287675 1.08881 0.956921 2.33341
898000 0.29378 1.06826 0.950584 2.31262
899000 0.278606 1.08003 0.945095 2.30373
900000 0.285452 1.0586 0.969046 2.3131
901000 0.278083 1.05912 0.972078 2.30928
902000 0.291107 1.08765 0.95757 2.33633
903000 0.277676 1.04892 0.977673 2.30427
904000 0.289611 1.10361 0.994318 2.38754
905000 0.282156 1.07146 0.975695 2.32931
906000 0.290671 1.07938 0.958472 2.32852
907000 0.286388 1.06691 0.999429 2.35272
908000 0.276841 1.07043 0.972552 2.31982
909000 0.285996 1.07561 0.981896 2.3435
910000 0.282337 1.05345 0.955805 2.29159
911000 0.295051 1.07264 0.970528 2.33822
912000 0.288299 1.04488 0.977002 2.31018
913000 0.298692 1.05152 0.962973 2.31318
914000 0.273228 1.09925 1.0144 2.38687
915000 0.283341 1.05164 0.975205 2.31019
916000 0.295626 1.07283 0.980101 2.34856
917000 0.284125 1.08381 0.959589 2.32752
918000 0.294588 1.07569 0.97901 2.34929
919000 0.282505 1.12804 0.993003 2.40355
920000 0.300419 1.07508 0.98051 2.35601
921000 0.303389 1.08678 0.99802 2.38819
922000 0.274431 1.08252 0.982521 2.33948
923000 0.283841 1.07729 0.977713 2.33884
924000 0.283529 1.13364 0.987137 2.40431
925000 0.276198 1.07967 0.994058 2.34992
926000 0.294872 1.10492 0.990172 2.38996
927000 0.284257 1.09089 0.980941 2.35609
928000 0.299002 1.08996 1.00136 2.39032
929000 0.296161 1.08666 0.971823 2.35465
930000 0.285802 1.07858 0.961609 2.32599
931000 0.294238 1.08093 0.988232 2.3634
932000 0.289159 1.10388 0.998008 2.39105
933000 0.294667 1.12411 0.998071 2.41684
934000 0.286627 1.1142 0.983032 2.38386
935000 0.292863 1.09387 0.994946 2.38168
936000 0.287144 1.10402 1.01337 2.40453
937000 0.299169 1.10739 0.984473 2.39103
938000 0.289534 1.08901 1.00492 2.38346
939000 0.304094 1.10987 1.00345 2.41742
940000 0.299237 1.11307 0.990767 2.40307
941000 0.308105 1.09797 0.999921 2.406
942000 0.297277 1.10811 1.00687 2.41225
943000 0.306947 1.103 1.01167 2.42161
944000 0.298015 1.117 1.01261 2.42762
945000 0.297595 1.10217 0.99967 2.39944
946000 0.308145 1.12598 1.01578 2.4499
947000 0.307932 1.12898 1.01745 2.45436
948000 0.303339 1.10782 1.0205 2.43166
949000 0.312073 1.12382 1.03338 2.46927
950000 0.293918 1.11478 0.996489 2.40519
951000 0.307443 1.15092 1.01002 2.46838
952000 0.305422 1.13723 1.01176 2.45441
953000 0.316261 1.17218 1.00862 2.49706
954000 0.305036 1.1152 1.03371 2.45394
955000 0.303113 1.14148 1.02651 2.4711
956000 0.314772 1.13321 1.02401 2.472
957000 0.313487 1.12936 1.01987 2.46272
958000 0.307756 1.12943 1.02147 2.45866
959000 0.302053 1.12624 1.00216 2.43045
960000 0.299466 1.09919 0.995149 2.39381
961000 0.305125 1.09158 1.01881 2.41551
962000 0.320676 1.17442 1.01688 2.51198
963000 0.334127 1.13467 1.03197 2.50076
964000 0.304231 1.1342 1.01396 2.45239
965000 0.302945 1.14008 1.04613 2.48915
966000 0.297568 1.12059 1.02207 2.44023
967000 0.302017 1.12832 1.03432 2.46466
968000 0.315688 1.13486 1.02061 2.47116
969000 0.324753 1.11999 1.00539 2.45014
970000 0.309202 1.14269 1.01232 2.46421
971000 0.301037 1.14758 1.0063 2.45492
972000 0.304586 1.14707 0.99622 2.44788
973000 0.303855 1.09648 1.03538 2.43571
974000 0.300937 1.18042 1.01336 2.49472
975000 0.306691 1.13468 1.0189 2.46027
976000 0.29748 1.13849 1.02923 2.4652
977000 0.301541 1.15781 1.02426 2.48361
978000 0.30707 1.12905 1.04618 2.4823
979000 0.310671 1.1497 1.01228 2.47266
980000 0.316436 1.14175 1.00229 2.46048
981000 0.31218 1.15194 1.01597 2.48009
982000 0.310806 1.15402 1.02215 2.48698
983000 0.324428 1.10685 1.0413 2.47258
984000 0.308732 1.14469 1.01697 2.4704
985000 0.317576 1.14474 1.03627 2.49858
986000 0.310586 1.17015 1.01823 2.49896
987000 0.32059 1.1448 1.02925 2.49464
988000 0.314402 1.15148 1.03366 2.49954
989000 0.320993 1.18504 1.03298 2.53901
990000 0.319231 1.15688 1.01904 2.49515
991000 0.320924 1.18 1.0195 2.52042
992000 0.318353 1.16139 1.0425 2.52224
993000 0.316751 1.14768 1.0352 2.49963
994000 0.329045 1.14224 1.03805 2.50933
995000 0.312176 1.14298 1.0178 2.47296
996000 0.315324 1.17418 1.03153 2.52104
997000 0.31198 1.12182 1.034 2.4678
998000 0.319993 1.1425 1.01471 2.47719
999000 0.308528 1.16717 1.04273 2.51843
1000000 0.311838 1.1435 1.05128 2.50662
1001000 0.322032 1.16222 1.03837 2.52262
1002000 0.329622 1.15893 1.04704 2.53559
1003000 0.312108 1.14425 1.05856 2.51491
1004000 0.3123 1.16812 1.05867 2.53909
1005000 0.317987 1.16648 1.03421 2.51868
1006000 0.338411 1.16134 1.05199 2.55174
1007000 0.339542 1.13235 1.04099 2.51289
1008000 0.329409 1.13392 1.05203 2.51536
1009000 0.322423 1.17088 1.05321 2.54651
1010000 0.32608 1.14823 1.05111 2.52543
1011000 0.316858 1.1645 1.04651 2.52787
1012000 0.322954 1.18111 1.0572 2.56127
1013000 0.334588 1.15278 1.04771 2.53508
1014000 0.313596 1.18437 1.04394 2.54191
1015000 0.326706 1.15389 1.05563 2.53622
1016000 0.322188 1.13565 1.05619 2.51403
1017000 0.324385 1.17947 1.07619 2.58004
1018000 0.317293 1.18079 1.07105 2.56913
1019000 0.313794 1.1711 1.05334 2.53824
1020000 0.322419 1.16975 1.06637 2.55855
1021000 0.328105 1.16053 1.06372 2.55236
1022000 0.310892 1.17151 1.06389 2.54629
1023000 0.31827 1.14848 1.07321 2.53996
1024000 0.326504 1.18668 1.08091 2.59409
1025000 0.331578 1.17804 1.06685 2.57646
1026000 0.326197 1.19856 1.081 2.60576
1027000 0.332782 1.19909 1.05736 2.58923
1028000 0.318381 1.15367 1.07114 2.54318
1029000 0.327257 1.19219 1.07888 2.59832
1030000 0.316631 1.19412 1.08677 2.59753
