         692
Lattice="  42.3235   0.0000   0.0000   0.0000  45.8549   0.0000   0.0000   0.0000  52.9081 " Time=0.000E+00  Step=0
Ni     0.00094282    0.00392964   50.81708643     139
Ni    17.63634015    3.57597080   47.23087724     158
Ni    21.20118920    5.31267866   45.49501990     162
Ni    22.90880781    3.54181181   49.02892844     163
Ni    21.14718048    3.58096686   47.26927648     164
Ni    38.84502807    1.74887328   49.08331776     184
Ni    40.58784533    3.49871817   49.08553183     187
Ni     0.00668051    1.74971521   49.07142876     188
Ni    15.86590866    3.54780309   45.47753609     205
Ni    17.64450565    7.02128806   47.24557376     206
Ni    17.61318775    5.29082745   49.02811060     208
Ni    19.40839786    7.05449724   45.52290093     209
Ni    21.16942997    7.03826467   47.28732219     210
Ni    19.40560295    7.01519242   49.00928762     212
Ni    22.95771060    5.30040532   47.28841275     213
Ni    22.92805126    7.05013777   49.04278155     215
Ni    31.83162439   21.19099200   47.30129235     414
Ni    30.06446707   21.21659157   45.57373061     461
Ni    31.82021428   24.64662283   47.23205840     462
Ni    30.05569372   22.92487563   47.27769861     463
Ni    31.85666615   24.62044096   50.75214502     464
Ni    33.59240827   22.92811666   47.27421305     465
Ni    35.35651387   24.70973850   47.28661316     466
Ni    33.60859511   24.65761818   48.99500971     467
Ni    37.08638316   24.69304806   49.04712902     471
Ni    33.65080347   28.16004576   48.95842790     513
Ni    35.36080459   28.19968102   47.24594636     514
Ni    33.59880578   26.43706156   47.25263867     515
Ni    35.37342665   28.15182825   50.72450914     516
Ni    37.09770516   28.18713403   49.00701013     519
Ni    42.28059152   29.91970493    6.69072253     523
Ni    30.08058461   33.58973102   50.76199625     556
Ni    19.39534966    3.57159620   49.00270439     739
Ni    38.83631159    0.00667778   50.81997232     758
Ni    40.57452939    0.01057880   52.56603775     763
Ni    21.14265706    3.53964959   50.77746320     786
Ni    38.82209887    1.75525663   52.57616990     802
Ni    40.57158178    3.50416143   52.57924957     806
Ni    38.83354450    3.50004280   50.83541509     808
Ni    40.58613143   45.85283305   49.06707843     809
Ni     0.00214397    3.50087145   50.82664365     810
Ni    42.31724046    1.75480019   52.56763683     812
Ni    15.85020426    5.29206999   47.24320677     829
Ni    19.39087364    5.28682749   50.79822909     833
Ni    21.15098913    7.03493448   50.78100855     834
Ni    22.90740132    5.28601805   50.78659646     837
Ni    17.56322533   21.15587459   50.85126206    1022
Ni    17.57505950   19.39385604   52.59759642    1024
Ni    19.34251033   19.43839246   50.87731647    1025
Ni    21.08580877   21.19236802   50.86594028    1026
Ni    21.05741775   22.83317081    3.20620554    1027
Ni    21.09858607   19.42661430   52.62707056    1028
Ni    22.85889564   21.16922580   52.60139398    1031
Ni     5.25882068   24.69914775   52.60115420    1059
Ni    19.30136334   28.14789904    3.27969199    1068
Ni    19.31805629   22.88931432   50.85452544    1073
Ni    21.05484675   24.61415170   50.77888260    1074
Ni    17.54472800   22.87808752   52.59121163    1075
Ni    19.36410041   22.75415390    1.35480081    1076
Ni    22.85263641   22.89169382   50.79986488    1077
Ni    22.77428482   24.57013420   52.54545564    1079
Ni    31.94611800   26.28698581   52.47733703    1086
Ni    31.84072418   22.88085657   52.55663849    1088
Ni    35.34813280   24.64426962   50.80059118    1090
Ni    33.59686591   22.91317777   50.82367541    1091
Ni    35.32545365   22.91014176   52.58089324    1092
Ni     3.52220384   24.70627964   50.85185160    1102
Ni     1.77300710   24.70579327   52.60295315    1103
Ni     5.26304990   26.45533438   50.84925408    1105
Ni     5.25837392   28.19964345   52.59261296    1107
Ni    17.58411738   26.40997085   52.58530959    1120
Ni    19.28222984   28.18588732   52.47291416    1123
Ni    21.02456971   26.36060125   52.46943417    1124
Ni    22.70240155   28.11191294   52.34469945    1127
Ni    24.56704781   26.27532795   52.50562111    1128
Ni    28.27328585   28.05553562   50.78872161    1130
Ni    26.33891692   27.96991588   52.42069505    1131
Ni    28.23141066   26.16473906   52.39053147    1132
Ni    30.28458053   28.06937160   52.36001975    1135
Ni    33.65684794   26.37813894   50.70155357    1137
Ni    35.34524915   26.36707208   52.54530545    1140
Ni    37.08962817   26.41706028   50.78443324    1141
Ni    38.79205872   28.20141147    1.44805652    1143
Ni    40.53799913   29.95173869    1.44436457    1147
Ni     1.77766891   26.45663233   50.84618659    1149
Ni     3.51596501   28.20790426   50.84081243    1150
Ni     1.76046688   28.20129548   52.58964010    1151
Ni     1.75291555   26.45123714    1.44056634    1152
Ni    22.89325024   31.73939331   52.59154469    1175
Ni    24.58846548   29.82025523   52.16219749    1176
Ni    26.56224060   29.97993738   50.87434520    1177
Ni    26.22930675   31.96822495   52.44976125    1179
Ni    28.66201233   29.87491496   52.20792061    1180
Ni    32.14151087   29.95203772    2.90608124    1181
Ni    28.45218558   31.84735563    0.53750662    1183
Ni    24.62168600   33.84375631   52.25419264    1224
Ni    28.27918778   31.85120312   50.85839102    1225
Ni    26.42872908   35.54555764   52.27753524    1227
Ni    28.24546599   33.85843623   52.39211903    1228
Ni    26.42257127   37.06924063    1.31176209    1273
Ni    28.41859787   37.28148884    3.12963314    1276
Ni    10.53364338   17.57788224    4.97058890    1595
Ni    19.34579018   19.41138148    1.43155279    1649
Ni    19.31693798   21.10283719    3.21523162    1651
Ni    21.09907336   19.38297656    3.19411649    1652
Ni    22.87171803   19.41435830    1.44897684    1653
Ni    22.84873924   21.12424911    3.21047321    1655
Ni    10.55828743   24.67407346    1.46344321    1686
Ni    10.54867456   22.90862226    3.20506464    1688
Ni    12.29058115   22.91141278    1.46053302    1689
Ni    14.03567193   24.65866004    1.45900299    1690
Ni    14.03330664   22.88694221    3.20234063    1692
Ni    17.53969647   21.11043638    1.43094925    1693
Ni    17.60320008   26.36263890    3.18877882    1694
Ni    17.59271074   24.61928460    1.42464365    1697
Ni    20.99303131   24.59341935    1.39859819    1698
Ni    19.24574083   24.49005721    3.20174208    1699
Ni    22.77632442   22.85514860    1.43890124    1701
Ni    31.84660620   24.58697620    1.38246105    1710
Ni    33.58135332   22.86985244    1.42614418    1713
Ni    35.34603433   24.61702156    1.42602247    1714
Ni    40.55553256   26.46250631    1.46274842    1718
Ni     3.50686884   24.69677205    1.44478220    1726
Ni     5.25264478   26.44455527    1.43272121    1729
Ni    10.55965500   26.42012625    3.20180944    1736
Ni    12.30667107   26.42791816    1.45277384    1737
Ni    14.05218927   26.40022936    3.19959243    1740
Ni    17.62124998   28.13836710    1.43770163    1742
Ni    19.30194882   24.64157632   52.56747176    1745
Ni    20.76739254   27.85848340    1.40448690    1746
Ni    20.85572805   26.20364279    3.22548841    1748
Ni    24.24520357   28.07454859    1.17127188    1750
Ni    22.46406106   27.86387612    3.22010258    1751
Ni    24.62561783   26.48150458    3.18339764    1752
Ni    26.44600013   25.96703425    1.21948455    1753
Ni    28.40566268   28.00488730    0.82411965    1754
Ni    24.18423866   29.29369541    3.35828014    1755
Ni    28.12046695   26.29759011    3.15015261    1756
Ni    28.28650391   28.64182090    2.96119090    1757
Ni    30.29516301   27.65932704    3.06727087    1758
Ni    26.29699907   28.01299531    1.97052027    1759
Ni    33.62472603   26.31847786    1.37201247    1761
Ni    42.29517374   26.48597483    3.22022602    1766
Ni    38.80383699   26.44765690    3.21224837    1768
Ni    40.55928684   26.47489336    4.95661248    1769
Ni    42.30220902   28.20635765    1.42932718    1770
Ni     1.73309719   24.69295348    6.74036070    1772
Ni     3.50445946   28.19197340    1.42702204    1773
Ni     1.74784324   28.19982799    3.19718685    1775
Ni    20.76999557   31.77288455    1.24106126    1794
Ni    21.06183530   29.96298528    3.32796062    1796
Ni    22.41665863   29.52851430    1.34697724    1797
Ni    24.57386814   32.82623770    1.33028047    1798
Ni    22.78042604   31.60576067    2.13572298    1799
Ni    24.74150158   31.57041358    3.43483926    1800
Ni    24.69199284   30.47474973    1.36167418    1801
Ni    30.39312594   31.70868274   52.32213356    1802
Ni    25.77675124   33.72745597    3.42454596    1803
Ni    26.57161408   31.99585307    1.92037698    1804
Ni    30.16299098   29.79703176    1.27991130    1805
Ni    30.53518288   31.85427991    2.60878333    1807
Ni    26.35520884   29.99536853    3.02756561    1808
Ni    38.76809377   29.95159897    3.18785252    1816
Ni    42.28058725   29.91735325    3.20726991    1820
Ni    21.08623283   33.45207132    3.28402199    1843
Ni    20.62536646   31.72613342    5.25073740    1844
Ni    22.48329266   33.77658368    1.23778807    1845
Ni    24.49028091   35.32381261    1.49222277    1846
Ni    22.62626728   35.58799648    3.19404947    1847
Ni    23.54650049   33.57225294    3.34902613    1848
Ni    26.53244462   34.15576440    1.16397337    1849
Ni    28.41904399   35.52736177    1.31965544    1850
Ni    26.75063378   35.70762580    3.21183673    1851
Ni    28.47590728   33.33824759    2.40469317    1852
Ni    30.27399161   33.61278348    1.02142642    1853
Ni    29.97052617   35.33731577    3.18679987    1855
Ni    31.83051624   33.69954175    3.15976178    1856
Ni    28.33671131   35.93118421    5.14975055    1897
Ni    28.23290292   38.79511197    5.01158618    1898
Ni    26.32867322   37.19033461    5.04875340    1899
Ni    28.24200890   37.26820542    6.97552343    1900
Ni    30.20019200   37.23740004    4.95540839    1901
Ni    21.11092210   44.07920034    6.73318661    1939
Ni    22.86318359   42.33964068    6.74431724    1943
Ni    22.88026282   45.81485110    6.73310780    1991
Ni    24.64145572   44.06610398    6.72462459    1992
Ni    10.54506045   14.07105262    4.95181678    2166
Ni     8.82799165   14.08539198    6.73800512    2167
Ni    10.54308797   12.29864703    6.72649887    2168
Ni    10.52257755   12.32268532   10.22934072    2212
Ni     8.80109959   15.82739104    4.97681454    2213
Ni     8.78991562   17.58199417    6.72236142    2214
Ni    12.24048369   15.80010838    8.46736395    2216
Ni    12.28141199   15.81949407    4.96964816    2217
Ni    12.26634174   17.56034694    6.72510864    2219
Ni    26.40014610   17.58404793   10.25670761    2230
Ni    22.88735656   17.59997449    6.73637332    2231
Ni    24.64191568   19.35298545    6.74641673    2280
Ni    26.40710320   17.61456081    6.73448735    2284
Ni    10.55432530   24.65428018    4.94592206    2310
Ni    12.28932645   22.88448251    4.95360466    2313
Ni     1.71328674   29.94931654    8.45965169    2351
Ni     5.24704167   28.18351804    6.73110435    2355
Ni    12.30471529   26.39876108    4.94456234    2361
Ni    14.03310140   24.62798327    4.94413532    2364
Ni    24.34765736   27.87511000    5.28312912    2374
Ni    26.38191515   26.04051444    5.19681728    2377
Ni    26.37911344   28.04225388    4.24443229    2378
Ni    26.30012059   27.99247443    6.79313098    2379
Ni    26.87668160   29.94689699    0.70109944    2382
Ni    31.70532449   28.21199318    5.02274005    2383
Ni    38.75588373   28.19580423    4.94837378    2390
Ni    40.52361944   28.18934809    6.72078762    2394
Ni    42.27168018   28.17843237    8.48333115    2395
Ni     1.72277379   26.46446280    4.96564067    2397
Ni    24.38389472   33.64621570    7.23666884    2418
Ni    25.65875794   30.00696035    5.32802473    2421
Ni    24.47225825   31.97133327    5.64996776    2422
Ni    22.74073206   29.61345100    5.28218717    2423
Ni    24.31433230   29.79131664    7.13249501    2424
Ni    26.86679660   31.88514705    4.27860948    2425
Ni    28.44798720   30.87158852    2.59512856    2426
Ni    27.91178518   29.94270537    4.83845791    2427
Ni    29.87476921   30.01528218    6.04349859    2428
Ni    28.49966586   27.77855514    5.20372541    2429
Ni    30.26175693   33.88222749    5.11965853    2430
Ni    30.20996817   32.09111644    6.90038359    2431
Ni    31.72909843   31.69349012    4.91603431    2432
Ni    30.14230633   29.78786083    3.85621278    2433
Ni    40.53381930   29.91224473    4.92815506    2441
Ni     3.47620253   26.45209205    6.76630145    2444
Ni     1.71392386   29.91894122    4.96124562    2445
Ni     3.48198436   29.93080807    6.72470909    2448
Ni    22.59925944   31.62468883    4.32646381    2469
Ni    24.58807853   35.26408944    5.04192617    2470
Ni    22.66761659   33.66413593    5.45340525    2471
Ni    27.98460345   31.84760518    6.27709499    2472
Ni    26.20481713   33.52736132    5.85626816    2473
Ni    29.33696369   31.90515615    4.51173521    2474
Ni    26.44947553   35.57601180    6.87902758    2475
Ni    28.39696643   33.99548691    6.86223364    2476
Ni    27.99172627   33.87923664    4.48519986    2477
Ni    21.09478886   42.34095045    8.50060184    2562
Ni    24.61837236   42.34279667    8.50118116    2566
Ni    22.85386703   42.33936287   10.25458618    2567
Ni    21.11721809   45.81808852    8.48937245    2610
Ni    21.09534497   44.07385819   10.25057014    2612
Ni    24.62832318   44.07671326   10.25225376    2613
Ni    24.63122580   45.81368472    8.48624456    2614
Ni    22.86794151   45.81306941   10.24131134    2615
Ni     6.96524940    8.78706062   13.74879746    2643
Ni     5.23962175    5.28372647    8.48025735    2689
Ni     6.99256632    7.03215211    8.48379099    2690
Ni     6.97218395    5.27866933   10.22273819    2692
Ni     3.50162876    7.03713781    8.48873663    2734
Ni     3.48190919    5.28770565   10.22897536    2736
Ni     5.25039521    8.78526938    8.48662533    2737
Ni     5.22737512    8.78754478   11.98043316    2739
Ni     6.98651786    8.79012192   10.22810341    2740
Ni     3.49259150    8.78478099   10.23439146    2784
Ni     8.78999726   12.32319151    8.47621785    2789
Ni    12.26749248   14.06771576   10.23359462    2790
Ni     8.77935080   14.07509610   10.22492371    2791
Ni    12.28051810   12.31893402    8.48048243    2793
Ni    24.64988669   15.86312882    6.73595374    2806
Ni    22.87720935   17.57130680   10.26514527    2810
Ni     8.81091672   15.81777720    8.46575501    2837
Ni    10.52519345   17.59162997    8.47580509    2838
Ni    10.52249211   15.82028669   10.24896462    2840
Ni    12.26160281   14.07489744    6.73166036    2841
Ni    22.89351302   15.84649034    8.49227540    2853
Ni    26.39689156   19.34069446    8.50356936    2854
Ni    24.64333783   15.83820415   10.25086008    2856
Ni    26.39758321   15.85468210    8.49002354    2857
Ni    22.87751074   19.31510147    8.51059491    2901
Ni    24.63278331   19.30700124   10.26682956    2904
Ni    42.30437359   24.68062207    8.47558611    2970
Ni     3.48627897   24.65278439    8.47504274    2974
Ni     1.72835600   24.66935414   10.21700595    2975
Ni     5.26328793   26.42389643    8.47247231    2977
Ni    10.49755590   28.16537394   12.00477843    2979
Ni    26.20477460   29.69577138    8.75614163    3000
Ni    30.01369927   29.95933265    8.49481607    3007
Ni     1.73044085   28.15708302   10.17986085    3018
Ni    42.29370690   26.41922237   10.22155482    3020
Ni    42.30040101   26.45031926    6.72594062    3021
Ni     3.46997804   26.43035215   10.18354056    3022
Ni     3.46974758   29.91344292   10.19189628    3023
Ni     5.23969388   29.92669348    8.46464508    3025
Ni     7.01161579   29.92459156   10.22732737    3028
Ni     8.75397263   31.67378435   10.21965989    3031
Ni    10.51121058   29.91739176   10.23461084    3032
Ni    22.54112235   31.64161472    6.91192838    3045
Ni    26.05905724   31.53438706    7.33306473    3046
Ni    30.02666609   27.92774184    6.98566554    3049
Ni    28.26041397   31.78852957    8.58795572    3050
Ni    26.33866965   31.72187559   10.13633007    3051
Ni    27.89738997   29.70428705    7.18735223    3052
Ni    31.96751917   29.96012719    6.86149032    3053
Ni    22.58074075   33.49284998    8.64954937    3093
Ni    24.63078480   35.46511131    8.62959665    3094
Ni    24.58654292   33.53509404   10.18764945    3096
Ni    26.48870359   33.63064366    8.47654127    3097
Ni    12.20462012   33.39557748   15.49993674    3132
Ni     5.21396002    5.28435999   11.97211096    3313
Ni     6.91690690    5.26258735   17.22097392    3315
Ni     6.94825809    5.27570150   13.73650634    3316
Ni     5.19169703    5.27003175   15.49008242    3360
Ni     3.47970258    7.03783420   11.98347356    3361
Ni     8.69650183    8.79129807   15.49047090    3364
Ni     8.74360025   14.09363414   13.77148767    3415
Ni     6.98735090   14.10251781   15.51580955    3456
Ni     7.00245942   15.84343752   13.77156543    3460
Ni     8.75079576   17.58344569   13.78026679    3463
Ni    10.49748597   15.83700256   13.78065409    3464
Ni     8.76994327   28.17833410   10.24382796    3601
Ni     7.00740434   28.17500934   11.97861386    3602
Ni     8.74660019   28.16151772   13.74448111    3605
Ni     5.23435094   28.17069801   10.20688190    3649
Ni     6.99916606   31.66337933   11.97162023    3650
Ni     6.99655980   29.91312746   13.72638922    3652
Ni    12.21656785   31.65682743   13.76995229    3653
Ni    10.48201242   31.65357125   11.97235697    3654
Ni     8.74168640   31.65218986   13.73054213    3655
Ni    24.26144666   31.66673956    8.70863180    3670
Ni    35.30171781   31.71123627   12.03324951    3682
Ni    36.99257241   35.20972641   17.25799389    3683
Ni    35.26999921   29.96839244   13.78699884    3684
Ni    37.02185518   29.95001000   12.02940601    3685
Ni    38.75196916   31.70198882   12.00767763    3686
Ni    38.75047524   29.94785683   13.76601443    3688
Ni    10.47233722   33.41219795   13.73876757    3704
Ni    33.49938600   31.69957558   13.77051183    3732
Ni    37.02537498   33.46567499   12.00522824    3733
Ni    37.01867016   35.23337762   13.77477778    3735
Ni    38.72549011   33.43794631   13.77365938    3736
Ni     5.19128980    7.03145993   17.23575808    3939
Ni     6.95555453    7.03414622   11.95293800    3943
Ni     8.69662411    7.03161385   13.73972273    3944
Ni     5.21180207    8.79195904   15.50221767    3985
Ni     5.22632874    7.03503358   13.77098269    3988
Ni     6.93854505    8.79452630   17.24178615    3991
Ni     8.72790576   14.11192215   17.26119060    4034
Ni    10.48469495   14.09900936   15.52121765    4038
Ni     6.99982656   17.59346558   15.52406486    4082
Ni     6.98673562   15.85514118   17.27091406    4084
Ni    10.49301540   17.58462823   15.53477515    4086
Ni     8.74148015   17.59786003   17.28090089    4087
Ni    10.48631900   15.84930282   17.27732042    4088
Ni     8.75112165   29.92064615   15.51553852    4277
Ni    10.48214036   29.91332976   13.75574288    4278
Ni     8.72724462   31.65163650   17.25413736    4279
Ni    10.48437833   29.90067660   17.27473807    4280
Ni    12.22316969   29.90362536   15.52332755    4281
Ni    12.21985398   31.64501323   17.25945433    4283
Ni    33.48268768   29.94353147   15.50399478    4305
Ni    35.33545182   33.40479977   13.83565087    4306
Ni    33.46874276   31.69087124   17.24195597    4307
Ni    35.24840502   29.97046308   17.24583411    4308
Ni    36.99051576   29.95651602   15.51789890    4309
Ni    35.29614681   33.38589599   17.20341836    4311
Ni    38.73405320   29.94765821   17.26239736    4312
Ni     8.72449438   33.39626870   15.48278971    4325
Ni    10.46027566   33.38610163   17.23714091    4328
Ni    33.48987333   33.43825144   15.50105977    4353
Ni    35.27124036   35.21766238   15.51555855    4354
Ni    38.72714391   31.69972071   15.50361915    4357
Ni    38.74056384   35.20065659   15.51362721    4358
Ni    38.70025002   33.42190815   17.24374442    4360
Ni     8.65455686    7.02607586   17.20998922    4568
Ni     8.67282386    5.26762449   15.47379341    4569
Ni    19.00522750   10.28687044   27.58367830    4668
Ni     5.22854664   28.15408416   20.81248710    4850
Ni     5.23327129   28.15968608   24.32834627    4851
Ni     6.98752834   26.40994009   20.82747075    4852
Ni     8.72871424   28.14363836   20.82091581    4855
Ni     6.96780275   29.88809428   20.80962818    4900
Ni    35.23592655   31.69029818   19.02492919    4930
Ni    36.98280331   29.94589283   19.01573977    4933
Ni    38.72489354   31.68712162   19.01565131    4934
Ni    36.98002099   33.43111149   19.02800389    4981
Ni    29.97111202   42.23753245   24.28289278    5069
Ni    29.97236938   45.74592834   24.29136174    5071
Ni    28.19277400   43.91255559   24.17764235    5116
Ni    31.70348790   44.02306963   24.33137053    5120
Ni    22.42124268    8.41004823   25.69287646    5204
Ni    26.25954446    6.90300100   24.06591786    5211
Ni    28.12415423    5.32094297   24.39456916    5212
Ni    20.64206989    8.19993082   27.40572151    5253
Ni    26.83989297    9.21022287   26.46483684    5254
Ni    22.94969943   10.48320388   24.41001157    5255
Ni    24.53393652    8.61888506   24.06839715    5256
Ni    26.40354270   10.54091813   24.44264022    5259
Ni    28.17174183    8.77890120   24.43628754    5260
Ni    22.82359261   12.26693903   26.19276598    5348
Ni     5.24674984   26.42275051   22.57694468    5473
Ni     6.99569010   26.41641771   24.33443670    5476
Ni     8.74242107   26.40674973   22.58428645    5477
Ni     5.22072753   29.89467819   22.56415780    5521
Ni     6.97280731   29.88978939   24.31923279    5524
Ni    28.21919543   42.24813505   26.02049990    5690
Ni    31.68629650   42.28849610   26.08917110    5694
Ni    29.94141630   42.29068896   27.83365556    5695
Ni    28.19808431   45.57213135   25.91398838    5738
Ni    28.19173602   44.02539699   27.80564325    5740
Ni    31.69265335   44.05249779   27.86703927    5741
Ni    31.67581940   45.80502476   26.10270796    5742
Ni    29.94328975   45.77578192   27.85743172    5743
Ni    28.00407512    3.31711538   25.77802608    5786
Ni    27.95288024    3.51483560   28.03712928    5787
Ni    27.98971108    1.29679070   27.65314706    5788
Ni    29.88879708    1.74527744   26.13435050    5789
Ni    30.20630991    3.61250284   27.96978300    5791
Ni    26.32389841    5.26384076   27.98003975    5829
Ni    24.14423161    6.51322400   25.65682703    5830
Ni    26.06270449    1.27071852   29.17390466    5832
Ni    26.05416207    4.78881719   25.68899084    5833
Ni    26.30840746    6.97424271   26.32492733    5834
Ni    28.61291119    5.70796662   28.24328871    5836
Ni    29.92285583    5.22174465   26.15875530    5837
Ni    20.60609686    6.46329630   29.13245096    5870
Ni    17.70196567   10.36382108   31.48302351    5875
Ni    22.37111887    6.46976973   27.37820222    5876
Ni    24.85809794   10.94121332   26.36079546    5878
Ni    20.92969836   10.34145623   25.77109137    5879
Ni    28.56080805    7.22492648   26.33997441    5885
Ni    19.35924011   12.24112424   26.13442324    5918
Ni    21.15803706    8.70951603   29.73401471    5924
Ni    21.21172495   10.32017272   28.02658869    5925
Ni    23.37161386   11.00189601   28.28142031    5926
Ni    21.20519759   12.57005263   28.02891957    5927
Ni     1.74737620   19.42123238   29.65502350    6048
Ni     0.00515943   22.93155604   31.41030991    6092
Ni     8.74249311   28.15085034   24.33514922    6102
Ni     8.71312462   29.87822743   22.56737168    6149
Ni    22.40581316    1.20235264   32.64472793    6355
Ni    28.15818545    0.06271645   33.14532615    6367
Ni    24.15256237    1.21351685   30.89995195    6402
Ni    22.35514858    2.95236427   30.87431139    6404
Ni    24.10380562    2.95388956   29.14572978    6406
Ni    24.61691739    1.84412588   33.13109287    6407
Ni    26.87970834    2.13865437   33.59698919    6409
Ni    28.60772580    3.89973490   30.16188397    6410
Ni    28.11671203   45.83626775   29.70304118    6411
Ni    28.57748786    1.97320496   31.60857362    6412
Ni    29.88120702    1.78760889   29.56781324    6413
Ni    23.40185606    9.33670218   30.20287346    6450
Ni    20.60696954    4.70503983   30.86365560    6451
Ni    26.93278510    5.78972128   30.19458215    6454
Ni    25.17168816    5.82200250   31.96569916    6456
Ni    25.83535484    2.99758538   27.40710677    6459
Ni    17.32995158   10.25654282   29.25399141    6494
Ni    15.44052994   10.20706446   30.96637867    6495
Ni    17.14574514    8.20859937   30.86352945    6496
Ni    18.90778967    8.35332061   29.14532233    6497
Ni    25.17174512    9.28293052   28.47055464    6498
Ni    19.85546602   11.07082677   31.84999890    6499
Ni    18.87383949    6.47149181   30.85648722    6500
Ni    25.16807937    7.56146090   30.23473302    6501
Ni    19.44376746    8.74039908   31.41733379    6503
Ni    14.09175592   12.24629976   31.40963201    6540
Ni    15.84817044   12.23154937   29.64234235    6541
Ni    17.73336201   12.61786995   31.58856329    6544
Ni    19.28226317   12.08111416   29.61733290    6545
Ni    24.60333461    8.68637107   26.32707846    6546
Ni    19.50316913   14.18288057   31.49469654    6547
Ni    21.48431799   12.76781542   31.76781898    6548
Ni    21.21135495   14.16133462   29.77464167    6594
Ni    22.90693645    8.68994698   27.99115716    6596
Ni    21.53479915   11.05468996   30.15945325    6599
Ni     5.27706023   21.16907501   31.41932838    6627
Ni     0.02456286   19.44700281   31.41503775    6668
Ni     0.00243173   21.18265124   29.65360766    6669
Ni     5.27423924   24.67181346   34.91719968    6670
Ni     1.75099713   22.92543864   33.16353342    6671
Ni     3.50013376   19.41795276   31.41213982    6672
Ni     5.25604465   24.65086091   31.41859765    6675
Ni     7.01942291   22.90900903   31.41663956    6676
Ni    33.51968907   24.71785065   31.42009590    6707
Ni    37.02914827   24.71528887   31.42319008    6711
Ni     1.74514728   22.91585213   29.65756313    6717
Ni     3.48915886   21.16261704   29.65930832    6720
Ni    35.25878258   26.44718639   31.42750393    6756
Ni     3.51820145   24.67020534   33.16642788    6768
Ni     5.18768265   38.71714869   34.94026387    6867
Ni     5.17931215   42.21002554   34.93258997    6915
Ni     6.91381207   40.44881725   34.93864053    6916
Ni    19.39552601    0.02663484   38.35844853    6926
Ni     3.44692812   40.47636366   34.93735612    6960
Ni    18.87862379    2.96644075   34.36748878    6974
Ni    23.40229160    4.06092181   35.45321864    6978
Ni    24.42564369   45.43364349   32.94150845    6982
Ni    24.64724641    0.09765211   36.66550599    6983
Ni    26.20985770   45.47511628   31.25333599    6985
Ni    26.40865059    0.09341521   34.91501800    6987
Ni    17.12112931    4.71488992   34.36903628    7023
Ni    20.61746336    2.95552327   32.60762732    7024
Ni    22.35367800    4.70988250   29.12375582    7025
Ni    22.88196893    1.85146485   34.85490759    7027
Ni    26.31743525    1.87885382   31.38849227    7029
Ni    26.30322514    3.55577564   29.71252522    7030
Ni    25.16042275    4.05921232   33.70532103    7031
Ni    25.11128630    2.17400667   35.37385453    7033
Ni    26.89576552    4.05933424   31.95740098    7034
Ni    18.86880477    4.70543383   32.60589512    7068
Ni    23.42514343    7.57828913   31.97021922    7069
Ni    17.13018405    6.44057716   32.60906572    7070
Ni    21.66464630    5.82543933   35.46090290    7072
Ni    18.17259753    9.30628253   35.44141839    7075
Ni    23.42327643    5.82429783   33.71334531    7076
Ni    24.10960422    4.72988808   27.37789812    7080
Ni    14.32949564    8.94646990   36.34258898    7112
Ni    13.71637870   10.36140589   32.95793703    7114
Ni    13.72353186    8.37044462   34.29257696    7115
Ni    15.37347963    6.47705842   34.36443196    7116
Ni    15.43068794    8.20956065   32.57150415    7117
Ni    18.12189203   11.03999541   33.68528481    7118
Ni    16.14288896   10.96485976   35.41808446    7119
Ni    16.03027368    8.68345863   34.81853775    7120
Ni    19.92942084    9.32733938   33.69256237    7124
Ni    21.68211992    9.32429103   31.97309418    7125
Ni    12.40232185   10.47654860   35.00416665    7158
Ni    15.97938436   10.36426404   33.18910638    7160
Ni    14.11977069   12.31045226   34.87754602    7164
Ni    15.99368965   12.62331021   33.30907626    7165
Ni     7.02688006   21.16150059   33.16704737    7250
Ni     5.27877204   21.17478796   34.91405234    7251
Ni     0.02381820   21.19019582   33.16963168    7290
Ni     1.77343057   19.43456711   33.16663598    7293
Ni     3.52436177   21.18184269   33.16347731    7294
Ni     7.01544855   24.65805525   33.16411030    7298
Ni     7.02537405   22.91752089   34.91546343    7300
Ni    33.57714703   23.01653022   33.20379424    7329
Ni    35.29926400   22.98915661   31.42991344    7330
Ni    35.31819052   23.00920391   34.97306197    7331
Ni    37.05023983   22.99504923   33.19832146    7333
Ni    37.05026152   24.73096281   34.96548637    7335
Ni     3.49823912   22.90739534   31.41443154    7341
Ni     3.53545613   22.92975806   34.91989027    7344
Ni    33.51807005   26.45447785   33.19011585    7377
Ni    35.27676312   26.46395385   34.95336993    7378
Ni    33.54413745   24.73889498   34.96923337    7380
Ni    37.00809592   26.44380206   33.18827171    7381
Ni     3.46619969   37.00236937   38.46259179    7489
Ni     6.94936206   38.72890435   36.70095653    7490
Ni     5.23316458   38.75203862   38.45535252    7491
Ni    35.25267389   38.77328225   36.70907090    7522
Ni    35.26480332   37.03251114   38.46994506    7524
Ni    37.00110931   37.01911761   36.71370016    7525
Ni    38.80984125   38.79271784   43.72983090    7527
Ni    38.75734636   37.02718950   38.46791058    7528
Ni    42.28431783   38.74824664   36.70660823    7530
Ni    38.74961543   38.76340806   36.71031589    7531
Ni    42.30801028   37.01021065   38.46330023    7532
Ni     1.71589412   37.00036376   36.70949826    7534
Ni     1.74102140   40.51354513   40.21237820    7535
Ni     3.46311898   38.74960474   36.70964993    7537
Ni     6.92051003   42.20231679   36.70021893    7538
Ni     5.21111673   42.24458897   38.46264118    7539
Ni     6.96392969   40.48938104   38.46740000    7540
Ni    35.28241653   40.51697117   38.46975425    7572
Ni    37.01234802   40.51604748   36.70995576    7573
Ni    38.76535185   40.51165454   38.46717321    7576
Ni    42.30450762   40.50800770   38.46140277    7580
Ni     1.69771490   40.48878665   36.70816340    7581
Ni     3.46745275   42.23755954   36.69775966    7582
Ni     3.47048059   40.49112953   38.45192020    7584
Ni    18.95327434    1.28853562   36.28643093    7598
Ni    21.14266224    1.89886009   36.52175951    7601
Ni    22.67912934   45.44167591   34.68479624    7602
Ni    20.65434767    1.22394661   34.37579283    7603
Ni    22.86114864    0.07624094   38.39969577    7604
Ni    17.16901032    3.04473564   36.24526457    7642
Ni    19.92293705    7.56577852   35.45695187    7646
Ni    17.61586702    1.76553667   38.32365184    7647
Ni    19.40018994    3.56508342   36.57419011    7648
Ni    21.62374343    4.05298789   37.19494764    7650
Ni    20.98564680   45.49710528   36.47086600    7652
Ni    23.32645584    2.14483440   37.13341041    7653
Ni    12.33181809    7.01746584   38.42165420    7686
Ni    13.67625695    6.71639845   36.35875324    7689
Ni    15.40442680    4.82355545   36.26156936    7691
Ni    19.87599256    5.78453032   37.21318601    7694
Ni    18.14138602    7.51464309   37.20825762    7695
Ni    17.66144823    5.28244499   36.59054457    7696
Ni    17.83805385    5.52337979   38.85012632    7699
Ni    26.90610070    7.53896325   28.46498442    7706
Ni    12.09809908    8.69239221   36.66215470    7734
Ni    14.19457611    8.89469448   38.63537027    7737
Ni    14.23297384   11.06976760   36.95953557    7738
Ni    12.34936344   10.57281032   38.44773407    7739
Ni    16.05401247    7.23974067   38.81524701    7740
Ni    16.40577122    9.23701441   37.18645929    7741
Ni    21.68208794    7.57515920   33.71784605    7748
Ni    30.01625669   24.74766524   38.53002747    7951
Ni    31.80778817   23.03034694   38.55754557    7952
Ni    33.54572316   24.75248559   38.53805948    7955
Ni    33.57007757   23.00239224   40.29566052    7956
Ni    31.76353810   26.47569106   38.53109147    8000
Ni    33.51523219   28.23370534   38.51264309    8003
Ni    35.29257402   26.50842892   38.52954941    8004
Ni    37.03617818   28.23569321   38.50464837    8007
Ni    38.78971466   29.99373947   38.49980067    8011
Ni    35.26503338   29.97035825   38.50506822    8052
Ni    37.02631659   31.73252657   38.49451565    8055
Ni    40.53343664   31.72949372   38.48060660    8059
Ni    38.77669170   33.47829793   38.48110721    8104
Ni    35.28348461   38.78101521   40.22146590    8146
Ni    35.28826707   37.04421921   41.97743662    8148
Ni    37.02587122   37.04291767   40.22480148    8149
Ni    38.77281919   38.77431339   40.23159181    8150
Ni    38.79504607   37.03787691   41.97778797    8152
Ni     0.00482526   38.76517108   40.20759773    8154
Ni     1.73668304   37.00656082   40.21686855    8157
Ni    35.30336678   40.52822118   41.98421514    8196
Ni    37.03810733   40.51336730   40.23209064    8197
Ni    38.79724123   40.52677233   41.98225051    8200
Ni     3.47603356   38.75563607   40.21850139    8208
Ni    15.94858688    7.03846302   36.55751906    8266
Ni    15.85811100    3.52025002   38.31676299    8267
Ni    14.11032406    5.28757397   38.33983343    8268
Ni    21.27276572    1.97274703   38.77821328    8274
Ni    19.58329530    3.76932036   38.83595525    8321
Ni    30.04945012   22.98795828   43.83522213    8527
Ni     8.78884900   24.70387735   42.00283326    8551
Ni    30.05488227   23.03125383   40.31048341    8573
Ni    37.08969714   26.45035821   47.27880019    8574
Ni    30.02234508   24.74524188   42.06087336    8575
Ni    31.80046392   24.71994761   43.82753638    8576
Ni    31.81184071   23.01365036   42.04122116    8577
Ni    33.55607440   24.74052303   42.03210720    8579
Ni     8.78915265   28.19981271   42.00084222    8599
Ni    10.53167207   26.45105813   41.99955178    8600
Ni    10.52466988   28.19568852   43.75828199    8605
Ni    29.99992508   26.47698400   40.28394520    8621
Ni    31.77213159   26.46863015   42.02540355    8624
Ni    33.53693697   26.49525977   40.28174086    8625
Ni    35.33408179   29.96556324   45.46240582    8626
Ni    33.53436383   28.23873581   42.02230353    8627
Ni    35.31036257   26.51491385   42.02667609    8628
Ni    37.06011393   26.49532908   40.26568729    8629
Ni    33.51437042   29.97985034   40.26019861    8673
Ni    35.28697145   29.96579574   42.00488746    8676
Ni    37.03439312   29.98016910   40.24994009    8677
Ni    38.82163982   30.00157014   41.97731340    8678
Ni    37.05916611   31.74341792   41.97699305    8679
Ni    37.05570373   28.23757194   42.00779886    8680
Ni    40.56314824   29.99713437   40.23791760    8681
Ni    40.56476466   31.75179293   41.98886504    8683
Ni    37.04173863   33.48927970   40.23517709    8725
Ni    38.81389959   33.49061211   41.97794124    8728
Ni    40.53634237   33.48106623   40.21569728    8729
Ni    40.55528068   35.24971566   41.98697045    8731
Ni    42.30248297   33.49574509   41.99974327    8732
Ni    35.30820917   38.79690194   43.72353652    8770
Ni    37.06038337   37.04929683   43.71639689    8773
Ni    37.06200655   40.54110991   43.73574179    8821
Ni    17.62987197    3.55826203   43.72265193    8894
Ni    19.38964319    3.58584735   45.49384582    8899
Ni    15.87049289    5.30472690   43.72463564    8941
Ni    17.63936524    7.08224918   43.75896146    8942
Ni    15.87263595    7.04885225   45.49723378    8943
Ni    19.41171122    5.32300419   43.72693096    8945
Ni    31.82907446   21.26069616   43.85097713    9150
Ni     7.05487242   24.71530519   43.76887152    9170
Ni    10.51870998   24.71327439   43.76569979    9174
Ni     8.78413684   24.70773986   45.53219866    9175
Ni     7.05073256   26.45495710   42.00746961    9179
Ni    30.02020225   24.71303819   45.55298115    9199
Ni    33.59646312   21.20486003   45.56271543    9200
Ni    33.57602407   22.97437085   43.81139026    9201
Ni    33.58574947   24.70204906   45.52833049    9203
Ni    37.08928642   28.21951203   45.48499122    9208
Ni     7.05291529   28.19981655   43.76586118    9218
Ni     7.04838332   26.45979786   45.52751435    9220
Ni     8.78915049   28.20702800   45.52566082    9223
Ni    10.52522106   26.45622047   45.52193966    9229
Ni    33.55814629   26.48672561   43.77095070    9249
Ni    37.07328994   29.98487100   43.73531944    9250
Ni    33.57498434   28.22265816   45.49457705    9251
Ni    35.33899032   26.47440449   45.48214447    9252
Ni    37.08679554   26.47981868   43.75447690    9253
Ni     1.73618075   28.17590201    6.75555092    9259
Ni    33.53310595   29.98722404   43.76288122    9297
Ni    38.84018094   31.75781574   43.74547851    9302
Ni    42.32042549   31.75508007   43.74910339    9306
Ni    40.58922323   31.75512995   45.49565745    9307
Ni    38.82615945   35.26161874   43.72466384    9350
Ni    38.85239930   33.51711481   45.46920489    9352
Ni    42.30857053   35.24304665   43.74605005    9353
Ni    40.57889093   35.26257258   45.49071971    9355
Ni    42.32134914   33.50295126   45.50494686    9356
