# Time-averaged data for fix 1
# TimeStep c_msd_all[1] c_msd_all[2] c_msd_all[3] c_msd_all[4]
31000 0.0595943 0.0705224 0.0650899 0.195207
32000 0.0602558 0.0738155 0.0617468 0.195818
33000 0.0606978 0.0693386 0.0632381 0.193275
34000 0.0610554 0.085968 0.0639693 0.210993
35000 0.0638746 0.0798513 0.0669074 0.210633
36000 0.0611833 0.0731209 0.0642291 0.198533
37000 0.0604664 0.0789657 0.0649954 0.204428
38000 0.0620421 0.0753627 0.0693224 0.206727
39000 0.0610516 0.0854394 0.0731206 0.219612
40000 0.0593274 0.0763747 0.0684292 0.204131
41000 0.0623354 0.0787628 0.0698264 0.210925
42000 0.0593899 0.0815027 0.0719084 0.212801
43000 0.0608394 0.0820331 0.0660044 0.208877
44000 0.0653072 0.0887106 0.0721513 0.226169
45000 0.0615231 0.0829598 0.0852855 0.229768
46000 0.0703522 0.0875068 0.0668053 0.224664
47000 0.0596134 0.0739685 0.0823671 0.215949
48000 0.0682108 0.0833565 0.0766967 0.228264
49000 0.0701859 0.0885493 0.0772383 0.235973
50000 0.0652873 0.0924709 0.0780155 0.235774
51000 0.0592352 0.0897384 0.0799435 0.228917
52000 0.0575169 0.0848578 0.0810936 0.223468
53000 0.0630549 0.092568 0.0833863 0.239009
54000 0.0644835 0.0967697 0.0895074 0.250761
55000 0.0664278 0.0905103 0.0808832 0.237821
56000 0.0654752 0.109201 0.091377 0.266054
57000 0.0598212 0.106644 0.0905539 0.257019
58000 0.0613793 0.098783 0.0933536 0.253516
59000 0.0640992 0.123573 0.0882344 0.275907
60000 0.0666404 0.122137 0.0995653 0.288343
61000 0.0594796 0.108999 0.0908289 0.259308
62000 0.0677487 0.113614 0.090151 0.271513
63000 0.0650372 0.117058 0.0915124 0.273608
64000 0.077572 0.12571 0.0904295 0.293712
65000 0.0863775 0.134026 0.0921535 0.312557
66000 0.0629564 0.115853 0.0838151 0.262625
67000 0.0681542 0.112761 0.0862705 0.267185
68000 0.0663799 0.113665 0.106779 0.286824
69000 0.0754932 0.117646 0.0975673 0.290707
70000 0.0746526 0.113081 0.0928814 0.280615
71000 0.0742553 0.110259 0.0905592 0.275073
72000 0.065723 0.129273 0.0997973 0.294794
73000 0.0712771 0.12933 0.139009 0.339617
74000 0.0601584 0.119488 0.117144 0.296791
75000 0.0664309 0.136035 0.116381 0.318846
76000 0.0713711 0.128174 0.101578 0.301122
77000 0.0785156 0.136574 0.101601 0.31669
78000 0.0673243 0.132857 0.108131 0.308312
79000 0.072817 0.129783 0.120166 0.322767
80000 0.0649709 0.13071 0.117441 0.313121
81000 0.0587932 0.140421 0.10786 0.307075
82000 0.0697246 0.134705 0.1046 0.30903
83000 0.0776093 0.133207 0.121083 0.331899
84000 0.0690099 0.150698 0.114973 0.334681
85000 0.0717289 0.145426 0.125376 0.342531
86000 0.0711815 0.148084 0.125053 0.344319
87000 0.068294 0.14967 0.122721 0.340686
88000 0.065973 0.148326 0.149125 0.363424
89000 0.0822322 0.161678 0.130014 0.373924
90000 0.0785343 0.167359 0.129828 0.375721
91000 0.0735982 0.150702 0.132859 0.35716
92000 0.0675978 0.151984 0.129934 0.349515
93000 0.0770264 0.158711 0.147129 0.382866
94000 0.0768754 0.168977 0.14295 0.388802
95000 0.0702633 0.166763 0.145868 0.382895
96000 0.0739586 0.180812 0.140488 0.395259
97000 0.0712116 0.165023 0.147557 0.383792
98000 0.0762005 0.178909 0.162089 0.417199
99000 0.0728278 0.167063 0.147465 0.387356
100000 0.0774298 0.166546 0.144403 0.388379
101000 0.0785358 0.172427 0.151037 0.402
102000 0.0781701 0.16956 0.13897 0.3867
103000 0.0785853 0.184253 0.155889 0.418727
104000 0.0798702 0.179294 0.164331 0.423496
105000 0.0832736 0.190172 0.155097 0.428543
106000 0.0803823 0.17342 0.157832 0.411634
107000 0.0808482 0.179995 0.148969 0.409812
108000 0.08277 0.175689 0.148024 0.406483
109000 0.0832138 0.19204 0.149691 0.424945
110000 0.0791577 0.175739 0.152546 0.407443
111000 0.079965 0.181803 0.155632 0.4174
112000 0.0845 0.183661 0.156627 0.424788
113000 0.0821634 0.187141 0.156115 0.425419
114000 0.0794976 0.182486 0.166734 0.428718
115000 0.0957403 0.200562 0.15798 0.454282
116000 0.0912429 0.195477 0.16066 0.44738
117000 0.079613 0.187191 0.162237 0.42904
118000 0.0749679 0.195982 0.152142 0.423091
119000 0.102923 0.204195 0.16626 0.473378
120000 0.118786 0.185369 0.153255 0.45741
121000 0.0822989 0.188078 0.16031 0.430687
122000 0.0841393 0.196745 0.163675 0.444559
123000 0.07648 0.188965 0.168681 0.434127
124000 0.0831536 0.198347 0.163866 0.445367
125000 0.0744306 0.201475 0.166739 0.442644
126000 0.0867666 0.201726 0.173545 0.462037
127000 0.0831858 0.20049 0.178739 0.462414
128000 0.0763949 0.187649 0.167621 0.431664
129000 0.0726131 0.203116 0.155019 0.430748
130000 0.0856753 0.206002 0.172392 0.464069
131000 0.0923048 0.199128 0.170968 0.4624
132000 0.0796651 0.206612 0.175633 0.46191
133000 0.0833909 0.201513 0.171403 0.456307
134000 0.0901761 0.222788 0.176331 0.489295
135000 0.0811716 0.216209 0.178506 0.475887
136000 0.0888926 0.217344 0.189432 0.495668
137000 0.0843565 0.221956 0.201158 0.507471
138000 0.0846924 0.213004 0.17704 0.474737
139000 0.0795863 0.221564 0.189582 0.490732
140000 0.0845475 0.222589 0.184244 0.49138
141000 0.0888283 0.243095 0.191452 0.523375
142000 0.0825083 0.22873 0.198643 0.509882
143000 0.0953917 0.223141 0.192473 0.511005
144000 0.091246 0.239845 0.204455 0.535546
145000 0.0905026 0.230974 0.194091 0.515568
146000 0.1056 0.258527 0.204585 0.568712
147000 0.092904 0.231201 0.224401 0.548506
148000 0.0928211 0.234199 0.202035 0.529056
149000 0.086224 0.226835 0.19782 0.510879
150000 0.0878532 0.228103 0.206682 0.522638
151000 0.10812 0.242331 0.19541 0.545861
152000 0.100186 0.24511 0.211451 0.556747
153000 0.0967223 0.233446 0.205052 0.535221
154000 0.090483 0.228882 0.208256 0.527621
155000 0.0869086 0.224498 0.204676 0.516082
156000 0.095114 0.244202 0.202511 0.541827
157000 0.0921512 0.249122 0.214894 0.556168
158000 0.0960034 0.265037 0.215159 0.576199
159000 0.0840985 0.255976 0.216758 0.556832
160000 0.0909854 0.241964 0.207664 0.540614
161000 0.0927308 0.258493 0.212302 0.563526
162000 0.0939156 0.252561 0.207216 0.553693
163000 0.101426 0.259081 0.22335 0.583857
164000 0.101756 0.246367 0.223043 0.571165
165000 0.0956136 0.240235 0.221566 0.557414
166000 0.0883212 0.255878 0.209068 0.553267
167000 0.098268 0.265507 0.215248 0.579023
168000 0.102973 0.260261 0.216372 0.579606
169000 0.0956409 0.248389 0.220766 0.564796
170000 0.0908932 0.246657 0.222724 0.560274
171000 0.0957636 0.286602 0.225622 0.607988
172000 0.0919313 0.265101 0.216186 0.573219
173000 0.102521 0.273955 0.214552 0.591028
174000 0.0929818 0.258565 0.211291 0.562837
175000 0.0969982 0.256578 0.221322 0.574898
176000 0.0937949 0.257184 0.232763 0.583741
177000 0.0919323 0.256511 0.238811 0.587255
178000 0.0914327 0.274691 0.233194 0.599318
179000 0.0941791 0.282862 0.226741 0.603782
180000 0.0968471 0.265992 0.231781 0.59462
181000 0.0885913 0.268158 0.229323 0.586073
182000 0.0909141 0.272164 0.225174 0.588252
183000 0.104616 0.279555 0.230876 0.615047
184000 0.108816 0.28522 0.234733 0.628769
185000 0.0941124 0.267655 0.243278 0.605045
186000 0.0962906 0.278764 0.254703 0.629758
187000 0.117175 0.278904 0.241405 0.637483
188000 0.106588 0.270373 0.23197 0.60893
189000 0.108596 0.265936 0.233136 0.607668
190000 0.0920292 0.261297 0.25216 0.605487
191000 0.0902046 0.259327 0.236842 0.586374
192000 0.105982 0.256896 0.240206 0.603083
193000 0.110115 0.289867 0.256663 0.656645
194000 0.0950221 0.288047 0.238926 0.621996
195000 0.1024 0.288929 0.252097 0.643426
196000 0.0948675 0.277218 0.248385 0.62047
197000 0.0932286 0.280674 0.252239 0.626142
198000 0.104388 0.287138 0.252508 0.644033
199000 0.102211 0.295937 0.249563 0.647711
200000 0.102199 0.299881 0.257053 0.659133
201000 0.0996559 0.274613 0.243792 0.61806
202000 0.102445 0.279603 0.251219 0.633268
203000 0.103141 0.280258 0.250139 0.633538
204000 0.0967271 0.309046 0.26275 0.668523
205000 0.100576 0.299612 0.282085 0.682272
206000 0.100713 0.303843 0.256909 0.661465
207000 0.0987606 0.316601 0.272697 0.688058
208000 0.0926245 0.307969 0.281221 0.681815
209000 0.0996953 0.302089 0.26691 0.668695
210000 0.0913235 0.292362 0.269339 0.653025
211000 0.0951219 0.299741 0.275747 0.67061
212000 0.104212 0.306528 0.287891 0.698632
213000 0.0974912 0.304759 0.27384 0.676091
214000 0.108228 0.311774 0.29867 0.718672
215000 0.100185 0.310954 0.289135 0.700274
216000 0.104474 0.314026 0.298924 0.717424
217000 0.102087 0.324532 0.285844 0.712463
218000 0.104211 0.317158 0.288773 0.710142
219000 0.104796 0.328285 0.321545 0.754627
220000 0.104928 0.322724 0.295135 0.722786
221000 0.11737 0.327658 0.298894 0.743923
222000 0.111544 0.320218 0.304526 0.736287
223000 0.106468 0.328673 0.312218 0.747358
224000 0.115891 0.329665 0.319223 0.76478
225000 0.104665 0.335145 0.293846 0.733655
226000 0.104458 0.332427 0.306485 0.743371
227000 0.114149 0.336059 0.311908 0.762116
228000 0.117119 0.334951 0.320752 0.772822
229000 0.114875 0.330076 0.331094 0.776045
230000 0.106919 0.345975 0.314874 0.767768
231000 0.109837 0.327034 0.315319 0.75219
232000 0.120282 0.360977 0.308407 0.789666
233000 0.106059 0.320391 0.306296 0.732746
234000 0.107391 0.322629 0.315701 0.745721
235000 0.117039 0.341903 0.304752 0.763694
236000 0.10961 0.344485 0.30439 0.758485
237000 0.107856 0.360124 0.306422 0.774401
238000 0.116383 0.333994 0.32049 0.770866
239000 0.110268 0.335484 0.322519 0.768271
240000 0.120165 0.341105 0.300381 0.761651
241000 0.123138 0.353782 0.311853 0.788773
242000 0.115722 0.352596 0.305058 0.773376
243000 0.110781 0.333829 0.296082 0.740693
244000 0.11714 0.342422 0.315289 0.774851
245000 0.116115 0.354087 0.305427 0.77563
246000 0.120095 0.321694 0.313975 0.755764
247000 0.124581 0.346993 0.316768 0.788342
248000 0.124078 0.341995 0.317413 0.783487
249000 0.121503 0.35299 0.317397 0.791891
250000 0.12986 0.33657 0.30905 0.77548
251000 0.120816 0.331014 0.320188 0.772018
252000 0.124542 0.331714 0.316311 0.772567
253000 0.116486 0.341784 0.307808 0.766078
254000 0.119341 0.35208 0.323727 0.795148
255000 0.118964 0.341811 0.305442 0.766217
256000 0.117868 0.337581 0.318986 0.774435
257000 0.122091 0.354112 0.330143 0.806346
258000 0.118602 0.336348 0.307147 0.762097
259000 0.124337 0.340655 0.311426 0.776419
260000 0.122522 0.344496 0.30532 0.772338
261000 0.122338 0.332625 0.305469 0.760432
262000 0.122056 0.33654 0.320798 0.779394
263000 0.11245 0.339466 0.315613 0.767529
264000 0.117621 0.336239 0.323168 0.777028
265000 0.122173 0.341267 0.308017 0.771457
266000 0.122929 0.335262 0.314676 0.772867
267000 0.120836 0.342125 0.320932 0.783893
268000 0.115099 0.364627 0.320382 0.800109
269000 0.125096 0.35531 0.33347 0.813876
270000 0.125748 0.359279 0.317987 0.803014
271000 0.129203 0.348673 0.318895 0.796772
272000 0.118868 0.358974 0.331881 0.809722
273000 0.116308 0.354327 0.320671 0.791306
274000 0.120872 0.356973 0.326082 0.803927
275000 0.127935 0.361844 0.343621 0.8334
276000 0.127068 0.369189 0.316357 0.812615
277000 0.127287 0.366792 0.331877 0.825955
278000 0.121988 0.366462 0.322497 0.810947
279000 0.131486 0.340721 0.342377 0.814583
280000 0.136332 0.363678 0.335623 0.835633
281000 0.131745 0.363584 0.316116 0.811446
282000 0.132024 0.36116 0.343105 0.836289
283000 0.125844 0.363336 0.340129 0.82931
284000 0.128306 0.368771 0.364074 0.861151
285000 0.126089 0.362892 0.350364 0.839345
286000 0.12125 0.360988 0.334082 0.81632
287000 0.128777 0.387664 0.358296 0.874738
288000 0.136886 0.38013 0.335282 0.852297
289000 0.1235 0.375223 0.341838 0.840562
290000 0.125852 0.367614 0.34554 0.839006
291000 0.130204 0.370851 0.34049 0.841544
292000 0.135475 0.371416 0.336228 0.843119
293000 0.122385 0.378674 0.330549 0.831609
294000 0.126063 0.376082 0.326664 0.828809
295000 0.129044 0.369851 0.330656 0.829552
296000 0.126318 0.379089 0.335286 0.840693
297000 0.136731 0.379321 0.34809 0.864141
298000 0.134798 0.395851 0.331239 0.861888
299000 0.129269 0.393468 0.319058 0.841794
300000 0.122498 0.394952 0.333523 0.850974
301000 0.121587 0.374817 0.340591 0.836996
302000 0.129577 0.36952 0.361553 0.860649
303000 0.121636 0.380789 0.346986 0.849412
304000 0.128505 0.373879 0.344168 0.846552
305000 0.129858 0.382628 0.335515 0.848001
306000 0.131729 0.373133 0.348834 0.853696
307000 0.143023 0.389152 0.358589 0.890764
308000 0.135173 0.380434 0.35274 0.868346
309000 0.145875 0.380752 0.356996 0.883622
310000 0.143449 0.398724 0.363279 0.905452
311000 0.141343 0.381293 0.352469 0.875105
312000 0.143137 0.383952 0.356847 0.883936
313000 0.150688 0.392694 0.347386 0.890768
314000 0.152157 0.393131 0.349083 0.894371
315000 0.151395 0.395753 0.349419 0.896567
316000 0.150349 0.385951 0.347504 0.883804
317000 0.138447 0.392583 0.367498 0.898528
318000 0.147994 0.396473 0.368656 0.913123
319000 0.148753 0.386114 0.377473 0.91234
320000 0.147319 0.40818 0.365461 0.92096
321000 0.159784 0.404423 0.366705 0.930912
322000 0.166407 0.396203 0.389146 0.951755
323000 0.16427 0.406625 0.359088 0.929984
324000 0.138335 0.387246 0.380876 0.906457
325000 0.159916 0.392529 0.364641 0.917087
326000 0.155663 0.404621 0.364151 0.924435
327000 0.154941 0.394327 0.377295 0.926563
328000 0.155419 0.404908 0.364897 0.925224
329000 0.153239 0.396023 0.406188 0.95545
330000 0.147055 0.396745 0.376234 0.920035
331000 0.15194 0.39775 0.36913 0.91882
332000 0.157676 0.411612 0.379175 0.948463
333000 0.150865 0.406042 0.364115 0.921022
334000 0.155567 0.405707 0.369801 0.931075
335000 0.146943 0.416018 0.376706 0.939667
336000 0.153897 0.399654 0.37713 0.930681
337000 0.160855 0.40531 0.374232 0.940396
338000 0.153237 0.406015 0.374569 0.933822
339000 0.15985 0.420183 0.386334 0.966367
340000 0.160998 0.430171 0.359375 0.950543
341000 0.16535 0.427429 0.38411 0.976889
342000 0.151042 0.413999 0.366101 0.931142
343000 0.159322 0.413361 0.377422 0.950105
344000 0.148745 0.401174 0.367093 0.917012
345000 0.148912 0.407362 0.370492 0.926766
346000 0.152223 0.417454 0.372994 0.942671
347000 0.160939 0.395241 0.383746 0.939926
348000 0.148293 0.407601 0.3664 0.922293
349000 0.152847 0.4013 0.384185 0.938331
350000 0.154611 0.412364 0.37448 0.941455
351000 0.157424 0.406372 0.383433 0.947229
352000 0.153044 0.404534 0.366702 0.92428
353000 0.152387 0.408838 0.365309 0.926535
354000 0.151122 0.403607 0.380263 0.934992
355000 0.164018 0.411424 0.37392 0.949362
356000 0.147491 0.410306 0.3643 0.922097
357000 0.159935 0.41571 0.385128 0.960774
358000 0.160337 0.415344 0.380925 0.956606
359000 0.162301 0.410091 0.407908 0.9803
360000 0.151633 0.419418 0.38582 0.956871
361000 0.156442 0.407211 0.381823 0.945475
362000 0.169112 0.396034 0.390156 0.955301
363000 0.163903 0.443567 0.380098 0.987569
364000 0.162248 0.422925 0.400365 0.985538
365000 0.154657 0.416574 0.384818 0.956049
366000 0.155517 0.420181 0.392495 0.968194
367000 0.164442 0.422241 0.403141 0.989824
368000 0.166295 0.418112 0.395394 0.979801
369000 0.170792 0.411617 0.387893 0.970301
370000 0.154909 0.418686 0.390924 0.964519
371000 0.166808 0.431707 0.391657 0.990172
372000 0.163277 0.421293 0.382253 0.966823
373000 0.151466 0.419541 0.390414 0.961421
374000 0.156914 0.409864 0.400416 0.967194
375000 0.159496 0.409266 0.409711 0.978474
376000 0.159336 0.421122 0.396642 0.977099
377000 0.155077 0.426762 0.40296 0.984799
378000 0.168599 0.414707 0.409425 0.992731
379000 0.164836 0.425717 0.389324 0.979877
380000 0.160986 0.423038 0.409133 0.993157
381000 0.151773 0.434127 0.402302 0.988201
382000 0.159368 0.449319 0.410839 1.01953
383000 0.148331 0.443072 0.41229 1.00369
384000 0.154384 0.428452 0.396108 0.978944
385000 0.164048 0.441872 0.425734 1.03165
386000 0.165905 0.437086 0.408855 1.01185
387000 0.154595 0.452317 0.415463 1.02238
388000 0.16548 0.435315 0.420025 1.02082
389000 0.150262 0.419732 0.407199 0.977193
390000 0.160366 0.437749 0.43896 1.03707
391000 0.154329 0.425797 0.414092 0.994219
392000 0.159415 0.416537 0.401569 0.977521
393000 0.171144 0.428722 0.419979 1.01984
394000 0.17424 0.436691 0.404293 1.01522
395000 0.187441 0.430829 0.416878 1.03515
396000 0.158795 0.418233 0.395211 0.97224
397000 0.160297 0.435095 0.416538 1.01193
398000 0.159213 0.431408 0.40942 1.00004
399000 0.154922 0.432945 0.416092 1.00396
400000 0.166048 0.435043 0.414604 1.0157
401000 0.154165 0.441836 0.427947 1.02395
402000 0.160603 0.45042 0.398111 1.00913
403000 0.161372 0.43377 0.432362 1.0275
404000 0.164802 0.435915 0.428203 1.02892
405000 0.170659 0.453676 0.444804 1.06914
406000 0.168503 0.426531 0.425025 1.02006
407000 0.180138 0.441892 0.422663 1.04469
408000 0.157584 0.442658 0.422095 1.02234
409000 0.173694 0.452091 0.425724 1.05151
410000 0.174215 0.450509 0.422605 1.04733
411000 0.159498 0.429631 0.432454 1.02158
412000 0.166518 0.443232 0.432713 1.04246
413000 0.15447 0.447708 0.423294 1.02547
414000 0.163562 0.444538 0.455501 1.0636
415000 0.154652 0.443285 0.428292 1.02623
416000 0.166064 0.44471 0.43116 1.04193
417000 0.158717 0.463132 0.438343 1.06019
418000 0.165046 0.453414 0.432902 1.05136
419000 0.161077 0.454424 0.457541 1.07304
420000 0.165556 0.436226 0.444487 1.04627
421000 0.153853 0.434412 0.427427 1.01569
422000 0.154911 0.443578 0.413667 1.01216
423000 0.155757 0.445363 0.416255 1.01738
424000 0.150191 0.446648 0.43724 1.03408
425000 0.156614 0.440415 0.428222 1.02525
426000 0.166682 0.471245 0.447157 1.08508
427000 0.152365 0.458514 0.437918 1.0488
428000 0.166828 0.469004 0.447287 1.08312
429000 0.161629 0.463487 0.450851 1.07597
430000 0.165752 0.466983 0.439178 1.07191
431000 0.16215 0.47661 0.441043 1.0798
432000 0.161389 0.459038 0.435348 1.05578
433000 0.161396 0.460231 0.425875 1.0475
434000 0.164365 0.448222 0.418881 1.03147
435000 0.16491 0.459729 0.443058 1.0677
436000 0.16434 0.471293 0.436581 1.07221
437000 0.166303 0.460415 0.430434 1.05715
438000 0.159723 0.471452 0.435448 1.06662
439000 0.160629 0.453528 0.434592 1.04875
440000 0.158272 0.461515 0.436385 1.05617
441000 0.166587 0.479105 0.437785 1.08348
442000 0.164016 0.47787 0.436475 1.07836
443000 0.163434 0.477615 0.45655 1.0976
444000 0.164844 0.473668 0.437155 1.07567
445000 0.180348 0.4812 0.448018 1.10957
446000 0.175501 0.477756 0.450885 1.10414
447000 0.180124 0.483844 0.435245 1.09921
448000 0.173623 0.483368 0.437355 1.09435
449000 0.159281 0.487514 0.449266 1.09606
450000 0.163811 0.475255 0.442994 1.08206
451000 0.163189 0.489787 0.461395 1.11437
452000 0.172131 0.486896 0.446827 1.10585
453000 0.169864 0.492395 0.460221 1.12248
454000 0.160821 0.490181 0.460716 1.11172
455000 0.177674 0.495462 0.452393 1.12553
456000 0.158672 0.484455 0.470788 1.11391
457000 0.175027 0.502297 0.457013 1.13434
458000 0.160119 0.476575 0.46808 1.10477
459000 0.164203 0.506694 0.454432 1.12533
460000 0.165916 0.505002 0.457079 1.128
461000 0.175998 0.493503 0.452148 1.12165
462000 0.191432 0.488579 0.461938 1.14195
463000 0.166356 0.496627 0.457947 1.12093
464000 0.163081 0.509354 0.460412 1.13285
465000 0.16705 0.491068 0.468629 1.12675
466000 0.160262 0.493819 0.459203 1.11328
467000 0.170371 0.514765 0.462331 1.14747
468000 0.165158 0.489711 0.468512 1.12338
469000 0.167161 0.490306 0.449524 1.10699
470000 0.169144 0.521458 0.458257 1.14886
471000 0.159816 0.503026 0.474293 1.13713
472000 0.162951 0.516587 0.458162 1.1377
473000 0.168177 0.49093 0.45083 1.10994
474000 0.169392 0.495059 0.462965 1.12742
475000 0.160062 0.493113 0.466205 1.11938
476000 0.17006 0.488319 0.460636 1.11902
477000 0.161286 0.481982 0.466453 1.10972
478000 0.170527 0.510372 0.470048 1.15095
479000 0.167762 0.490004 0.458618 1.11638
480000 0.163236 0.501563 0.45962 1.12442
481000 0.168995 0.509079 0.46759 1.14566
482000 0.169533 0.500596 0.467536 1.13766
483000 0.176445 0.505486 0.47465 1.15658
484000 0.161453 0.500648 0.477524 1.13962
485000 0.166265 0.519733 0.469907 1.15591
486000 0.172048 0.506136 0.476565 1.15475
487000 0.165382 0.507814 0.488535 1.16173
488000 0.166901 0.505965 0.487989 1.16085
489000 0.170693 0.513941 0.490284 1.17492
490000 0.170467 0.51213 0.478619 1.16122
491000 0.172153 0.515352 0.476731 1.16424
492000 0.170748 0.508559 0.481131 1.16044
493000 0.169034 0.501599 0.472219 1.14285
494000 0.17055 0.509205 0.476932 1.15669
495000 0.172347 0.51252 0.473315 1.15818
496000 0.164001 0.510693 0.493113 1.16781
497000 0.170248 0.500182 0.4798 1.15023
498000 0.174254 0.522415 0.488559 1.18523
499000 0.177315 0.516563 0.481899 1.17578
500000 0.164874 0.512174 0.467835 1.14488
501000 0.175629 0.508173 0.475846 1.15965
502000 0.165863 0.502479 0.491974 1.16032
503000 0.17349 0.516355 0.461742 1.15159
504000 0.170779 0.508463 0.477848 1.15709
505000 0.172177 0.521956 0.487845 1.18198
506000 0.179497 0.521204 0.481751 1.18245
507000 0.187267 0.511998 0.49178 1.19104
508000 0.184482 0.510525 0.483962 1.17897
509000 0.185666 0.510466 0.488067 1.1842
510000 0.174252 0.516106 0.485721 1.17608
511000 0.179861 0.523867 0.495809 1.19954
512000 0.179604 0.518216 0.485311 1.18313
513000 0.19182 0.514183 0.502868 1.20887
514000 0.182866 0.513466 0.533016 1.22935
515000 0.179201 0.543318 0.532901 1.25542
516000 0.183558 0.539029 0.54564 1.26823
517000 0.180573 0.526589 0.514835 1.222
518000 0.181353 0.523995 0.528793 1.23414
519000 0.183063 0.501242 0.531939 1.21624
520000 0.181526 0.509896 0.537827 1.22925
521000 0.189307 0.529242 0.536417 1.25497
522000 0.18997 0.523736 0.530869 1.24457
523000 0.18729 0.530913 0.516367 1.23457
524000 0.171524 0.51487 0.517233 1.20363
525000 0.17344 0.507188 0.520464 1.20109
526000 0.178716 0.524837 0.532853 1.23641
527000 0.180985 0.529081 0.522708 1.23277
528000 0.183114 0.516877 0.524363 1.22435
529000 0.184347 0.522513 0.523251 1.23011
530000 0.183871 0.524928 0.53426 1.24306
531000 0.183748 0.529843 0.526035 1.23963
532000 0.174025 0.513911 0.514213 1.20215
533000 0.182063 0.513284 0.529639 1.22499
534000 0.187157 0.54921 0.543193 1.27956
535000 0.186804 0.510108 0.522983 1.2199
536000 0.189105 0.531082 0.542298 1.26248
537000 0.180948 0.524885 0.523223 1.22906
538000 0.186443 0.50757 0.545617 1.23963
539000 0.185383 0.540186 0.535341 1.26091
540000 0.176117 0.546699 0.531719 1.25454
541000 0.180709 0.541996 0.551949 1.27465
542000 0.184837 0.528595 0.538663 1.25209
543000 0.18279 0.522505 0.530685 1.23598
544000 0.184063 0.538392 0.565831 1.28829
545000 0.192572 0.539203 0.552428 1.2842
546000 0.188059 0.545555 0.548342 1.28196
547000 0.195683 0.5312 0.557445 1.28433
548000 0.198124 0.541683 0.544971 1.28478
549000 0.187211 0.548782 0.54429 1.28028
550000 0.193407 0.556807 0.539838 1.29005
551000 0.193407 0.534439 0.543388 1.27123
552000 0.191562 0.543936 0.563715 1.29921
553000 0.196327 0.533417 0.560375 1.29012
554000 0.191733 0.553954 0.550203 1.29589
555000 0.208108 0.543766 0.559128 1.311
556000 0.18626 0.543946 0.544008 1.27421
557000 0.189667 0.554272 0.556541 1.30048
558000 0.186934 0.542341 0.535758 1.26503
559000 0.195 0.560163 0.569174 1.32434
560000 0.191237 0.532249 0.551769 1.27525
561000 0.181315 0.556697 0.558564 1.29658
562000 0.190535 0.54617 0.546653 1.28336
563000 0.192721 0.553339 0.54789 1.29395
564000 0.193678 0.54805 0.569176 1.3109
565000 0.202028 0.551472 0.568276 1.32178
566000 0.204649 0.570839 0.578379 1.35387
567000 0.19028 0.547253 0.568871 1.3064
568000 0.211221 0.560609 0.574777 1.34661
569000 0.192954 0.556678 0.561832 1.31146
570000 0.20777 0.54533 0.54302 1.29612
571000 0.226638 0.571584 0.581284 1.37951
572000 0.208966 0.55476 0.589268 1.35299
573000 0.197598 0.557978 0.558388 1.31396
574000 0.199598 0.541962 0.566576 1.30814
575000 0.201616 0.553251 0.565483 1.32035
576000 0.228002 0.580085 0.560065 1.36815
577000 0.209059 0.565629 0.570472 1.34516
578000 0.209239 0.560757 0.548835 1.31883
579000 0.195679 0.558886 0.55097 1.30554
580000 0.20312 0.564462 0.572888 1.34047
581000 0.198059 0.54639 0.587177 1.33163
582000 0.203 0.552565 0.562444 1.31801
583000 0.202401 0.570294 0.564469 1.33716
584000 0.196395 0.561296 0.556088 1.31378
585000 0.206957 0.588771 0.594348 1.39008
586000 0.201504 0.571145 0.578863 1.35151
587000 0.199622 0.583374 0.588002 1.371
588000 0.197749 0.556954 0.570478 1.32518
589000 0.195691 0.574822 0.563407 1.33392
590000 0.196042 0.572997 0.5779 1.34694
591000 0.210655 0.575204 0.58869 1.37455
592000 0.205403 0.568016 0.575178 1.3486
593000 0.199471 0.582996 0.590334 1.3728
594000 0.205441 0.559307 0.579497 1.34424
595000 0.192494 0.572802 0.573031 1.33833
596000 0.199137 0.57663 0.58198 1.35775
597000 0.189189 0.561962 0.580522 1.33167
598000 0.205797 0.56089 0.567068 1.33375
599000 0.19454 0.570427 0.601399 1.36637
600000 0.199093 0.568873 0.59499 1.36296
601000 0.198168 0.561556 0.587944 1.34767
602000 0.197378 0.548756 0.589129 1.33526
603000 0.205739 0.567734 0.58841 1.36188
604000 0.194713 0.555878 0.558688 1.30928
605000 0.203125 0.56033 0.576907 1.34036
606000 0.195674 0.565941 0.585094 1.34671
607000 0.202927 0.573553 0.572238 1.34872
608000 0.19871 0.57836 0.61001 1.38708
609000 0.218268 0.575514 0.589559 1.38334
610000 0.220137 0.573239 0.57997 1.37335
611000 0.206456 0.574932 0.585119 1.36651
612000 0.204002 0.577695 0.586678 1.36838
613000 0.202541 0.594319 0.591002 1.38786
614000 0.212988 0.602435 0.599481 1.4149
615000 0.200498 0.602383 0.596707 1.39959
616000 0.211631 0.590762 0.602535 1.40493
617000 0.200698 0.593181 0.586397 1.38028
618000 0.207134 0.59909 0.596836 1.40306
619000 0.208372 0.611657 0.591553 1.41158
620000 0.19598 0.59002 0.590041 1.37604
621000 0.197703 0.585319 0.594902 1.37792
622000 0.20713 0.596689 0.600752 1.40457
623000 0.210754 0.590512 0.619543 1.42081
624000 0.209274 0.589978 0.591901 1.39115
625000 0.197178 0.627173 0.599971 1.42432
626000 0.200261 0.579089 0.591677 1.37103
627000 0.211093 0.58952 0.593822 1.39443
628000 0.20655 0.593822 0.629227 1.4296
629000 0.199619 0.603521 0.625133 1.42827
630000 0.209715 0.603849 0.601691 1.41526
631000 0.205086 0.600899 0.623527 1.42951
632000 0.203035 0.615682 0.6391 1.45782
633000 0.210863 0.625254 0.623029 1.45915
634000 0.208572 0.623572 0.617872 1.45002
635000 0.203794 0.618871 0.622676 1.44534
636000 0.215836 0.620351 0.638168 1.47435
637000 0.209998 0.618238 0.616414 1.44465
638000 0.215393 0.612897 0.631344 1.45963
639000 0.211925 0.622597 0.626874 1.4614
640000 0.216155 0.626687 0.665743 1.50858
641000 0.21714 0.633394 0.618007 1.46854
642000 0.212563 0.634151 0.635887 1.4826
643000 0.225131 0.639196 0.655681 1.52001
644000 0.205429 0.629255 0.633243 1.46793
645000 0.208903 0.640321 0.63691 1.48613
646000 0.21146 0.628386 0.644999 1.48484
647000 0.207977 0.618951 0.663053 1.48998
648000 0.20529 0.648474 0.66481 1.51857
649000 0.208088 0.633471 0.633424 1.47498
650000 0.217536 0.642163 0.638069 1.49777
651000 0.21955 0.640071 0.63945 1.49907
652000 0.221452 0.629191 0.646438 1.49708
653000 0.211833 0.639861 0.669176 1.52087
654000 0.207583 0.622725 0.660951 1.49126
655000 0.218298 0.631313 0.637103 1.48671
656000 0.216233 0.637007 0.642002 1.49524
657000 0.231895 0.632288 0.671491 1.53567
658000 0.215018 0.628831 0.667504 1.51135
659000 0.206218 0.614053 0.650781 1.47105
660000 0.219912 0.611092 0.636099 1.4671
661000 0.208118 0.619547 0.64099 1.46865
662000 0.209463 0.626337 0.650501 1.4863
663000 0.212473 0.65348 0.685705 1.55166
664000 0.206942 0.653033 0.666038 1.52601
665000 0.214464 0.640349 0.665104 1.51992
666000 0.212253 0.647244 0.659144 1.51864
667000 0.230404 0.678164 0.681397 1.58997
668000 0.208447 0.63589 0.671562 1.5159
669000 0.215329 0.643308 0.677595 1.53623
670000 0.221627 0.673198 0.663787 1.55861
671000 0.225469 0.633465 0.646704 1.50564
672000 0.211899 0.63968 0.665831 1.51741
673000 0.228317 0.649485 0.663896 1.5417
674000 0.218717 0.644719 0.653237 1.51667
675000 0.205434 0.641217 0.661835 1.50849
676000 0.209064 0.649278 0.646592 1.50493
677000 0.218929 0.667576 0.664223 1.55073
678000 0.218868 0.641094 0.665584 1.52555
679000 0.23538 0.654984 0.651929 1.54229
680000 0.213659 0.645474 0.654292 1.51342
681000 0.223972 0.66584 0.653816 1.54363
682000 0.218824 0.643525 0.67763 1.53998
683000 0.218368 0.650772 0.670611 1.53975
684000 0.224373 0.682353 0.690455 1.59718
685000 0.242623 0.650888 0.702594 1.5961
686000 0.233463 0.666247 0.672518 1.57223
687000 0.212492 0.650397 0.664058 1.52695
688000 0.215024 0.667991 0.673154 1.55617
689000 0.207595 0.667582 0.674536 1.54971
690000 0.211695 0.661596 0.685843 1.55913
691000 0.21615 0.650141 0.691566 1.55786
692000 0.212735 0.642797 0.688453 1.54399
693000 0.222158 0.654995 0.668043 1.5452
694000 0.206146 0.654798 0.675313 1.53626
695000 0.212874 0.670865 0.690195 1.57393
696000 0.216566 0.648072 0.671492 1.53613
697000 0.206019 0.64353 0.679829 1.52938
698000 0.213729 0.651978 0.694041 1.55975
699000 0.206861 0.643466 0.696843 1.54717
700000 0.212529 0.656372 0.683242 1.55214
701000 0.227071 0.651837 0.688358 1.56727
702000 0.226646 0.653508 0.682429 1.56258
703000 0.213944 0.663031 0.690947 1.56792
704000 0.227799 0.670169 0.698514 1.59648
705000 0.221114 0.67222 0.683808 1.57714
706000 0.22164 0.67979 0.683489 1.58492
707000 0.214619 0.68111 0.686349 1.58208
708000 0.227373 0.66736 0.66873 1.56346
709000 0.218011 0.663078 0.672401 1.55349
710000 0.242993 0.681335 0.699889 1.62422
711000 0.22863 0.682316 0.69125 1.6022
712000 0.22578 0.69732 0.695938 1.61904
713000 0.221723 0.682257 0.695344 1.59932
714000 0.229635 0.673599 0.682846 1.58608
715000 0.225153 0.679156 0.701694 1.606
716000 0.225437 0.673204 0.685869 1.58451
717000 0.223194 0.688092 0.690319 1.60161
718000 0.231089 0.687523 0.705185 1.6238
719000 0.235372 0.680351 0.693469 1.60919
720000 0.230562 0.672004 0.701484 1.60405
721000 0.219122 0.711102 0.701501 1.63172
722000 0.218966 0.691379 0.709059 1.6194
723000 0.224818 0.71699 0.704793 1.6466
724000 0.225995 0.673468 0.744534 1.644
725000 0.224348 0.699672 0.726072 1.65009
726000 0.22784 0.69889 0.719291 1.64602
727000 0.216964 0.69247 0.68991 1.59934
728000 0.230482 0.687168 0.706276 1.62393
729000 0.216282 0.697366 0.704705 1.61835
730000 0.231448 0.695789 0.718533 1.64577
731000 0.2192 0.695406 0.69389 1.6085
732000 0.226289 0.686746 0.697329 1.61036
733000 0.244124 0.694217 0.720073 1.65841
734000 0.229681 0.686655 0.712467 1.6288
735000 0.230665 0.690932 0.700495 1.62209
736000 0.224632 0.686265 0.707117 1.61801
737000 0.235948 0.691601 0.70509 1.63264
738000 0.224508 0.702945 0.688863 1.61632
739000 0.2278 0.710278 0.697018 1.6351
740000 0.227099 0.707327 0.700727 1.63515
741000 0.222968 0.715288 0.709084 1.64734
742000 0.216559 0.723194 0.726497 1.66625
743000 0.229399 0.707843 0.693768 1.63101
744000 0.231109 0.703994 0.7203 1.6554
745000 0.227579 0.724141 0.710379 1.6621
746000 0.229718 0.710391 0.713606 1.65371
747000 0.231165 0.739574 0.707674 1.67841
748000 0.227834 0.717037 0.699365 1.64424
749000 0.225555 0.71034 0.718323 1.65422
750000 0.23417 0.732233 0.719114 1.68552
751000 0.22781 0.722586 0.7285 1.6789
752000 0.228324 0.721074 0.712822 1.66222
753000 0.230886 0.714105 0.705935 1.65093
754000 0.253707 0.707872 0.706486 1.66806
755000 0.230355 0.726008 0.720186 1.67655
756000 0.230603 0.710187 0.700658 1.64145
757000 0.231237 0.712751 0.705211 1.6492
758000 0.234363 0.72366 0.721763 1.67979
759000 0.232157 0.721383 0.729759 1.6833
760000 0.236633 0.721217 0.738537 1.69639
761000 0.238257 0.73412 0.732446 1.70482
762000 0.237722 0.719823 0.728602 1.68615
763000 0.22589 0.718256 0.732403 1.67655
764000 0.240087 0.70058 0.723548 1.66422
765000 0.24531 0.703926 0.737798 1.68703
766000 0.248705 0.724139 0.728497 1.70134
767000 0.233612 0.725997 0.738008 1.69762
768000 0.230752 0.707205 0.73625 1.67421
769000 0.23309 0.716547 0.744398 1.69404
770000 0.238005 0.701517 0.760942 1.70046
771000 0.236736 0.696334 0.769444 1.70251
772000 0.231424 0.715741 0.763996 1.71116
773000 0.236863 0.73663 0.730074 1.70357
774000 0.241585 0.735004 0.734834 1.71142
775000 0.238223 0.719185 0.757978 1.71539
776000 0.230108 0.708575 0.743219 1.6819
777000 0.237166 0.718342 0.758561 1.71407
778000 0.230637 0.724585 0.727842 1.68306
779000 0.243246 0.743623 0.765582 1.75245
780000 0.246624 0.7301 0.756134 1.73286
781000 0.238897 0.729277 0.763416 1.73159
782000 0.257606 0.742922 0.760124 1.76065
783000 0.243504 0.749767 0.761815 1.75509
784000 0.255273 0.747275 0.777785 1.78033
785000 0.245138 0.744345 0.782222 1.77171
786000 0.242292 0.772308 0.779479 1.79408
787000 0.254961 0.740447 0.755241 1.75065
788000 0.242883 0.757818 0.784706 1.78541
789000 0.2385 0.776961 0.771638 1.7871
790000 0.235295 0.736872 0.744415 1.71658
791000 0.24393 0.73474 0.745657 1.72433
792000 0.245247 0.76902 0.751054 1.76532
793000 0.251327 0.758534 0.747929 1.75779
794000 0.255028 0.750279 0.747063 1.75237
795000 0.251107 0.747721 0.754381 1.75321
796000 0.257437 0.766162 0.760799 1.7844
797000 0.257086 0.755437 0.756179 1.7687
798000 0.240946 0.785181 0.757568 1.78369
799000 0.259966 0.766779 0.751825 1.77857
800000 0.254932 0.754103 0.757201 1.76624
801000 0.250699 0.751676 0.774076 1.77645
802000 0.234611 0.747209 0.750851 1.73267
803000 0.241221 0.767953 0.757863 1.76704
804000 0.258325 0.772688 0.762025 1.79304
805000 0.246293 0.766641 0.764492 1.77743
806000 0.246787 0.756025 0.758039 1.76085
807000 0.250843 0.759742 0.773677 1.78426
808000 0.256786 0.768635 0.773819 1.79924
809000 0.247185 0.774197 0.773899 1.79528
810000 0.24581 0.75887 0.762643 1.76732
811000 0.248073 0.743202 0.770565 1.76184
812000 0.251499 0.757225 0.784664 1.79339
813000 0.260523 0.768927 0.770499 1.79995
814000 0.260132 0.784032 0.764067 1.80823
815000 0.242149 0.780833 0.771572 1.79455
816000 0.255395 0.768492 0.763899 1.78779
817000 0.259197 0.785288 0.779084 1.82357
818000 0.247044 0.767195 0.782151 1.79639
819000 0.25579 0.758421 0.771603 1.78582
820000 0.264774 0.81161 0.788842 1.86523
821000 0.257819 0.802652 0.772006 1.83248
822000 0.258402 0.796586 0.789661 1.84465
823000 0.247097 0.798746 0.787896 1.83374
824000 0.25974 0.783804 0.816122 1.85967
825000 0.267947 0.7905 0.779351 1.8378
826000 0.257623 0.811981 0.796897 1.8665
827000 0.262307 0.802707 0.769613 1.83463
828000 0.257909 0.811806 0.800865 1.87058
829000 0.265203 0.817525 0.809084 1.89181
830000 0.260054 0.801137 0.802823 1.86401
831000 0.249407 0.81271 0.784695 1.84681
832000 0.269371 0.803025 0.803077 1.87547
833000 0.265744 0.812666 0.803427 1.88184
834000 0.267246 0.804145 0.809513 1.8809
835000 0.275779 0.801815 0.816007 1.8936
836000 0.27149 0.824041 0.796422 1.89195
837000 0.258075 0.800916 0.780178 1.83917
838000 0.273301 0.822703 0.807019 1.90302
839000 0.27689 0.818415 0.80697 1.90227
840000 0.278403 0.792199 0.791628 1.86223
841000 0.279749 0.824539 0.784714 1.889
842000 0.264016 0.807943 0.798901 1.87086
843000 0.260331 0.799441 0.803251 1.86302
844000 0.270804 0.813669 0.801996 1.88647
845000 0.271378 0.812166 0.808375 1.89192
846000 0.259157 0.819222 0.838665 1.91704
847000 0.263418 0.813491 0.83182 1.90873
848000 0.262998 0.814616 0.812276 1.88989
849000 0.264748 0.829633 0.826647 1.92103
850000 0.262927 0.819847 0.834671 1.91745
851000 0.258913 0.814182 0.840318 1.91341
852000 0.263833 0.825478 0.835754 1.92506
853000 0.260654 0.816073 0.830812 1.90754
854000 0.273495 0.825898 0.812302 1.9117
855000 0.268473 0.809495 0.849134 1.9271
856000 0.26816 0.805462 0.82689 1.90051
857000 0.263979 0.813121 0.816326 1.89343
858000 0.266023 0.810716 0.803081 1.87982
859000 0.282646 0.818298 0.804566 1.90551
860000 0.281808 0.826412 0.803302 1.91152
861000 0.259606 0.813955 0.829671 1.90323
862000 0.274669 0.824196 0.822081 1.92095
863000 0.264415 0.812885 0.81723 1.89453
864000 0.27088 0.803228 0.812697 1.8868
865000 0.27561 0.833567 0.815415 1.92459
866000 0.276074 0.847427 0.81433 1.93783
867000 0.26968 0.853166 0.82642 1.94927
868000 0.279257 0.828376 0.806092 1.91373
869000 0.265865 0.836555 0.802879 1.9053
870000 0.279848 0.820445 0.828315 1.92861
871000 0.277154 0.855394 0.819662 1.95221
872000 0.279305 0.840763 0.818742 1.93881
873000 0.277684 0.835079 0.830073 1.94284
874000 0.289883 0.830722 0.819587 1.94019
875000 0.294103 0.809615 0.814153 1.91787
876000 0.276594 0.859096 0.806817 1.94251
877000 0.288562 0.841898 0.831018 1.96148
878000 0.275628 0.833395 0.846869 1.95589
879000 0.280476 0.844985 0.84495 1.97041
880000 0.2707 0.845253 0.842233 1.95819
881000 0.272379 0.856809 0.835641 1.96483
882000 0.28311 0.83921 0.843122 1.96544
883000 0.27484 0.837378 0.839037 1.95126
884000 0.272293 0.864578 0.846524 1.9834
885000 0.292861 0.850735 0.837046 1.98064
886000 0.267384 0.858914 0.807828 1.93413
887000 0.285854 0.841102 0.838321 1.96528
888000 0.294408 0.847845 0.851409 1.99366
889000 0.276004 0.833072 0.810359 1.91944
890000 0.266103 0.857738 0.82026 1.9441
891000 0.26648 0.833618 0.834331 1.93443
892000 0.279047 0.820629 0.838133 1.93781
893000 0.278763 0.845969 0.831967 1.9567
894000 0.28241 0.84874 0.8277 1.95885
895000 0.279517 0.835044 0.830305 1.94487
896000 0.278802 0.82221 0.853258 1.95427
897000 0.276784 0.832367 0.841712 1.95086
898000 0.286452 0.854209 0.836914 1.97757
899000 0.285049 0.832 0.834818 1.95187
900000 0.285834 0.865952 0.836922 1.98871
901000 0.287178 0.863889 0.854414 2.00548
902000 0.284672 0.849416 0.85291 1.987
903000 0.293713 0.844274 0.812481 1.95047
904000 0.281322 0.871031 0.844051 1.9964
905000 0.284971 0.837929 0.868064 1.99096
906000 0.285686 0.855081 0.857241 1.99801
907000 0.292099 0.849746 0.859429 2.00127
908000 0.290439 0.868126 0.852129 2.01069
909000 0.294918 0.856597 0.823254 1.97477
910000 0.2864 0.829553 0.847757 1.96371
911000 0.285895 0.85626 0.847189 1.98934
912000 0.297693 0.843048 0.830369 1.97111
913000 0.287299 0.863174 0.834679 1.98515
914000 0.29543 0.851625 0.855707 2.00276
915000 0.278224 0.86397 0.864378 2.00657
916000 0.284398 0.878327 0.853203 2.01593
917000 0.28885 0.87121 0.856485 2.01655
918000 0.275928 0.856267 0.863346 1.99554
919000 0.292417 0.851081 0.842549 1.98605
920000 0.289542 0.855899 0.849674 1.99512
921000 0.297661 0.849145 0.842001 1.98881
922000 0.299298 0.874069 0.84377 2.01714
923000 0.283195 0.862283 0.848533 1.99401
924000 0.286174 0.882915 0.856463 2.02555
925000 0.289728 0.870831 0.845694 2.00625
926000 0.294245 0.881917 0.876338 2.0525
927000 0.268768 0.87196 0.831858 1.97259
928000 0.279951 0.87201 0.867734 2.01969
929000 0.285067 0.887249 0.861996 2.03431
930000 0.297451 0.906561 0.86189 2.0659
931000 0.284941 0.892808 0.852335 2.03008
932000 0.283011 0.869634 0.864506 2.01715
933000 0.287241 0.879763 0.854317 2.02132
934000 0.303217 0.873834 0.858079 2.03513
935000 0.294845 0.891882 0.868034 2.05476
936000 0.301162 0.890876 0.890719 2.08276
937000 0.288517 0.876495 0.877878 2.04289
938000 0.283317 0.876561 0.877816 2.03769
939000 0.29176 0.872447 0.861646 2.02585
940000 0.278808 0.871353 0.876832 2.02699
941000 0.29155 0.880333 0.890913 2.0628
942000 0.291105 0.883921 0.877004 2.05203
943000 0.283308 0.900084 0.865886 2.04928
944000 0.310403 0.882205 0.862844 2.05545
945000 0.303777 0.885162 0.875012 2.06395
946000 0.285348 0.900643 0.860735 2.04673
947000 0.306242 0.893415 0.851869 2.05153
948000 0.285708 0.888369 0.882275 2.05635
949000 0.300865 0.878849 0.851852 2.03157
950000 0.314478 0.883766 0.849772 2.04802
951000 0.286218 0.88153 0.875354 2.0431
952000 0.289687 0.871646 0.874444 2.03578
953000 0.287066 0.869724 0.878962 2.03575
954000 0.288657 0.888833 0.873458 2.05095
955000 0.295292 0.876975 0.845826 2.01809
956000 0.320059 0.879512 0.867349 2.06692
957000 0.28655 0.878001 0.867869 2.03242
958000 0.27969 0.888263 0.850004 2.01796
959000 0.289097 0.874475 0.848669 2.01224
960000 0.282764 0.89439 0.854327 2.03148
961000 0.296998 0.896311 0.896294 2.0896
962000 0.294733 0.875076 0.881951 2.05176
963000 0.290645 0.872101 0.882664 2.04541
964000 0.297072 0.869696 0.873605 2.04037
965000 0.297481 0.885126 0.857443 2.04005
966000 0.290245 0.875576 0.861911 2.02773
967000 0.289688 0.898817 0.86651 2.05501
968000 0.291302 0.875852 0.876648 2.0438
969000 0.276218 0.883222 0.856297 2.01574
970000 0.286779 0.886052 0.869563 2.04239
971000 0.282185 0.889083 0.87945 2.05072
972000 0.296701 0.889208 0.882128 2.06804
973000 0.291712 0.890159 0.87238 2.05425
974000 0.292922 0.886994 0.867754 2.04767
975000 0.290853 0.885841 0.866675 2.04337
976000 0.287316 0.892981 0.861464 2.04176
977000 0.289689 0.881481 0.857924 2.02909
978000 0.293242 0.883531 0.872226 2.049
979000 0.295555 0.913291 0.866021 2.07487
980000 0.305589 0.888688 0.868906 2.06318
981000 0.294774 0.890753 0.89113 2.07666
982000 0.292047 0.877133 0.869984 2.03916
983000 0.311311 0.873611 0.870192 2.05511
984000 0.286341 0.891086 0.875129 2.05256
985000 0.289328 0.891506 0.894246 2.07508
986000 0.313147 0.89611 0.87425 2.08351
987000 0.306714 0.913849 0.86886 2.08942
988000 0.306586 0.909417 0.876055 2.09206
989000 0.298523 0.898984 0.859404 2.05691
990000 0.304487 0.894666 0.849547 2.0487
991000 0.3147 0.888448 0.873517 2.07667
992000 0.29086 0.892294 0.851882 2.03504
993000 0.311651 0.879056 0.857941 2.04865
994000 0.29517 0.908477 0.875662 2.07931
995000 0.292426 0.919958 0.885056 2.09744
996000 0.298458 0.902516 0.8894 2.09037
997000 0.298779 0.927478 0.874907 2.10116
998000 0.298825 0.904245 0.87871 2.08178
999000 0.289427 0.905534 0.890702 2.08566
1000000 0.296011 0.898217 0.881792 2.07602
1001000 0.30579 0.908365 0.894265 2.10842
1002000 0.299228 0.893606 0.871291 2.06413
1003000 0.295531 0.913755 0.887741 2.09703
1004000 0.296429 0.912274 0.885604 2.09431
1005000 0.29738 0.905277 0.89596 2.09862
1006000 0.289955 0.915086 0.894498 2.09954
1007000 0.295007 0.917246 0.88634 2.09859
1008000 0.308357 0.929641 0.940769 2.17877
1009000 0.292726 0.925359 0.931187 2.14927
1010000 0.294695 0.911282 0.929006 2.13498
1011000 0.291787 0.909589 0.927891 2.12927
1012000 0.307075 0.918179 0.943876 2.16913
1013000 0.294497 0.90657 0.913749 2.11482
1014000 0.300492 0.917364 0.945473 2.16333
1015000 0.301413 0.920612 0.941552 2.16358
1016000 0.302079 0.917921 0.930008 2.15001
1017000 0.29405 0.911878 0.923198 2.12913
1018000 0.302796 0.937566 0.94503 2.18539
1019000 0.310613 0.933663 0.960446 2.20472
1020000 0.297597 0.931487 0.943798 2.17288
1021000 0.307597 0.921011 0.939374 2.16798
1022000 0.299025 0.934275 0.915467 2.14877
1023000 0.297448 0.940099 0.915891 2.15344
1024000 0.301968 0.940511 0.925082 2.16756
1025000 0.291232 0.950754 0.949769 2.19176
1026000 0.301807 0.954004 0.921557 2.17737
1027000 0.305244 0.929203 0.949255 2.1837
1028000 0.304019 0.935348 0.949859 2.18923
1029000 0.299157 0.936109 0.941934 2.1772
1030000 0.306612 0.92443 0.951212 2.18225
