# Time-averaged data for fix 1
# TimeStep c_msd_all[1] c_msd_all[2] c_msd_all[3] c_msd_all[4]
31000 0.0829259 0.087835 0.0762135 0.246974
32000 0.067053 0.0695623 0.0714962 0.208111
33000 0.0642949 0.0704508 0.0853582 0.220104
34000 0.0618138 0.0707868 0.0997958 0.232396
35000 0.0785352 0.0904061 0.0832956 0.252237
36000 0.0668352 0.0875197 0.0955499 0.249905
37000 0.0723583 0.0914263 0.0970076 0.260792
38000 0.0793139 0.0913164 0.087795 0.258425
39000 0.0730604 0.102883 0.109938 0.285881
40000 0.0697042 0.088864 0.0958043 0.254372
41000 0.0724 0.0995378 0.0945323 0.26647
42000 0.0748947 0.0992982 0.109304 0.283497
43000 0.0821014 0.113789 0.101589 0.29748
44000 0.0778141 0.104088 0.111464 0.293366
45000 0.0789607 0.111635 0.100789 0.291384
46000 0.0880918 0.113151 0.0988672 0.30011
47000 0.0835046 0.105794 0.105729 0.295028
48000 0.0776978 0.112499 0.109769 0.299966
49000 0.082883 0.129884 0.120531 0.333298
50000 0.0834634 0.127745 0.104865 0.316074
51000 0.0765872 0.105482 0.0978932 0.279963
52000 0.0810138 0.112872 0.132571 0.326456
53000 0.0828172 0.144967 0.113622 0.341406
54000 0.0835351 0.133748 0.134885 0.352168
55000 0.0797956 0.115267 0.108791 0.303853
56000 0.0877844 0.128022 0.107453 0.32326
57000 0.0783439 0.127153 0.129584 0.335081
58000 0.0813806 0.126651 0.13052 0.338552
59000 0.088164 0.121231 0.147033 0.356428
60000 0.0887793 0.127671 0.111367 0.327818
61000 0.0875308 0.123591 0.109772 0.320894
62000 0.0833111 0.125094 0.137035 0.34544
63000 0.0900885 0.143093 0.123772 0.356953
64000 0.0928551 0.124709 0.13892 0.356484
65000 0.0824291 0.128579 0.112501 0.323509
66000 0.0927982 0.13429 0.11844 0.345528
67000 0.0880417 0.124795 0.124178 0.337015
68000 0.0876292 0.141181 0.111902 0.340712
69000 0.0948644 0.139375 0.139066 0.373306
70000 0.0882091 0.130773 0.116838 0.33582
71000 0.0828127 0.119438 0.122237 0.324488
72000 0.09105 0.134512 0.120452 0.346015
73000 0.0915084 0.138719 0.116914 0.347141
74000 0.0908307 0.13521 0.121367 0.347408
75000 0.0823305 0.140936 0.116647 0.339913
76000 0.0808177 0.117557 0.118777 0.317151
77000 0.0911203 0.127964 0.131894 0.350978
78000 0.0865561 0.126983 0.11838 0.331919
79000 0.0926613 0.12461 0.125416 0.342688
80000 0.0866661 0.131279 0.126454 0.344399
81000 0.0898763 0.125779 0.119421 0.335077
82000 0.0948944 0.131086 0.128347 0.354327
83000 0.0850555 0.131414 0.129923 0.346393
84000 0.0983937 0.138533 0.157556 0.394483
85000 0.089856 0.123017 0.139028 0.351901
86000 0.0889218 0.127721 0.139396 0.356039
87000 0.0975761 0.130216 0.134769 0.362561
88000 0.096005 0.142944 0.142118 0.381066
89000 0.0914902 0.159759 0.148933 0.400182
90000 0.0951054 0.136044 0.134305 0.365454
91000 0.0947142 0.135361 0.13359 0.363665
92000 0.0991662 0.153541 0.137802 0.39051
93000 0.109625 0.156248 0.136419 0.402292
94000 0.104658 0.15198 0.135721 0.392359
95000 0.091214 0.142057 0.152894 0.386165
96000 0.101129 0.159461 0.143762 0.404353
97000 0.0923641 0.140344 0.136476 0.369184
98000 0.0992699 0.14169 0.139529 0.380489
99000 0.0949123 0.148087 0.142776 0.385775
100000 0.0861099 0.146755 0.144319 0.377184
101000 0.101499 0.150714 0.148734 0.400946
102000 0.0982029 0.152604 0.155202 0.406009
103000 0.112085 0.158543 0.15615 0.426778
104000 0.0901995 0.145052 0.144158 0.379409
105000 0.0959254 0.160693 0.144833 0.401452
106000 0.107008 0.157905 0.141262 0.406174
107000 0.0929888 0.134039 0.141488 0.368516
108000 0.0996223 0.158467 0.150573 0.408662
109000 0.104136 0.190246 0.141995 0.436377
110000 0.0955062 0.170815 0.159435 0.425756
111000 0.106185 0.184071 0.156437 0.446694
112000 0.112085 0.166985 0.160717 0.439787
113000 0.102276 0.159435 0.175712 0.437423
114000 0.103625 0.171958 0.163386 0.438969
115000 0.104453 0.17727 0.174093 0.455815
116000 0.108651 0.164846 0.17583 0.449327
117000 0.104937 0.161777 0.155045 0.421759
118000 0.106497 0.161081 0.215677 0.483256
119000 0.103584 0.162376 0.157681 0.423641
120000 0.107278 0.176089 0.169828 0.453195
121000 0.104172 0.177081 0.176345 0.457598
122000 0.115376 0.160209 0.181123 0.456708
123000 0.124963 0.187399 0.218557 0.53092
124000 0.108602 0.181422 0.188796 0.47882
125000 0.115456 0.172892 0.187096 0.475444
126000 0.102934 0.195523 0.187634 0.486091
127000 0.104162 0.195742 0.194226 0.49413
128000 0.114081 0.204656 0.201882 0.520619
129000 0.104172 0.173699 0.176397 0.454268
130000 0.112137 0.168171 0.173258 0.453566
131000 0.111103 0.195994 0.17347 0.480566
132000 0.127037 0.199129 0.189283 0.515449
133000 0.126609 0.224432 0.192638 0.543679
134000 0.12223 0.189593 0.181739 0.493562
135000 0.128461 0.216449 0.200156 0.545067
136000 0.13758 0.202388 0.208129 0.548097
137000 0.124602 0.206268 0.192131 0.523001
138000 0.121874 0.22341 0.208587 0.553871
139000 0.120471 0.194508 0.192334 0.507312
140000 0.126801 0.215628 0.194324 0.536753
141000 0.129818 0.218159 0.216066 0.564043
142000 0.1179 0.207375 0.186144 0.511419
143000 0.128909 0.219418 0.197698 0.546026
144000 0.12732 0.228203 0.17638 0.531903
145000 0.120271 0.242183 0.199136 0.56159
146000 0.128596 0.219948 0.198494 0.547038
147000 0.120694 0.219911 0.199119 0.539723
148000 0.128819 0.239932 0.222441 0.591192
149000 0.118794 0.244678 0.20779 0.571263
150000 0.119526 0.246678 0.198075 0.564279
151000 0.121814 0.228066 0.212143 0.562023
152000 0.12643 0.232612 0.203247 0.562289
153000 0.128158 0.231459 0.208769 0.568386
154000 0.117049 0.226125 0.201742 0.544916
155000 0.125378 0.226585 0.185453 0.537417
156000 0.127391 0.239763 0.219119 0.586272
157000 0.136048 0.2504 0.207962 0.59441
158000 0.139196 0.247005 0.199348 0.585549
159000 0.137932 0.239098 0.22257 0.599599
160000 0.131849 0.243338 0.199769 0.574955
161000 0.125222 0.23789 0.219695 0.582808
162000 0.135053 0.240105 0.200346 0.575504
163000 0.138132 0.241649 0.205882 0.585662
164000 0.126053 0.244235 0.237084 0.607372
165000 0.127183 0.248923 0.219711 0.595816
166000 0.144193 0.252563 0.229477 0.626233
167000 0.143337 0.27978 0.217616 0.640734
168000 0.122646 0.25252 0.211221 0.586387
169000 0.12692 0.276081 0.224454 0.627455
170000 0.126998 0.252031 0.221358 0.600388
171000 0.135219 0.260159 0.238297 0.633675
172000 0.138516 0.244738 0.211436 0.59469
173000 0.133309 0.254124 0.200098 0.587531
174000 0.13471 0.266617 0.215299 0.616626
175000 0.135824 0.24703 0.204781 0.587635
176000 0.137418 0.246668 0.206356 0.590442
177000 0.133024 0.234279 0.211392 0.578695
178000 0.126568 0.24134 0.214784 0.582693
179000 0.145608 0.277341 0.212551 0.635499
180000 0.132395 0.252295 0.198999 0.583689
181000 0.134612 0.25291 0.208592 0.596114
182000 0.126949 0.240362 0.226848 0.594159
183000 0.125893 0.256798 0.217482 0.600173
184000 0.133431 0.248412 0.211673 0.593515
185000 0.131474 0.262424 0.212417 0.606315
186000 0.139988 0.25543 0.214276 0.609694
187000 0.125749 0.258048 0.225121 0.608918
188000 0.13504 0.252765 0.23066 0.618466
189000 0.136212 0.272718 0.228666 0.637597
190000 0.130757 0.257601 0.226294 0.614653
191000 0.139535 0.257191 0.225759 0.622485
192000 0.134206 0.253997 0.218799 0.607002
193000 0.127579 0.263037 0.233451 0.624067
194000 0.141209 0.258369 0.2259 0.625478
195000 0.133261 0.258457 0.20998 0.601698
196000 0.128569 0.27107 0.2335 0.633138
197000 0.130195 0.255222 0.234422 0.619839
198000 0.140226 0.263045 0.242469 0.645739
199000 0.140581 0.271573 0.244816 0.65697
200000 0.138657 0.268699 0.237048 0.644404
201000 0.141131 0.292516 0.239522 0.673168
202000 0.136123 0.268091 0.222663 0.626877
203000 0.135129 0.271696 0.256034 0.662859
204000 0.141566 0.270508 0.240551 0.652624
205000 0.145895 0.285381 0.252421 0.683697
206000 0.147584 0.28142 0.240583 0.669587
207000 0.145807 0.251899 0.239861 0.637566
208000 0.146909 0.294308 0.245641 0.686858
209000 0.142665 0.291285 0.244624 0.678574
210000 0.142553 0.26765 0.252832 0.663035
211000 0.138166 0.29776 0.260107 0.696032
212000 0.131635 0.281302 0.254115 0.667052
213000 0.13554 0.290227 0.254026 0.679793
214000 0.159119 0.327354 0.266683 0.753157
215000 0.144225 0.30148 0.277956 0.723661
216000 0.135028 0.297754 0.284774 0.717557
217000 0.132641 0.289097 0.275066 0.696804
218000 0.135599 0.291433 0.293408 0.720439
219000 0.156704 0.315076 0.276167 0.747948
220000 0.144428 0.294593 0.272729 0.711749
221000 0.1357 0.293222 0.273557 0.702479
222000 0.136139 0.303209 0.27365 0.712999
223000 0.149785 0.315792 0.279817 0.745394
224000 0.148799 0.307363 0.279744 0.735906
225000 0.139284 0.291359 0.277248 0.707891
226000 0.143892 0.293258 0.259816 0.696966
227000 0.141795 0.309726 0.271936 0.723457
228000 0.152708 0.30226 0.269567 0.724534
229000 0.14864 0.298534 0.262909 0.710083
230000 0.152618 0.309291 0.285854 0.747763
231000 0.1481 0.300027 0.286398 0.734525
232000 0.133188 0.287488 0.26513 0.685806
233000 0.139017 0.289015 0.262211 0.690243
234000 0.14941 0.293438 0.257 0.699848
235000 0.146658 0.289626 0.27192 0.708203
236000 0.14454 0.288167 0.256787 0.689494
237000 0.149463 0.304115 0.276527 0.730104
238000 0.144876 0.304373 0.247184 0.696433
239000 0.148808 0.282682 0.258648 0.690138
240000 0.150637 0.295782 0.276419 0.722838
241000 0.139464 0.305848 0.288617 0.73393
242000 0.135603 0.308784 0.296696 0.741083
243000 0.144406 0.305717 0.313067 0.76319
244000 0.152851 0.308275 0.286538 0.747665
245000 0.138261 0.300956 0.28219 0.721406
246000 0.144894 0.308833 0.309288 0.763015
247000 0.145499 0.324569 0.281827 0.751895
248000 0.146067 0.325808 0.285771 0.757646
249000 0.146586 0.319419 0.270138 0.736143
250000 0.139145 0.325453 0.284136 0.748735
251000 0.139263 0.317328 0.304622 0.761213
252000 0.167301 0.326522 0.297611 0.791434
253000 0.159412 0.339623 0.303143 0.802179
254000 0.15922 0.331408 0.293385 0.784013
255000 0.152713 0.332361 0.287148 0.772222
256000 0.154545 0.324257 0.311193 0.789995
257000 0.163912 0.337487 0.296878 0.798277
258000 0.141379 0.323994 0.300768 0.766141
259000 0.14648 0.32161 0.293746 0.761835
260000 0.147218 0.377905 0.294295 0.819418
261000 0.147298 0.333778 0.324371 0.805447
262000 0.175254 0.337439 0.29958 0.812273
263000 0.164335 0.336695 0.326529 0.827559
264000 0.147922 0.333511 0.309751 0.791184
265000 0.152759 0.350227 0.304502 0.807489
266000 0.147192 0.332468 0.339699 0.819359
267000 0.174505 0.344269 0.306904 0.825678
268000 0.163732 0.336109 0.316746 0.816587
269000 0.171703 0.331175 0.326828 0.829706
270000 0.146383 0.331533 0.31346 0.791376
271000 0.15862 0.326996 0.333527 0.819143
272000 0.165698 0.340087 0.292458 0.798243
273000 0.167205 0.337556 0.308768 0.813528
274000 0.168418 0.319211 0.310735 0.798365
275000 0.152581 0.349169 0.309685 0.811435
276000 0.153986 0.350039 0.345432 0.849457
277000 0.158879 0.330597 0.307132 0.796608
278000 0.156129 0.343346 0.308991 0.808466
279000 0.144292 0.323593 0.315034 0.782918
280000 0.154224 0.346036 0.299639 0.799898
281000 0.150971 0.323597 0.293964 0.768533
282000 0.14333 0.34119 0.307051 0.791571
283000 0.146283 0.345009 0.302097 0.793389
284000 0.156885 0.349626 0.316537 0.823048
285000 0.144263 0.339456 0.307358 0.791076
286000 0.155119 0.353149 0.331435 0.839702
287000 0.14743 0.337995 0.33174 0.817164
288000 0.151644 0.342134 0.328761 0.82254
289000 0.153651 0.350054 0.368005 0.87171
290000 0.146507 0.361462 0.341774 0.849743
291000 0.151036 0.356731 0.329313 0.837079
292000 0.170519 0.392493 0.324152 0.887164
293000 0.166933 0.380084 0.32064 0.867656
294000 0.155797 0.372233 0.326496 0.854526
295000 0.165382 0.383535 0.325827 0.874744
296000 0.162721 0.372893 0.321729 0.857343
297000 0.160613 0.365908 0.328373 0.854895
298000 0.167464 0.381183 0.314569 0.863216
299000 0.166294 0.376408 0.344538 0.88724
300000 0.157987 0.375549 0.319944 0.85348
301000 0.144847 0.375067 0.340451 0.860365
302000 0.161878 0.390689 0.330992 0.883559
303000 0.151046 0.405289 0.323041 0.879376
304000 0.156824 0.362535 0.328241 0.847599
305000 0.152741 0.376575 0.326281 0.855596
306000 0.156676 0.367763 0.339568 0.864007
307000 0.16235 0.385468 0.320395 0.868213
308000 0.164274 0.378243 0.321294 0.863811
309000 0.169648 0.366978 0.318101 0.854727
310000 0.161067 0.401596 0.334602 0.897266
311000 0.153939 0.379207 0.35697 0.890116
312000 0.188021 0.381632 0.350378 0.920032
313000 0.162397 0.376121 0.327597 0.866115
314000 0.166295 0.361872 0.345038 0.873205
315000 0.169135 0.402379 0.321478 0.892992
316000 0.149491 0.39755 0.352684 0.899724
317000 0.166193 0.401991 0.332444 0.900627
318000 0.16483 0.389814 0.346983 0.901627
319000 0.154952 0.389265 0.331822 0.876039
320000 0.163732 0.410544 0.331775 0.906051
321000 0.169308 0.389997 0.343582 0.902887
322000 0.165064 0.390594 0.321296 0.876954
323000 0.163882 0.414711 0.359737 0.93833
324000 0.171196 0.401862 0.362801 0.935859
325000 0.159375 0.398275 0.340791 0.898441
326000 0.154933 0.390783 0.374068 0.919785
327000 0.166235 0.408724 0.348098 0.923057
328000 0.156885 0.39883 0.33746 0.893176
329000 0.157577 0.408427 0.353688 0.919692
330000 0.15186 0.415389 0.353159 0.920408
331000 0.166039 0.42999 0.379407 0.975435
332000 0.153296 0.419918 0.360021 0.933234
333000 0.164977 0.428396 0.350821 0.944193
334000 0.1601 0.407637 0.382438 0.950174
335000 0.157728 0.421781 0.369411 0.94892
336000 0.154982 0.423646 0.379412 0.95804
337000 0.165219 0.432703 0.356625 0.954548
338000 0.160591 0.413251 0.364336 0.938178
339000 0.163839 0.418887 0.380308 0.963033
340000 0.160656 0.419301 0.367829 0.947786
341000 0.163727 0.414766 0.373979 0.952473
342000 0.166996 0.404782 0.357569 0.929347
343000 0.173112 0.429816 0.355232 0.95816
344000 0.182645 0.422518 0.390626 0.995788
345000 0.161438 0.43435 0.37022 0.966008
346000 0.177201 0.413894 0.354523 0.945618
347000 0.181618 0.430988 0.360051 0.972656
348000 0.184129 0.432682 0.359147 0.975957
349000 0.176478 0.406847 0.374422 0.957747
350000 0.173226 0.44064 0.367649 0.981516
351000 0.178945 0.445781 0.356401 0.981127
352000 0.181774 0.418101 0.360162 0.960037
353000 0.16086 0.408076 0.358702 0.927637
354000 0.185202 0.442278 0.3871 1.01458
355000 0.189526 0.459247 0.366422 1.0152
356000 0.179927 0.449388 0.379069 1.00838
357000 0.187182 0.428903 0.364987 0.981072
358000 0.18699 0.428878 0.355678 0.971547
359000 0.193493 0.466802 0.368522 1.02882
360000 0.178736 0.451971 0.365453 0.99616
361000 0.172702 0.425722 0.368071 0.966495
362000 0.184446 0.453576 0.375925 1.01395
363000 0.189062 0.430191 0.356533 0.975785
364000 0.186398 0.432421 0.368696 0.987515
365000 0.187963 0.429494 0.370808 0.988265
366000 0.179023 0.430509 0.370769 0.980301
367000 0.176437 0.442676 0.36307 0.982183
368000 0.174038 0.441865 0.378324 0.994227
369000 0.189582 0.460731 0.358622 1.00893
370000 0.175193 0.438444 0.361715 0.975352
371000 0.178775 0.427857 0.360298 0.96693
372000 0.167455 0.446695 0.366119 0.980268
373000 0.190757 0.462216 0.370495 1.02347
374000 0.17796 0.447409 0.380989 1.00636
375000 0.173454 0.450743 0.380681 1.00488
376000 0.18168 0.479071 0.372909 1.03366
377000 0.183488 0.471811 0.387844 1.04314
378000 0.178744 0.457163 0.383701 1.01961
379000 0.183231 0.483101 0.399235 1.06557
380000 0.169328 0.451268 0.390297 1.01089
381000 0.180459 0.461893 0.38996 1.03231
382000 0.175881 0.45785 0.417589 1.05132
383000 0.186392 0.470074 0.409878 1.06634
384000 0.179542 0.484674 0.425146 1.08936
385000 0.182687 0.464643 0.40468 1.05201
386000 0.17621 0.460096 0.418549 1.05486
387000 0.180524 0.469466 0.432229 1.08222
388000 0.181154 0.480749 0.436175 1.09808
389000 0.174721 0.444896 0.450215 1.06983
390000 0.177195 0.45739 0.436488 1.07107
391000 0.194699 0.467592 0.436343 1.09863
392000 0.187391 0.478383 0.439379 1.10515
393000 0.177594 0.4622 0.438318 1.07811
394000 0.188165 0.467563 0.481853 1.13758
395000 0.178749 0.469566 0.449498 1.09781
396000 0.186617 0.481849 0.455967 1.12443
397000 0.193032 0.503123 0.461178 1.15733
398000 0.184056 0.473735 0.445633 1.10342
399000 0.181952 0.483681 0.488795 1.15443
400000 0.183547 0.503689 0.444584 1.13182
401000 0.186321 0.509401 0.444148 1.13987
402000 0.171994 0.497607 0.486418 1.15602
403000 0.179542 0.501454 0.443241 1.12424
404000 0.172062 0.504959 0.47424 1.15126
405000 0.186579 0.495803 0.446155 1.12854
406000 0.176483 0.496919 0.448897 1.1223
407000 0.195073 0.513178 0.460039 1.16829
408000 0.178506 0.504249 0.452534 1.13529
409000 0.186536 0.521546 0.480835 1.18892
410000 0.183106 0.499174 0.449012 1.13129
411000 0.189141 0.511018 0.46497 1.16513
412000 0.1898 0.498813 0.447008 1.13562
413000 0.189118 0.480852 0.453347 1.12332
414000 0.189668 0.497682 0.465518 1.15287
415000 0.205257 0.493822 0.462848 1.16193
416000 0.209611 0.514864 0.465173 1.18965
417000 0.196196 0.513643 0.440453 1.15029
418000 0.209317 0.524143 0.461397 1.19486
419000 0.200058 0.54522 0.464255 1.20953
420000 0.192906 0.557271 0.44491 1.19509
421000 0.207396 0.506573 0.459435 1.1734
422000 0.211098 0.518616 0.439665 1.16938
423000 0.194791 0.519374 0.43641 1.15057
424000 0.187988 0.532474 0.457188 1.17765
425000 0.205963 0.522713 0.448437 1.17711
426000 0.201769 0.512815 0.475276 1.18986
427000 0.194192 0.50821 0.465002 1.1674
428000 0.194368 0.512325 0.458975 1.16567
429000 0.200034 0.523453 0.505001 1.22849
430000 0.195332 0.498011 0.490311 1.18365
431000 0.201475 0.507219 0.475157 1.18385
432000 0.214765 0.518317 0.45091 1.18399
433000 0.214762 0.49856 0.470759 1.18408
434000 0.198228 0.526258 0.471238 1.19572
435000 0.200206 0.51412 0.461744 1.17607
436000 0.207974 0.502038 0.474283 1.18429
437000 0.212843 0.529848 0.447451 1.19014
438000 0.216914 0.516238 0.465744 1.1989
439000 0.197606 0.511798 0.442317 1.15172
440000 0.208617 0.519203 0.439423 1.16724
441000 0.216046 0.51242 0.445164 1.17363
442000 0.219972 0.526614 0.445057 1.19164
443000 0.211044 0.51611 0.428709 1.15586
444000 0.211137 0.508844 0.446751 1.16673
445000 0.201777 0.503876 0.440971 1.14662
446000 0.214107 0.528203 0.440089 1.1824
447000 0.209414 0.535939 0.440162 1.18552
448000 0.203104 0.522211 0.441567 1.16688
449000 0.218963 0.53481 0.44947 1.20324
450000 0.215926 0.545357 0.457187 1.21847
451000 0.22533 0.534552 0.462968 1.22285
452000 0.216137 0.541038 0.46318 1.22036
453000 0.220348 0.537766 0.466518 1.22463
454000 0.225143 0.551821 0.455455 1.23242
455000 0.235414 0.542718 0.442245 1.22038
456000 0.218477 0.540947 0.46007 1.21949
457000 0.21677 0.531011 0.452381 1.20016
458000 0.239514 0.567093 0.457849 1.26446
459000 0.226733 0.531123 0.449777 1.20763
460000 0.21831 0.52476 0.451053 1.19412
461000 0.2203 0.545349 0.458996 1.22465
462000 0.218182 0.549346 0.460483 1.22801
463000 0.228915 0.55847 0.463758 1.25114
464000 0.223725 0.538772 0.45266 1.21516
465000 0.227862 0.550879 0.458463 1.2372
466000 0.220413 0.549495 0.469269 1.23918
467000 0.208924 0.552227 0.470475 1.23163
468000 0.220206 0.54274 0.469962 1.23291
469000 0.227696 0.54335 0.45721 1.22826
470000 0.231836 0.552362 0.459834 1.24403
471000 0.223593 0.550022 0.456951 1.23057
472000 0.219624 0.535937 0.446173 1.20173
473000 0.219984 0.544342 0.450786 1.21511
474000 0.220045 0.545715 0.458708 1.22447
475000 0.228872 0.546142 0.466005 1.24102
476000 0.230535 0.540367 0.45474 1.22564
477000 0.223234 0.550858 0.452884 1.22698
478000 0.222381 0.558491 0.461776 1.24265
479000 0.225283 0.557666 0.478568 1.26152
480000 0.248555 0.556897 0.479235 1.28469
481000 0.240445 0.574967 0.477923 1.29334
482000 0.231224 0.568912 0.458467 1.2586
483000 0.220344 0.538973 0.46573 1.22505
484000 0.23025 0.538053 0.472751 1.24105
485000 0.235705 0.570842 0.475531 1.28208
486000 0.236902 0.556616 0.473913 1.26743
487000 0.248794 0.543442 0.476437 1.26867
488000 0.22757 0.577612 0.479964 1.28515
489000 0.223245 0.548115 0.474453 1.24581
490000 0.217797 0.565967 0.462319 1.24608
491000 0.229505 0.559987 0.476294 1.26579
492000 0.237356 0.583182 0.478204 1.29874
493000 0.227727 0.555268 0.480403 1.2634
494000 0.230995 0.546404 0.485754 1.26315
495000 0.230725 0.572814 0.488072 1.29161
496000 0.237577 0.561421 0.472113 1.27111
497000 0.228928 0.561881 0.495946 1.28675
498000 0.233638 0.549434 0.482922 1.266
499000 0.232024 0.582106 0.505005 1.31913
500000 0.2196 0.555739 0.485983 1.26132
501000 0.226323 0.562663 0.479576 1.26856
502000 0.226595 0.566993 0.490266 1.28385
503000 0.243554 0.549805 0.487983 1.28134
504000 0.218511 0.570226 0.483682 1.27242
505000 0.207218 0.557314 0.499666 1.2642
506000 0.218946 0.555746 0.482115 1.25681
507000 0.233114 0.565212 0.470061 1.26839
508000 0.22597 0.563288 0.483975 1.27323
509000 0.231862 0.56742 0.480958 1.28024
510000 0.233096 0.577837 0.47131 1.28224
511000 0.234094 0.546611 0.490669 1.27137
512000 0.229745 0.569507 0.49117 1.29042
513000 0.225 0.573383 0.485636 1.28402
514000 0.227853 0.568858 0.481225 1.27794
515000 0.239355 0.570475 0.484009 1.29384
516000 0.228826 0.563763 0.487682 1.28027
517000 0.21459 0.558089 0.488414 1.26109
518000 0.221211 0.573463 0.476174 1.27085
519000 0.224189 0.584873 0.463892 1.27295
520000 0.227831 0.59849 0.481765 1.30809
521000 0.228814 0.560909 0.479602 1.26932
522000 0.216614 0.591112 0.493303 1.30103
523000 0.221859 0.606481 0.486043 1.31438
524000 0.226933 0.56938 0.484294 1.28061
525000 0.214903 0.578887 0.482837 1.27663
526000 0.216115 0.576267 0.486544 1.27893
527000 0.227051 0.588743 0.506534 1.32233
528000 0.226166 0.587465 0.508192 1.32182
529000 0.219449 0.571018 0.499073 1.28954
530000 0.214257 0.58755 0.527289 1.3291
531000 0.245137 0.597265 0.519901 1.3623
532000 0.229142 0.577871 0.507795 1.31481
533000 0.221583 0.566186 0.531982 1.31975
534000 0.218922 0.587521 0.509511 1.31595
535000 0.226736 0.593153 0.515177 1.33507
536000 0.236976 0.586636 0.521523 1.34513
537000 0.224267 0.598514 0.523389 1.34617
538000 0.219738 0.601677 0.523276 1.34469
539000 0.232122 0.636123 0.518533 1.38678
540000 0.221884 0.607203 0.508149 1.33724
541000 0.233739 0.616423 0.544466 1.39463
542000 0.222432 0.599469 0.515804 1.3377
543000 0.221173 0.603982 0.525954 1.35111
544000 0.222132 0.61169 0.518153 1.35198
545000 0.218859 0.59578 0.531932 1.34657
546000 0.223945 0.619975 0.542904 1.38682
547000 0.222138 0.598521 0.513129 1.33379
548000 0.228048 0.604223 0.536294 1.36857
549000 0.225212 0.612423 0.532592 1.37023
550000 0.223555 0.618149 0.519178 1.36088
551000 0.222866 0.614101 0.53033 1.3673
552000 0.228996 0.621985 0.521247 1.37223
553000 0.21993 0.59221 0.539976 1.35212
554000 0.230217 0.614582 0.542044 1.38684
555000 0.22269 0.61276 0.555123 1.39057
556000 0.227396 0.622196 0.544532 1.39412
557000 0.225901 0.626995 0.527282 1.38018
558000 0.214051 0.599167 0.52019 1.33341
559000 0.225483 0.600033 0.508437 1.33395
560000 0.225373 0.61995 0.522058 1.36738
561000 0.224446 0.61727 0.547754 1.38947
562000 0.231114 0.596733 0.528657 1.3565
563000 0.229729 0.613917 0.540049 1.3837
564000 0.236947 0.608862 0.530143 1.37595
565000 0.259345 0.633855 0.56472 1.45792
566000 0.229152 0.61315 0.535522 1.37782
567000 0.228299 0.604248 0.538506 1.37105
568000 0.228255 0.618914 0.543931 1.3911
569000 0.245984 0.628957 0.540874 1.41581
570000 0.232569 0.63527 0.538401 1.40624
571000 0.241377 0.607989 0.535892 1.38526
572000 0.227803 0.615496 0.533145 1.37644
573000 0.22738 0.640714 0.547957 1.41605
574000 0.243271 0.628515 0.54887 1.42066
575000 0.230785 0.623046 0.55809 1.41192
576000 0.234844 0.630898 0.553699 1.41944
577000 0.229828 0.621874 0.534484 1.38619
578000 0.242195 0.633273 0.559807 1.43528
579000 0.23989 0.669326 0.554058 1.46327
580000 0.228022 0.647625 0.548911 1.42456
581000 0.228743 0.658365 0.561469 1.44858
582000 0.24014 0.659749 0.572372 1.47226
583000 0.22751 0.641117 0.575862 1.44449
584000 0.226939 0.639477 0.573443 1.43986
585000 0.239136 0.646428 0.568201 1.45376
586000 0.228366 0.64742 0.543984 1.41977
587000 0.225262 0.639598 0.569658 1.43452
588000 0.233461 0.657191 0.581408 1.47206
589000 0.233893 0.635548 0.564499 1.43394
590000 0.241692 0.641229 0.567651 1.45057
591000 0.243299 0.64196 0.559769 1.44503
592000 0.246951 0.649233 0.565104 1.46129
593000 0.225124 0.647365 0.570364 1.44285
594000 0.240057 0.649129 0.568888 1.45807
595000 0.238862 0.654642 0.578971 1.47247
596000 0.25852 0.636773 0.563075 1.45837
597000 0.244829 0.660832 0.564478 1.47014
598000 0.233714 0.645663 0.580208 1.45958
599000 0.23087 0.636267 0.580888 1.44802
600000 0.242021 0.653809 0.563835 1.45967
601000 0.257849 0.667408 0.564296 1.48955
602000 0.251481 0.65956 0.559902 1.47094
603000 0.241717 0.648631 0.587258 1.47761
604000 0.244784 0.669084 0.589176 1.50304
605000 0.245742 0.659989 0.595989 1.50172
606000 0.241414 0.664231 0.570357 1.476
607000 0.24677 0.656265 0.563497 1.46653
608000 0.25287 0.684951 0.579549 1.51737
609000 0.24854 0.66556 0.587468 1.50157
610000 0.241556 0.65851 0.579419 1.47949
611000 0.237925 0.68935 0.583491 1.51077
612000 0.240268 0.694899 0.593933 1.5291
613000 0.244896 0.681484 0.59501 1.52139
614000 0.251113 0.674288 0.58921 1.51461
615000 0.244927 0.667162 0.594943 1.50703
616000 0.25946 0.67715 0.603389 1.54
617000 0.255687 0.667566 0.598038 1.52129
618000 0.25464 0.695237 0.593918 1.54379
619000 0.243569 0.679098 0.593108 1.51577
620000 0.255812 0.656907 0.603997 1.51672
621000 0.256625 0.67019 0.606344 1.53316
622000 0.24914 0.680533 0.588306 1.51798
623000 0.249772 0.688626 0.608106 1.54651
624000 0.249524 0.703102 0.604672 1.5573
625000 0.254871 0.670246 0.601477 1.52659
626000 0.253531 0.707448 0.597858 1.55884
627000 0.243302 0.673224 0.615699 1.53223
628000 0.256203 0.696908 0.640024 1.59314
629000 0.243335 0.691043 0.611999 1.54638
630000 0.253997 0.702424 0.610223 1.56664
631000 0.252235 0.689444 0.597896 1.53958
632000 0.241612 0.704865 0.631896 1.57837
633000 0.266007 0.71338 0.608973 1.58836
634000 0.249072 0.67856 0.613781 1.54141
635000 0.254542 0.695165 0.597398 1.5471
636000 0.253203 0.698953 0.619785 1.57194
637000 0.255509 0.707498 0.611247 1.57425
638000 0.257356 0.713918 0.617628 1.5889
639000 0.245339 0.694823 0.623672 1.56383
640000 0.251015 0.711007 0.636475 1.5985
641000 0.262319 0.694317 0.609747 1.56638
642000 0.257863 0.687842 0.622445 1.56815
643000 0.252352 0.705633 0.643359 1.60134
644000 0.256487 0.698421 0.620333 1.57524
645000 0.259182 0.719111 0.617322 1.59561
646000 0.270808 0.715802 0.619626 1.60624
647000 0.256565 0.722407 0.611213 1.59019
648000 0.254303 0.726443 0.648636 1.62938
649000 0.251537 0.705454 0.633883 1.59088
650000 0.256095 0.721933 0.627078 1.60511
651000 0.256886 0.708082 0.6482 1.61317
652000 0.255794 0.739113 0.626862 1.62177
653000 0.274355 0.727991 0.640811 1.64316
654000 0.27445 0.739751 0.651952 1.66615
655000 0.285576 0.71692 0.632937 1.63543
656000 0.268474 0.70759 0.639966 1.61603
657000 0.27262 0.731521 0.645516 1.64966
658000 0.280836 0.728007 0.624763 1.63361
659000 0.282416 0.708094 0.623014 1.61352
660000 0.291745 0.743688 0.637468 1.6729
661000 0.270166 0.745229 0.662621 1.67802
662000 0.262413 0.76394 0.645461 1.67181
663000 0.267807 0.73293 0.628267 1.629
664000 0.259177 0.744075 0.641147 1.6444
665000 0.265284 0.783132 0.633436 1.68185
666000 0.259949 0.759027 0.644041 1.66302
667000 0.257987 0.758003 0.652731 1.66872
668000 0.255022 0.743445 0.658071 1.65654
669000 0.264422 0.751736 0.658697 1.67485
670000 0.267273 0.770208 0.654308 1.69179
671000 0.258389 0.746374 0.660402 1.66517
672000 0.26309 0.75267 0.654189 1.66995
673000 0.253853 0.741524 0.666333 1.66171
674000 0.253321 0.754323 0.647223 1.65487
675000 0.267025 0.736329 0.648444 1.6518
676000 0.264026 0.746828 0.639953 1.65081
677000 0.278469 0.770862 0.638534 1.68786
678000 0.292858 0.772255 0.647722 1.71283
679000 0.277808 0.738761 0.644731 1.6613
680000 0.271159 0.719063 0.651942 1.64216
681000 0.28325 0.772442 0.653317 1.70901
682000 0.282221 0.753263 0.652858 1.68834
683000 0.284108 0.758692 0.627957 1.67076
684000 0.272268 0.777151 0.666377 1.7158
685000 0.265614 0.741561 0.671582 1.67876
686000 0.259892 0.766379 0.662525 1.6888
687000 0.270372 0.761039 0.646705 1.67812
688000 0.263483 0.741376 0.659488 1.66435
689000 0.263963 0.766633 0.663048 1.69364
690000 0.265539 0.774768 0.659745 1.70005
691000 0.275636 0.750373 0.655688 1.6817
692000 0.279252 0.79394 0.655948 1.72914
693000 0.267909 0.757289 0.648358 1.67356
694000 0.267064 0.750153 0.640333 1.65755
695000 0.267229 0.76063 0.651392 1.67925
696000 0.277846 0.777863 0.650589 1.7063
697000 0.269418 0.746588 0.658541 1.67455
698000 0.264261 0.759562 0.638229 1.66205
699000 0.263609 0.755197 0.633061 1.65187
700000 0.27016 0.748802 0.644428 1.66339
701000 0.273062 0.749545 0.639076 1.66168
702000 0.272339 0.743242 0.654329 1.66991
703000 0.278943 0.762208 0.657731 1.69888
704000 0.255599 0.735758 0.636437 1.62779
705000 0.270052 0.745698 0.63331 1.64906
706000 0.273344 0.76864 0.649974 1.69196
707000 0.277464 0.761909 0.639386 1.67876
708000 0.262346 0.750209 0.639834 1.65239
709000 0.278882 0.752393 0.656221 1.6875
710000 0.258624 0.747893 0.663225 1.66974
711000 0.285349 0.760944 0.647234 1.69353
712000 0.301339 0.779078 0.663317 1.74373
713000 0.276661 0.75469 0.656531 1.68788
714000 0.286281 0.754193 0.688429 1.7289
715000 0.287621 0.774152 0.656805 1.71858
716000 0.284459 0.746267 0.683245 1.71397
717000 0.280381 0.763467 0.6731 1.71695
718000 0.282785 0.769366 0.680047 1.7322
719000 0.293825 0.753168 0.671305 1.7183
720000 0.286304 0.755302 0.680584 1.72219
721000 0.288334 0.771842 0.670889 1.73107
722000 0.283217 0.772855 0.67033 1.7264
723000 0.2885 0.78773 0.668081 1.74431
724000 0.296331 0.776187 0.670746 1.74326
725000 0.290596 0.775776 0.685525 1.7519
726000 0.294866 0.772895 0.672836 1.7406
727000 0.292151 0.809534 0.663833 1.76552
728000 0.280207 0.774593 0.6725 1.7273
729000 0.305462 0.787914 0.686812 1.78019
730000 0.303335 0.752641 0.685544 1.74152
731000 0.287446 0.761734 0.6998 1.74898
732000 0.29853 0.8092 0.69944 1.80717
733000 0.296524 0.801211 0.681387 1.77912
734000 0.290357 0.756101 0.673233 1.71969
735000 0.299127 0.779949 0.683454 1.76253
736000 0.309406 0.780607 0.678974 1.76899
737000 0.287057 0.823803 0.688267 1.79913
738000 0.29994 0.797534 0.693594 1.79107
739000 0.294057 0.795207 0.702818 1.79208
740000 0.297404 0.784577 0.698684 1.78067
741000 0.302988 0.8057 0.677718 1.78641
742000 0.299324 0.810946 0.676983 1.78725
743000 0.297294 0.789501 0.68636 1.77315
744000 0.302591 0.802724 0.692981 1.7983
745000 0.303163 0.783183 0.719142 1.80549
746000 0.302929 0.817727 0.702385 1.82304
747000 0.307021 0.812341 0.707813 1.82717
748000 0.307507 0.783001 0.721546 1.81205
749000 0.310285 0.779984 0.719277 1.80954
750000 0.299692 0.806795 0.70683 1.81332
751000 0.312243 0.811349 0.691369 1.81496
752000 0.317528 0.826748 0.699711 1.84399
753000 0.302132 0.803512 0.72182 1.82746
754000 0.288637 0.794906 0.717597 1.80114
755000 0.303739 0.814032 0.715456 1.83323
756000 0.29701 0.815257 0.711943 1.82421
757000 0.309309 0.818742 0.716481 1.84453
758000 0.294445 0.788168 0.74343 1.82604
759000 0.305176 0.83266 0.742932 1.88077
760000 0.303943 0.824413 0.726188 1.85454
761000 0.308233 0.805566 0.703854 1.81765
762000 0.311021 0.832319 0.71436 1.8577
763000 0.306729 0.814447 0.701323 1.8225
764000 0.311584 0.832991 0.711576 1.85615
765000 0.321255 0.834232 0.729734 1.88522
766000 0.310294 0.812221 0.725624 1.84814
767000 0.32028 0.80427 0.723913 1.84846
768000 0.298012 0.840728 0.721672 1.86041
769000 0.316551 0.814644 0.717767 1.84896
770000 0.312312 0.823285 0.71624 1.85184
771000 0.304525 0.806375 0.717574 1.82847
772000 0.311736 0.817346 0.705208 1.83429
773000 0.319786 0.834076 0.724495 1.87836
774000 0.31232 0.854487 0.710322 1.87713
775000 0.32408 0.824891 0.733028 1.882
776000 0.314436 0.837524 0.730505 1.88246
777000 0.310017 0.845756 0.728171 1.88394
778000 0.317642 0.850405 0.725208 1.89326
779000 0.318034 0.839127 0.703705 1.86087
780000 0.313631 0.826937 0.723655 1.86422
781000 0.316295 0.8071 0.737167 1.86056
782000 0.295847 0.833538 0.73332 1.8627
783000 0.316637 0.844341 0.716317 1.8773
784000 0.322145 0.838512 0.744492 1.90515
785000 0.319138 0.848247 0.721841 1.88923
786000 0.302524 0.84768 0.725398 1.8756
787000 0.326178 0.825379 0.718791 1.87035
788000 0.312817 0.851682 0.729524 1.89402
789000 0.324126 0.836585 0.742072 1.90278
790000 0.323832 0.841896 0.737629 1.90336
791000 0.332853 0.827901 0.734153 1.89491
792000 0.3116 0.832887 0.747543 1.89203
793000 0.334418 0.845615 0.762343 1.94238
794000 0.330792 0.85738 0.746589 1.93476
795000 0.313023 0.841957 0.742437 1.89742
796000 0.334448 0.853918 0.741126 1.92949
797000 0.337982 0.863784 0.734505 1.93627
798000 0.3156 0.837227 0.757814 1.91064
799000 0.332918 0.829167 0.722354 1.88444
800000 0.331394 0.87162 0.747605 1.95062
801000 0.334751 0.859783 0.742146 1.93668
802000 0.314987 0.847274 0.729701 1.89196
803000 0.317481 0.841151 0.751716 1.91035
804000 0.328253 0.875912 0.762083 1.96625
805000 0.326858 0.856337 0.743692 1.92689
806000 0.309432 0.839418 0.747502 1.89635
807000 0.335422 0.869735 0.747078 1.95223
808000 0.311787 0.833902 0.727739 1.87343
809000 0.319072 0.819007 0.740555 1.87863
810000 0.325639 0.826323 0.724048 1.87601
811000 0.325981 0.84552 0.733107 1.90461
812000 0.300217 0.848702 0.737526 1.88644
813000 0.325679 0.848457 0.739384 1.91352
814000 0.316466 0.820537 0.732422 1.86943
815000 0.323078 0.865153 0.751496 1.93973
816000 0.312868 0.849482 0.728773 1.89112
817000 0.31321 0.832575 0.76012 1.90591
818000 0.322475 0.805109 0.741357 1.86894
819000 0.321909 0.86018 0.740953 1.92304
820000 0.313832 0.830443 0.736374 1.88065
821000 0.337428 0.82551 0.748228 1.91117
822000 0.337677 0.834519 0.752347 1.92454
823000 0.31601 0.838616 0.74017 1.8948
824000 0.317352 0.864242 0.749628 1.93122
825000 0.327532 0.830555 0.743468 1.90155
826000 0.324342 0.846924 0.728172 1.89944
827000 0.324851 0.882795 0.744813 1.95246
828000 0.331765 0.853239 0.737844 1.92285
829000 0.3343 0.864528 0.754466 1.95329
830000 0.340259 0.875123 0.740859 1.95624
831000 0.320119 0.842896 0.743122 1.90614
832000 0.319157 0.828547 0.7434 1.8911
833000 0.316244 0.861215 0.744355 1.92181
834000 0.331986 0.88631 0.739724 1.95802
835000 0.316402 0.880044 0.753529 1.94997
836000 0.331852 0.888464 0.773345 1.99366
837000 0.330597 0.848929 0.755995 1.93552
838000 0.32298 0.854875 0.747786 1.92564
839000 0.329044 0.907103 0.763301 1.99945
840000 0.328786 0.896341 0.782809 2.00794
841000 0.329558 0.885404 0.772654 1.98762
842000 0.346764 0.883673 0.766928 1.99736
843000 0.33875 0.867139 0.75926 1.96515
844000 0.374106 0.900716 0.769315 2.04414
845000 0.354684 0.891025 0.783969 2.02968
846000 0.337018 0.8754 0.766672 1.97909
847000 0.350572 0.901859 0.760905 2.01334
848000 0.333412 0.873321 0.750474 1.95721
849000 0.352032 0.867961 0.757787 1.97778
850000 0.347423 0.899307 0.763793 2.01052
851000 0.324354 0.898931 0.760972 1.98426
852000 0.332672 0.89281 0.759995 1.98548
853000 0.32859 0.905717 0.771876 2.00618
854000 0.332778 0.890739 0.782112 2.00563
855000 0.328492 0.885308 0.794092 2.00789
856000 0.342221 0.908627 0.791497 2.04235
857000 0.347734 0.925449 0.789341 2.06252
858000 0.343907 0.895551 0.790094 2.02955
859000 0.332215 0.886944 0.786693 2.00585
860000 0.350499 0.901557 0.79558 2.04764
861000 0.347984 0.906817 0.800546 2.05535
862000 0.342698 0.906367 0.803085 2.05215
863000 0.343204 0.918486 0.80658 2.06827
864000 0.346366 0.917871 0.783551 2.04779
865000 0.356728 0.936226 0.797299 2.09025
866000 0.338952 0.913775 0.775913 2.02864
867000 0.359801 0.925575 0.792509 2.07789
868000 0.338247 0.927551 0.779801 2.0456
869000 0.329436 0.932106 0.8017 2.06324
870000 0.346591 0.926984 0.800156 2.07373
871000 0.335348 0.945317 0.799328 2.07999
872000 0.346582 0.925565 0.805582 2.07773
873000 0.349862 0.940099 0.784811 2.07477
874000 0.347619 0.934104 0.792843 2.07457
875000 0.350806 0.914007 0.803884 2.0687
876000 0.355602 0.919743 0.798983 2.07433
877000 0.34383 0.943641 0.79859 2.08606
878000 0.359686 0.934029 0.792455 2.08617
879000 0.339185 0.93711 0.801207 2.0775
880000 0.353569 0.951662 0.787906 2.09314
881000 0.354146 0.924422 0.798048 2.07662
882000 0.339356 0.929993 0.786726 2.05608
883000 0.333614 0.929129 0.818233 2.08098
884000 0.341444 0.937541 0.814714 2.0937
885000 0.350264 0.937261 0.800052 2.08758
886000 0.359682 0.963967 0.801428 2.12508
887000 0.334407 0.935367 0.810473 2.08025
888000 0.363824 0.944835 0.828094 2.13675
889000 0.345754 0.93249 0.831993 2.11024
890000 0.335408 0.948265 0.81843 2.1021
891000 0.348383 0.931847 0.809193 2.08942
892000 0.346623 0.947813 0.799348 2.09378
893000 0.361 0.942003 0.8122 2.1152
894000 0.346534 0.95419 0.812579 2.1133
895000 0.336163 0.935563 0.809487 2.08121
896000 0.342617 0.929195 0.820348 2.09216
897000 0.34644 0.93439 0.811684 2.09251
898000 0.335782 0.938006 0.820955 2.09474
899000 0.343129 0.94797 0.823916 2.11502
900000 0.326364 0.904513 0.828556 2.05943
901000 0.35183 0.937167 0.81779 2.10679
902000 0.346757 0.950524 0.809253 2.10653
903000 0.337061 0.935152 0.832963 2.10518
904000 0.352998 0.940101 0.828414 2.12151
905000 0.342356 0.962788 0.819492 2.12464
906000 0.343005 0.951897 0.816508 2.11141
907000 0.344042 0.926217 0.823456 2.09371
908000 0.356257 0.967139 0.800196 2.12359
909000 0.354021 0.920163 0.823419 2.0976
910000 0.341323 0.95795 0.843253 2.14253
911000 0.339619 0.925976 0.84104 2.10663
912000 0.335304 0.929143 0.830809 2.09526
913000 0.348336 0.952453 0.847601 2.14839
914000 0.351148 0.91979 0.83296 2.1039
915000 0.346074 0.939761 0.855994 2.14183
916000 0.34024 0.940007 0.825118 2.10536
917000 0.34343 0.933166 0.834296 2.11089
918000 0.34976 0.94186 0.838657 2.13028
919000 0.344431 0.927705 0.830288 2.10242
920000 0.344838 0.910957 0.840137 2.09593
921000 0.34172 0.922955 0.837284 2.10196
922000 0.340999 0.928107 0.866097 2.1352
923000 0.36274 0.940187 0.847049 2.14997
924000 0.350381 0.937933 0.869954 2.15827
925000 0.349267 0.965423 0.85414 2.16883
926000 0.349583 0.915114 0.824103 2.0888
927000 0.350218 0.928993 0.816469 2.09568
928000 0.396932 0.955751 0.823065 2.17575
929000 0.359046 0.932039 0.827437 2.11852
930000 0.356071 0.929443 0.821408 2.10692
931000 0.35161 0.944018 0.804115 2.09974
932000 0.349925 0.938232 0.822519 2.11068
933000 0.370001 0.920666 0.814749 2.10542
934000 0.344824 0.91058 0.832287 2.08769
935000 0.366843 0.913908 0.836627 2.11738
936000 0.365278 0.951256 0.826135 2.14267
937000 0.352975 0.927807 0.868905 2.14969
938000 0.357744 0.911807 0.821251 2.0908
939000 0.344549 0.946395 0.842843 2.13379
940000 0.380049 0.93993 0.844847 2.16483
941000 0.362376 0.950004 0.853084 2.16546
942000 0.361742 0.932701 0.855571 2.15001
943000 0.346211 0.944742 0.834366 2.12532
944000 0.366325 0.921405 0.854909 2.14264
945000 0.37046 0.967606 0.857367 2.19543
946000 0.356364 0.938871 0.867777 2.16301
947000 0.363709 0.970463 0.859997 2.19417
948000 0.371965 0.987586 0.851503 2.21105
949000 0.348077 0.973299 0.8689 2.19028
950000 0.361496 0.933265 0.846093 2.14085
951000 0.36871 0.952531 0.860412 2.18165
952000 0.36383 0.9722 0.86055 2.19658
953000 0.357597 0.986569 0.836688 2.18085
954000 0.358164 0.943786 0.843493 2.14544
955000 0.363574 0.963266 0.848531 2.17537
956000 0.376828 0.967961 0.84799 2.19278
957000 0.376017 0.966076 0.867187 2.20928
958000 0.364465 0.972418 0.844955 2.18184
959000 0.359751 0.968809 0.872739 2.2013
960000 0.357372 0.961913 0.869969 2.18926
961000 0.359466 0.961878 0.862471 2.18382
962000 0.369849 0.983524 0.861838 2.21521
963000 0.360805 0.985678 0.868703 2.21519
964000 0.36983 0.990859 0.88328 2.24397
965000 0.385041 1.00403 0.860711 2.24979
966000 0.363643 0.989036 0.881005 2.23368
967000 0.372781 0.963408 0.88053 2.21672
968000 0.370846 0.989688 0.889832 2.25037
969000 0.367631 0.991445 0.894252 2.25333
970000 0.359415 0.982001 0.900842 2.24226
971000 0.366992 0.975673 0.904176 2.24684
972000 0.374833 0.981841 0.89809 2.25476
973000 0.385662 0.977222 0.903927 2.26681
974000 0.377219 1.00067 0.884236 2.26213
975000 0.37485 1.00131 0.893942 2.2701
976000 0.372661 0.964578 0.896717 2.23396
977000 0.376867 0.977657 0.901259 2.25578
978000 0.372748 0.9807 0.914055 2.2675
979000 0.370066 0.972144 0.93598 2.27819
980000 0.375456 0.971736 0.933808 2.281
981000 0.369765 1.0021 0.936585 2.30845
982000 0.38216 1.0186 0.930877 2.33164
983000 0.377687 0.978768 0.933034 2.28949
984000 0.38583 0.991675 0.944717 2.32222
985000 0.370006 0.989486 0.939841 2.29933
986000 0.379665 0.999928 0.938101 2.31769
987000 0.38381 1.01185 0.949434 2.34509
988000 0.376577 0.996674 0.945895 2.31915
989000 0.370873 0.982391 0.932732 2.286
990000 0.373186 0.998424 0.947969 2.31958
991000 0.381232 0.993232 0.939478 2.31394
992000 0.373759 0.977613 0.945873 2.29725
993000 0.37738 1.00363 0.927426 2.30844
994000 0.387489 1.03716 0.927544 2.35219
995000 0.381428 1.01798 0.959667 2.35908
996000 0.375188 1.00494 0.937539 2.31767
997000 0.392225 1.01819 0.93581 2.34623
998000 0.381946 0.990332 0.946156 2.31843
999000 0.381913 0.997014 0.938953 2.31788
1000000 0.380892 1.01799 0.948586 2.34747
1001000 0.386794 1.01476 0.933896 2.33545
1002000 0.406898 1.01024 0.939187 2.35632
1003000 0.375155 1.02626 0.955665 2.35708
1004000 0.384193 1.03662 0.94746 2.36827
1005000 0.378792 1.01454 0.940131 2.33347
1006000 0.381261 1.02673 0.940915 2.34891
1007000 0.374809 1.02071 0.956898 2.35241
1008000 0.388317 1.05856 0.948303 2.39518
1009000 0.387447 1.00364 0.975524 2.36661
1010000 0.381195 1.02747 0.958389 2.36706
1011000 0.376672 1.01622 0.983402 2.37629
1012000 0.40398 1.05887 0.964964 2.42782
1013000 0.39293 1.06647 0.97917 2.43857
1014000 0.401113 1.06552 0.967069 2.4337
1015000 0.408663 1.06154 0.955263 2.42547
1016000 0.390731 1.05482 0.972393 2.41794
1017000 0.388689 1.05601 0.976228 2.42093
1018000 0.380937 1.05223 0.96945 2.40262
1019000 0.386244 1.08166 0.978725 2.44663
1020000 0.385661 1.0559 0.983205 2.42476
1021000 0.397825 1.06384 0.97416 2.43582
1022000 0.382751 1.08431 0.98437 2.45143
1023000 0.383588 1.05706 0.983452 2.4241
1024000 0.38438 1.08153 0.980087 2.446
1025000 0.388961 1.10703 0.985676 2.48167
1026000 0.432088 1.08773 1.00636 2.52618
1027000 0.406307 1.03781 1.00409 2.4482
1028000 0.39498 1.07728 1.01097 2.48323
1029000 0.388255 1.09708 1.00294 2.48828
1030000 0.396653 1.10886 1.0116 2.51711
