Spec eventId                          4
Original eventId                 854443
Refinement step                       0
event label            :         254050         76579        254050
energy barrier         :       0.14308062
initial energy          :  -9113.53027612
FINAL energy            :  -9113.53005235
rate constant prefactor :  0.39477905E+11
rate htst prefactor     :  0.00000000E+00
rate of event           :  0.39477905E+11
delr initial-SADDLE     :      0.97857038
delr initial-FINAL      :      1.88074333
delr main atom (normalized) :       0.71063774     -0.70355761      0.00083104
npar initial-SADDLE     :            15
npar initial-FINAL      :            29
active atom label       :             3
ncluster                :            89
cluster atoms           :
          1091
          1255
          2047
          1279
          2023
          1224
          1222
          1220
          1094
          1118
          1988
          1246
          1992
           931
            63
            39
           163
           137
           261
           901
           157
           897
            29
             9
           257
          1378
          1132
          1152
          2018
            32
           898
           258
            12
            33
           165
            37
           161
           135
           927
           903
           159
            35
            30
           900
           158
           904
           136
           134
           132
             6
          1096
          1218
          1090
          1092
          1127
          1251
          2019
          1151
          2049
             3
          1256
          1254
          1252
          1126
          1150
          2020
          1278
          2024
          1250
          1128
          1124
          1122
             4
             2
           130
             8
           899
            31
             7
           131
          1253
          1249
          1125
          1121
          1123
           133
             1
             5
           129
             0
             0
             0
             0
             0
             0
             0
             0
             0
             0
             0
             0
             0
             0
             0
             0
             0
             0
             0
             0
             0
             0
             0
             0
             0
             0
             0
             0
             0
             0
             0
             0
             0
             0
             0
             0
             0
             0
             0
             0
             0
             0
             0
             0
             0
             0
             0
             0
             0
             0
             0
             0
             0
             0
             0
             0
             0
             0
             0
             0
             0
             0
             0
             0
             0
             0
             0
             0
             0
             0
             0
             0
             0
             0
             0
             0
             0
             0
             0
             0
             0
             0
             0
             0
             0
             0
             0
             0
             0
             0
             0
             0
             0
             0
             0
             0
             0
             0
             0
             0
             0
             0
             0
             0
             0
             0
             0
             0
             0
             0
             0
             0
             0
             0
             0
             0
             0
             0
             0
             0
             0
             0
             0
             0
             0
             0
             0
             0
             0
             0
             0
             0
             0
             0
             0
             0
             0
             0
             0
             0
             0
             0
             0
             0
             0
             0
             0
             0
             0
             0
             0
             0
             0
             0
             0
             0
             0
             0
             0
             0
             0
             0
             0
             0
             0
             0
             0
             0
             0
             0
             0
             0
             0
             0
             0
             0
             0
             0
             0
             0
             0
             0
             0
             0
             0
             0
             0
             0
             0
             0
             0
             0
             0
             0
             0
             0
             0
             0
             0
             0
             0
             0
             0
             0
             0
             0
             0
             0
             0
             0
             0
             0
             0
             0
             0
             0
             0
             0
             0
             0
             0
             0
             0
             0
             0
             0
             0
             0
             0
             0
             0
             0
             0
             0
             0
             0
             0
             0
             0
             0
             0
             0
             0
             0
             0
             0
             0
             0
             0
             0
             0
             0
             0
             0
             0
             0
             0
             0
             0
             0
             0
             0
             0
             0
             0
             0
             0
             0
             0
             0
             0
             0
             0
             0
             0
             0
             0
             0
             0
             0
             0
             0
             0
             0
             0
             0
             0
             0
             0
             0
             0
             0
             0
             0
             0
             0
             0
             0
             0
             0
             0
             0
             0
             0
             0
             0
             0
             0
             0
             0
             0
             0
             0
             0
             0
             0
             0
             0
             0
             0
             0
             0
             0
             0
             0
             0
             0
             0
             0
             0
             0
             0
             0
             0
             0
             0
             0
             0
             0
             0
             0
             0
             0
             0
             0
             0
             0
             0
             0
             0
             0
             0
             0
             0
             0
             0
             0
             0
             0
             0
             0
             0
             0
             0
             0
             0
             0
             0
             0
             0
             0
             0
             0
             0
             0
             0
             0
             0
             0
             0
             0
             0
             0
             0
             0
             0
             0
             0
             0
             0
             0
             0
             0
             0
             0
             0
             0
             0
             0
             0
             0
             0
             0
             0
             0
             0
             0
             0
             0
             0
             0
             0
             0
             0
             0
             0
             0
             0
             0
             0
             0
             0
             0

  Initial pos 

  -1.7674668395528670E-009  -5.9785991179576463        1.1048737036389866E-008   3.5458260988602142       -2.4892596077693874        3.5458261083576974       -3.5458260326367963       -2.4892596160240821       -3.5458260202050020       -3.5458260297867987       -2.4892596070522117        3.5458260991514270        3.5458260893661615       -2.4892596067781412       -3.5458260177284195        1.7780826021927743       -4.2551585563734982        3.5440094305415104        3.5440094209328512       -4.2551585576931110        1.7780826144952360       -1.7780825410323402       -4.2551585529434774        3.5440094248241620        3.5440094148548482       -4.2551585538112455       -1.7780825283191106       -3.5440093586818904       -4.2551585615696084       -1.7780825283091950       -1.7780825418973585       -4.2551585620957368       -3.5440093461476145       -3.5440093580653169       -4.2551585541645700        1.7780826117540771        1.7780826005707300       -4.2551585544469077       -3.5440093450269678        1.5708031986250148E-008   4.6681640995716762       -3.6185574047537230       -3.6185574181550209        4.6681641014136304        2.2764682139353454E-008   3.6185575138889607        4.6681641137046839        2.5964028038671927E-008   1.8891769038020811E-008   4.6681641171619326        3.6185575238692631        5.3019457180422478        1.0526870464352776        1.7701447642729300        1.7701447548887210        1.0526870464980789        5.3019457257573599        1.7701447505765300        1.0526870474112435       -5.3019456311565882       -5.3019456437843537        1.0526870453091703        1.7701447593961581       -1.7701446786285260        1.0526870384351987       -5.3019456303296302       -5.3019456441164508        1.0526870375450272       -1.7701446676925556        5.3019457133848560        1.0526870393921399       -1.7701446666537564       -1.7701446769457618        1.0526870381456206        5.3019457208006511        7.3071702022531326E-009 -0.72105030869353470        5.2798357227928179        5.2798357143595398      -0.72105030902902811        1.8324386008572446E-008  -5.2798356489711082      -0.72105030640484813        1.6760792087566756E-008   5.2469051325942928E-009 -0.72105030583139751       -5.2798356346940274       -5.2798356352700537        2.8264244486237970        1.9642647064443963E-008   1.0342969147814074E-008   2.8264244493976989       -5.2798356227010039        1.2309414154643150E-008   2.8264244505923877        5.2798357186204878        5.2798357126602529        2.8264244510642129        2.1113742088019194E-008  -1.7943114770872199        4.6070777651940418       -1.7943114675975522        1.7943115699930683        4.6070777703629524        1.7943115766739739        1.7943115627225672        4.6070777613599780       -1.7943114623694676       -1.7943114710400430        4.6070777592296182        1.7943115688302269        3.5244512543221740        1.0526870435471594        3.5244512624258149       -3.5244511781971966        1.0526870376872353       -3.5244511654398529        3.5244512486077078        1.0526870429096711       -3.5244511656392064       -3.5244511770561786        1.0526870408574673        3.5244512560338106        2.0729988170486990E-008   4.5467652109529340        3.0466706046894387E-008  -3.5658912672244689        2.8187099523724477       -1.8099506451089731       -1.8099506527654903        2.8187099518533394       -3.5658912518107115       -3.5658912606220667        2.8187099503772401        1.8099507408340001        1.8099507331774292        2.8187099518579402       -3.5658912486770227        1.8099507438799551        2.8187099563958817        3.5658913626900941        3.5658913519415174        2.8187099560513857        1.8099507482991268       -1.8099506530918461        2.8187099511281382        3.5658913564675578        3.5658913489506743        2.8187099525346540       -1.8099506425330674        1.7677124268694890       -4.2188399221417399        1.2292673101654827E-008   4.4149217615085945E-010  -4.2188399218753396        1.7677124371049371        1.6805661307017772E-009  -4.2188399200536573       -1.7677123572731865       -1.7677123695939621       -4.2188399197710957        1.3331151071938052E-008   3.6185575074818948       -2.5627899636130778        1.7151259967818078E-008   5.1575090864730555E-009  -2.5627899599288462        3.6185575134116656        1.3497651885074902E-009  -2.5627899670411800       -3.6185574401327791       -3.6185574502839231       -2.5627899637877221        1.3532871045995876E-008   2.8691900189059538E-008   2.1053741270208164        5.1172706072577512E-008   0.0000000000000000        0.0000000000000000        0.0000000000000000        1.8099507351004771      -0.71333581657611589        3.5658913561811665        3.5658913506984238      -0.71333581746886310        1.8099507463608271       -1.8099506567077412      -0.71333581403239776        3.5658913442068418        3.5658913364550484      -0.71333581360029896       -1.8099506462478701       -3.5658912793904065      -0.71333581717851402       -1.8099506511375694       -1.8099506656806454      -0.71333581721900430       -3.5658912691632914       -3.5658912790825035      -0.71333581362120668        1.8099507370457890        1.8099507282676952      -0.71333581281467673       -3.5658912684375572        1.5155392052434991E-008 -0.86177569026954970        2.0352197011814850        2.0352197007187729      -0.86177569277444377        2.7447683015324742E-008  -2.0352196438714145      -0.86177570264025860        1.1683179979016245E-008  -1.1490139950609546E-009 -0.86177570758232847       -2.0352196445755517       -2.0352196211685367        2.9671498269326371        1.3302638990353444E-008   9.0471841129868835E-009   2.9671498245384953       -2.0352196049495674        2.4578673984976263E-008   2.9671498383423085        2.0352197306564479        2.0352197164447561        2.9671498361106217        3.0366823944305565E-008   7.6939721260771421E-009   1.0526870431423632       -3.5537048272340570       -3.5537048393248156        1.0526870406650346        1.6924236012627603E-008   3.5537049150915250        1.0526870358152678        2.3397463078111969E-008   1.4158160199784220E-008   1.0526870354878639        3.5537049228938469        1.7943115616360621       -2.5017036272747255        1.7943115719091192       -1.7943114897329906       -2.5017036170125273        1.7943115640238001        1.7943115537565490       -2.5017036162604960       -1.7943114783386243       -1.7943114974907779       -2.5017036227778782       -1.7943114857165163        1.9142960550055932E-009  -2.4413910737748594        1.1290181012313383E-008   1.6754700832742100        1.0526870332956513        1.6754700912327682       -1.6754700612190039        1.0526870397828390       -1.6754700503346029        1.6754700756417220        1.0526870362476259       -1.6754700427164491       -1.6754700526232078        1.0526870376616522        1.6754700831773079     

 SADDLE  pos 

  -1.1196905691301939E-003  -5.9819633022705681        4.5909095326379656E-004   3.5383257599811957       -2.4983415525649839        3.5518609158079930       -3.5443572521336968       -2.4849402670040952       -3.5409589549369294       -3.5497754324177002       -2.4901808257944715        3.5445489889361173        3.5404806760250018       -2.5006425655391098       -3.5564982635635296        1.7748309991312725       -4.2451663362495289        3.5346010270772914        3.5369415541850602       -4.2665434381291441        1.7998252633031031       -1.7836287866655098       -4.2561386685469813        3.5443731461674832        3.5400265670403872       -4.2689523965854157       -1.8007563790735439       -3.5399800202637621       -4.2465387516495490       -1.7707715396580284       -1.7783750563718890       -4.2507829983299033       -3.5408635765713541       -3.5409905828547288       -4.2475427369346193        1.7714894780250470        1.7715963352593520       -4.2435867947324226       -3.5350758603642909       -2.0458213119738389E-003   4.6369919808927200       -3.5878707043834162       -3.6115303967898349        4.6622780240026209       -3.7718102447525936E-004   3.5596978755181699        4.6069566904781105       -5.7072282867176582E-004  -2.3942757713355522E-003   4.6274352915723895        3.5791210121853791        5.3099034143857375        1.0720272391023258        1.7808877916013230        1.7673271272781852        1.0610756745016801        5.3047813040239191        1.7656777435216067        1.0592273672645760       -5.3017367349979665       -5.2919620593920271        1.0567310838031858        1.7666958491288094       -1.7741097247283335        1.0655351060473990       -5.3033433728372330       -5.2913490300736115        1.0573151447689071       -1.7664053407667311        5.3121835237455945        1.0747510177943056       -1.7836712122988132       -1.7790755958550477        1.0695012642939155        5.3100631700379868       -8.5605016626657537E-003 -0.71475535937686274        5.2730143657111004        5.2339044304803348      -0.72346412076484867       -3.0436689720032550E-003  -5.2757488829545132      -0.70756790500750455        5.4992206360626739E-004  -5.4957569105360538E-003 -0.71189173432507502       -5.2765440672870270       -5.2827308112904205        2.8290961417349472        1.5667754148385171E-004  -1.4301777273875160E-003   2.8336990998847682       -5.2933952215141034       -2.3270446426733038E-003   2.8378061285997092        5.2996164017031617        5.3136896251694621        2.8532868959498252       -5.9160278137770916E-004  -1.7962023557105482        4.6145414809849221       -1.7981691704404952        1.7783804058782700        4.6036372560701189        1.7810939930851126        1.7811513049560554        4.6058434439787455       -1.7837563450003096       -1.7937167551581332        4.6128737212887572        1.7955682802081245        3.5280240281587174        1.0774246014179703        3.5446993639523989       -3.5374398577504707        1.0652747427925462       -3.5353568342549302        3.5272942720388203        1.0797474553611615       -3.5466757045303829       -3.5392712245744526        1.0687280222693722        3.5351647407628426       -1.7376203641700672E-002   4.5280444737191132       -2.9316953976183946E-003  -3.5629298950996713        2.8339681302802120       -1.8008567958283663       -1.7943812799326828        2.8343056419183021       -3.5567262108314210       -3.5607066298256242        2.8310905496308791        1.8001668378621600        1.7859293661086069        2.8210124185777090       -3.5466631153912935        1.7835239719658706        2.8219313283868814        3.5448142666449667        3.5342898182733498        2.8281334581725197        1.7894932989369026       -1.7923645059295623        2.8324860638497071        3.5524260402607601        3.5342814076889244        2.8280514674867447       -1.7899951556434814        1.7769398488112942       -4.2402374417705495        7.8987624322035543E-004   1.4854628478584431E-003  -4.2405101845755375        1.7854136332142012        1.4038238198299524E-003  -4.2438206890811010       -1.7856101312928772       -1.7913592768409963       -4.2571372380421302        7.2056576710943787E-004   3.6924443859728742       -2.6899066473838502        2.6769616019639564E-004  -4.0394925136479909E-003  -2.5718707152437723        3.6231157477139697       -2.7792235125450038E-003  -2.5432533866065654       -3.5966749742781552       -3.5506963579891178       -2.4974742458183528        7.6798432389590943E-004 -0.14219525919107090        1.7317628630907471       -2.3424306203509992E-002  0.37182924476427592      -0.33507856842361505        5.9773754404319090E-002   1.8018768590278924      -0.71005500869564386        3.5738500499011754        3.6328056627579919      -0.70441419309587161        1.9095746867011782       -1.8661133768264726      -0.71014700404621678        3.6235318821242530        3.6486707444343107      -0.70436088454647461       -1.9304481881865989       -3.5376198130721050      -0.70483296488609426       -1.7855386718027475       -1.8371958010736940      -0.70906108478469321       -3.5968853866365080       -3.5344231878882368      -0.70469637301062704        1.7855686252659835        1.7909754640849513      -0.70840279501535619       -3.5593418484589066       -9.9255993179656388E-002 -0.80441995452177650        2.1377983976758888        2.4388536232770637      -0.84750811924981662       -2.3793628406979739E-002  -1.8766421350820046      -0.74427283022783541       -4.6959281967926536E-003  -8.2250212008238677E-002 -0.78793249201810056       -2.0506685830403661       -1.9838878801194006        2.9866062065631205        4.3814562933497392E-004   1.6995951311473689E-003   2.9423852720487886       -1.9299324337570525        1.4213136881850996E-003   2.9268830238843080        1.9094873778877326        1.8571730705322977        2.8973881671612070        4.7748211716847067E-004  -2.2874056977992829E-003   1.0849760449322368       -3.5594501974993875       -3.5343047016875175        1.0709915673903936        8.9018112990424392E-004   3.6035548268956994        1.1517518658132886        4.7063208080988517E-004  -4.1816712405808865E-003   1.0961913553735059        3.5741314015578980        1.7669908073935936       -2.4332769165107209        1.7453569291489299       -1.7900082683534251       -2.4960645360094311        1.7879242148839172        1.7766641504343981       -2.4489144058328698       -1.7529236521323810       -1.7899406979661165       -2.4960072956754082       -1.7849301375116831       -3.8788111197322284E-002  -2.5829525556950550       -4.8979315684005709E-003   1.7142467606402261        1.0084320835542719        1.6974663308659932       -1.7432699980993334        1.0707917131227624       -1.7532156197711912        1.7126677327767910        1.0066982159898501       -1.6841770341370581       -1.7280325111829367        1.0614758198840590        1.7460326115368248     

  FINAL pos

  -1.3966559403660872E-002  -5.9866009094348804        9.0961506591602515E-005   3.5253224755842911       -2.5168092953669863        3.5660132180719697       -3.5480481908148498       -2.4840473259132096       -3.5438178718561275       -3.5482627808415579       -2.4841907102634941        3.5441268270344266        3.5254732948978988       -2.5169591504130402       -3.5661224965689193        1.7591967563159918       -4.2309904353347036        3.5243428832685288        3.5256442876967133       -4.2734053602273612        1.8107112175830333       -1.7823305307515902       -4.2520403644585159        3.5456444786214933        3.5257481092997676       -4.2734552466313076       -1.8107184472530946       -3.5476651522040967       -4.2499912352583564       -1.7775730399161951       -1.7821880876634459       -4.2519318870540133       -3.5453981674346018       -3.5477581315246631       -4.2500569178813130        1.7778482390967101        1.7592822096948542       -4.2309788773561934       -3.5242591411571667       -5.4515859215029661E-003   4.5964240322237195       -3.5441942471776926       -3.5632774847338666        4.6182694424845252        1.0131593010465068E-004   3.5323225908934406        4.5727454044290958        8.3185545518560389E-006  -5.5440071852990158E-003   4.5964556700268844        3.5443015158198343        5.3132130176334131        1.0869911977861690        1.7940325927952125        1.7586300806648443        1.0635868623238771        5.3021482659224226        1.7587394974400343        1.0635696560315999       -5.3020631151915047       -5.2797632819133469        1.0561546356590839        1.7623634835581687       -1.7795818788960283        1.0739158111563540       -5.3063982741974947       -5.2796895508359540        1.0561459035105649       -1.7620856294374612        5.3132684150702723        1.0870506383518048       -1.7941170913149804       -1.7798255203264439        1.0740152858343173        5.3066863453423085       -1.4920992742639250E-002 -0.70635576603500994        5.2801149489663537        5.2534349951664581      -0.70769906070205835       -1.0339140500525978E-004  -5.2719729914471678      -0.70578805634797348        1.6268560543042376E-004  -1.4725088869978586E-002 -0.70634334583700564       -5.2800198184652345       -5.2830093802417295        2.8222052800514170        1.1633853664982929E-004  -5.2534684497056450E-003   2.8369322069708858       -5.3028776149535410       -5.3856877896074629E-003   2.8370771289631307        5.3030879612378161        5.3733184169721628        2.9101907215273535       -4.7951905977283715E-005  -1.7803314914382860        4.6001452477914420       -1.7805590666759201        1.7585397057891736        4.5951358519779220        1.7703605943005813        1.7586001019958517        4.5951244515661678       -1.7702898769318374       -1.7803902381233385        4.6001741175740278        1.7807352257280180        3.5247548456305617        1.1033017327446579        3.5661988193661984       -3.5487345811458155        1.0720641725666837       -3.5442725998899824        3.5249012613948603        1.1034206545720053       -3.5662962549853177       -3.5489509653656164        1.0721634213207523        3.5445741790298100       -1.5495481327141736E-002   4.5732079261382168        7.3306178251852927E-005  -3.5492409371973785        2.8381426830016139       -1.7784760008301106       -1.7833101214820992        2.8396578787352098       -3.5462064258232502       -3.5493431266683686        2.8382144020095090        1.7787090963627903        1.7586768502823307        2.8177770069449082       -3.5246204888921575        1.7586016357855092        2.8178118876944360        3.5247171534786195        3.5245224202574645        2.8584890575102229        1.8096148573176927       -1.7834688056759660        2.8397698700365623        3.5464552939428553        3.5246070225511099        2.8584813356412155       -1.8095726641271455        1.7590322839962349       -4.2601857986876617        3.0135598550140585E-005  -6.4535082031467184E-003  -4.2712625556144133        1.8091043195685566       -6.3808213620026866E-003  -4.2713026512253087       -1.8089883044498443       -1.8542158616626701       -4.3232967715126698        1.2968761137455154E-004   3.6750344645173287       -2.7451850037114234       -8.8682408627693832E-006  -6.9250198741628299E-003  -2.5164959912296219        3.5662603955607168       -6.7238765686201685E-003  -2.5162783400931339       -3.5658724109788160       -3.5119787483306304       -2.4732451974272109        1.6684900194974261E-004 -0.15712370396376008        1.3325054207248108        1.4381502923654921E-005  0.70751287401669494      -0.70046387316988756        8.2738929110814929E-004   1.7588501660836893      -0.70651897891149673        3.5539825932759963        3.6730790011592891      -0.70632193130252929        2.0353098444627435       -1.8565374791223199      -0.70600226391212928        3.6188023462896761        3.6735272340021750      -0.70636711737015645       -2.0358788726421260       -3.5123175728854541      -0.70560410116281602       -1.7675905898416069       -1.8559638607133770      -0.70598246009415533       -3.6181719674736676       -3.5123665824496335      -0.70561598225782518        1.7679417000978956        1.7589701415098062      -0.70653093271535994       -3.5538668524084116      -0.15558534145306946      -0.70710478602133620        2.0354813628868138        2.8129059261706857      -0.71113888909706446       -4.9550929717634418E-004  -1.7345560157653210      -0.70510794012103872        2.0973656092837523E-004 -0.15497810690603031      -0.70716419492932303       -2.0343685706565111       -1.8583894495265305        2.9137016565967073        1.0693373526904359E-004  -7.6580806908748134E-003   2.8603649127608186       -1.8107798460943627       -7.7406651704958751E-003   2.8603453495391200        1.8109111311140778        1.7585817907545409        2.8473142241983105        4.4693147976504477E-005  -7.3349949157839323E-003   1.1032122318652569       -3.5655982118710128       -3.5126751233673943        1.0621696358911983        1.5269981261178955E-004   3.6716893165978339        1.3263333751403117        7.2230871207334957E-005  -7.5293295141629635E-003   1.1034526700302472        3.5660109948157390        1.7597921835118737       -2.3818000732336131        1.6754746392796518       -1.7951267750189999       -2.5002148590201756        1.7941684899575301        1.7599447243020045       -2.3817888223693267       -1.6753314192030047       -1.7950583194542311       -2.5001304063057077       -1.7938921545267554      -0.15349624146118090       -2.7374651068925822       -7.7629277692725651E-006   1.7584710697171850       0.96918673431766322        1.6757900416287952       -1.7953327879791652        1.0882658967943364       -1.7943990492498960        1.7586510090321763       0.96914700683215926       -1.6756179311324992       -1.7954456212938386        1.0883884459169693        1.7947020974341550     
