Spec eventId                          3
Original eventId                 854444
Refinement step                       0
event label            :         254050         76579        254050
energy barrier         :       0.14269074
initial energy          :  -9113.53027612
FINAL energy            :  -9113.53007291
rate constant prefactor :  0.40077792E+11
rate htst prefactor     :  0.00000000E+00
rate of event           :  0.40077792E+11
delr initial-SADDLE     :      0.97508528
delr initial-FINAL      :      1.87948002
delr main atom (normalized) :      -0.00082876      0.70398269     -0.71021665
npar initial-SADDLE     :            15
npar initial-FINAL      :            29
active atom label       :          2049
ncluster                :            89
cluster atoms           :
            67
           167
           959
           191
           935
           168
           166
           164
            38
            62
           932
           190
           936
          2019
          1151
          1127
          1251
           137
           261
           901
           157
           897
            29
             9
           257
           258
            12
            32
           898
          1152
          2018
          1378
          1132
          1121
          1253
          1125
          1249
           135
           927
           903
           159
          1123
          1150
          2020
          1278
          2024
          1256
          1254
          1252
          1126
            40
           162
            34
            36
            39
           163
           931
            63
             3
          2049
           136
           134
           132
             6
            30
           900
           158
           904
           130
             8
             4
             2
          1124
          1122
          1250
          1128
           899
            31
             7
           131
           165
           161
            37
            33
            35
           133
             1
             5
           129
             0
             0
             0
             0
             0
             0
             0
             0
             0
             0
             0
             0
             0
             0
             0
             0
             0
             0
             0
             0
             0
             0
             0
             0
             0
             0
             0
             0
             0
             0
             0
             0
             0
             0
             0
             0
             0
             0
             0
             0
             0
             0
             0
             0
             0
             0
             0
             0
             0
             0
             0
             0
             0
             0
             0
             0
             0
             0
             0
             0
             0
             0
             0
             0
             0
             0
             0
             0
             0
             0
             0
             0
             0
             0
             0
             0
             0
             0
             0
             0
             0
             0
             0
             0
             0
             0
             0
             0
             0
             0
             0
             0
             0
             0
             0
             0
             0
             0
             0
             0
             0
             0
             0
             0
             0
             0
             0
             0
             0
             0
             0
             0
             0
             0
             0
             0
             0
             0
             0
             0
             0
             0
             0
             0
             0
             0
             0
             0
             0
             0
             0
             0
             0
             0
             0
             0
             0
             0
             0
             0
             0
             0
             0
             0
             0
             0
             0
             0
             0
             0
             0
             0
             0
             0
             0
             0
             0
             0
             0
             0
             0
             0
             0
             0
             0
             0
             0
             0
             0
             0
             0
             0
             0
             0
             0
             0
             0
             0
             0
             0
             0
             0
             0
             0
             0
             0
             0
             0
             0
             0
             0
             0
             0
             0
             0
             0
             0
             0
             0
             0
             0
             0
             0
             0
             0
             0
             0
             0
             0
             0
             0
             0
             0
             0
             0
             0
             0
             0
             0
             0
             0
             0
             0
             0
             0
             0
             0
             0
             0
             0
             0
             0
             0
             0
             0
             0
             0
             0
             0
             0
             0
             0
             0
             0
             0
             0
             0
             0
             0
             0
             0
             0
             0
             0
             0
             0
             0
             0
             0
             0
             0
             0
             0
             0
             0
             0
             0
             0
             0
             0
             0
             0
             0
             0
             0
             0
             0
             0
             0
             0
             0
             0
             0
             0
             0
             0
             0
             0
             0
             0
             0
             0
             0
             0
             0
             0
             0
             0
             0
             0
             0
             0
             0
             0
             0
             0
             0
             0
             0
             0
             0
             0
             0
             0
             0
             0
             0
             0
             0
             0
             0
             0
             0
             0
             0
             0
             0
             0
             0
             0
             0
             0
             0
             0
             0
             0
             0
             0
             0
             0
             0
             0
             0
             0
             0
             0
             0
             0
             0
             0
             0
             0
             0
             0
             0
             0
             0
             0
             0
             0
             0
             0
             0
             0
             0
             0
             0
             0
             0
             0
             0
             0
             0
             0
             0
             0
             0
             0
             0
             0
             0
             0
             0
             0
             0
             0
             0
             0
             0
             0
             0
             0
             0
             0
             0
             0
             0
             0
             0
             0
             0
             0
             0
             0
             0
             0
             0
             0
             0
             0
             0
             0
             0
             0
             0
             0
             0
             0
             0
             0
             0
             0
             0

  Initial pos 

  -9.9853771917679524E-009   5.9785991648874557       -2.5212159027176995E-008   3.5458260706262630        2.4892596414810839        3.5458260557382073       -3.5458260419294945        2.4892596246196699       -3.5458260529291508       -3.5458260382782498        2.4892596270533791        3.5458260477550332        3.5458260647224149        2.4892596287217112       -3.5458260508809367        1.7780825810907561        4.2551585980928834        3.5440093766285021        3.5440093912481743        4.2551585975857709        1.7780825650474039       -1.7780825475813806        4.2551585863079389        3.5440093724239090        3.5440093888483153        4.2551585875499978       -1.7780825623038865       -3.5440093605950835        4.2551585814520880       -1.7780825624606109       -1.7780825482403415        4.2551585817153708       -3.5440093721708870       -3.5440093567018387        4.2551585810357633        1.7780825635818851        1.7780825794518991        4.2551585824153939       -3.5440093700099418       -2.7342135000552048E-008  -4.6681640940619964       -3.6185574913054843       -3.6185574789758235       -4.6681640908085384       -3.7639835026581636E-008   3.6185574787899943       -4.6681640906338941       -3.4021446104759434E-008  -2.3534391102586483E-008  -4.6681640869496626        3.6185574622389596        5.3019456893503474       -1.0526870805855360        1.7701447131002239        1.7701447261968208       -1.0526870805227360        5.3019456745846529        1.7701447218846298       -1.0526870796095720       -5.3019456823292934       -5.3019456724762541       -1.0526870817116438        1.7701447082234520       -1.7701447073204264       -1.0526870885856159       -5.3019456815023354       -5.3019456728083512       -1.0526870894757869       -1.7701447188652608        5.3019456846929556       -1.0526870876286760       -1.7701447178264615       -1.7701447056376622       -1.0526870888751960        5.3019456696279441       -1.6382486034416388E-008  0.72105032357157217        5.2798356674477809        5.2798356839683525       0.72105032404339697       -3.0058963984558318E-008  -5.2798356639619541       0.72105032160298199       -3.1530059008133549E-008  -1.8348931041245464E-008  0.72105032237688205       -5.2798356738737091       -5.2798356776630087       -2.8264244334256645       -3.4411913985010756E-008  -2.3444995056465245E-008  -2.8264244328522139       -5.2798356858667326       -2.1384729986806406E-008  -2.8264244357143511        5.2798356716201109        5.2798356856676394       -2.8264244360498445       -3.2848320064005065E-008  -1.7943115261826783       -4.6070777497986946       -1.7943115368892215        1.7943115329441619       -4.6070777542955419        1.7943115207364131        1.7943115250646489       -4.6070777432813124       -1.7943115295113294       -1.7943115184248910       -4.6070777440333437        1.7943115128510940        3.5244512256302736       -1.0526870834736559        3.5244512112531088       -3.5244512068890970       -1.0526870893335809       -3.5244512166125581        3.5244512199158073       -1.0526870841111449       -3.5244512168119115       -3.5244512057480790       -1.0526870861633468        3.5244512048611045       -2.6777604134053945E-008  -4.5467652007956758       -3.9882525060264129E-008  -3.5658913080823069       -2.8187099441993304       -1.8099507023102746       -1.8099506943725459       -2.8187099442398207       -3.5658913203359965       -3.5658913077744039       -2.8187099406420231        1.8099506858730829        1.8099506995757950       -2.8187099398354931       -3.5658913196102624        1.8099507064085769       -2.8187099435969323        3.5658913050084604        3.5658913220065234       -2.8187099444896795        1.8099506951881210       -1.8099506853996417       -2.8187099410532142        3.5658912930341358        3.5658913077631480       -2.8187099406211154       -1.8099506974205752        1.7677124087451179        4.2188399529128002       -2.5458185115567744E-008  -1.0752789103563032E-008   4.2188399525966727        1.7677123934262151       -9.0581599998529327E-009   4.2188399492471742       -1.7677123852270711       -1.7677123717056560        4.2188399487664032       -2.3664771031661758E-008   3.6185574851970603        2.5627899866838679       -2.5208678033905585E-008  -9.8001311510387268E-009   2.5627899901411171        3.6185574726965570       -1.2983868202809390E-008   2.5627899725508603       -3.6185574559264282       -3.6185574468469213        2.5627899743928162       -2.8408023933224058E-008  -2.8691900189059538E-008  -2.1053741270208164       -5.1172706072577512E-008   0.0000000000000000        0.0000000000000000        0.0000000000000000        1.8099507151880549       0.71333582937506712        3.5658913115173880        3.5658913232496170       0.71333582903057113        1.8099506971264208       -1.8099506817837465       0.71333582410732399        3.5658913052948518        3.5658913202587739       0.71333582551384001       -1.8099506937057726       -3.5658912959163693       0.71333582535163198       -1.8099506962816783       -1.8099506814573907       0.71333582483252411       -3.5658913029834167       -3.5658912893139671       0.71333582335642398        1.8099506896612940        1.8099507044855290       0.71333582483712399       -3.5658912998497279       -4.1132262040832757E-009  0.86177571132149411        2.0352196794837418        2.0352196877528561       0.86177570908980616       -2.0805882128271946E-008  -2.0352196498604371       0.86177569991182312       -3.7870067082224068E-008  -1.9644716076072655E-008  0.86177569751768113       -2.0352196561222726       -2.0352196725633149       -2.9671498296610750       -3.9489526093561267E-008  -2.9840914184120493E-008  -2.9671498346031449       -2.0352196957482569       -1.3536508136624548E-008  -2.9671498172903661        2.0352196500087789        2.0352196720268729       -2.9671498197952602       -2.3725023057252770E-008  -2.0997928062982396E-008  -1.0526870838784530       -3.5537048784067622       -3.5537048680167160       -1.0526870863557809       -3.4248470059949909E-008   3.5537048863996246       -1.0526870912055488       -2.7775242994465543E-008  -1.4533739989275318E-008  -1.0526870915329520        3.5537048717211408        1.7943115413011681        2.5017036433421369        1.7943115255012678       -1.7943114997319434        2.5017036322088040        1.7943115176575208        1.7943115340306670        2.5017036343391639       -1.7943115135421728       -1.7943115057791204        2.5017036381732249       -1.7943115187702574       -7.9619120185725478E-009   2.4413910839321202       -2.0706000025683124E-008   1.6754700545823098       -1.0526870937251629        1.6754700400600622       -1.6754700899109041       -1.0526870872379759       -1.6754701015073090        1.6754700469498218       -1.0526870907731889       -1.6754700938891551       -1.6754700813151080       -1.0526870893591640        1.6754700320046019     

 SADDLE  pos 

  -5.0345055538802974E-004   5.9819586682909947        1.2485556338062143E-003   3.5411834762259513        2.4852093294520885        3.5447035536698270       -3.5521146887881656        2.4984825453433337       -3.5384730259930670       -3.5443867417479886        2.4899743213929524        3.5496401142097018        3.5561172493714972        2.5004425407009667       -3.5402573651625744        1.7708479336245080        4.2466975301537069        3.5401957559581390        3.5410192306848280        4.2510625100495840        1.7787078851997800       -1.7714929414426130        4.2476001865379160        3.5411347182693418        3.5349037477667000        4.2435651761767392       -1.7716053762508608       -3.5346917049028335        4.2451177590776030       -1.7746419246239000       -1.7999146332540050        4.2666516512831247       -3.5370734811379982       -3.5442759662950785        4.2559442859651657        1.7835218615188611        1.8005431996176593        4.2687425824451353       -3.5397675444502390        5.4273645621583100E-004  -4.6070692498491397       -3.5599612128838736       -3.5794446276853193       -4.6278084584745791        2.2887034237608628E-003   3.5876717363925428       -4.6367377522057360        2.0024171877621733E-003   4.6627640966900863E-004  -4.6623032030347531        3.6115683779207468        5.3036731063263991       -1.0657201113300261        1.7743552972897065        1.7665364408094082       -1.0572960395890936        5.2914750140655791        1.7835013856737685       -1.0745994695358940       -5.3121542306394254       -5.3096457346467467       -1.0691911336949944        1.7788078334879951       -1.7810571851822061       -1.0721059259231629       -5.3101440303128946       -5.3045742553320849       -1.0608888353311845       -1.7673087826831058        5.3018430217890895       -1.0592875053844419       -1.7657235856223501       -1.7665754867228038       -1.0567109799936905        5.2920068653498511       -4.0561319783072314E-004  0.70762606152576124        5.2758440427453905        5.2764154838016024       0.71201203780453315        5.6866802046133813E-003  -5.2731855147871798       0.71470041306520815        8.4000564014448109E-003   2.6859231341191947E-003  0.72346972847940494       -5.2340373013595389       -5.2991081268331861       -2.8374138102838344        2.2178578699956208E-003   5.2626815555645301E-004  -2.8532706327868311       -5.3137862882994646       -3.0471986244062776E-005  -2.8290869122896858        5.2827441202243506        5.2936217761047297       -2.8338824156787190        1.4507939348491483E-003  -1.7811844046338443       -4.6037096136304250       -1.7786508181892557        1.7981682307973073       -4.6144740249618508        1.7960753248284074        1.7837154528044514       -4.6057533832097661       -1.7811689104170476       -1.7955298128387192       -4.6128071927852190        1.7937330392112734        3.5353798912905523       -1.0654160907134747        3.5375189881645226       -3.5447012673921030       -1.0774239231078611       -3.5280492346187415        3.5464647432494356       -1.0795596796573934       -3.5272771013926665       -3.5349510754490012       -1.0684389444117386        3.5390642633041103        2.7786314297777448E-003  -4.5278431480577339        1.7282493453113057E-002  -3.5448061247101244       -2.8217318496943236       -1.7837686131706683       -1.7895595238717874       -2.8281118691743856       -3.5345150467478561       -3.5524129427334472       -2.8323479551453836        1.7923889075479940        1.7900054184294218       -2.8280192927843757       -3.5344202941885392        1.8009864243188185       -2.8338249579275576        3.5629017597241766        3.5566283410952293       -2.8342155543626859        1.7943521255423627       -1.8000772447563307       -2.8310581622483646        3.5607670566196430        3.5466322506145440       -2.8210057629875465       -1.7859343976144970        1.7854853369253914        4.2436104119789420       -1.2662276199613132E-003  -6.8472511750550247E-004   4.2571444523538791        1.7914939989423355       -8.1008029558926609E-004   4.2402015189411184       -1.7768260256882762       -1.7854706777668774        4.2406406480013921       -1.3499327403379002E-003   3.5978257487964278        2.5444783543855869        2.9801504915034638E-003  -6.4652770499185053E-004   2.4977023828406812        3.5510230814172385       -3.7915037151448061E-004   2.6896809051862549       -3.6923340422721864       -3.6220505354715158        2.5706754566105032        4.0723071661512567E-003   2.1612055432636224E-002  -1.7329321539649598       0.14181404606028791       -5.4416208426510293E-002  0.33439326013530746      -0.37095288148421179        1.7857072478970382       0.70486967220493768        3.5376598664373540        3.5980556510968738       0.70912961233257632        1.8384821935409033       -1.7855271748173038       0.70476508875854438        3.5346928192453970        3.5598788768851728       0.70847051173534248       -1.7913334622598356       -3.5731929947048506       0.71008825685897348       -1.8014224086177890       -1.9104378371694715       0.70449341023621925       -3.6335636429652283       -3.6221736133556597       0.71022095196307644        1.8646963438323461        1.9291792382039363       0.70433221820358538       -3.6478105830579040        4.4256289779449620E-003  0.74470239339007449        1.8771947692797384        2.0544203202314133       0.78886504265819557        8.3127724010619630E-002  -2.1337692568365298       0.80416438655638811        9.8327307698904853E-002   2.1446594685009979E-002  0.84746216534694740       -2.4382669289538441       -1.9105701887408415       -2.9275474570729116       -1.5982267195977506E-003  -4.3696968713557993E-004  -2.8975662641305462       -1.8577153350284412       -2.2590716856418780E-004  -2.9865846768798896        1.9841479249091951        1.9295475666042317       -2.9418954950868006       -1.7403500617152456E-003  -4.6076170953313067E-004  -1.1516084240604405       -3.6036605770223495       -3.5733063004834307       -1.0953943366401513        4.0608479572930012E-003   3.5600895487273156       -1.0853555214376911        2.4268399696771858E-003  -6.8690458802711518E-004  -1.0709069320943816        3.5344375682058486        1.7851057846411924        2.4961540954209620        1.7901596260258010       -1.7878086204777617        2.4961884193719310        1.7902286430925152        1.7524496625779753        2.4481910780355980       -1.7761339517330903       -1.7458160630743862        2.4341715928849101       -1.7675053992492344        4.3416642776203940E-003   2.5827451744674197        3.8871593671842675E-002   1.7527197392538321       -1.0703663298883863        1.7424878831627160       -1.6966079817305131       -1.0081738944254874       -1.7140245243810013        1.6845311915605581       -1.0066752414058198       -1.7125140660032856       -1.7458269725956921       -1.0616883149284499        1.7283727358209542     

  FINAL pos

  -8.3834854427644601E-005   5.9865169789077939        1.4007337254067664E-002   3.5438267486007797        2.4841797737189690        3.5481018493088521       -3.5658831832641162        2.5167221476023984       -3.5253318742196740       -3.5441057565658838        2.4843069830210647        3.5482994049568792        3.5659795700520549        2.5168781092310537       -3.5254543350969669        1.7775872466162956        4.2500761160075218        3.5477141567901840        3.5453905388411595        4.2520043819387787        1.7822165616984535       -1.7778312768361850        4.2501290561391194        3.5478022553620607        3.5242095738519401        4.2309712668149047       -1.7593834823395937       -3.5243110053177951        4.2309955298938338       -1.7593104728901174       -1.8106112579224281        4.2732912637182778       -3.5255675634066002       -3.5456218379708382        4.2521101764317653        1.7823533981925248        1.8105967117735757        4.2733228849649958       -3.5256515287168213       -3.3970247736991865E-006  -4.5728178551571368       -3.5324327846740751       -3.5442568800298702       -4.5964156843590125        5.4389582725458130E-003   3.5441768528970901       -4.5963983068090286        5.3545225417193087E-003  -8.3964161208927024E-005  -4.6181699786930217        3.5632163410261968        5.3063267130275369       -1.0738304113485313        1.7795250547330173        1.7620573690305397       -1.0560315080738678        5.2797090261276090        1.7941653091407679       -1.0870551822625885       -5.3133849818156378       -5.3065951398959292       -1.0739318305007455        1.7797556517622928       -1.7940918504355956       -1.0869961783615951       -5.3133400080868647       -5.3021347231481961       -1.0635502345303367       -1.7587428181710756        5.3020505786549670       -1.0635242362441348       -1.7588384410976161       -1.7622906313102220       -1.0560390386559606        5.2797760050901417       -1.3977936132492097E-004  0.70587110227687266        5.2720771025861541        5.2799350253196078       0.70643088488720052        1.4655018700933553E-002  -5.2800209334286414       0.70643941987189041        1.4838652395051222E-002   9.7725967973749661E-005  0.70771267641550484       -5.2530212586243579       -5.3030680332273512       -2.8370378409114636        5.2875143203099384E-003   4.8961108610079407E-005  -2.9102751936849032       -5.3734595442490694       -9.7423722896561316E-005  -2.8220747173666538        5.2829831221565247        5.3028808139240926       -2.8369034716674513        5.1649143772021233E-003  -1.7703766674205852       -4.5951830188094824       -1.7587339245048881        1.7805991094232507       -4.6001361978185251        1.7802657246437188        1.7703265111833064       -4.5951854539851560       -1.7587905914035282       -1.7807417313278897       -4.6001516483087848        1.7803155846462428        3.5442216967069955       -1.0719463205038231        3.5487060917795215       -3.5661341127612687       -1.1032753671918787       -3.5248547122432825        3.5662349203170827       -1.1034006490509845       -3.5249811088644591       -3.5444752693873980       -1.0720442984612875        3.5488998790581037       -6.1385178372841409E-005  -4.5731888135133794        1.5336864347196499E-002  -3.5247306085952985       -2.8178159272958290       -1.7587719152132806       -1.8095533120804745       -2.8584806858145981       -3.5246469979383974       -3.5463891208822496       -2.8396787343678263        1.7833669979934310        1.8095123358170426       -2.8584693319111381       -3.5247275514269276        1.7784597614516382       -2.8380050864319131        3.5491902959004888        3.5461800733679789       -2.8395862347792153        1.7832227240954883       -1.7786479282779482       -2.8380560378773687        3.5492688986849417        3.5246388230652608       -2.8177905256611915       -1.7588411371246515        1.8091066287876736        4.2714123128276711        6.3260617958829091E-003  -1.1349851078334972E-004   4.3234376052474897        1.8543658185558889       -2.4376668455117212E-005   4.2602882233990762       -1.7591153223360223       -1.8092034806463033        4.2713546924874279        6.3940756205114191E-003   3.5659713398450412        2.5164578995580205        6.6537447256287408E-003  -1.4631760761174561E-004   2.4732914344446697        3.5119875187564689       -1.8708066257255851E-005   2.7447869064230135       -3.6750124924080048       -3.5663971334227398        2.5167088100877613        6.8448449620717167E-003   1.6981213714295507E-005  -1.3329721871030493       0.15699056206250117       -8.2446494484367250E-004  0.70033586342857146      -0.70653753223642179        1.7675356886485332       0.70573703744427640        3.5123242457306865        3.6182955657365712       0.70614663977525138        1.8560756007225403       -1.7678533758367294       0.70574825087603688        3.5123742078291822        3.5539037967977372       0.70664700016892978       -1.7591077322857451       -3.5540308621732422       0.70663636439739763       -1.7590199160131093       -2.0351289822157383       0.70632784504186730       -3.6732696929844977       -3.6188820113586040       0.70616236108155683        1.8566153350247006        2.0356889168685335       0.70637018179854261       -3.6737095221145033       -2.0512020832041955E-004  0.70517185356350964        1.7348029549622943        2.0347628027398788       0.70728902126706328       0.15487239915044837       -2.0358655680448514       0.70727512586777719       0.15541541810862913        5.0675497241181588E-004  0.71100422695927024       -2.8120168625232438       -1.8109865628126975       -2.8605006854582413        7.6019590837068662E-003  -2.6448031511305814E-005  -2.8474229044535306       -1.7588573607002722       -8.7946250602932707E-005  -2.9137628754753599        1.8583941630288745        1.8108876888759415       -2.8605354551847029        7.5289144097847593E-003  -8.3444139308719301E-005  -1.3262380442938442       -3.6717852383102887       -3.5660096750984707       -1.1034511098512039        7.3470463880838111E-003   3.5656299079373124       -1.1032450296297998        7.1652997207176661E-003  -1.3508222418323612E-004  -1.0620414021946545        3.5126609583823654        1.7938905815315647        2.5001665070258579        1.7950258018314056       -1.7941400516101531        2.5002605246122083        1.7950863034259745        1.6751380471039841        2.3815905458735958       -1.7597765155054148       -1.6753106294000588        2.3816522474549955       -1.7596437659811102        2.6809860739440694E-005   2.7378136368285477       0.15342294587281757        1.7944087770743369       -1.0881487363439204        1.7951975152758228       -1.6758276645737071      -0.96922275093136645       -1.7583530339744060        1.6756776260711328      -0.96917895128546072       -1.7585520192465975       -1.7946680942723328       -1.0882297030684127        1.7952506599879579     
