Spec eventId                          5
Original eventId                 316712
Refinement step                       0
event label            :         254050       1237719        254050
energy barrier         :       0.34819330
initial energy          :  -9113.53027612
FINAL energy            :  -9113.53002274
rate constant prefactor :  0.14145444E+08
rate htst prefactor     :  0.00000000E+00
rate of event           :  0.14145444E+08
delr initial-SADDLE     :      1.74235903
delr initial-FINAL      :      2.50573655
delr main atom (normalized) :       0.70805634     -0.70615595     -0.00000044
npar initial-SADDLE     :            21
npar initial-FINAL      :            22
active atom label       :          2049
ncluster                :            89
cluster atoms           :
            67
           167
           959
           191
           935
           168
           166
           164
            38
            62
           932
           190
           936
          2019
          1151
          1127
          1251
           137
           261
           901
           157
           897
            29
             9
           257
           258
            12
            32
           898
          1152
          2018
          1378
          1132
          1121
          1253
          1125
          1249
           135
           927
           903
           159
          1123
          1150
          2020
          1278
          2024
          1256
          1254
          1252
          1126
            40
           162
            34
            36
            39
           163
           931
            63
             3
          2049
           136
           134
           132
             6
            30
           900
           158
           904
           130
             8
             4
             2
          1124
          1122
          1250
          1128
           899
            31
             7
           131
           165
           161
            37
            33
            35
           133
             1
             5
           129
             0
             0
             0
             0
             0
             0
             0
             0
             0
             0
             0
             0
             0
             0
             0
             0
             0
             0
             0
             0
             0
             0
             0
             0
             0
             0
             0
             0
             0
             0
             0
             0
             0
             0
             0
             0
             0
             0
             0
             0
             0
             0
             0
             0
             0
             0
             0
             0
             0
             0
             0
             0
             0
             0
             0
             0
             0
             0
             0
             0
             0
             0
             0
             0
             0
             0
             0
             0
             0
             0
             0
             0
             0
             0
             0
             0
             0
             0
             0
             0
             0
             0
             0
             0
             0
             0
             0
             0
             0
             0
             0
             0
             0
             0
             0
             0
             0
             0
             0
             0
             0
             0
             0
             0
             0
             0
             0
             0
             0
             0
             0
             0
             0
             0
             0
             0
             0
             0
             0
             0
             0
             0
             0
             0
             0
             0
             0
             0
             0
             0
             0
             0
             0
             0
             0
             0
             0
             0
             0
             0
             0
             0
             0
             0
             0
             0
             0
             0
             0
             0
             0
             0
             0
             0
             0
             0
             0
             0
             0
             0
             0
             0
             0
             0
             0
             0
             0
             0
             0
             0
             0
             0
             0
             0
             0
             0
             0
             0
             0
             0
             0
             0
             0
             0
             0
             0
             0
             0
             0
             0
             0
             0
             0
             0
             0
             0
             0
             0
             0
             0
             0
             0
             0
             0
             0
             0
             0
             0
             0
             0
             0
             0
             0
             0
             0
             0
             0
             0
             0
             0
             0
             0
             0
             0
             0
             0
             0
             0
             0
             0
             0
             0
             0
             0
             0
             0
             0
             0
             0
             0
             0
             0
             0
             0
             0
             0
             0
             0
             0
             0
             0
             0
             0
             0
             0
             0
             0
             0
             0
             0
             0
             0
             0
             0
             0
             0
             0
             0
             0
             0
             0
             0
             0
             0
             0
             0
             0
             0
             0
             0
             0
             0
             0
             0
             0
             0
             0
             0
             0
             0
             0
             0
             0
             0
             0
             0
             0
             0
             0
             0
             0
             0
             0
             0
             0
             0
             0
             0
             0
             0
             0
             0
             0
             0
             0
             0
             0
             0
             0
             0
             0
             0
             0
             0
             0
             0
             0
             0
             0
             0
             0
             0
             0
             0
             0
             0
             0
             0
             0
             0
             0
             0
             0
             0
             0
             0
             0
             0
             0
             0
             0
             0
             0
             0
             0
             0
             0
             0
             0
             0
             0
             0
             0
             0
             0
             0
             0
             0
             0
             0
             0
             0
             0
             0
             0
             0
             0
             0
             0
             0
             0
             0
             0
             0
             0
             0
             0
             0
             0
             0
             0
             0
             0
             0
             0
             0
             0
             0
             0
             0
             0
             0
             0
             0
             0
             0
             0
             0
             0
             0
             0
             0
             0
             0
             0
             0
             0
             0
             0
             0
             0
             0
             0

  Initial pos 

  -9.9853771917679524E-009   5.9785991648874557       -2.5212159027176995E-008   3.5458260706262630        2.4892596414810839        3.5458260557382073       -3.5458260419294945        2.4892596246196699       -3.5458260529291508       -3.5458260382782498        2.4892596270533791        3.5458260477550332        3.5458260647224149        2.4892596287217112       -3.5458260508809367        1.7780825810907561        4.2551585980928834        3.5440093766285021        3.5440093912481743        4.2551585975857709        1.7780825650474039       -1.7780825475813806        4.2551585863079389        3.5440093724239090        3.5440093888483153        4.2551585875499978       -1.7780825623038865       -3.5440093605950835        4.2551585814520880       -1.7780825624606109       -1.7780825482403415        4.2551585817153708       -3.5440093721708870       -3.5440093567018387        4.2551585810357633        1.7780825635818851        1.7780825794518991        4.2551585824153939       -3.5440093700099418       -2.7342135000552048E-008  -4.6681640940619964       -3.6185574913054843       -3.6185574789758235       -4.6681640908085384       -3.7639835026581636E-008   3.6185574787899943       -4.6681640906338941       -3.4021446104759434E-008  -2.3534391102586483E-008  -4.6681640869496626        3.6185574622389596        5.3019456893503474       -1.0526870805855360        1.7701447131002239        1.7701447261968208       -1.0526870805227360        5.3019456745846529        1.7701447218846298       -1.0526870796095720       -5.3019456823292934       -5.3019456724762541       -1.0526870817116438        1.7701447082234520       -1.7701447073204264       -1.0526870885856159       -5.3019456815023354       -5.3019456728083512       -1.0526870894757869       -1.7701447188652608        5.3019456846929556       -1.0526870876286760       -1.7701447178264615       -1.7701447056376622       -1.0526870888751960        5.3019456696279441       -1.6382486034416388E-008  0.72105032357157217        5.2798356674477809        5.2798356839683525       0.72105032404339697       -3.0058963984558318E-008  -5.2798356639619541       0.72105032160298199       -3.1530059008133549E-008  -1.8348931041245464E-008  0.72105032237688205       -5.2798356738737091       -5.2798356776630087       -2.8264244334256645       -3.4411913985010756E-008  -2.3444995056465245E-008  -2.8264244328522139       -5.2798356858667326       -2.1384729986806406E-008  -2.8264244357143511        5.2798356716201109        5.2798356856676394       -2.8264244360498445       -3.2848320064005065E-008  -1.7943115261826783       -4.6070777497986946       -1.7943115368892215        1.7943115329441619       -4.6070777542955419        1.7943115207364131        1.7943115250646489       -4.6070777432813124       -1.7943115295113294       -1.7943115184248910       -4.6070777440333437        1.7943115128510940        3.5244512256302736       -1.0526870834736559        3.5244512112531088       -3.5244512068890970       -1.0526870893335809       -3.5244512166125581        3.5244512199158073       -1.0526870841111449       -3.5244512168119115       -3.5244512057480790       -1.0526870861633468        3.5244512048611045       -2.6777604134053945E-008  -4.5467652007956758       -3.9882525060264129E-008  -3.5658913080823069       -2.8187099441993304       -1.8099507023102746       -1.8099506943725459       -2.8187099442398207       -3.5658913203359965       -3.5658913077744039       -2.8187099406420231        1.8099506858730829        1.8099506995757950       -2.8187099398354931       -3.5658913196102624        1.8099507064085769       -2.8187099435969323        3.5658913050084604        3.5658913220065234       -2.8187099444896795        1.8099506951881210       -1.8099506853996417       -2.8187099410532142        3.5658912930341358        3.5658913077631480       -2.8187099406211154       -1.8099506974205752        1.7677124087451179        4.2188399529128002       -2.5458185115567744E-008  -1.0752789103563032E-008   4.2188399525966727        1.7677123934262151       -9.0581599998529327E-009   4.2188399492471742       -1.7677123852270711       -1.7677123717056560        4.2188399487664032       -2.3664771031661758E-008   3.6185574851970603        2.5627899866838679       -2.5208678033905585E-008  -9.8001311510387268E-009   2.5627899901411171        3.6185574726965570       -1.2983868202809390E-008   2.5627899725508603       -3.6185574559264282       -3.6185574468469213        2.5627899743928162       -2.8408023933224058E-008  -2.8691900189059538E-008  -2.1053741270208164       -5.1172706072577512E-008   0.0000000000000000        0.0000000000000000        0.0000000000000000        1.8099507151880549       0.71333582937506712        3.5658913115173880        3.5658913232496170       0.71333582903057113        1.8099506971264208       -1.8099506817837465       0.71333582410732399        3.5658913052948518        3.5658913202587739       0.71333582551384001       -1.8099506937057726       -3.5658912959163693       0.71333582535163198       -1.8099506962816783       -1.8099506814573907       0.71333582483252411       -3.5658913029834167       -3.5658912893139671       0.71333582335642398        1.8099506896612940        1.8099507044855290       0.71333582483712399       -3.5658912998497279       -4.1132262040832757E-009  0.86177571132149411        2.0352196794837418        2.0352196877528561       0.86177570908980616       -2.0805882128271946E-008  -2.0352196498604371       0.86177569991182312       -3.7870067082224068E-008  -1.9644716076072655E-008  0.86177569751768113       -2.0352196561222726       -2.0352196725633149       -2.9671498296610750       -3.9489526093561267E-008  -2.9840914184120493E-008  -2.9671498346031449       -2.0352196957482569       -1.3536508136624548E-008  -2.9671498172903661        2.0352196500087789        2.0352196720268729       -2.9671498197952602       -2.3725023057252770E-008  -2.0997928062982396E-008  -1.0526870838784530       -3.5537048784067622       -3.5537048680167160       -1.0526870863557809       -3.4248470059949909E-008   3.5537048863996246       -1.0526870912055488       -2.7775242994465543E-008  -1.4533739989275318E-008  -1.0526870915329520        3.5537048717211408        1.7943115413011681        2.5017036433421369        1.7943115255012678       -1.7943114997319434        2.5017036322088040        1.7943115176575208        1.7943115340306670        2.5017036343391639       -1.7943115135421728       -1.7943115057791204        2.5017036381732249       -1.7943115187702574       -7.9619120185725478E-009   2.4413910839321202       -2.0706000025683124E-008   1.6754700545823098       -1.0526870937251629        1.6754700400600622       -1.6754700899109041       -1.0526870872379759       -1.6754701015073090        1.6754700469498218       -1.0526870907731889       -1.6754700938891551       -1.6754700813151080       -1.0526870893591640        1.6754700320046019     

 SADDLE  pos 

   1.8371197140744311E-002   5.9719109125081165       -1.3372678007383954E-004   3.5600096682355700        2.5070709780185707        3.5804078490025995       -3.5237050124443456        2.4705177575982482       -3.5272511565297755       -3.5235625462084101        2.4704566920068300        3.5270383618756935        3.5600827670691810        2.5071123518397962       -3.5804593192481562        1.7698876630477953        4.2681709165547534        3.5705223986052821        3.5631158461796977        4.2868161449233746        1.8244404865340327       -1.7630133190218196        4.2302788763661638        3.5268119624366059        3.5631116138433550        4.2869093389117054       -1.8246471389602377       -3.5098852430935317        4.2169752911969773       -1.7549408453171509       -1.7631750644801123        4.2306274576128970       -3.5271963829184863       -3.5096957004871356        4.2167589102423957        1.7547096243743363        1.7701253024971997        4.2679836631964267       -3.5704716090122837       -2.6710162787482172E-003  -4.6144642822818973       -3.5787619615416553       -3.7554455923057688       -4.8082426868319530        1.5616806196216970E-004   3.4904372995239372       -4.5437479797418057       -7.9527847792304485E-005  -2.6948498025241019E-003  -4.6153110389305567        3.5795438352758331        5.2676165293670065       -1.0425392177147510        1.7625028202646416        1.7716119351541095       -1.0554200856749030        5.3099212721370570        1.7718029079158975       -1.0554945189907057       -5.3099416607543262       -5.2696946109757334       -1.0624659821417519        1.7629510969277065       -1.7785734915092632       -1.0576796797965557       -5.3116226474358577       -5.2697239998787282       -1.0623988219174498       -1.7627847773977336        5.2675321272820055       -1.0423664304423963       -1.7627987450612430       -1.7785742904105035       -1.0575830629729033        5.3112971015567698       -2.3951316795811639E-003  0.71851968175408443        5.3098790856935398        5.2361259519047794       0.74445921660416481       -3.5194961925277823E-005  -5.2589204294292422       0.68325863884804949        4.1506885839481811E-007  -2.4226444900028454E-003  0.71866272503373829       -5.3099071944797949       -5.2518236165605074       -2.8414734822655063        4.6992091198294617E-005  -4.5694211947402419E-003  -2.8316695949022979       -5.3117257722807096       -4.5178407664709930E-003  -2.8316304515989117        5.3114063260911450        5.2543912903576935       -2.7854941708388488       -1.3822612032221571E-004  -1.7996629962384745       -4.6387818067256106       -1.8525805514703926        1.7484872835842109       -4.5593354492300584        1.7623642312979912        1.7481909864533580       -4.5589837903636834       -1.7622534521352158       -1.7999482375226457       -4.6385994925783116        1.8524002588951807        3.5577015568796568       -1.0583097136821364        3.5827992916184912       -3.5612431100093289       -1.0558641955681747       -3.5784176842829218        3.5587842494300439       -1.0581817108877865       -3.5838628448346377       -3.5621112824559766       -1.0558553590042927        3.5791782919084763       -5.3518172414968923E-002  -4.5074721918369072        2.3230800972284804E-004  -3.5860456228384194       -2.8527727054906933       -1.8526171682319195       -1.7943055833378736       -2.8474541483165154       -3.5884734818759121       -3.5858736802302396       -2.8530406768990808        1.8524264752176456        1.7780095959697515       -2.8416248439312426       -3.5860924091702167        1.7782687003396018       -2.8409801008845683        3.5856454777125815        3.5058986172480333       -2.7997145829956516        1.7618246059038394       -1.7947561877028981       -2.8478725943961791        3.5891345314623648        3.5064120873282913       -2.8001571390031010       -1.7623943659174408        1.7973827291731304        4.1830584655323833       -5.1675495984060404E-005   1.0373528607195315E-002   4.2146282321214663        1.7625152563785065        1.0566216243213189E-002   4.2145315536599899       -1.7628573610879776       -1.7325113025903427        4.2011774192480598       -1.7026194617608681E-004   3.8313147812964132        2.7781010477936579       -3.2062024478474171E-004  -5.3382654099860538E-003   2.5044585924876048        3.5826451351300412       -5.1746518370492378E-003   2.5055030913451048       -3.5837354684372009       -3.4904322614594037        2.4368922638006545       -1.0844297962653293E-004 -0.68220205730085781       -1.7370505323180616        2.8558770686044621E-003  0.80180361201976447      -0.25243827061929969       -3.6022471484316032E-003   1.7850121983286382       0.73188928837491418        3.5922959421282816        3.5852710771742151       0.73787913099122160        1.8762211539007572       -1.7876338167226891       0.72481476675708434        3.5851606191023424        3.5845313026430805       0.73815499647471894       -1.8755083504209509       -3.5056890756527359       0.69462032219124170       -1.7620297037102439       -1.7882473521190221       0.72452053100997382       -3.5856331671786528       -3.5060546248763913       0.69493734667422080        1.7621021443522493        1.7855473162820743       0.73238296367369604       -3.5933081897078338       -9.2857962119772264E-003  0.74386814073371244        1.9139469940032710        2.2944117576801393        1.2423665861593109        1.4654562589391240E-003  -1.6712386462735154       0.62211667313420937       -2.2630502189779911E-004  -1.0063997906730959E-002  0.74556663169675685       -1.9173151884214050       -2.1914092673519470       -3.2439927981691028       -6.7484588241062404E-004  -1.0505830454665688E-002  -2.8669088686988360       -1.9022738457090611       -1.0235483628997066E-002  -2.8686058352053649        1.9045248963885379        1.6761601920230789       -2.7250504049075452       -2.0868821699848716E-004  -7.9669807271351978E-003  -1.0612019429976880       -3.5949246934735513       -3.4547701024101478       -1.1066844174471309        2.1821278182043713E-004   3.4399158453336707      -0.98433009609160982       -4.2200566255878869E-004  -7.8129031313318720E-003  -1.0610111871620860        3.5944808319818669        1.7908269100469967        2.5325545149437274        1.8765492317973718       -1.7464766595722310        2.4524524594453108        1.7616573869456134        1.7911238390322792        2.5317948905734751       -1.8758562382235588       -1.7469035461193734        2.4529472351261443       -1.7622743253559214        6.8505775012654091E-002   2.3869896173347058       -4.4441672855843883E-004   1.7972058587800970       -1.0630145775624560        1.9143750849861676       -1.8133034324340846       -1.0643035497059050       -1.9016125013443517        1.7989288981688680       -1.0638130987531058       -1.9177255422114130       -1.8150183726618918       -1.0640058727042261        1.9038450680560017     

  FINAL pos

   7.9853291137377269E-004   5.9874460619808403       -1.7622475279033267E-006   3.5423704992045506        2.4935414405949845        3.5464137571753827       -3.5412207822733919        2.4923217538345210       -3.5460563305253494       -3.5412212102965483        2.4923204892724766        3.5460560696575452        3.5423753456042393        2.4935447975257947       -3.5464218317716281        1.7648102211505130        4.2501800049093639        3.5442424406477602        3.5392605246339004        4.2536542568245608        1.7805754559639371       -1.7633174185769818        4.2494461283432177        3.5439773118342450        3.5392635167122952        4.2536568746449888       -1.7805827401984011       -3.5377675852340147        4.2525152787329095       -1.7802600681474949       -1.7633159429581475        4.2494474386816918       -3.5439791762690582       -3.5377681167612351        4.2525145974321994        1.7802600131829758        1.7648140866509003        4.2501846921892366       -3.5442489100654200       -4.1590155568616005E-004  -4.5770712792305872       -3.5251969089017550       -3.6157972295826539       -4.6716038480711646        1.0569523616332788E-006   3.6143974703934507       -4.6699134092612269       -2.0430630576218078E-006  -4.1988125449021751E-004  -4.5770731315102040        3.5251969682814832        5.2711270924851030       -1.0517743880985111        1.7678242865145242        1.7738533725067025       -1.0523567765626005        5.2808139828806961        1.7738579723363517       -1.0523565916134356       -5.2808189640213961       -5.2709818095106868       -1.0534291271669529        1.7678262568584153       -1.7736588340369757       -1.0529184288914497       -5.2807843222991160       -5.2709817850884093       -1.0534290600315526       -1.7678256596910309        5.2711292245507897       -1.0517747370744945       -1.7678305423122360       -1.7736617117862359       -1.0529188537420118        5.2807862188216284        4.0737737862994727E-004  0.71751027966944059        5.3027703655223135        5.2714262268681233       0.71562998806349265       -3.4896397140826707E-006  -5.2707151051823011       0.71401998761695928       -5.1529787725712595E-007   4.1156541837827909E-004  0.71751151563128168       -5.3027722108927975       -5.2712139499210515       -2.8208686405050720        5.3865686333587348E-007  -1.9849261305493471E-004  -2.8228101303022903       -5.3027964652391972       -2.0283938840615079E-004  -2.8228099450528283        5.3027952213663401        5.2708402149223899       -2.8192193964217118       -2.0589448026520074E-006  -1.7662627753691389       -4.6188554166928668       -1.8105774563539576        1.7653987064015604       -4.6178422599347542        1.8100862056793372        1.7654007377221881       -4.6178426804243351       -1.8100890659016962       -1.7662653581916103       -4.6188576271568245        1.8105793205510952        3.6151064503916785       -1.0519584874620449        3.6188320840364789       -3.6148991842775295       -1.0532970839475007       -3.6187763844133833        3.6151083083036397       -1.0519591445853538       -3.6188360207373869       -3.6148976727181008       -1.0532969478809935        3.6187746402629810       -3.2239326590999262E-004  -4.6064238002900026        1.3019683131609838E-007  -3.5540162845348533       -2.8473712014555019       -1.7945275605692643       -1.7661396973384598       -2.8627068664664961       -3.5665760263037392       -3.5540198731857977       -2.8473729859551717        1.7945285998740643        1.7656234335375098       -2.8622688301253802       -3.5666380196811751        1.7656195065207478       -2.8622706650958278        3.5666366599975494        3.5536325236701005       -2.8461639728177843        1.7942837543917824       -1.7661433278150724       -2.8627067546364486        3.5665745309812773        3.5536350102475023       -2.8461644953523937       -1.7942879709709132        1.7745230794714562        4.2270892301960394       -3.0823924452860751E-006   6.8529380823667552E-004   4.2490945421985806        1.7705582310640406        6.8671092109040544E-004   4.2490960241881819       -1.7705628258092538       -1.7730717372404925        4.2267851676205161       -8.3638015557774281E-007   3.6161788249392330        2.5664834456055847       -4.2963430102460620E-006   5.9356214204142610E-004   2.4718721866633202        3.5252838741210648        5.9722908092041394E-004   2.4718762666818344       -3.5252898528170320       -3.6143298344494994        2.5647408786049786       -3.5747868643021263E-007  -1.0523277783889604       -1.0545260874246551       -4.0487303174518985E-006   1.0530011919362152       -1.0501749933129616       -6.4770317864670801E-007   1.7663638081323245       0.75747050481904332        3.5666009946420725        3.5540962919010894       0.74214029363514711        1.7944715904729214       -1.7654273123673221       0.75694759379778453        3.5665741621440996        3.5541023400440253       0.74214284894274130       -1.7944805867412015       -3.5534317409666976       0.74093658276848728       -1.7943024653971413       -1.7654252551175844       0.75695112185979041       -3.5665787875325350       -3.5534330627678550       0.74093666030420846        1.7943006886029216        1.7663690833984809       0.75747221225290717       -3.5666058806132561        3.6620597144332301E-004  0.62322858194533426        1.6761599563534020        1.9147606176943175       0.98451641007510471       -7.5571063586910014E-006  -1.9128706256216326       0.98156951763471767       -1.4632315183948919E-006   3.6632760709931489E-004  0.62323010904358056       -1.6761665294219164       -1.9146969825249478       -3.0890643622902694        2.3739164352054587E-006  -1.0686265976111997E-004  -2.7282382238309282       -1.6759654452032180       -1.0763946398362201E-004  -2.7282382537085930        1.6759631450060199        1.9129757948795849       -3.0865246213467223       -2.2582567478224291E-006   7.5400828046134905E-005  -1.0526674766774231       -3.5546917977650310       -3.4934591417074508       -1.0533965910460721       -8.4094189256589402E-007   3.4937252846885167       -1.0517205026784593       -3.4168606271034463E-006   6.9789059089941929E-005  -1.0526683170308693        3.5546887885160836        1.7664814854415429        2.5138333236611978        1.8107494259419958       -1.7652489606713146        2.5127124934522840        1.8101517699030021        1.7664850659470519        2.5138378186345878       -1.8107593661444774       -1.7652478967374741        2.5127136407250821       -1.8101549206119714        3.8351921496926344E-004   2.5014234907653874       -3.7011861113711575E-006   1.9137625830146907       -1.0524558631173553        2.0356826926918257       -1.9136055924496462       -1.0528909519836926       -2.0355226284975751        1.9137662316593442       -1.0524521791823742       -2.0356832385867052       -1.9136079611843888       -1.0528933645630132        2.0355145752377175     
