Spec eventId                          3
Original eventId                 854444
Refinement step                       0
event label            :         254050         76579        254050
energy barrier         :       0.14276431
initial energy          :  -9113.53027612
FINAL energy            :  -9113.53006845
rate constant prefactor :  0.39963897E+11
rate htst prefactor     :  0.00000000E+00
rate of event           :  0.39963897E+11
delr initial-SADDLE     :      0.97594377
delr initial-FINAL      :      1.87932043
delr main atom (normalized) :      -0.00083968     -0.70392330     -0.71027550
npar initial-SADDLE     :            15
npar initial-FINAL      :            29
active atom label       :             3
ncluster                :            89
cluster atoms           :
          1091
          1255
          2047
          1279
          2023
          1224
          1222
          1220
          1094
          1118
          1988
          1246
          1992
           931
            63
            39
           163
           137
           261
           901
           157
           897
            29
             9
           257
          1378
          1132
          1152
          2018
            32
           898
           258
            12
            33
           165
            37
           161
           135
           927
           903
           159
            35
            30
           900
           158
           904
           136
           134
           132
             6
          1096
          1218
          1090
          1092
          1127
          1251
          2019
          1151
          2049
             3
          1256
          1254
          1252
          1126
          1150
          2020
          1278
          2024
          1250
          1128
          1124
          1122
             4
             2
           130
             8
           899
            31
             7
           131
          1253
          1249
          1125
          1121
          1123
           133
             1
             5
           129
             0
             0
             0
             0
             0
             0
             0
             0
             0
             0
             0
             0
             0
             0
             0
             0
             0
             0
             0
             0
             0
             0
             0
             0
             0
             0
             0
             0
             0
             0
             0
             0
             0
             0
             0
             0
             0
             0
             0
             0
             0
             0
             0
             0
             0
             0
             0
             0
             0
             0
             0
             0
             0
             0
             0
             0
             0
             0
             0
             0
             0
             0
             0
             0
             0
             0
             0
             0
             0
             0
             0
             0
             0
             0
             0
             0
             0
             0
             0
             0
             0
             0
             0
             0
             0
             0
             0
             0
             0
             0
             0
             0
             0
             0
             0
             0
             0
             0
             0
             0
             0
             0
             0
             0
             0
             0
             0
             0
             0
             0
             0
             0
             0
             0
             0
             0
             0
             0
             0
             0
             0
             0
             0
             0
             0
             0
             0
             0
             0
             0
             0
             0
             0
             0
             0
             0
             0
             0
             0
             0
             0
             0
             0
             0
             0
             0
             0
             0
             0
             0
             0
             0
             0
             0
             0
             0
             0
             0
             0
             0
             0
             0
             0
             0
             0
             0
             0
             0
             0
             0
             0
             0
             0
             0
             0
             0
             0
             0
             0
             0
             0
             0
             0
             0
             0
             0
             0
             0
             0
             0
             0
             0
             0
             0
             0
             0
             0
             0
             0
             0
             0
             0
             0
             0
             0
             0
             0
             0
             0
             0
             0
             0
             0
             0
             0
             0
             0
             0
             0
             0
             0
             0
             0
             0
             0
             0
             0
             0
             0
             0
             0
             0
             0
             0
             0
             0
             0
             0
             0
             0
             0
             0
             0
             0
             0
             0
             0
             0
             0
             0
             0
             0
             0
             0
             0
             0
             0
             0
             0
             0
             0
             0
             0
             0
             0
             0
             0
             0
             0
             0
             0
             0
             0
             0
             0
             0
             0
             0
             0
             0
             0
             0
             0
             0
             0
             0
             0
             0
             0
             0
             0
             0
             0
             0
             0
             0
             0
             0
             0
             0
             0
             0
             0
             0
             0
             0
             0
             0
             0
             0
             0
             0
             0
             0
             0
             0
             0
             0
             0
             0
             0
             0
             0
             0
             0
             0
             0
             0
             0
             0
             0
             0
             0
             0
             0
             0
             0
             0
             0
             0
             0
             0
             0
             0
             0
             0
             0
             0
             0
             0
             0
             0
             0
             0
             0
             0
             0
             0
             0
             0
             0
             0
             0
             0
             0
             0
             0
             0
             0
             0
             0
             0
             0
             0
             0
             0
             0
             0
             0
             0
             0
             0
             0
             0
             0
             0
             0
             0
             0
             0
             0
             0
             0
             0
             0
             0
             0
             0
             0
             0
             0
             0
             0
             0
             0
             0
             0
             0
             0
             0
             0
             0
             0
             0
             0
             0
             0
             0
             0
             0
             0
             0
             0

  Initial pos 

  -1.7674668395528670E-009  -5.9785991179576463        1.1048737036389866E-008   3.5458260988602142       -2.4892596077693874        3.5458261083576974       -3.5458260326367963       -2.4892596160240821       -3.5458260202050020       -3.5458260297867987       -2.4892596070522117        3.5458260991514270        3.5458260893661615       -2.4892596067781412       -3.5458260177284195        1.7780826021927743       -4.2551585563734982        3.5440094305415104        3.5440094209328512       -4.2551585576931110        1.7780826144952360       -1.7780825410323402       -4.2551585529434774        3.5440094248241620        3.5440094148548482       -4.2551585538112455       -1.7780825283191106       -3.5440093586818904       -4.2551585615696084       -1.7780825283091950       -1.7780825418973585       -4.2551585620957368       -3.5440093461476145       -3.5440093580653169       -4.2551585541645700        1.7780826117540771        1.7780826005707300       -4.2551585544469077       -3.5440093450269678        1.5708031986250148E-008   4.6681640995716762       -3.6185574047537230       -3.6185574181550209        4.6681641014136304        2.2764682139353454E-008   3.6185575138889607        4.6681641137046839        2.5964028038671927E-008   1.8891769038020811E-008   4.6681641171619326        3.6185575238692631        5.3019457180422478        1.0526870464352776        1.7701447642729300        1.7701447548887210        1.0526870464980789        5.3019457257573599        1.7701447505765300        1.0526870474112435       -5.3019456311565882       -5.3019456437843537        1.0526870453091703        1.7701447593961581       -1.7701446786285260        1.0526870384351987       -5.3019456303296302       -5.3019456441164508        1.0526870375450272       -1.7701446676925556        5.3019457133848560        1.0526870393921399       -1.7701446666537564       -1.7701446769457618        1.0526870381456206        5.3019457208006511        7.3071702022531326E-009 -0.72105030869353470        5.2798357227928179        5.2798357143595398      -0.72105030902902811        1.8324386008572446E-008  -5.2798356489711082      -0.72105030640484813        1.6760792087566756E-008   5.2469051325942928E-009 -0.72105030583139751       -5.2798356346940274       -5.2798356352700537        2.8264244486237970        1.9642647064443963E-008   1.0342969147814074E-008   2.8264244493976989       -5.2798356227010039        1.2309414154643150E-008   2.8264244505923877        5.2798357186204878        5.2798357126602529        2.8264244510642129        2.1113742088019194E-008  -1.7943114770872199        4.6070777651940418       -1.7943114675975522        1.7943115699930683        4.6070777703629524        1.7943115766739739        1.7943115627225672        4.6070777613599780       -1.7943114623694676       -1.7943114710400430        4.6070777592296182        1.7943115688302269        3.5244512543221740        1.0526870435471594        3.5244512624258149       -3.5244511781971966        1.0526870376872353       -3.5244511654398529        3.5244512486077078        1.0526870429096711       -3.5244511656392064       -3.5244511770561786        1.0526870408574673        3.5244512560338106        2.0729988170486990E-008   4.5467652109529340        3.0466706046894387E-008  -3.5658912672244689        2.8187099523724477       -1.8099506451089731       -1.8099506527654903        2.8187099518533394       -3.5658912518107115       -3.5658912606220667        2.8187099503772401        1.8099507408340001        1.8099507331774292        2.8187099518579402       -3.5658912486770227        1.8099507438799551        2.8187099563958817        3.5658913626900941        3.5658913519415174        2.8187099560513857        1.8099507482991268       -1.8099506530918461        2.8187099511281382        3.5658913564675578        3.5658913489506743        2.8187099525346540       -1.8099506425330674        1.7677124268694890       -4.2188399221417399        1.2292673101654827E-008   4.4149217615085945E-010  -4.2188399218753396        1.7677124371049371        1.6805661307017772E-009  -4.2188399200536573       -1.7677123572731865       -1.7677123695939621       -4.2188399197710957        1.3331151071938052E-008   3.6185575074818948       -2.5627899636130778        1.7151259967818078E-008   5.1575090864730555E-009  -2.5627899599288462        3.6185575134116656        1.3497651885074902E-009  -2.5627899670411800       -3.6185574401327791       -3.6185574502839231       -2.5627899637877221        1.3532871045995876E-008   2.8691900189059538E-008   2.1053741270208164        5.1172706072577512E-008   0.0000000000000000        0.0000000000000000        0.0000000000000000        1.8099507351004771      -0.71333581657611589        3.5658913561811665        3.5658913506984238      -0.71333581746886310        1.8099507463608271       -1.8099506567077412      -0.71333581403239776        3.5658913442068418        3.5658913364550484      -0.71333581360029896       -1.8099506462478701       -3.5658912793904065      -0.71333581717851402       -1.8099506511375694       -1.8099506656806454      -0.71333581721900430       -3.5658912691632914       -3.5658912790825035      -0.71333581362120668        1.8099507370457890        1.8099507282676952      -0.71333581281467673       -3.5658912684375572        1.5155392052434991E-008 -0.86177569026954970        2.0352197011814850        2.0352197007187729      -0.86177569277444377        2.7447683015324742E-008  -2.0352196438714145      -0.86177570264025860        1.1683179979016245E-008  -1.1490139950609546E-009 -0.86177570758232847       -2.0352196445755517       -2.0352196211685367        2.9671498269326371        1.3302638990353444E-008   9.0471841129868835E-009   2.9671498245384953       -2.0352196049495674        2.4578673984976263E-008   2.9671498383423085        2.0352197306564479        2.0352197164447561        2.9671498361106217        3.0366823944305565E-008   7.6939721260771421E-009   1.0526870431423632       -3.5537048272340570       -3.5537048393248156        1.0526870406650346        1.6924236012627603E-008   3.5537049150915250        1.0526870358152678        2.3397463078111969E-008   1.4158160199784220E-008   1.0526870354878639        3.5537049228938469        1.7943115616360621       -2.5017036272747255        1.7943115719091192       -1.7943114897329906       -2.5017036170125273        1.7943115640238001        1.7943115537565490       -2.5017036162604960       -1.7943114783386243       -1.7943114974907779       -2.5017036227778782       -1.7943114857165163        1.9142960550055932E-009  -2.4413910737748594        1.1290181012313383E-008   1.6754700832742100        1.0526870332956513        1.6754700912327682       -1.6754700612190039        1.0526870397828390       -1.6754700503346029        1.6754700756417220        1.0526870362476259       -1.6754700427164491       -1.6754700526232078        1.0526870376616522        1.6754700831773079     

 SADDLE  pos 

  -4.8620821602884945E-004  -5.9819550482109634        1.2573232874162343E-003   3.5411856502616477       -2.4852122499503011        3.5447195505146172       -3.5520457877408056       -2.4984571182229267       -3.5384507724911174       -3.5443889733367726       -2.4900157767211546        3.5496857482159956        3.5561273467505492       -2.5004453038529277       -3.5402681975586709        1.7708778499571061       -4.2467211563502545        3.5402340591414405        3.5410248862087652       -4.2510613057358455        1.7787084857224476       -1.7714999282639745       -4.2476147494472940        3.5411612227759481        3.5348969262491945       -4.2435429146656496       -1.7716092278669784       -3.5346445544130312       -4.2451097007368119       -1.7746791396206270       -1.7998560352165711       -4.2665820140655519       -3.5370406838981765       -3.5442766546571214       -4.2559799592857068        1.7835624603049247        1.8005294443551074       -4.2687034356743503       -3.5397768170138519        5.6358684637314305E-004   4.6070647229767800       -3.5599740454745685       -3.5793102014362788        4.6276955278653631        2.2793116578683215E-003   3.5876765877649079        4.6367234517909033        1.9890040049934665E-003   4.8609749681771675E-004   4.6621628872462750        3.6114379462611459        5.3036385793792524        1.0657004052360364        1.7743423578813329        1.7665435287770559        1.0573007063228594        5.2914982940698998        1.7835355407577298        1.0746492770759382       -5.3122014022566368       -5.3096567799829515        1.0692365777616608        1.7788297948689777       -1.7810540899103131        1.0721348626979115       -5.3101727263984237       -5.3045673631777710        1.0609298912116927       -1.7673404850161027        5.3018317653685241        1.0592816408774262       -1.7657313653041520       -1.7665606408816004        1.0567142973642412        5.2920221003820149       -3.9896021752339195E-004 -0.70763741120553547        5.2758612805716520        5.2764056040516873      -0.71199828445293178        5.6723646553789031E-003  -5.2730940541464406      -0.71469930958962991        8.4077276558176539E-003   2.7284853733875458E-003 -0.72341124431079606       -5.2340658686889228       -5.2991492796843325        2.8374679837274464        2.2069830473046004E-003   5.3912594574545558E-004   2.8533479077891997       -5.3138664472992900       -2.1206979438304074E-005   2.8290777752303029        5.2827819859650518        5.2936171432081567        2.8338643475948722        1.4403377840486176E-003  -1.7811468347960719        4.6037152994333930       -1.7786454039045907        1.7981678919104036        4.6144628646002452        1.7960589094321455        1.7837400215691988        4.6057609217838973       -1.7811950647300492       -1.7954549500140757        4.6127820262214705        1.7936845986165393        3.5353943970277273        1.0654077993557358        3.5375455723651847       -3.5446606317642662        1.0774452444741982       -3.5280756923137311        3.5464859864670215        1.0795900458915710       -3.5272977055773431       -3.5349260956466715        1.0684823663155001        3.5390909063897653        2.8341284653514709E-003   4.5279178879821487        1.7233546777344344E-002  -3.5447221579988764        2.8217564606108887       -1.7837437967086771       -1.7895453688361300        2.8281483478857652       -3.5345225143277403       -3.5523270550395409        2.8323385225626900        1.7923479858665794        1.7900170379195295        2.8280451295801896       -3.5344326824334971        1.8009393276146684        2.8338243323817629        3.5628670269719609        3.5566299778677637        2.8342166545625282        1.7943430914658314       -1.7999832733845409        2.8310275333620467        3.5606925968279488        3.5466148703247926        2.8209977887116935       -1.7859335888373167        1.7855756437877908       -4.2437298775852739       -1.2480468525950528E-003  -6.7071058259449146E-004  -4.2572674478757975        1.7916200120276033       -7.9476667721811722E-004  -4.2402477732679422       -1.7768486852271614       -1.7854976548669583       -4.2407039532936146       -1.3367775817370031E-003   3.5976761037999250       -2.5443381976765771        2.9750294031729574E-003  -6.3567181828605435E-004  -2.4977476314645308        3.5510635309432481       -3.6455209938401900E-004  -2.6895521580013337       -3.6922518094284591       -3.6221755988134916       -2.5708691470318819        4.0657938290220574E-003   2.1912136205753274E-002   1.7323321975842312       0.14162698423221021       -5.5120309578156279E-002 -0.33508345811107532      -0.37089374158044386        1.7857520313229549      -0.70489895109562184        3.5377474676419207        3.5979526528235137      -0.70913579304393437        1.8383885702996654       -1.7855193175191353      -0.70478393059690703        3.5347213173370879        3.5598096779910344      -0.70845441266884990       -1.7913031763811098       -3.5732667241659115      -0.71007135292499157       -1.8015462692547395       -1.9103270498954608      -0.70447960834370704       -3.6335247634764833       -3.6223479837850086      -0.71021743386340574        1.8649382135111998        1.9293447144531468      -0.70432207190760465       -3.6479587011984869        4.5291070100219599E-003 -0.74471127000988346        1.8773088600081329        2.0540653876731052      -0.78867385385812483        8.3078874920256895E-002  -2.1344491911191241      -0.80413245019619595        9.8446016247809576E-002   2.1741219764371378E-002 -0.84713374594440793       -2.4383921962015016       -1.9102460461048025        2.9274026088408682       -1.5882930508801518E-003  -4.2036726189098594E-004   2.8975743970993690       -1.8576477080309708       -2.0492567847796295E-004   2.9864277800021526        1.9838419560367755        1.9295084151083941        2.9419219297019481       -1.7318137642003961E-003  -4.5270795480290005E-004   1.1517707812268654       -3.6037907952431034       -3.5733943578567988        1.0955643237860002        4.0462279743034291E-003   3.5600349122276249        1.0853511191620164        2.4093018795650067E-003  -6.7388133969648045E-004   1.0709186512100040        3.5344614248964752        1.7851282742575956       -2.4961656485623855        1.7901750293459413       -1.7877977233643243       -2.4961667027219754        1.7902070572142517        1.7524010514990476       -2.4481854926600555       -1.7761120759790963       -1.7456357785396897       -2.4339791642466402       -1.7673586215142016        4.4549867895724571E-003  -2.5831493491034365        3.9046111680601348E-002   1.7528131580194879        1.0703722094813486        1.7426252962995941       -1.6966202969728219        1.0081231584381669       -1.7140390739206772        1.6844612024307168        1.0066347061004812       -1.7125550323721375       -1.7457824069981116        1.0615784351838933        1.7283166409558084     

  FINAL pos

  -7.9396098743744759E-005  -5.9865115409682090        1.3990560045274547E-002   3.5438296420224438       -2.4841676520690292        3.5480999988776474       -3.5658766189329540       -2.5167144685883081       -3.5253347803927504       -3.5441011736553989       -2.4843093301385579        3.5483012402629979        3.5659833106636301       -2.5168744340057181       -3.5254576307002452        1.7775832617017442       -4.2500631423070168        3.5477048402126639        3.5453870015105782       -4.2519916908198248        1.7822097828770711       -1.7778200674520548       -4.2501196663378558        3.5477873491643463        3.5242119298023047       -4.2309680773007123       -1.7593834584739305       -3.5243080280019008       -4.2309900261260154       -1.7593128593231064       -1.8106217444456014       -4.2733035719430639       -3.5255812160193010       -3.5456133769065836       -4.2520976994749375        1.7823422212736766        1.8106200427962373       -4.2733380305176638       -3.5256690751079667        2.1129282703480357E-006   4.5728189621127591       -3.5324181457422341       -3.5442671631999048        4.5964279924264524        5.4423440075093144E-003   3.5441877327851747        4.5964084350161798        5.3610616091941399E-003  -7.8385530917879365E-005   4.6182045896901407        3.5632457775440618        5.3063381855777676        1.0738421013880455        1.7795315380789596        1.7620651149828626        1.0560447114381759        5.2797165114529143        1.7941628825036617        1.0870471453855188       -5.3133800897608268       -5.3066046761570256        1.0739383598893966        1.7797589029765328       -1.7940839017068910        1.0869894384579020       -5.3133326517323276       -5.3021354372646421        1.0635441304429314       -1.7587421993948880        5.3020564073132670        1.0635289497675586       -1.7588343997035238       -1.7622898968661254        1.0560507178579499        5.2797781561192902       -1.3580736128315785E-004 -0.70585720502457860        5.2720767299963160        5.2799410479251874      -0.70642398946706564        1.4658133292371422E-002  -5.2800182905562210      -0.70643866663698773        1.4840010429184813E-002   1.0465128018211090E-004 -0.70773342102159376       -5.2530155782837831       -5.3030758131323346        2.8370473647676278        5.2885988349862245E-003   5.0062654419313901E-005   2.9102264098045758       -5.3734041683139502       -9.4905646176979275E-005   2.8220891272557331        5.2829865013415365        5.3028867778045523        2.8369116854277472        5.1694684002583369E-003  -1.7703705083506804        4.5951832537325501       -1.7587304692785288        1.7806209819628291        4.6001551303217916        1.7802807015835915        1.7703344518087709        4.5951837357401928       -1.7587848303563192       -1.7807478953347413        4.6001669629847441        1.7803288448120642        3.5442341353454783        1.0719621064241629        3.5487138800089952       -3.5661310615677699        1.1032687427733912       -3.5248436945544341        3.5662437877760391        1.1034045572045947       -3.5249763372753655       -3.5444842490180584        1.0720564979332323        3.5489126630011429       -5.4174922071714704E-005   4.5731872739533479        1.5348498953999590E-002  -3.5247288260701808        2.8178188091769236       -1.7587765834553899       -1.8095237442450198        2.8584525232913300       -3.5246322364519536       -3.5463993664176883        2.8396965463071844        1.7833791034001982        1.8094934153856186        2.8584448396663156       -3.5247145445052226        1.7784793389434594        2.8380256993756738        3.5492082602796180        3.5461947267279061        2.8396015980408116        1.7832325053174336       -1.7786527314256446        2.8380811537660229        3.5492920541469624        3.5246470085254549        2.8177958250943078       -1.7588354686046976        1.8090907520087844       -4.2713811632087157        6.3184781931755474E-003  -1.1135366920278500E-004  -4.3233963340108268        1.8543282282024571       -1.8780031812770659E-005  -4.2602718191860731       -1.7591282427490249       -1.8091886754399447       -4.2713367272287321        6.3827533397067260E-003   3.5659729332345886       -2.5164463136418576        6.6540370255669945E-003  -1.4309057445194284E-004  -2.4732795923636672        3.5119925004512225       -1.3582914306198290E-005  -2.7448720753838280       -3.6750705282672982       -3.5663726981113797       -2.5166839783865349        6.8468316847709598E-003   1.7745086359655105E-005   1.3330628756225380       0.15704973063944649       -8.3523906581528529E-004 -0.70019693643359204      -0.70651551312647576        1.7675455595122269      -0.70572187882786253        3.5123289674380023        3.6182869454468456      -0.70613182112598238        1.8560649394994742       -1.7678527044782371      -0.70573655383637757        3.5123766269825309        3.5539032990430899      -0.70663926399059562       -1.7591011309554183       -3.5540154192986080      -0.70663264252847924       -1.7590073492068043       -2.0351065988403327      -0.70631251158349073       -3.6732614946094237       -3.6188880082789758      -0.70615635430521451        1.8566260864589301        2.0356947181866127      -0.70635287129756819       -3.6737118294199433       -1.9709265785561314E-004 -0.70514829592487160        1.7348190595627582        2.0347504820023659      -0.70729649321954113       0.15487227595853970       -2.0358838205375953      -0.70726821117478877       0.15544843806383102        5.2604344248674550E-004 -0.71114411520381893       -2.8119997778416099       -1.8110028513076912        2.8605297421034841        7.6132987512258499E-003  -2.1144141410633921E-005   2.8474165962575846       -1.7588454226050168       -7.5664470272851503E-005   2.9138166600064501        1.8584457690338665        1.8109066613781324        2.8605532680696157        7.5408101471983180E-003  -7.7421194428106688E-005   1.3261374545004898       -3.6717298760950818       -3.5660258100560860        1.1034743540663534        7.3605293706195951E-003   3.5656290307576279        1.1032429631334288        7.1776487906005659E-003  -1.2272726073292439E-004   1.0620638445806279        3.5126728324036676        1.7938871388566255       -2.5001528229461982        1.7950250441610391       -1.7941370571480952       -2.5002352961304375        1.7950807287982840        1.6751439279716891       -2.3815878635802044       -1.7597838083931308       -1.6753116950995981       -2.3816388202967431       -1.7596433210409685        2.8678097402368152E-005  -2.7377344119882956       0.15338070214811506        1.7944209305028029        1.0881644418350298        1.7952041723038858       -1.6758249660476510       0.96923021257664388       -1.7583337543742543        1.6756742235780493       0.96918246289466126       -1.7585207234674016       -1.7946815294141167        1.0882701883327996        1.7952905993820885     
