Spec eventId                          2
Original eventId                 854445
Refinement step                       0
event label            :         254050         76579        254050
energy barrier         :       0.14258552
initial energy          :  -9113.53027612
FINAL energy            :  -9113.53005162
rate constant prefactor :  0.40241238E+11
rate htst prefactor     :  0.00000000E+00
rate of event           :  0.40241238E+11
delr initial-SADDLE     :      0.97490206
delr initial-FINAL      :      1.88074674
delr main atom (normalized) :      -0.00073131      0.70357018      0.71062540
npar initial-SADDLE     :            15
npar initial-FINAL      :            29
active atom label       :          2049
ncluster                :            89
cluster atoms           :
            67
           167
           959
           191
           935
           168
           166
           164
            38
            62
           932
           190
           936
          2019
          1151
          1127
          1251
           137
           261
           901
           157
           897
            29
             9
           257
           258
            12
            32
           898
          1152
          2018
          1378
          1132
          1121
          1253
          1125
          1249
           135
           927
           903
           159
          1123
          1150
          2020
          1278
          2024
          1256
          1254
          1252
          1126
            40
           162
            34
            36
            39
           163
           931
            63
             3
          2049
           136
           134
           132
             6
            30
           900
           158
           904
           130
             8
             4
             2
          1124
          1122
          1250
          1128
           899
            31
             7
           131
           165
           161
            37
            33
            35
           133
             1
             5
           129
             0
             0
             0
             0
             0
             0
             0
             0
             0
             0
             0
             0
             0
             0
             0
             0
             0
             0
             0
             0
             0
             0
             0
             0
             0
             0
             0
             0
             0
             0
             0
             0
             0
             0
             0
             0
             0
             0
             0
             0
             0
             0
             0
             0
             0
             0
             0
             0
             0
             0
             0
             0
             0
             0
             0
             0
             0
             0
             0
             0
             0
             0
             0
             0
             0
             0
             0
             0
             0
             0
             0
             0
             0
             0
             0
             0
             0
             0
             0
             0
             0
             0
             0
             0
             0
             0
             0
             0
             0
             0
             0
             0
             0
             0
             0
             0
             0
             0
             0
             0
             0
             0
             0
             0
             0
             0
             0
             0
             0
             0
             0
             0
             0
             0
             0
             0
             0
             0
             0
             0
             0
             0
             0
             0
             0
             0
             0
             0
             0
             0
             0
             0
             0
             0
             0
             0
             0
             0
             0
             0
             0
             0
             0
             0
             0
             0
             0
             0
             0
             0
             0
             0
             0
             0
             0
             0
             0
             0
             0
             0
             0
             0
             0
             0
             0
             0
             0
             0
             0
             0
             0
             0
             0
             0
             0
             0
             0
             0
             0
             0
             0
             0
             0
             0
             0
             0
             0
             0
             0
             0
             0
             0
             0
             0
             0
             0
             0
             0
             0
             0
             0
             0
             0
             0
             0
             0
             0
             0
             0
             0
             0
             0
             0
             0
             0
             0
             0
             0
             0
             0
             0
             0
             0
             0
             0
             0
             0
             0
             0
             0
             0
             0
             0
             0
             0
             0
             0
             0
             0
             0
             0
             0
             0
             0
             0
             0
             0
             0
             0
             0
             0
             0
             0
             0
             0
             0
             0
             0
             0
             0
             0
             0
             0
             0
             0
             0
             0
             0
             0
             0
             0
             0
             0
             0
             0
             0
             0
             0
             0
             0
             0
             0
             0
             0
             0
             0
             0
             0
             0
             0
             0
             0
             0
             0
             0
             0
             0
             0
             0
             0
             0
             0
             0
             0
             0
             0
             0
             0
             0
             0
             0
             0
             0
             0
             0
             0
             0
             0
             0
             0
             0
             0
             0
             0
             0
             0
             0
             0
             0
             0
             0
             0
             0
             0
             0
             0
             0
             0
             0
             0
             0
             0
             0
             0
             0
             0
             0
             0
             0
             0
             0
             0
             0
             0
             0
             0
             0
             0
             0
             0
             0
             0
             0
             0
             0
             0
             0
             0
             0
             0
             0
             0
             0
             0
             0
             0
             0
             0
             0
             0
             0
             0
             0
             0
             0
             0
             0
             0
             0
             0
             0
             0
             0
             0
             0
             0
             0
             0
             0
             0
             0
             0
             0
             0
             0
             0
             0
             0
             0
             0
             0
             0
             0
             0
             0
             0
             0
             0
             0
             0
             0
             0
             0

  Initial pos 

  -9.9853771917679524E-009   5.9785991648874557       -2.5212159027176995E-008   3.5458260706262630        2.4892596414810839        3.5458260557382073       -3.5458260419294945        2.4892596246196699       -3.5458260529291508       -3.5458260382782498        2.4892596270533791        3.5458260477550332        3.5458260647224149        2.4892596287217112       -3.5458260508809367        1.7780825810907561        4.2551585980928834        3.5440093766285021        3.5440093912481743        4.2551585975857709        1.7780825650474039       -1.7780825475813806        4.2551585863079389        3.5440093724239090        3.5440093888483153        4.2551585875499978       -1.7780825623038865       -3.5440093605950835        4.2551585814520880       -1.7780825624606109       -1.7780825482403415        4.2551585817153708       -3.5440093721708870       -3.5440093567018387        4.2551585810357633        1.7780825635818851        1.7780825794518991        4.2551585824153939       -3.5440093700099418       -2.7342135000552048E-008  -4.6681640940619964       -3.6185574913054843       -3.6185574789758235       -4.6681640908085384       -3.7639835026581636E-008   3.6185574787899943       -4.6681640906338941       -3.4021446104759434E-008  -2.3534391102586483E-008  -4.6681640869496626        3.6185574622389596        5.3019456893503474       -1.0526870805855360        1.7701447131002239        1.7701447261968208       -1.0526870805227360        5.3019456745846529        1.7701447218846298       -1.0526870796095720       -5.3019456823292934       -5.3019456724762541       -1.0526870817116438        1.7701447082234520       -1.7701447073204264       -1.0526870885856159       -5.3019456815023354       -5.3019456728083512       -1.0526870894757869       -1.7701447188652608        5.3019456846929556       -1.0526870876286760       -1.7701447178264615       -1.7701447056376622       -1.0526870888751960        5.3019456696279441       -1.6382486034416388E-008  0.72105032357157217        5.2798356674477809        5.2798356839683525       0.72105032404339697       -3.0058963984558318E-008  -5.2798356639619541       0.72105032160298199       -3.1530059008133549E-008  -1.8348931041245464E-008  0.72105032237688205       -5.2798356738737091       -5.2798356776630087       -2.8264244334256645       -3.4411913985010756E-008  -2.3444995056465245E-008  -2.8264244328522139       -5.2798356858667326       -2.1384729986806406E-008  -2.8264244357143511        5.2798356716201109        5.2798356856676394       -2.8264244360498445       -3.2848320064005065E-008  -1.7943115261826783       -4.6070777497986946       -1.7943115368892215        1.7943115329441619       -4.6070777542955419        1.7943115207364131        1.7943115250646489       -4.6070777432813124       -1.7943115295113294       -1.7943115184248910       -4.6070777440333437        1.7943115128510940        3.5244512256302736       -1.0526870834736559        3.5244512112531088       -3.5244512068890970       -1.0526870893335809       -3.5244512166125581        3.5244512199158073       -1.0526870841111449       -3.5244512168119115       -3.5244512057480790       -1.0526870861633468        3.5244512048611045       -2.6777604134053945E-008  -4.5467652007956758       -3.9882525060264129E-008  -3.5658913080823069       -2.8187099441993304       -1.8099507023102746       -1.8099506943725459       -2.8187099442398207       -3.5658913203359965       -3.5658913077744039       -2.8187099406420231        1.8099506858730829        1.8099506995757950       -2.8187099398354931       -3.5658913196102624        1.8099507064085769       -2.8187099435969323        3.5658913050084604        3.5658913220065234       -2.8187099444896795        1.8099506951881210       -1.8099506853996417       -2.8187099410532142        3.5658912930341358        3.5658913077631480       -2.8187099406211154       -1.8099506974205752        1.7677124087451179        4.2188399529128002       -2.5458185115567744E-008  -1.0752789103563032E-008   4.2188399525966727        1.7677123934262151       -9.0581599998529327E-009   4.2188399492471742       -1.7677123852270711       -1.7677123717056560        4.2188399487664032       -2.3664771031661758E-008   3.6185574851970603        2.5627899866838679       -2.5208678033905585E-008  -9.8001311510387268E-009   2.5627899901411171        3.6185574726965570       -1.2983868202809390E-008   2.5627899725508603       -3.6185574559264282       -3.6185574468469213        2.5627899743928162       -2.8408023933224058E-008  -2.8691900189059538E-008  -2.1053741270208164       -5.1172706072577512E-008   0.0000000000000000        0.0000000000000000        0.0000000000000000        1.8099507151880549       0.71333582937506712        3.5658913115173880        3.5658913232496170       0.71333582903057113        1.8099506971264208       -1.8099506817837465       0.71333582410732399        3.5658913052948518        3.5658913202587739       0.71333582551384001       -1.8099506937057726       -3.5658912959163693       0.71333582535163198       -1.8099506962816783       -1.8099506814573907       0.71333582483252411       -3.5658913029834167       -3.5658912893139671       0.71333582335642398        1.8099506896612940        1.8099507044855290       0.71333582483712399       -3.5658912998497279       -4.1132262040832757E-009  0.86177571132149411        2.0352196794837418        2.0352196877528561       0.86177570908980616       -2.0805882128271946E-008  -2.0352196498604371       0.86177569991182312       -3.7870067082224068E-008  -1.9644716076072655E-008  0.86177569751768113       -2.0352196561222726       -2.0352196725633149       -2.9671498296610750       -3.9489526093561267E-008  -2.9840914184120493E-008  -2.9671498346031449       -2.0352196957482569       -1.3536508136624548E-008  -2.9671498172903661        2.0352196500087789        2.0352196720268729       -2.9671498197952602       -2.3725023057252770E-008  -2.0997928062982396E-008  -1.0526870838784530       -3.5537048784067622       -3.5537048680167160       -1.0526870863557809       -3.4248470059949909E-008   3.5537048863996246       -1.0526870912055488       -2.7775242994465543E-008  -1.4533739989275318E-008  -1.0526870915329520        3.5537048717211408        1.7943115413011681        2.5017036433421369        1.7943115255012678       -1.7943114997319434        2.5017036322088040        1.7943115176575208        1.7943115340306670        2.5017036343391639       -1.7943115135421728       -1.7943115057791204        2.5017036381732249       -1.7943115187702574       -7.9619120185725478E-009   2.4413910839321202       -2.0706000025683124E-008   1.6754700545823098       -1.0526870937251629        1.6754700400600622       -1.6754700899109041       -1.0526870872379759       -1.6754701015073090        1.6754700469498218       -1.0526870907731889       -1.6754700938891551       -1.6754700813151080       -1.0526870893591640        1.6754700320046019     

 SADDLE  pos 

  -3.5460411978216477E-004   5.9819548982187811       -1.5668784230160604E-003   3.5558976799154403        2.5002810229336112        3.5398740265666100       -3.5444964849630516        2.4899762289027589       -3.5498059952558947       -3.5520848100033433        2.4984948900948520        3.5381943516872076        3.5412819280520011        2.4852745080244847       -3.5450968311016950        1.8005395359240992        4.2685559458238096        3.5393888062701389        3.5348666929275669        4.2434629481274371        1.7713412165866278       -1.7997767194828356        4.2665499856099274        3.5367829465855771        3.5411664370500224        4.2511592110833227       -1.7791374988706892       -3.5442388827979308        4.2559424993753208       -1.7836766176112562       -1.7715454764796554        4.2477053332980574       -3.5413993419329444       -3.5345466643018462        4.2450272005768408        1.7742881107693269        1.7709493942203085        4.2468093484446410       -3.5405565928863538        6.3554304074564527E-005  -4.6623878850499239       -3.6116558239474017       -3.5799941475241361       -4.6281460214780132       -2.4257595377341623E-003   3.5870272745445462       -4.6364192940571201       -2.2001784791989554E-003   1.7456738540633232E-004  -4.6070673402087081        3.5597818555596983        5.3016332588279731       -1.0593772416512479        1.7654300263665319        1.7831789647721676       -1.0745782214104977        5.3118262675864205        1.7663325390232558       -1.0574067761809813       -5.2916310147370460       -5.3046631363038230       -1.0608670286298802        1.7671248033762352       -1.7668910558354121       -1.0568176273844261       -5.2922046813387809       -5.3098148470422615       -1.0691755638523184       -1.7789657436314812        5.3036453241319057       -1.0658896814529202       -1.7746504266490639       -1.7812930745386382       -1.0721728622410305        5.3100574382229979        2.4690242909812810E-003  0.72336427915246149        5.2337720735428785        5.2762117099372672       0.71195126164751521       -6.0480177984814087E-003  -5.2733804471026495       0.71466834969060389       -8.5821679450053256E-003  -5.7370578322868404E-004  0.70759115607476231       -5.2760222451980745       -5.2992867278083118       -2.8374603782326986       -2.3397968988625450E-003  -3.4038800060787189E-004  -2.8292405153442850       -5.2829149704435991        2.5340570799303741E-004  -2.8533200837925321        5.3136847907276490        5.2934943475259102       -2.8339514797726189       -1.6864001492524761E-003  -1.7960230586285029       -4.6130264888271704       -1.7939989006761259        1.7832060568176209       -4.6056763364610980        1.7808408717672166        1.7976694308233594       -4.6145032871236609       -1.7961922005538682       -1.7816678243423745       -4.6038674497329310        1.7785286358605719        3.5460863837591354       -1.0795668951236150        3.5269078210299285       -3.5353430718847392       -1.0684681388267998       -3.5393434709656866        3.5351491703110245       -1.0656073235688299       -3.5377098986379281       -3.5448202333860870       -1.0775093930592836        3.5278185139531089        2.1717346044920482E-003  -4.5279973948760919       -1.7489150791164532E-002  -3.5529239297453330       -2.8325547844760308       -1.7927049575468317       -1.8004847390724450       -2.8312931223684608       -3.5610524783237807       -3.5450663960555815       -2.8217757824200191        1.7836439362021550        1.8005741519534981       -2.8338620437410142       -3.5629736987571086        1.7896050611298164       -2.8280040960674668        3.5340674797940914        3.5461229480416590       -2.8209714137593345        1.7854815095324432       -1.7900342125479476       -2.8285072621199490        3.5346505691637016        3.5561650813790182       -2.8342216268363813       -1.7944632237325244        1.7856213919453159        4.2436309564420380        8.5334166063044670E-004  -7.2108800650982907E-004   4.2401878191816085        1.7764710391901746       -6.3639599797649105E-004   4.2573708719140377       -1.7920353533248452       -1.7854981655660715        4.2408119600250576        9.7269347463724287E-004   3.5982689454441266        2.5449442032046536       -3.3995871432894731E-003  -3.1363172761533775E-004   2.6894490158039157        3.6918747256586593       -7.3187039233557627E-004   2.4978249834470403       -3.5514200643547298       -3.6215655827066762        2.5701155007335692       -4.3856942791999920E-003   2.0010257230610451E-002  -1.7324325803026817      -0.14196197759592399       -5.2272475614412839E-002  0.33531342742326897       0.37018444607566448        1.9286337469431623       0.70430490760990838        3.6472007134534237        3.5599034498166224       0.70841680774154581        1.7911299260337614       -1.9109383077012971       0.70442661571293885        3.6335575214274907        3.5984671296484860       0.70908719183041624       -1.8393956431990652       -3.6220220592689039       0.71020180150401035       -1.8645623093767405       -1.7858703122214834       0.70477747036439298       -3.5351400294093267       -3.5730213031149205       0.71002708018228411        1.8008915566919868        1.7855842635114432       0.70480499744007008       -3.5379395153628082        2.0425244448253332E-002  0.84699388710935075        2.4379819177617095        2.0560242361691854       0.78919338710251186       -8.3983783151958979E-002  -2.1324946719057500       0.80354700986487648       -9.8537786261647442E-002   3.9676561403565458E-003  0.74473610915998112       -1.8779383459903336       -1.9113518915514689       -2.9279764274548370        1.2639316348663776E-003  -6.8755031040601544E-004  -2.9865896074434914       -1.9841687759009936       -9.8123595895049931E-004  -2.8976282876433324        1.8573920505557511        1.9284096453687203       -2.9414965890024227        1.4030227823813579E-003  -1.0132196226524393E-003  -1.0710516811159216       -3.5347578043583034       -3.5734026771604377       -1.0953364283448401       -4.3381465148875087E-003   3.5600419785702986       -1.0856323238825438       -2.8260494390142110E-003  -8.8698616057358848E-004  -1.1518812008838171        3.6034584802330163        1.7520857948701820        2.4477530458286569        1.7754838664191159       -1.7457950207144748        2.4342508811888788        1.7671152389227847        1.7851129117844267        2.4961856553609123       -1.7906567979039387       -1.7878888589888930        2.4962078995013579       -1.7905749148006080        4.1930825777791725E-003   2.5833159063322224       -3.9607595211644808E-002   1.6842214139935272       -1.0066065130348247        1.7120207720182576       -1.7464526637883462       -1.0619605355376289       -1.7291737427393157        1.7521392839639767       -1.0702175028480938       -1.7424862300698682       -1.6964991836224501       -1.0080644707915563        1.7135460636103046     

  FINAL pos

  -8.1546124040654533E-005   5.9866010859749412       -1.3990638471481853E-002   3.5660996675210690        2.5169401750315283        3.5254381127287924       -3.5441164043041518        2.4841920555118508       -3.5482741390370300       -3.5660183681714130        2.5168276980099686        3.5253181412928041        3.5438363116361726        2.4840539505896118       -3.5480814421373381        1.8107114151149613        4.2734433843058728        3.5257208439649728        3.5242519180812222        4.2309692837010182        1.7592496471903067       -1.8107106691517849        4.2734078940108091        3.5256379166032530        3.5454104735736989        4.2519373828792091       -1.7822202280921893       -3.5456328840726421        4.2520462686046461       -1.7823477870330251       -1.7778364868138681        4.2500648468451683       -3.5477788801094405       -3.5243344900432696        4.2309944983011007        1.7591805982619602        1.7775897038810624        4.2500012098836528       -3.5476947194660475       -1.0791993903147556E-004  -4.6182766179155372       -3.5632877409320187       -3.5443059908238084       -4.5964549129866725       -5.5479008426331244E-003   3.5441802042311972       -4.5964241755102400       -5.4687978892111744E-003  -2.6122743600698328E-005  -4.5727392019259838        3.5323154465053483        5.3020496614202060       -1.0635741472460913        1.7587130037962266        1.7940942544783851       -1.0870447582160419        5.3132548128102997        1.7620925998106138       -1.0561537098300020       -5.2797056870497592       -5.3021415708530633       -1.0635774026604004        1.7586249190837049       -1.7623603936273611       -1.0561564374374826       -5.2797763019611423       -5.3066728937985985       -1.0740038997512047       -1.7798282241906058        5.3064080509361267       -1.0739307413234314       -1.7796135677684681       -1.7940453506702845       -1.0869885872478580        5.3132129915195598        7.8826973173073966E-005  0.70769932416063730        5.2534262980956097        5.2800130647780898       0.70633645700184977       -1.4759982759025680E-002  -5.2801096580545028       0.70636413688685451       -1.4928589575231355E-002  -1.5114224247114727E-004  0.70578816371868602       -5.2719910776464687       -5.3030783011833442       -2.8370646074608175       -5.3879658178304091E-003  -1.1788181311644941E-004  -2.8222140480886715       -5.2830227257507296        2.6453975898954596E-005  -2.9101799758783464        5.3733111334347079        5.3028770223343429       -2.8369444666649386       -5.2739675034998434E-003  -1.7807421829661116       -4.6001768277868891       -1.7803987537330741        1.7702717674340491       -4.5951223328332382        1.7585843978387188        1.7805491642729907       -4.6001496382773155       -1.7803459009930478       -1.7703714771689008       -4.5951324406697012        1.7585348532752954        3.5662690597179250       -1.1034150534383207        3.5248730814291398       -3.5445684091613892       -1.0721552463661512       -3.5489577345874217        3.5442832114440384       -1.0720806518666552       -3.5487642740209679       -3.5662108494134870       -1.1033048630342304        3.5247554861819350       -8.5378144153214208E-005  -4.5732106741195047       -1.5508333957617415E-002  -3.5464524449287929       -2.8397635992820831       -1.7834748872702981       -1.7787120098994791       -2.8382147863850733       -3.5493542743151458       -3.5247195861904110       -2.8178041794441420        1.7585949803988385        1.7784731419454249       -2.8381574682368331       -3.5492639602459946        1.8095539256511450       -2.8584788607208615        3.5245889767819931        3.5246049960667563       -2.8177790288411835        1.7586552677071370       -1.8096241826319677       -2.8584827673996216        3.5245203835978027        3.5462067728577802       -2.8396723575903380       -1.7833350151991105        1.8089868729702301        4.2712983136300320       -6.4134465464358303E-003  -3.2536373898661708E-005   4.2601822774244891        1.7590061258857368       -1.1812227700591649E-004   4.3233040572378254       -1.8542462547598966       -1.8091001184154329        4.2712708881115304       -6.4759670040650530E-003   3.5658849907318011        2.5162856613483848       -6.7674830018196186E-003   2.1324232823971556E-006   2.7451818048054992        3.6750121096017021       -1.5391712162848847E-004   2.4732495504510243       -3.5120036477399381       -3.5662367186296251        2.5164880131549978       -6.9396002309471960E-003  -3.2579777928143372E-005  -1.3324942653407206      -0.15714638712896600       -7.2809589968025890E-004  0.70047414740824854       0.70749831848242728        2.0358234158939332       0.70636152944742636        3.6734776937472415        3.5538539028658080       0.70652405479158920        1.7589353514248445       -2.0353620975904860       0.70632979507083826        3.6730999556624044        3.6182013543208447       0.70597594636381689       -1.8560237106846351       -3.6187668949374476       0.70600816597973037       -1.8565220440973569       -1.7679313959276612       0.70561915079940740       -3.5123889230395591       -3.5539777955436769       0.70652850775482645        1.7588382504862015        1.7676021644881812       0.70560086455348614       -3.5123402758663822        4.1034207231405162E-004  0.71113595694248843        2.8128934787303064        2.0344222099644442       0.70715856708028491      -0.15504522960577471       -2.0354143947403109       0.70711515132625347      -0.15556852006647426       -1.9647239945030925E-004  0.70510820170908417       -1.7345796173636963       -1.8109174190842872       -2.8603440013098478       -7.7512189807871223E-003  -1.1467488086736033E-004  -2.9137020130697167       -1.8584041618073712       -5.8363257559479464E-005  -2.8473089882936691        1.7585659772496109        1.8107632728738274       -2.8603619432008180       -7.6802868299163940E-003  -1.5033351004678508E-004  -1.0621730920991317       -3.5126967646522864       -3.5659896593424989       -1.1034297147922982       -7.5358156337039794E-003   3.5656052520469768       -1.1032318160846633       -7.3722765486496922E-003  -7.7466832009154274E-005  -1.3263350930188198        3.6716770537396735        1.6753249496094986        2.3817834480377376        1.7599077959398484       -1.6754722001721518        2.3818042838545312        1.7597797344949333        1.7939019543427641        2.5001362826520364       -1.7950927126734122       -1.7941607811255516        2.5002167796198260       -1.7951522695662057       -3.1076430457854798E-006   2.7374663423196632      -0.15353133119703899        1.6756095369628146      -0.96914893644106981        1.7586184558367561       -1.7946996192922162       -1.0883783781027414       -1.7954625103381208        1.7944006931290575       -1.0882809866740684       -1.7953640782703399       -1.6757898878461179      -0.96917581824475652        1.7584662437175864     
