Spec eventId                          8
Original eventId                 227012
Refinement step                       0
event label            :         254050       1048699        254050
energy barrier         :       0.34950903
initial energy          :  -9113.53027612
FINAL energy            :  -9113.53006630
rate constant prefactor :  0.13443529E+08
rate htst prefactor     :  0.00000000E+00
rate of event           :  0.13443529E+08
delr initial-SADDLE     :      1.76850992
delr initial-FINAL      :      2.61385820
delr main atom (normalized) :       0.00000446      0.19365495     -0.98106970
npar initial-SADDLE     :            21
npar initial-FINAL      :            33
active atom label       :             3
ncluster                :            89
cluster atoms           :
          1091
          1255
          2047
          1279
          2023
          1224
          1222
          1220
          1094
          1118
          1988
          1246
          1992
           931
            63
            39
           163
           137
           261
           901
           157
           897
            29
             9
           257
          1378
          1132
          1152
          2018
            32
           898
           258
            12
            33
           165
            37
           161
           135
           927
           903
           159
            35
            30
           900
           158
           904
           136
           134
           132
             6
          1096
          1218
          1090
          1092
          1127
          1251
          2019
          1151
          2049
             3
          1256
          1254
          1252
          1126
          1150
          2020
          1278
          2024
          1250
          1128
          1124
          1122
             4
             2
           130
             8
           899
            31
             7
           131
          1253
          1249
          1125
          1121
          1123
           133
             1
             5
           129
             0
             0
             0
             0
             0
             0
             0
             0
             0
             0
             0
             0
             0
             0
             0
             0
             0
             0
             0
             0
             0
             0
             0
             0
             0
             0
             0
             0
             0
             0
             0
             0
             0
             0
             0
             0
             0
             0
             0
             0
             0
             0
             0
             0
             0
             0
             0
             0
             0
             0
             0
             0
             0
             0
             0
             0
             0
             0
             0
             0
             0
             0
             0
             0
             0
             0
             0
             0
             0
             0
             0
             0
             0
             0
             0
             0
             0
             0
             0
             0
             0
             0
             0
             0
             0
             0
             0
             0
             0
             0
             0
             0
             0
             0
             0
             0
             0
             0
             0
             0
             0
             0
             0
             0
             0
             0
             0
             0
             0
             0
             0
             0
             0
             0
             0
             0
             0
             0
             0
             0
             0
             0
             0
             0
             0
             0
             0
             0
             0
             0
             0
             0
             0
             0
             0
             0
             0
             0
             0
             0
             0
             0
             0
             0
             0
             0
             0
             0
             0
             0
             0
             0
             0
             0
             0
             0
             0
             0
             0
             0
             0
             0
             0
             0
             0
             0
             0
             0
             0
             0
             0
             0
             0
             0
             0
             0
             0
             0
             0
             0
             0
             0
             0
             0
             0
             0
             0
             0
             0
             0
             0
             0
             0
             0
             0
             0
             0
             0
             0
             0
             0
             0
             0
             0
             0
             0
             0
             0
             0
             0
             0
             0
             0
             0
             0
             0
             0
             0
             0
             0
             0
             0
             0
             0
             0
             0
             0
             0
             0
             0
             0
             0
             0
             0
             0
             0
             0
             0
             0
             0
             0
             0
             0
             0
             0
             0
             0
             0
             0
             0
             0
             0
             0
             0
             0
             0
             0
             0
             0
             0
             0
             0
             0
             0
             0
             0
             0
             0
             0
             0
             0
             0
             0
             0
             0
             0
             0
             0
             0
             0
             0
             0
             0
             0
             0
             0
             0
             0
             0
             0
             0
             0
             0
             0
             0
             0
             0
             0
             0
             0
             0
             0
             0
             0
             0
             0
             0
             0
             0
             0
             0
             0
             0
             0
             0
             0
             0
             0
             0
             0
             0
             0
             0
             0
             0
             0
             0
             0
             0
             0
             0
             0
             0
             0
             0
             0
             0
             0
             0
             0
             0
             0
             0
             0
             0
             0
             0
             0
             0
             0
             0
             0
             0
             0
             0
             0
             0
             0
             0
             0
             0
             0
             0
             0
             0
             0
             0
             0
             0
             0
             0
             0
             0
             0
             0
             0
             0
             0
             0
             0
             0
             0
             0
             0
             0
             0
             0
             0
             0
             0
             0
             0
             0
             0
             0
             0
             0
             0
             0
             0
             0
             0
             0
             0
             0
             0
             0
             0
             0
             0
             0
             0
             0
             0
             0
             0
             0
             0
             0
             0
             0
             0
             0

  Initial pos 

  -1.7674668395528670E-009  -5.9785991179576463        1.1048737036389866E-008   3.5458260988602142       -2.4892596077693874        3.5458261083576974       -3.5458260326367963       -2.4892596160240821       -3.5458260202050020       -3.5458260297867987       -2.4892596070522117        3.5458260991514270        3.5458260893661615       -2.4892596067781412       -3.5458260177284195        1.7780826021927743       -4.2551585563734982        3.5440094305415104        3.5440094209328512       -4.2551585576931110        1.7780826144952360       -1.7780825410323402       -4.2551585529434774        3.5440094248241620        3.5440094148548482       -4.2551585538112455       -1.7780825283191106       -3.5440093586818904       -4.2551585615696084       -1.7780825283091950       -1.7780825418973585       -4.2551585620957368       -3.5440093461476145       -3.5440093580653169       -4.2551585541645700        1.7780826117540771        1.7780826005707300       -4.2551585544469077       -3.5440093450269678        1.5708031986250148E-008   4.6681640995716762       -3.6185574047537230       -3.6185574181550209        4.6681641014136304        2.2764682139353454E-008   3.6185575138889607        4.6681641137046839        2.5964028038671927E-008   1.8891769038020811E-008   4.6681641171619326        3.6185575238692631        5.3019457180422478        1.0526870464352776        1.7701447642729300        1.7701447548887210        1.0526870464980789        5.3019457257573599        1.7701447505765300        1.0526870474112435       -5.3019456311565882       -5.3019456437843537        1.0526870453091703        1.7701447593961581       -1.7701446786285260        1.0526870384351987       -5.3019456303296302       -5.3019456441164508        1.0526870375450272       -1.7701446676925556        5.3019457133848560        1.0526870393921399       -1.7701446666537564       -1.7701446769457618        1.0526870381456206        5.3019457208006511        7.3071702022531326E-009 -0.72105030869353470        5.2798357227928179        5.2798357143595398      -0.72105030902902811        1.8324386008572446E-008  -5.2798356489711082      -0.72105030640484813        1.6760792087566756E-008   5.2469051325942928E-009 -0.72105030583139751       -5.2798356346940274       -5.2798356352700537        2.8264244486237970        1.9642647064443963E-008   1.0342969147814074E-008   2.8264244493976989       -5.2798356227010039        1.2309414154643150E-008   2.8264244505923877        5.2798357186204878        5.2798357126602529        2.8264244510642129        2.1113742088019194E-008  -1.7943114770872199        4.6070777651940418       -1.7943114675975522        1.7943115699930683        4.6070777703629524        1.7943115766739739        1.7943115627225672        4.6070777613599780       -1.7943114623694676       -1.7943114710400430        4.6070777592296182        1.7943115688302269        3.5244512543221740        1.0526870435471594        3.5244512624258149       -3.5244511781971966        1.0526870376872353       -3.5244511654398529        3.5244512486077078        1.0526870429096711       -3.5244511656392064       -3.5244511770561786        1.0526870408574673        3.5244512560338106        2.0729988170486990E-008   4.5467652109529340        3.0466706046894387E-008  -3.5658912672244689        2.8187099523724477       -1.8099506451089731       -1.8099506527654903        2.8187099518533394       -3.5658912518107115       -3.5658912606220667        2.8187099503772401        1.8099507408340001        1.8099507331774292        2.8187099518579402       -3.5658912486770227        1.8099507438799551        2.8187099563958817        3.5658913626900941        3.5658913519415174        2.8187099560513857        1.8099507482991268       -1.8099506530918461        2.8187099511281382        3.5658913564675578        3.5658913489506743        2.8187099525346540       -1.8099506425330674        1.7677124268694890       -4.2188399221417399        1.2292673101654827E-008   4.4149217615085945E-010  -4.2188399218753396        1.7677124371049371        1.6805661307017772E-009  -4.2188399200536573       -1.7677123572731865       -1.7677123695939621       -4.2188399197710957        1.3331151071938052E-008   3.6185575074818948       -2.5627899636130778        1.7151259967818078E-008   5.1575090864730555E-009  -2.5627899599288462        3.6185575134116656        1.3497651885074902E-009  -2.5627899670411800       -3.6185574401327791       -3.6185574502839231       -2.5627899637877221        1.3532871045995876E-008   2.8691900189059538E-008   2.1053741270208164        5.1172706072577512E-008   0.0000000000000000        0.0000000000000000        0.0000000000000000        1.8099507351004771      -0.71333581657611589        3.5658913561811665        3.5658913506984238      -0.71333581746886310        1.8099507463608271       -1.8099506567077412      -0.71333581403239776        3.5658913442068418        3.5658913364550484      -0.71333581360029896       -1.8099506462478701       -3.5658912793904065      -0.71333581717851402       -1.8099506511375694       -1.8099506656806454      -0.71333581721900430       -3.5658912691632914       -3.5658912790825035      -0.71333581362120668        1.8099507370457890        1.8099507282676952      -0.71333581281467673       -3.5658912684375572        1.5155392052434991E-008 -0.86177569026954970        2.0352197011814850        2.0352197007187729      -0.86177569277444377        2.7447683015324742E-008  -2.0352196438714145      -0.86177570264025860        1.1683179979016245E-008  -1.1490139950609546E-009 -0.86177570758232847       -2.0352196445755517       -2.0352196211685367        2.9671498269326371        1.3302638990353444E-008   9.0471841129868835E-009   2.9671498245384953       -2.0352196049495674        2.4578673984976263E-008   2.9671498383423085        2.0352197306564479        2.0352197164447561        2.9671498361106217        3.0366823944305565E-008   7.6939721260771421E-009   1.0526870431423632       -3.5537048272340570       -3.5537048393248156        1.0526870406650346        1.6924236012627603E-008   3.5537049150915250        1.0526870358152678        2.3397463078111969E-008   1.4158160199784220E-008   1.0526870354878639        3.5537049228938469        1.7943115616360621       -2.5017036272747255        1.7943115719091192       -1.7943114897329906       -2.5017036170125273        1.7943115640238001        1.7943115537565490       -2.5017036162604960       -1.7943114783386243       -1.7943114974907779       -2.5017036227778782       -1.7943114857165163        1.9142960550055932E-009  -2.4413910737748594        1.1290181012313383E-008   1.6754700832742100        1.0526870332956513        1.6754700912327682       -1.6754700612190039        1.0526870397828390       -1.6754700503346029        1.6754700756417220        1.0526870362476259       -1.6754700427164491       -1.6754700526232078        1.0526870376616522        1.6754700831773079     

 SADDLE  pos 

   1.3889775521969128E-005  -5.9695221102214369       -1.9922031901430826E-002   3.5271692469500060       -2.4699388430791416        3.5236923958106217       -3.5833931586151202       -2.5057280718728556       -3.5584872020567460       -3.5269696633165957       -2.4698156575519299        3.5235169183564623        3.5832234449227753       -2.5056648806801185       -3.5583982121304700        1.7548446063931764       -4.2166838772535549        3.5100330705398686        3.5273447302955931       -4.2307551217158270        1.7639503209631426       -1.7547257570761268       -4.2165316875422825        3.5098920285101518        3.5740512580155208       -4.2692565889198164       -1.7675554082670821       -3.5743111244265009       -4.2695172660165959       -1.7674654576309550       -1.8323288132104416       -4.2883061439822860       -3.5626627243937428       -3.5271682149629200       -4.2305407400288786        1.7638528829153128        1.8323510034172643       -4.2883526740491753       -3.5625742718891900        1.3588163381994534E-004   4.5452807127221782       -3.4912849245281485       -3.5776708302152329        4.6163782868255900        5.5140823969193065E-003   3.5774852050449919        4.6160276993447482        5.5660325339879080E-003   1.8475342935531103E-005   4.7815926306993006        3.7285056373623813        5.3127402273168238        1.0606136596903468        1.7813014307031247        1.7631858042661936        1.0622082069185588        5.2713234271461129        1.7623325976203401        1.0415165176483683       -5.2660803120899757       -5.3124068326082394        1.0605602462732726        1.7811680434766965       -1.7621859428713122        1.0416669424516272       -5.2661850159049521       -5.3096508595180119        1.0586148622459675       -1.7684547143330320        5.3097251226003488        1.0586431268315692       -1.7685441571970593       -1.7631396415006719        1.0622351654304225        5.2712707828712499        5.1796134454162868E-005 -0.68485781593872730        5.2612923182389277        5.3097574523868394      -0.71535689115610879        5.8513459308853211E-003  -5.3096974431567858      -0.71522756050151770        5.7815676368142555E-003  -3.3560117028708092E-005 -0.74817885668551298       -5.2302586829011197       -5.3123361320710067        2.8344612785047936        7.1947095612467926E-003   1.2104653860012249E-004   2.7838460046140412       -5.2520588130804313        3.9950229069996013E-005   2.8390854217766233        5.2576922608350714        5.3126803336899231        2.8345497471487988        7.2884170430009831E-003  -1.7626024650437628        4.5601669107031881       -1.7492427804980011        1.8427850553823513        4.6370266327122778        1.8022288130968156        1.7627866866870066        4.5600212267353761       -1.7490954559423137       -1.8425418300988525        4.6369440031102442        1.8023271628573738        3.5758711333602298        1.0589547128827768        3.5615015806641463       -3.5836545669312017        1.0617665671408858       -3.5548159072104752        3.5842546337832317        1.0616380827087504       -3.5553948574788201       -3.5760721120219543        1.0589259996207225        3.5618140495256703        4.7595075005624210E-006   4.5130925145351384        4.8795708714400421E-002  -3.5861148771346549        2.8455813083971258       -1.7743220092954779       -1.7618870131558566        2.7995582428821422       -3.5060947731034311       -3.5868302488534418        2.8506653023067585        1.7974303386226258        1.7623711363573680        2.7998379587908566       -3.5064032368802636        1.8439666445518470        2.8550224637142634        3.5858954963563341        3.5867104268227745        2.8505106532997644        1.7973032765185004       -1.8437369011617939        2.8551287841169213        3.5857897073849059        3.5866627515761262        2.8460709709106951       -1.7742025098840983        1.7628929000815408       -4.2144040943556753       -9.9282939721057062E-003   8.0882298235884775E-005  -4.2000941797575138        1.7324063916021957       -5.7063796439660308E-005  -4.1742035999814640       -1.8022439320648687       -1.7628077121743857       -4.2145031832381719       -9.7888617097041664E-003   3.5850456542028812       -2.5024174300778554        1.0254340123259098E-002   9.3283874653238286E-005  -2.4365270073225815        3.4910033367521280        2.2221112015308186E-004  -2.8117307391971167       -3.8700825452884757       -3.5845005169294026       -2.5018272015304319        1.0354211439089989E-002  -1.3229269090584417E-003   1.6944209101391543       0.62981825535801539        2.2379985502773980E-003  0.20417003745089346      -0.85267833763757528        1.7620253400155423      -0.69432518274005872        3.5058114977140460        3.5847041582139649      -0.71933870652202714        1.7920795834558079       -1.7618902106463139      -0.69445407843755902        3.5059200222301858        3.5939543757323920      -0.72688345647144814       -1.7798390989182380       -3.5934000135430111      -0.72662445967105072       -1.7796072754833716       -1.8833688106142361      -0.73334282146041474       -3.5810511515926713       -3.5841962876591005      -0.71942870276995308        1.7915548582732548        1.8826081427977108      -0.73348638563158275       -3.5803302771293097        2.4777603332326592E-004 -0.62377918537734445        1.6714434234721107        1.9184716915767797      -0.73643434572295519        1.9268704080965815E-002  -1.9163278863096984      -0.73559684128044367        1.8550821246365645E-002  -1.2414246023477737E-003  -1.2942091430596285       -2.3341005003224744       -1.8982818518778899        2.8745435701981847        1.6949574897984876E-002   2.6841537524258108E-004   2.7278058030052215       -1.6818170899642020        3.8814220014837808E-004   3.2022555282219756        2.1542583444558470        1.8974399224681129        2.8737230387132051        1.7110618393014754E-002   2.6469475139201393E-004  0.97658293693655551       -3.4336138154551570       -3.5943637267548603        1.0674714046846780        1.4408185243027116E-002   3.5948774699004113        1.0676312065120577        1.4610941197225502E-002  -9.8850988754506375E-006   1.1008661866133842        3.4631953949319683        1.7622161727944827       -2.4526678206129944        1.7469383652723938       -1.7618040614032751       -2.4523542357429520        1.7466355014168906        1.8875787391166732       -2.5308764678734406       -1.7836005658409455       -1.8883743876971941       -2.5315898780482726       -1.7834754878903141        2.4304781985695634E-004  -2.3839283377959610       -7.1454505204783025E-002   1.8927388105120984        1.0735093991095574        1.8177758611594674       -1.9179097939462331        1.0738844238455805       -1.7881054060548569        1.9200914837610790        1.0745820654752301       -1.7889311669099199       -1.8935928757377234        1.0733632867183012        1.8185548372211837     

  FINAL pos

  -3.5380647522842423E-008  -5.9778012086220329        7.2929828674257458E-003   3.5439288785148175       -2.4703684854527523        3.5424776719189404       -3.5662665608048094       -2.4729395852950979       -3.5693700002928885       -3.5439275020307477       -2.4703677151206342        3.5424765896462254        3.5662681334322386       -2.4729408667439365       -3.5693706446221931        1.7802607237125296       -4.2447477468871924        3.5455647505866303        3.5460365104504419       -4.2482426491579375        1.7855684955745588       -1.7802603955714744       -4.2447470284361515        3.5455642938296585        3.6187263792839808       -4.3218110426994691       -1.7599926579927541       -3.6187261803403103       -4.3218101406245353       -1.7599926094461296       -1.7945843324294053       -4.2609545647157177       -3.5541240744599811       -3.5460361900397359       -4.2482415881301527        1.7855679288761128        1.7945844582355939       -4.2609550335134081       -3.5541241054740915        2.7101352371161624E-006   4.5639985852729765       -3.5261669360384609       -3.5444062711814226        4.6008577549148377        1.8961068178108054E-002   3.5444117216401612        4.6008593417145960        1.8960855939999188E-002   2.5686228328769545E-006   4.6151268806515766        3.5646073281911010        5.3034335315013470        1.0576869851498429        1.7841639533990166        1.7640209166335286        1.0592417476080307        5.2858968952949095        1.8098268471407133        1.0584312989129074       -5.3244486114616620       -5.3034304372519756        1.0576869761186209        1.7841625222231423       -1.8098227615232716        1.0584311070321881       -5.3244478417976637       -5.2806556092304824        1.0669317765826776       -1.7593851413738122        5.2806580445376170        1.0669319165999163       -1.7593860910536350       -1.7640175448179924        1.0592417869973900        5.2858961944020031        1.2751556179857459E-006 -0.70612588194437009        5.2804031438728849        5.3027186491489084      -0.70651549417668491        1.0603265746849111E-002  -5.3027164710508146      -0.70651434081217346        1.0603099127075799E-002   9.0832904775517420E-007 -0.70717205431943242       -5.3131205616273149       -5.3067871832875220        2.8319689829029357        2.0958516094458313E-002   2.2682911555715890E-006   2.9071886733077115       -5.3766172898256244        2.2291725041423405E-006   2.8230596200109304        5.2849761821527466        5.3067905116629026        2.8319706804487055        2.0958595053086171E-002  -1.7678463323981184        4.5642641438850475       -1.7587071652159523        1.7785099050077746        4.6012300866732438        1.7847897473949450        1.7678527164052800        4.5642651149557736       -1.7587079543439330       -1.7785046113076177        4.6012299822934359        1.7847895028333935        3.5444693882991922        1.0578586584312895        3.5433463901621756       -3.5665850902079619        1.0587972990840768       -3.5692018001241301        3.5665907867285602        1.0587974487584297       -3.5692052135618049       -3.5444655445320095        1.0578586136074399        3.5433446711378136        3.3049911662974552E-006   4.5645097969563295        8.7777739112002706E-003  -3.6189366366348921        2.9083059045144957       -1.7590281847396412       -1.7943022344163779        2.8469030450546242       -3.5530393778487799       -3.5465405231726805        2.8354961525664599        1.7865884000278087        1.7943075857108712        2.8469041724946855       -3.5530409903485456        1.7806960906511038        2.8325166956933003        3.5467770522575468        3.5465457612192681        2.8354970510086446        1.7865893691773564       -1.7806918030093790        2.8325164605732631        3.5467767718190566        3.6189443472739447        2.9083095338578602       -1.7590296046590694        1.7943032003065200       -4.2605839343506773        3.4270104232621224E-002   3.3476291605438746E-007  -4.3210529661925783        1.8577163045261162        3.7726032209306481E-007  -4.2002970793888146       -1.7601447420478671       -1.7943018605189280       -4.2605831366857707        3.4270277096659418E-002   3.5665258601253305       -2.4723521603609413        5.0155739488792594E-002   7.2989735588890881E-007  -2.4800640952309543        3.5199348640787842        8.7280887495211346E-007  -2.6218199407769660       -3.7960049523576558       -3.5665243232701975       -2.4723511953400781        5.0155326700817904E-002   3.6000289604931623E-006   1.2082945213649197       0.27880456851457680        7.9823989656002681E-006  0.34659445200112415       -1.7558720166842492        1.7705811779631464      -0.70631547684786966        3.5422548924016302        3.5252552520195968      -0.70636767593775573        1.7649940574145941       -1.7705782894779247      -0.70631547146419749        3.5422542408738873        3.5545289873893298      -0.70688244502407827       -1.7595656784496683       -3.5545249949710183      -0.70688124332767188       -1.7595648226967988       -1.6757265668854195      -0.70702872649316006       -3.4348088265998591       -3.5252513633233633      -0.70636724783665983        1.7649924471115712        1.6757307214733843      -0.70702926256590715       -3.4348105210381839        2.0973203709306887E-006 -0.70661215444631154        1.7945506569195189        1.6761367211722851      -0.70630255420745414       -8.3626735803730146E-002  -1.6761298224345786      -0.70630246341670500       -8.3628486592400852E-002  -2.1710456987733551E-008  -1.7585796661198110       -1.7618174465921292       -1.7945748940775275        2.8471571018104527        3.5274979485574232E-002   4.0942683097178190E-006   2.7869939349129282       -1.7583865939378924        2.5140708515003496E-006   2.9098826810741230        1.8601363085050604        1.7945817224238270        2.8471570575229848        3.5274520225985873E-002   2.3693899409149566E-006   1.2060634652903488       -3.7925140188720121       -3.5665804025903185        1.0594216347041119        5.0546703077878563E-002   3.5665859642946875        1.0594220449374276        5.0547626762699416E-002   1.9566026800976744E-006   1.0676479783935093        3.5199980764001215        1.8099588883055131       -2.4721547446347643        1.8056524385056818       -1.8099567383096549       -2.4721542646160017        1.8056511428163917        2.0351697286176127       -2.6207523258386303       -1.7592811215197308       -2.0351677757845543       -2.6207521519108674       -1.7592807488124436        1.9064630492060530E-006  -2.6198271544495846       0.27411651666763381        1.8109660758779920        1.0596101871967853        1.8071303082422578       -2.0357597236893930        1.2070533879429419       -1.7596004563251304        2.0357721807660165        1.2070547807500063       -1.7596032216774766       -1.8109605048968715        1.0596097706069436        1.8071293086279461     
