Spec eventId                         10
Original eventId                 346825
Refinement step                       0
event label            :         254050        497999        254050
energy barrier         :       0.34807904
initial energy          :  -9113.53027612
FINAL energy            :  -9113.53006312
rate constant prefactor :  0.14208103E+08
rate htst prefactor     :  0.00000000E+00
rate of event           :  0.14208103E+08
delr initial-SADDLE     :      1.73656116
delr initial-FINAL      :      2.50615261
delr main atom (normalized) :       0.00000117     -0.70643377     -0.70777915
npar initial-SADDLE     :            22
npar initial-FINAL      :            22
active atom label       :          2049
ncluster                :            89
cluster atoms           :
            67
           167
           959
           191
           935
           168
           166
           164
            38
            62
           932
           190
           936
          2019
          1151
          1127
          1251
           137
           261
           901
           157
           897
            29
             9
           257
           258
            12
            32
           898
          1152
          2018
          1378
          1132
          1121
          1253
          1125
          1249
           135
           927
           903
           159
          1123
          1150
          2020
          1278
          2024
          1256
          1254
          1252
          1126
            40
           162
            34
            36
            39
           163
           931
            63
             3
          2049
           136
           134
           132
             6
            30
           900
           158
           904
           130
             8
             4
             2
          1124
          1122
          1250
          1128
           899
            31
             7
           131
           165
           161
            37
            33
            35
           133
             1
             5
           129
             0
             0
             0
             0
             0
             0
             0
             0
             0
             0
             0
             0
             0
             0
             0
             0
             0
             0
             0
             0
             0
             0
             0
             0
             0
             0
             0
             0
             0
             0
             0
             0
             0
             0
             0
             0
             0
             0
             0
             0
             0
             0
             0
             0
             0
             0
             0
             0
             0
             0
             0
             0
             0
             0
             0
             0
             0
             0
             0
             0
             0
             0
             0
             0
             0
             0
             0
             0
             0
             0
             0
             0
             0
             0
             0
             0
             0
             0
             0
             0
             0
             0
             0
             0
             0
             0
             0
             0
             0
             0
             0
             0
             0
             0
             0
             0
             0
             0
             0
             0
             0
             0
             0
             0
             0
             0
             0
             0
             0
             0
             0
             0
             0
             0
             0
             0
             0
             0
             0
             0
             0
             0
             0
             0
             0
             0
             0
             0
             0
             0
             0
             0
             0
             0
             0
             0
             0
             0
             0
             0
             0
             0
             0
             0
             0
             0
             0
             0
             0
             0
             0
             0
             0
             0
             0
             0
             0
             0
             0
             0
             0
             0
             0
             0
             0
             0
             0
             0
             0
             0
             0
             0
             0
             0
             0
             0
             0
             0
             0
             0
             0
             0
             0
             0
             0
             0
             0
             0
             0
             0
             0
             0
             0
             0
             0
             0
             0
             0
             0
             0
             0
             0
             0
             0
             0
             0
             0
             0
             0
             0
             0
             0
             0
             0
             0
             0
             0
             0
             0
             0
             0
             0
             0
             0
             0
             0
             0
             0
             0
             0
             0
             0
             0
             0
             0
             0
             0
             0
             0
             0
             0
             0
             0
             0
             0
             0
             0
             0
             0
             0
             0
             0
             0
             0
             0
             0
             0
             0
             0
             0
             0
             0
             0
             0
             0
             0
             0
             0
             0
             0
             0
             0
             0
             0
             0
             0
             0
             0
             0
             0
             0
             0
             0
             0
             0
             0
             0
             0
             0
             0
             0
             0
             0
             0
             0
             0
             0
             0
             0
             0
             0
             0
             0
             0
             0
             0
             0
             0
             0
             0
             0
             0
             0
             0
             0
             0
             0
             0
             0
             0
             0
             0
             0
             0
             0
             0
             0
             0
             0
             0
             0
             0
             0
             0
             0
             0
             0
             0
             0
             0
             0
             0
             0
             0
             0
             0
             0
             0
             0
             0
             0
             0
             0
             0
             0
             0
             0
             0
             0
             0
             0
             0
             0
             0
             0
             0
             0
             0
             0
             0
             0
             0
             0
             0
             0
             0
             0
             0
             0
             0
             0
             0
             0
             0
             0
             0
             0
             0
             0
             0
             0
             0
             0
             0
             0
             0
             0
             0
             0
             0
             0
             0
             0
             0
             0
             0
             0
             0
             0
             0
             0
             0
             0
             0
             0
             0
             0
             0
             0
             0
             0
             0
             0

  Initial pos 

  -9.9853771917679524E-009   5.9785991648874557       -2.5212159027176995E-008   3.5458260706262630        2.4892596414810839        3.5458260557382073       -3.5458260419294945        2.4892596246196699       -3.5458260529291508       -3.5458260382782498        2.4892596270533791        3.5458260477550332        3.5458260647224149        2.4892596287217112       -3.5458260508809367        1.7780825810907561        4.2551585980928834        3.5440093766285021        3.5440093912481743        4.2551585975857709        1.7780825650474039       -1.7780825475813806        4.2551585863079389        3.5440093724239090        3.5440093888483153        4.2551585875499978       -1.7780825623038865       -3.5440093605950835        4.2551585814520880       -1.7780825624606109       -1.7780825482403415        4.2551585817153708       -3.5440093721708870       -3.5440093567018387        4.2551585810357633        1.7780825635818851        1.7780825794518991        4.2551585824153939       -3.5440093700099418       -2.7342135000552048E-008  -4.6681640940619964       -3.6185574913054843       -3.6185574789758235       -4.6681640908085384       -3.7639835026581636E-008   3.6185574787899943       -4.6681640906338941       -3.4021446104759434E-008  -2.3534391102586483E-008  -4.6681640869496626        3.6185574622389596        5.3019456893503474       -1.0526870805855360        1.7701447131002239        1.7701447261968208       -1.0526870805227360        5.3019456745846529        1.7701447218846298       -1.0526870796095720       -5.3019456823292934       -5.3019456724762541       -1.0526870817116438        1.7701447082234520       -1.7701447073204264       -1.0526870885856159       -5.3019456815023354       -5.3019456728083512       -1.0526870894757869       -1.7701447188652608        5.3019456846929556       -1.0526870876286760       -1.7701447178264615       -1.7701447056376622       -1.0526870888751960        5.3019456696279441       -1.6382486034416388E-008  0.72105032357157217        5.2798356674477809        5.2798356839683525       0.72105032404339697       -3.0058963984558318E-008  -5.2798356639619541       0.72105032160298199       -3.1530059008133549E-008  -1.8348931041245464E-008  0.72105032237688205       -5.2798356738737091       -5.2798356776630087       -2.8264244334256645       -3.4411913985010756E-008  -2.3444995056465245E-008  -2.8264244328522139       -5.2798356858667326       -2.1384729986806406E-008  -2.8264244357143511        5.2798356716201109        5.2798356856676394       -2.8264244360498445       -3.2848320064005065E-008  -1.7943115261826783       -4.6070777497986946       -1.7943115368892215        1.7943115329441619       -4.6070777542955419        1.7943115207364131        1.7943115250646489       -4.6070777432813124       -1.7943115295113294       -1.7943115184248910       -4.6070777440333437        1.7943115128510940        3.5244512256302736       -1.0526870834736559        3.5244512112531088       -3.5244512068890970       -1.0526870893335809       -3.5244512166125581        3.5244512199158073       -1.0526870841111449       -3.5244512168119115       -3.5244512057480790       -1.0526870861633468        3.5244512048611045       -2.6777604134053945E-008  -4.5467652007956758       -3.9882525060264129E-008  -3.5658913080823069       -2.8187099441993304       -1.8099507023102746       -1.8099506943725459       -2.8187099442398207       -3.5658913203359965       -3.5658913077744039       -2.8187099406420231        1.8099506858730829        1.8099506995757950       -2.8187099398354931       -3.5658913196102624        1.8099507064085769       -2.8187099435969323        3.5658913050084604        3.5658913220065234       -2.8187099444896795        1.8099506951881210       -1.8099506853996417       -2.8187099410532142        3.5658912930341358        3.5658913077631480       -2.8187099406211154       -1.8099506974205752        1.7677124087451179        4.2188399529128002       -2.5458185115567744E-008  -1.0752789103563032E-008   4.2188399525966727        1.7677123934262151       -9.0581599998529327E-009   4.2188399492471742       -1.7677123852270711       -1.7677123717056560        4.2188399487664032       -2.3664771031661758E-008   3.6185574851970603        2.5627899866838679       -2.5208678033905585E-008  -9.8001311510387268E-009   2.5627899901411171        3.6185574726965570       -1.2983868202809390E-008   2.5627899725508603       -3.6185574559264282       -3.6185574468469213        2.5627899743928162       -2.8408023933224058E-008  -2.8691900189059538E-008  -2.1053741270208164       -5.1172706072577512E-008   0.0000000000000000        0.0000000000000000        0.0000000000000000        1.8099507151880549       0.71333582937506712        3.5658913115173880        3.5658913232496170       0.71333582903057113        1.8099506971264208       -1.8099506817837465       0.71333582410732399        3.5658913052948518        3.5658913202587739       0.71333582551384001       -1.8099506937057726       -3.5658912959163693       0.71333582535163198       -1.8099506962816783       -1.8099506814573907       0.71333582483252411       -3.5658913029834167       -3.5658912893139671       0.71333582335642398        1.8099506896612940        1.8099507044855290       0.71333582483712399       -3.5658912998497279       -4.1132262040832757E-009  0.86177571132149411        2.0352196794837418        2.0352196877528561       0.86177570908980616       -2.0805882128271946E-008  -2.0352196498604371       0.86177569991182312       -3.7870067082224068E-008  -1.9644716076072655E-008  0.86177569751768113       -2.0352196561222726       -2.0352196725633149       -2.9671498296610750       -3.9489526093561267E-008  -2.9840914184120493E-008  -2.9671498346031449       -2.0352196957482569       -1.3536508136624548E-008  -2.9671498172903661        2.0352196500087789        2.0352196720268729       -2.9671498197952602       -2.3725023057252770E-008  -2.0997928062982396E-008  -1.0526870838784530       -3.5537048784067622       -3.5537048680167160       -1.0526870863557809       -3.4248470059949909E-008   3.5537048863996246       -1.0526870912055488       -2.7775242994465543E-008  -1.4533739989275318E-008  -1.0526870915329520        3.5537048717211408        1.7943115413011681        2.5017036433421369        1.7943115255012678       -1.7943114997319434        2.5017036322088040        1.7943115176575208        1.7943115340306670        2.5017036343391639       -1.7943115135421728       -1.7943115057791204        2.5017036381732249       -1.7943115187702574       -7.9619120185725478E-009   2.4413910839321202       -2.0706000025683124E-008   1.6754700545823098       -1.0526870937251629        1.6754700400600622       -1.6754700899109041       -1.0526870872379759       -1.6754701015073090        1.6754700469498218       -1.0526870907731889       -1.6754700938891551       -1.6754700813151080       -1.0526870893591640        1.6754700320046019     

 SADDLE  pos 

   1.6098880300474683E-004   5.9725238086971775       -1.7826170024042076E-002   3.5276332139721154        2.4711199981454310        3.5242169611394680       -3.5794232381576769        2.5072827103474817       -3.5602394462025195       -3.5273280356778614        2.4710925958490719        3.5240490198485159        3.5795347136032376        2.5072438518322815       -3.5602503793767539        1.7551095589259098        4.2173560765395077        3.5101678449762601        3.5272853076982402        4.2306898106839625        1.7631038510328190       -1.7547925375508804        4.2171941114523381        3.5100007562902760        3.5690290550574630        4.2671029845373223       -1.7706978644129769       -3.5689733583209922        4.2672655360547278       -1.7705618750339376       -1.8223450629305127        4.2862666846748869       -3.5629380158970037       -3.5268748536346060        4.2304346671743946        1.7629404558425157        1.8225499267677423        4.2862647936979208       -3.5628949561302505        1.0776364801645677E-004  -4.5429221907462320       -3.4896155296312443       -3.5794833203115175       -4.6143403510062271        1.8444944737703306E-003   3.5791052571812632       -4.6138826586601347        1.8769543741015138E-003  -4.4255712657648161E-005  -4.8162533660110327        3.7639913306700135        5.3114134173739220       -1.0567924816909811        1.7780790369994168        1.7627097228251605       -1.0626707746960586        5.2689751251561034        1.7630150582850821       -1.0430161563374485       -5.2682769406438332       -5.3110358804143019       -1.0566131541304875        1.7779713760864744       -1.7627185751269856       -1.0431059554632098       -5.2683313607589142       -5.3100010840130949       -1.0544488918644310       -1.7723014522518170        5.3101097549364900       -1.0546140506295469       -1.7723860558379627       -1.7626642882746815       -1.0626887946675321        5.2688956965538072        8.4377785593892085E-005  0.68268172810859284        5.2580332271915893        5.3100283097676471       0.71965591808062257        1.6973517182130582E-003  -5.3098981493204356       0.71964353936938941        1.5987969320225837E-003   7.3904241277178429E-005  0.74337978274199679       -5.2374092787171804       -5.3111507442742472       -2.8306258227504983        3.8542513028887448E-003   1.3910604194466991E-004  -2.7863195576740054       -5.2552645943365413        3.9149862296028459E-005  -2.8422457791123570        5.2501343866766028        5.3115065233958507       -2.8307921918333072        3.9633763308681846E-003  -1.7619720436706139       -4.5587209856529043       -1.7476848601931678        1.8562681189779540       -4.6401105825806290        1.7987689299630043        1.7620272685632214       -4.5585206801578302       -1.7474591928027721       -1.8559021169646570       -4.6398330191541355        1.7988981828397215        3.5797252995790112       -1.0550178060334514        3.5617952715159569       -3.5822392759819905       -1.0575203210896875       -3.5579832514495102        3.5830946591624224       -1.0575245633044519       -3.5587201669574888       -3.5800700027169015       -1.0549330053622101        3.5622955514180483       -7.9507602958717172E-005  -4.5070436809687529        5.4367998047071930E-002  -3.5845490342208493       -2.8390310590346139       -1.7786040437857267       -1.7616245632190157       -2.7995206733603837       -3.5053529734095505       -3.5895140377923518       -2.8467672816235741        1.7938893302833212        1.7621552966387022       -2.7998795587714937       -3.5057133552753328        1.8546316249208219       -2.8523492600145026        3.5852503420467063        3.5892446848499384       -2.8466074016235048        1.7936844286621891       -1.8542485221569578       -2.8524565819673633        3.5849951953153512        3.5849997559308111       -2.8396022711526250       -1.7783690237168450        1.7626918261687343        4.2141900749613459       -1.0796720278729133E-002   2.1142366811410795E-004   4.2013126866259647        1.7325393788421266        1.1506604692601563E-004   4.1856441550054750       -1.7959254491114720       -1.7622848531954176        4.2142629036168628       -1.0681877089908864E-002   3.5834874549388562        2.5064826449032624        3.9178604766045844E-003   1.7659247074885975E-004   2.4376575805228216        3.4910000899503006        2.1805155390941522E-004   2.7693184094637857       -3.8205117116094023       -3.5825502968348140        2.5057870070606891        3.9583857322382787E-003  -1.8917253345700491E-003  -1.7469131858024376       0.70006273314859913        2.6627300876640447E-003 -0.26207049541173999      -0.78308390847368003        1.7624174481092243       0.69516450628721183        3.5062837200787667        3.5868775192357250       0.72664855548735585        1.7879603224146994       -1.7622677835586167       0.69542136962195045        3.5064951588817528        3.5928463264496271       0.73361124437002756       -1.7866590232204622       -3.5919866069030064       0.73336090133836951       -1.7863473365943925       -1.8748957545073530       0.73858936668146025       -3.5870188659308511       -3.5863654775519009       0.72694444389172030        1.7874269721802465        1.8745118153335978       0.73869150138142814       -3.5864222084438708        2.7692240199872487E-004  0.62326124432830476        1.6730796707671862        1.9178408772007740       0.74818646113545961        9.1027094648530316E-003  -1.9152289896443015       0.74707298153210910        8.4635102152912367E-003  -9.9218525387523293E-004   1.2247690179996114       -2.2863648417002054       -1.9043244069269853       -2.8658975533906386        9.4948996710662037E-003   2.3469923942553983E-004  -2.7233259305300983       -1.6731597286716102        6.7642633347397840E-004  -3.2586786306538045        2.2003055897694717        1.9029367301690219       -2.8648382769819669        9.8050312785429306E-003   3.8301213244973376E-004 -0.98771564292726055       -3.4427779130510636       -3.5945093753364361       -1.0591185868508513        6.0759935926959496E-003   3.5949950268142965       -1.0593838941624549        6.2842862347107786E-003  -5.1526556023251402E-005  -1.1091857326641166        3.4515446011697581        1.7625127285032332        2.4534445390621995        1.7474302681700462       -1.7618701766755365        2.4531105858267837        1.7470918294726423        1.8716289352192248        2.5307825751055328       -1.7930717612065870       -1.8719595719114537        2.5314037460043961       -1.7929366412465377        4.2616305133003074E-004   2.3869648326344763       -6.8326486547400478E-002   1.9057385614215174       -1.0604761377216481        1.8128670543343350       -1.9118773840318652       -1.0588832297751201       -1.7990358780201734        1.9144324279304523       -1.0595678472862609       -1.8001681885623764       -1.9071072369052315       -1.0601435700785513        1.8139681400991767     

  FINAL pos

   3.4899117562492421E-006   5.9874964017450658       -6.6443180557862469E-004   3.5460756563123690        2.4924143471904379        3.5413151315180955       -3.5463358304298787        2.4934483094098967       -3.5422646912429094       -3.5460713158431076        2.4924128481422638        3.5413130682460934        3.5463441934069690        2.4934509227422881       -3.5422689857276595        1.7802920400536759        4.2526249148300419        3.5378885943951679        3.5439728897922835        4.2495184130539840        1.7634244454805525       -1.7802868301224635        4.2526234775802685        3.5378876319731707        3.5441575871244302        4.2501178961820454       -1.7646897649616982       -3.5441496480700323        4.2501134780920911       -1.7646872713362569       -1.7804983146863975        4.2535471841705448       -3.5391092326387188       -3.5439675419612833        4.2495158653213014        1.7634234041142509        1.7805071197686397        4.2535497131344329       -3.5391119510812281        2.8327563663665956E-006  -4.6701413311556408       -3.6145593877471427       -3.5251749425233037       -4.5770965971934530        3.9932224840844022E-004   3.5251778482769556       -4.5770984574808011        3.9775621728943555E-004   1.2822799961842435E-006  -4.6714699653592540        3.6156655805589639        5.2807464256680507       -1.0529056394360727        1.7736904666339783        1.7678249701917885       -1.0533336827780047        5.2710236198487870        1.7678251218706909       -1.0519150365202099       -5.2711138897796097       -5.2807453385626424       -1.0529043168940959        1.7736900306230834       -1.7678177886447344       -1.0519141087111763       -5.2711112337565034       -5.2807622673790853       -1.0524034743431050       -1.7738080799383589        5.2807663709257548       -1.0524048661202037       -1.7738109351174600       -1.7678203758544129       -1.0533329817704362        5.2710221170991947        2.9593280317374848E-006  0.71413901937019797        5.2707837125689352        5.3027343344240778       0.71750410906326012       -3.3163835708660550E-004  -5.3027310351792138       0.71750382881717223       -3.3005173623501527E-004   4.3285763233757990E-006  0.71548668205066845       -5.2713683893220491       -5.3027478982792076       -2.8228240843303460        2.0664824623461975E-004   2.6644622439508936E-006  -2.8193796482248281       -5.2708621615263525        1.7413511721464658E-006  -2.8207752839065030        5.2712274512034512        5.3027507875450501       -2.8228267428532625        2.0488465223356123E-004  -1.8101460351264258       -4.6179925130914334       -1.7654577615931117        1.8105048542731852       -4.6187919667692725        1.7662273410819194        1.8101514545540194       -4.6179945100325632       -1.7654591062354186       -1.8105012962367475       -4.6187910556376153        1.7662275828904468        3.6188104001695480       -1.0532297813217806        3.6149824865501690       -3.6188366036141915       -1.0520592495135588       -3.6151053030289653        3.6188415132856058       -1.0520608366530784       -3.6151073858244871       -3.6188046912191965       -1.0532281935919274        3.6149787419049741        2.3007160876442612E-006  -4.6064491498070659        3.1152819351265570E-004  -3.5665889418300694       -2.8623083412455692       -1.7656326238226647       -1.7942970255490884       -2.8462941975532416       -3.5536572862293418       -3.5665558748617983       -2.8627133043938890        1.7661385410420958        1.7943037194528613       -2.8462956538649173       -3.5536595571818062        1.7944903751745931       -2.8473110287976660        3.5540492701567357        3.5665609911378935       -2.8627162800963362        1.7661377771382671       -1.7944858470954195       -2.8473103318841098        3.5540493007411338        3.5665927146283787       -2.8623091700552727       -1.7656347330865572        1.7705248331055403        4.2491080434584756       -5.7556405262837451E-004   3.4076532096083412E-006   4.2268094512257459        1.7731862230212112        4.6320093978202692E-006   4.2270789490969261       -1.7743741681079612       -1.7705163190567177        4.2491061191578794       -5.7542154982659355E-004   3.5252452049587468        2.4718557818336819       -4.9996041335798047E-004   3.2148985751323522E-006   2.5649096588565330        3.6145108855249855        5.4563599107826377E-006   2.5662579713059954       -3.6158959928281718       -3.5252376479319878        2.4718527655891438       -4.9865643091862033E-004   6.0523453124794457E-006  -1.0540774616632156        1.0524023073134834        1.7371506824126470E-006  -1.0508735302884062       -1.0528748923842053        1.7943242621547089       0.74103141441669607        3.5535418485282890        3.5665560010871280       0.75698465857589148        1.7655178678340904       -1.7943177772585379       0.74103185863595944        3.5535413810074243        3.5665879950419956       0.75744834343394207       -1.7662759124439411       -3.5665813064295513       0.75744771462981153       -1.7662728028208967       -1.7944417633089103       0.74203788756600342       -3.5540717836532103       -3.5665490033248304       0.75698249234678650        1.7655179304661242        1.7944526939567480       0.74203893307053148       -3.5540759537441247        4.3420783666370255E-006  0.98187110872283778        1.9131627563959057        1.6761123278657510       0.62316925665098788       -2.5361184952465976E-004  -1.6761025511731695       0.62316863971019920       -2.5382063068346561E-004   8.2969040979818942E-006  0.98406921489453625       -1.9145615406125849       -1.6759698013858042       -2.7282844573076126        9.7649145003764204E-005   4.1124893008781527E-006  -3.0869679301778277       -1.9132105710319145        2.1843082349537468E-006  -3.0888445252976666        1.9145637196506122        1.6759763323186803       -2.7282853005330274        9.7187341582705145E-005   4.6668925626214275E-006  -1.0519238003271287       -3.4937059339172656       -3.5546320126454312       -1.0526730429786049       -3.4371807289712564E-005   3.5546379753512518       -1.0526740452102561       -3.6963657357169666E-005   3.5384190799625515E-006  -1.0532765842625107        3.4935354756996753        1.8101918061191744        2.5127913587047406        1.7653704338887795       -1.8101840046854107        2.5127905305827176        1.7653704627214428        1.8106252807847418        2.5136686221825668       -1.7663444576123979       -1.8106129972313383        2.5136649249588565       -1.7663421312282921        5.8779339799919228E-006   2.5013545237658401       -3.1637702232467646E-004   2.0354851889626007       -1.0528937115056565        1.9136642147216008       -2.0356060523824659       -1.0524415702221652       -1.9137455172191373        2.0356095159983560       -1.0524403605050174       -1.9137470978317048       -2.0354744546367338       -1.0528937725238283        1.9136635497878522     
