Spec eventId                          7
Original eventId                 227013
Refinement step                       0
event label            :         254050       1048699        254050
energy barrier         :       0.34967473
initial energy          :  -9113.53027612
FINAL energy            :  -9113.53007802
rate constant prefactor :  0.13357639E+08
rate htst prefactor     :  0.00000000E+00
rate of event           :  0.13357639E+08
delr initial-SADDLE     :      1.77930412
delr initial-FINAL      :      2.61404912
delr main atom (normalized) :      -0.98107439      0.19363119     -0.00000657
npar initial-SADDLE     :            23
npar initial-FINAL      :            33
active atom label       :             3
ncluster                :            89
cluster atoms           :
          1091
          1255
          2047
          1279
          2023
          1224
          1222
          1220
          1094
          1118
          1988
          1246
          1992
           931
            63
            39
           163
           137
           261
           901
           157
           897
            29
             9
           257
          1378
          1132
          1152
          2018
            32
           898
           258
            12
            33
           165
            37
           161
           135
           927
           903
           159
            35
            30
           900
           158
           904
           136
           134
           132
             6
          1096
          1218
          1090
          1092
          1127
          1251
          2019
          1151
          2049
             3
          1256
          1254
          1252
          1126
          1150
          2020
          1278
          2024
          1250
          1128
          1124
          1122
             4
             2
           130
             8
           899
            31
             7
           131
          1253
          1249
          1125
          1121
          1123
           133
             1
             5
           129
             0
             0
             0
             0
             0
             0
             0
             0
             0
             0
             0
             0
             0
             0
             0
             0
             0
             0
             0
             0
             0
             0
             0
             0
             0
             0
             0
             0
             0
             0
             0
             0
             0
             0
             0
             0
             0
             0
             0
             0
             0
             0
             0
             0
             0
             0
             0
             0
             0
             0
             0
             0
             0
             0
             0
             0
             0
             0
             0
             0
             0
             0
             0
             0
             0
             0
             0
             0
             0
             0
             0
             0
             0
             0
             0
             0
             0
             0
             0
             0
             0
             0
             0
             0
             0
             0
             0
             0
             0
             0
             0
             0
             0
             0
             0
             0
             0
             0
             0
             0
             0
             0
             0
             0
             0
             0
             0
             0
             0
             0
             0
             0
             0
             0
             0
             0
             0
             0
             0
             0
             0
             0
             0
             0
             0
             0
             0
             0
             0
             0
             0
             0
             0
             0
             0
             0
             0
             0
             0
             0
             0
             0
             0
             0
             0
             0
             0
             0
             0
             0
             0
             0
             0
             0
             0
             0
             0
             0
             0
             0
             0
             0
             0
             0
             0
             0
             0
             0
             0
             0
             0
             0
             0
             0
             0
             0
             0
             0
             0
             0
             0
             0
             0
             0
             0
             0
             0
             0
             0
             0
             0
             0
             0
             0
             0
             0
             0
             0
             0
             0
             0
             0
             0
             0
             0
             0
             0
             0
             0
             0
             0
             0
             0
             0
             0
             0
             0
             0
             0
             0
             0
             0
             0
             0
             0
             0
             0
             0
             0
             0
             0
             0
             0
             0
             0
             0
             0
             0
             0
             0
             0
             0
             0
             0
             0
             0
             0
             0
             0
             0
             0
             0
             0
             0
             0
             0
             0
             0
             0
             0
             0
             0
             0
             0
             0
             0
             0
             0
             0
             0
             0
             0
             0
             0
             0
             0
             0
             0
             0
             0
             0
             0
             0
             0
             0
             0
             0
             0
             0
             0
             0
             0
             0
             0
             0
             0
             0
             0
             0
             0
             0
             0
             0
             0
             0
             0
             0
             0
             0
             0
             0
             0
             0
             0
             0
             0
             0
             0
             0
             0
             0
             0
             0
             0
             0
             0
             0
             0
             0
             0
             0
             0
             0
             0
             0
             0
             0
             0
             0
             0
             0
             0
             0
             0
             0
             0
             0
             0
             0
             0
             0
             0
             0
             0
             0
             0
             0
             0
             0
             0
             0
             0
             0
             0
             0
             0
             0
             0
             0
             0
             0
             0
             0
             0
             0
             0
             0
             0
             0
             0
             0
             0
             0
             0
             0
             0
             0
             0
             0
             0
             0
             0
             0
             0
             0
             0
             0
             0
             0
             0
             0
             0
             0
             0
             0
             0
             0
             0
             0
             0
             0
             0
             0
             0
             0
             0
             0
             0
             0
             0
             0
             0
             0

  Initial pos 

  -1.7674668395528670E-009  -5.9785991179576463        1.1048737036389866E-008   3.5458260988602142       -2.4892596077693874        3.5458261083576974       -3.5458260326367963       -2.4892596160240821       -3.5458260202050020       -3.5458260297867987       -2.4892596070522117        3.5458260991514270        3.5458260893661615       -2.4892596067781412       -3.5458260177284195        1.7780826021927743       -4.2551585563734982        3.5440094305415104        3.5440094209328512       -4.2551585576931110        1.7780826144952360       -1.7780825410323402       -4.2551585529434774        3.5440094248241620        3.5440094148548482       -4.2551585538112455       -1.7780825283191106       -3.5440093586818904       -4.2551585615696084       -1.7780825283091950       -1.7780825418973585       -4.2551585620957368       -3.5440093461476145       -3.5440093580653169       -4.2551585541645700        1.7780826117540771        1.7780826005707300       -4.2551585544469077       -3.5440093450269678        1.5708031986250148E-008   4.6681640995716762       -3.6185574047537230       -3.6185574181550209        4.6681641014136304        2.2764682139353454E-008   3.6185575138889607        4.6681641137046839        2.5964028038671927E-008   1.8891769038020811E-008   4.6681641171619326        3.6185575238692631        5.3019457180422478        1.0526870464352776        1.7701447642729300        1.7701447548887210        1.0526870464980789        5.3019457257573599        1.7701447505765300        1.0526870474112435       -5.3019456311565882       -5.3019456437843537        1.0526870453091703        1.7701447593961581       -1.7701446786285260        1.0526870384351987       -5.3019456303296302       -5.3019456441164508        1.0526870375450272       -1.7701446676925556        5.3019457133848560        1.0526870393921399       -1.7701446666537564       -1.7701446769457618        1.0526870381456206        5.3019457208006511        7.3071702022531326E-009 -0.72105030869353470        5.2798357227928179        5.2798357143595398      -0.72105030902902811        1.8324386008572446E-008  -5.2798356489711082      -0.72105030640484813        1.6760792087566756E-008   5.2469051325942928E-009 -0.72105030583139751       -5.2798356346940274       -5.2798356352700537        2.8264244486237970        1.9642647064443963E-008   1.0342969147814074E-008   2.8264244493976989       -5.2798356227010039        1.2309414154643150E-008   2.8264244505923877        5.2798357186204878        5.2798357126602529        2.8264244510642129        2.1113742088019194E-008  -1.7943114770872199        4.6070777651940418       -1.7943114675975522        1.7943115699930683        4.6070777703629524        1.7943115766739739        1.7943115627225672        4.6070777613599780       -1.7943114623694676       -1.7943114710400430        4.6070777592296182        1.7943115688302269        3.5244512543221740        1.0526870435471594        3.5244512624258149       -3.5244511781971966        1.0526870376872353       -3.5244511654398529        3.5244512486077078        1.0526870429096711       -3.5244511656392064       -3.5244511770561786        1.0526870408574673        3.5244512560338106        2.0729988170486990E-008   4.5467652109529340        3.0466706046894387E-008  -3.5658912672244689        2.8187099523724477       -1.8099506451089731       -1.8099506527654903        2.8187099518533394       -3.5658912518107115       -3.5658912606220667        2.8187099503772401        1.8099507408340001        1.8099507331774292        2.8187099518579402       -3.5658912486770227        1.8099507438799551        2.8187099563958817        3.5658913626900941        3.5658913519415174        2.8187099560513857        1.8099507482991268       -1.8099506530918461        2.8187099511281382        3.5658913564675578        3.5658913489506743        2.8187099525346540       -1.8099506425330674        1.7677124268694890       -4.2188399221417399        1.2292673101654827E-008   4.4149217615085945E-010  -4.2188399218753396        1.7677124371049371        1.6805661307017772E-009  -4.2188399200536573       -1.7677123572731865       -1.7677123695939621       -4.2188399197710957        1.3331151071938052E-008   3.6185575074818948       -2.5627899636130778        1.7151259967818078E-008   5.1575090864730555E-009  -2.5627899599288462        3.6185575134116656        1.3497651885074902E-009  -2.5627899670411800       -3.6185574401327791       -3.6185574502839231       -2.5627899637877221        1.3532871045995876E-008   2.8691900189059538E-008   2.1053741270208164        5.1172706072577512E-008   0.0000000000000000        0.0000000000000000        0.0000000000000000        1.8099507351004771      -0.71333581657611589        3.5658913561811665        3.5658913506984238      -0.71333581746886310        1.8099507463608271       -1.8099506567077412      -0.71333581403239776        3.5658913442068418        3.5658913364550484      -0.71333581360029896       -1.8099506462478701       -3.5658912793904065      -0.71333581717851402       -1.8099506511375694       -1.8099506656806454      -0.71333581721900430       -3.5658912691632914       -3.5658912790825035      -0.71333581362120668        1.8099507370457890        1.8099507282676952      -0.71333581281467673       -3.5658912684375572        1.5155392052434991E-008 -0.86177569026954970        2.0352197011814850        2.0352197007187729      -0.86177569277444377        2.7447683015324742E-008  -2.0352196438714145      -0.86177570264025860        1.1683179979016245E-008  -1.1490139950609546E-009 -0.86177570758232847       -2.0352196445755517       -2.0352196211685367        2.9671498269326371        1.3302638990353444E-008   9.0471841129868835E-009   2.9671498245384953       -2.0352196049495674        2.4578673984976263E-008   2.9671498383423085        2.0352197306564479        2.0352197164447561        2.9671498361106217        3.0366823944305565E-008   7.6939721260771421E-009   1.0526870431423632       -3.5537048272340570       -3.5537048393248156        1.0526870406650346        1.6924236012627603E-008   3.5537049150915250        1.0526870358152678        2.3397463078111969E-008   1.4158160199784220E-008   1.0526870354878639        3.5537049228938469        1.7943115616360621       -2.5017036272747255        1.7943115719091192       -1.7943114897329906       -2.5017036170125273        1.7943115640238001        1.7943115537565490       -2.5017036162604960       -1.7943114783386243       -1.7943114974907779       -2.5017036227778782       -1.7943114857165163        1.9142960550055932E-009  -2.4413910737748594        1.1290181012313383E-008   1.6754700832742100        1.0526870332956513        1.6754700912327682       -1.6754700612190039        1.0526870397828390       -1.6754700503346029        1.6754700756417220        1.0526870362476259       -1.6754700427164491       -1.6754700526232078        1.0526870376616522        1.6754700831773079     

 SADDLE  pos 

  -2.0229446687843211E-002  -5.9690756080439762       -1.1759562663926637E-004   3.5234879325781998       -2.4698272487560402        3.5269610425172577       -3.5580692231089799       -2.5052992444653270       -3.5838855838213917       -3.5582231231277390       -2.5054778699599645        3.5840094515614900        3.5237153724704529       -2.4698797702525219       -3.5272350509499333        1.7638890633959639       -4.2305536958739296        3.5271511464035590        3.5098703741768809       -4.2164940435947535        1.7546831565701138       -1.7669178569175656       -4.2697622747485013        3.5750321918261876        3.5100728124820995       -4.2166801238897946       -1.7549312890677946       -3.5623819517603330       -4.2888002841282500       -1.8344149520841704       -1.7669997789182936       -4.2693258220481454       -3.5748059150779419       -3.5625169793915070       -4.2887563442209142        1.8341626170674799        1.7640657731734879       -4.2307996026219250       -3.5275072579566356        6.1120976905284508E-003   4.6158376180319216       -3.5766416903887190       -3.4914143947519456        4.5454805562671474       -8.5247225303231033E-005   3.7226695154853555        4.7756818891981183        7.0535457231679644E-005   5.9783207127701576E-003   4.6163345986440412        3.5771343552159522        5.2714367856023907        1.0621744600525069        1.7631963630431975        1.7816017363553218        1.0609782136333266        5.3125015438964560        1.7818274665370524        1.0612170298428687       -5.3129407008999330       -5.2660837265219129        1.0414533195478874        1.7621047276538557       -1.7678953732917009        1.0593711749754497       -5.3096537320270585       -5.2659219907288737        1.0412871436193178       -1.7622996102277924        5.2714500394655044        1.0621626738379355       -1.7631272699495177       -1.7678324615838470        1.0591783387706712        5.3095940426834041        6.3810266909110069E-003 -0.71462963332130158        5.3097174460954708        5.2616859933672488      -0.68520867313959855       -5.7500928295706188E-005  -5.2287016555828743      -0.74947954732046895        1.7486536505462169E-006   6.5416548262882124E-003 -0.71465027122341240       -5.3098057601659647       -5.2517722217418452        2.7835776820445091       -1.1437525922786129E-004   7.8595288250153938E-003   2.8350995538366561       -5.3128957433083599        7.6582996776781709E-003   2.8348522284140003        5.3124760634643575        5.2588552756688953        2.8384567510632301        2.5533139276001648E-005  -1.7491366443958292        4.5599432398076587       -1.7626867070493795        1.8025600171182465        4.6366593963957996        1.8406759118446634        1.8024312486585798        4.6367923587068951       -1.8407607208548065       -1.7493817535374525        4.5601154980898002        1.7626455576803775        3.5619662661267162        1.0594102014885429        3.5756907729075267       -3.5549725346965424        1.0624574190809604       -3.5846235221255753        3.5614476798244672        1.0595667133360216       -3.5752426579368013       -3.5541508997667783        1.0625347529045648        3.5837750964128694        4.7386073744821289E-002   4.5148239975402227        1.3874119492718329E-004  -3.5065873217412928        2.7998211121529373       -1.7623686187429968       -1.7731556164719393        2.8470663292714882       -3.5865856789563466       -3.5061554004497602        2.7993544872231411        1.7618124060092768        1.7976754520956044        2.8509818742885997       -3.5860159842532617        1.7978475351975893        2.8511122320761579        3.5863602674994364        3.5852122190954381        2.8554770084220422        1.8416035173853329       -1.7733962866639850        2.8462348770804695        3.5859176258578525        3.5853422491764837        2.8553594949860930       -1.8417110272112396        1.7322516657285454       -4.1998018856338746       -1.6149898857009681E-004  -9.7539894982836550E-003  -4.2144936367010573        1.7627445346748600       -9.9384236188044817E-003  -4.2143271672831517       -1.7630143071498701       -1.8032429212296819       -4.1726314984881476       -1.7252569125325579E-005   3.4912629034587548       -2.4367172984884711       -1.2377622315051795E-004   1.1332509625720411E-002  -2.5009968673456697        3.5845475916282612        1.1231573495244840E-002  -2.5017675478878374       -3.5854251959824381       -3.8784603855956554       -2.8204932295108804       -4.3123847912940327E-004  0.62011736526073058        1.6825788819478618        2.1389978397152731E-003 -0.86525934517354453       0.19405622281373880       -3.3556575131845623E-003   1.7920851602739702      -0.71869487676354638        3.5839319423582050        3.5061894577184454      -0.69470854364924506        1.7619902073892031       -1.7783767128582326      -0.72550371069240072        3.5934706564612591        3.5057813826094746      -0.69440477445679605       -1.7620042756549914       -3.5793604540691568      -0.73231576723237168       -1.8842658290003094       -1.7786602349691911      -0.72576688550756430       -3.5942867385171091       -3.5804059177676351      -0.73214529770890024        1.8852920870290850        1.7928746286940438      -0.71841928130358923       -3.5846719634893844        2.0113159145279225E-002 -0.73335578264544665        1.9155367889254791        1.6719697231387145      -0.62507239685308491       -2.7798117586197435E-004  -2.3439271306611289       -1.3056223140109182        1.7559294705802309E-003   2.1275737225445734E-002 -0.73452985712776808       -1.9187257259730472       -1.6827490584568991        2.7280738468686714       -3.0129207226314847E-004   1.8851245129237526E-002   2.8741771177579025       -1.8948213295467617        1.8607583634463465E-002   2.8753625043351612        1.8963375819799158        2.1449874813071999        3.1939254744380818       -4.3532883805874611E-004   1.5956467956337761E-002   1.0689709079732062       -3.5948293568502407       -3.4328548908208454       0.97515437066330790       -3.6935571817431345E-004   3.4644958663893552        1.0997574310393112        1.3042403764829125E-004   1.5627437551756884E-002   1.0686014823784404        3.5941512959871784        1.7464846660098994       -2.4523385688787727        1.7617400300832178       -1.7819427605531182       -2.5313668995759961        1.8908233592394845        1.7469168540697324       -2.4527821215699781       -1.7623613025595581       -1.7821033342650843       -2.5302773690893190       -1.8897980246628947       -7.2550548808977267E-002  -2.3832764777311262       -4.0204708927538135E-004   1.8198359399654658        1.0746010238922459        1.8924161743059318       -1.7874397936439952        1.0769285026293289       -1.9212826645018579        1.8186003812699627        1.0749409100640186       -1.8909436981652690       -1.7862029778933173        1.0758160019006944        1.9180947650877131     

  FINAL pos

   7.3172660245857113E-003  -5.9778156384822161       -1.0748027687856876E-006   3.5424971915606909       -2.4704052161409287        3.5439313744620056       -3.5693859013992117       -2.4729442572344169       -3.5662775522312948       -3.5693858309771258       -2.4729455954931154        3.5662745889327048        3.5424987622144171       -2.4704032743597182       -3.5439330131514133        1.7855850311881620       -4.2482719679833139        3.5460480698115355        3.5455961940016394       -4.2447887978838637        1.7802709653909008       -1.7599882618844909       -4.3218228096236224        3.6187336598887581        3.5455967707028151       -4.2447883514057949       -1.7802727293367369       -3.5541185113834892       -4.2609621320544591       -1.7945829560230138       -1.7599871751092024       -4.3218209503804594       -3.6187344649473729       -3.5541198778342178       -4.2609637604292452        1.7945801563223140        1.7855866157092830       -4.2482710472397542       -3.5460495853524101        1.8916566683397695E-002   4.6008310367950855       -3.5443902410301220       -3.5262335788022412        4.5639961303052488       -1.8270137995823887E-006   3.5645437213474640        4.6150566084401099       -9.5904177888073150E-007   1.8915383426173493E-002   4.6008274257801105        3.5443859612494140        5.2858915943779241        1.0591951162547275        1.7640050437879080        1.7841455838608620        1.0576484739947674        5.3034098291119296        1.7841487253560109        1.0576526923866361       -5.3034138325778812       -5.3245082274828235        1.0584351553278921        1.8098489526714432       -1.7594130061242481        1.0669103438490737       -5.2806526043500917       -5.3245088704892218        1.0584376776762525       -1.8098527088195482        5.2858922627254454        1.0591967761135770       -1.7640070756932644       -1.7594132487463838        1.0669055576749926        5.2806501264546757        1.0588788770359736E-002 -0.70654870450794505        5.3027130984754880        5.2804111611305444      -0.70617332758249063       -1.4261040033325401E-006  -5.3131428578453672      -0.70717974612038859       -1.2281542081105101E-006   1.0590658757682725E-002 -0.70654551785746378       -5.3027157780907714       -5.3767000608293785        2.9072308905512472       -1.1284834264824184E-006   2.0929977785702381E-002   2.8319453333611619       -5.3067697672200858        2.0928324744604820E-002   2.8319396154190208        5.3067661789894682        5.2849554564836581        2.8230088871640326       -1.1212992427900303E-006  -1.7587689987786064        4.5642462795468930       -1.7678545991445205        1.7847393204252464        4.6011782328189597        1.7784837513898442        1.7847400072125352        4.6011790875417269       -1.7784860752997744       -1.7587686429045775        4.5642446529505776        1.7678499744344447        3.5433214418803409        1.0578081979996341        3.5444400874091646       -3.5692375354607151        1.0587869114287223       -3.5665905312927393        3.5433240098990879        1.0578116979843273       -3.5444432882894361       -3.5692340242454961        1.0587825582802779        3.5665836267454050        8.7181825012867531E-003   4.5644758425402649       -2.1140059969226854E-006  -3.5530981929678731        2.8468959563686198       -1.7943163954987149       -1.7590751313816391        2.9082896061366270       -3.6189438779257941       -3.5530966369411594        2.8468933103349841        1.7943117816464897        1.7865500539902901        2.8354501281268476       -3.5465175883096229        1.7865478227292222        2.8354464674961086        3.5465134317410185        3.5467343361101680        2.8324548749918073        1.7806717955804992       -1.7590743371444972        2.9082816964849592        3.6189351904306792        3.5467349448942489        2.8324564401857124       -1.7806733544290871        1.8577726725630272       -4.3211264633072979       -8.4382100906665869E-007   3.4283238485891099E-002  -4.2606116373612579        1.7943146907293723        3.4283350224934228E-002  -4.2606112268536158       -1.7943190499793609       -1.7601182838505309       -4.2003087635114547       -1.9309284369217750E-006   3.5199400083758832       -2.4801071009607369       -1.0357473654298843E-006   5.0142688987907746E-002  -2.4723854565743650        3.5665172886157310        5.0144516283054275E-002  -2.4723836863820274       -3.5665198046633044       -3.7959190431502812       -2.6217826773026864       -7.1442141447164431E-007  0.27866892660660403        1.2082007978159268       -2.8434512286956704E-006  -1.7560687953186800       0.34658909688745965       -1.1766715467098621E-005   1.7649792627437315      -0.70641110814386820        3.5252493446986164        3.5422503078124503      -0.70636048782850480        1.7705727661996660       -1.7595822664988532      -0.70690801949664817        3.5545204590151029        3.5422514626640949      -0.70635856106695627       -1.7705749240492636       -3.4348388806527375      -0.70702830098468183       -1.6757426548039156       -1.7595821295089173      -0.70690521652002047       -3.5545253973696376       -3.4348373742261806      -0.70702991387367575        1.6757362083232650        1.7649829672553756      -0.70640783415896991       -3.5252543672784356       -8.3650386231184815E-002 -0.70634667914102423        1.6761219505150140        1.7945324243922909      -0.70665274530977129       -2.2890858752955268E-006  -1.7616700225215070       -1.7585903357322401       -1.4290604253286432E-006  -8.3646976894715230E-002 -0.70634511541553735       -1.6761320149206682       -1.7584618209905010        2.7869739393381678       -3.9057596941116657E-006   3.5222736917975839E-002   2.8471205653130305       -1.7945682778082279        3.5222152783304317E-002   2.8471190122800145        1.7945625596792856        1.8600603316438646        2.9097954638093029       -1.3823916433786110E-006   5.0518909475540719E-002   1.0593830500517178       -3.5665815291528489       -3.7926642227287211        1.2061069820723453       -2.0223759666926355E-006   3.5199792170411266        1.0675905488544331       -8.4456076931971324E-007   5.0515850561817066E-002   1.0593788055079294        3.5665746999395069        1.8056743524388938       -2.4722007419515322        1.8099747591134236       -1.7593120627998680       -2.6207775858069020        2.0351611966423762        1.8056766751875220       -2.4721996934538382       -1.8099776608063252       -1.7593111067403413       -2.6207770656528027       -2.0351673458660038       0.27419207122411215       -2.6199162148340882       -2.8677450856218201E-006   1.8070770883106757        1.0595524343444644        1.8109363457893912       -1.7596247748831031        1.2070393540590665       -2.0357749621654597        1.8070781258366253        1.0595550493146604       -1.8109401200024251       -1.7596236824805100        1.2070340316939259        2.0357604186269302     
