Spec eventId                          9
Original eventId                 377406
Refinement step                       0
event label            :         254050       1032670        254050
energy barrier         :       0.34800674
initial energy          :  -9113.53027612
FINAL energy            :  -9113.53003240
rate constant prefactor :  0.14247897E+08
rate htst prefactor     :  0.00000000E+00
rate of event           :  0.14247897E+08
delr initial-SADDLE     :      1.73618283
delr initial-FINAL      :      2.50587146
delr main atom (normalized) :       0.00000399      0.70628328      0.70792933
npar initial-SADDLE     :            22
npar initial-FINAL      :            22
active atom label       :             3
ncluster                :            89
cluster atoms           :
          1091
          1255
          2047
          1279
          2023
          1224
          1222
          1220
          1094
          1118
          1988
          1246
          1992
           931
            63
            39
           163
           137
           261
           901
           157
           897
            29
             9
           257
          1378
          1132
          1152
          2018
            32
           898
           258
            12
            33
           165
            37
           161
           135
           927
           903
           159
            35
            30
           900
           158
           904
           136
           134
           132
             6
          1096
          1218
          1090
          1092
          1127
          1251
          2019
          1151
          2049
             3
          1256
          1254
          1252
          1126
          1150
          2020
          1278
          2024
          1250
          1128
          1124
          1122
             4
             2
           130
             8
           899
            31
             7
           131
          1253
          1249
          1125
          1121
          1123
           133
             1
             5
           129
             0
             0
             0
             0
             0
             0
             0
             0
             0
             0
             0
             0
             0
             0
             0
             0
             0
             0
             0
             0
             0
             0
             0
             0
             0
             0
             0
             0
             0
             0
             0
             0
             0
             0
             0
             0
             0
             0
             0
             0
             0
             0
             0
             0
             0
             0
             0
             0
             0
             0
             0
             0
             0
             0
             0
             0
             0
             0
             0
             0
             0
             0
             0
             0
             0
             0
             0
             0
             0
             0
             0
             0
             0
             0
             0
             0
             0
             0
             0
             0
             0
             0
             0
             0
             0
             0
             0
             0
             0
             0
             0
             0
             0
             0
             0
             0
             0
             0
             0
             0
             0
             0
             0
             0
             0
             0
             0
             0
             0
             0
             0
             0
             0
             0
             0
             0
             0
             0
             0
             0
             0
             0
             0
             0
             0
             0
             0
             0
             0
             0
             0
             0
             0
             0
             0
             0
             0
             0
             0
             0
             0
             0
             0
             0
             0
             0
             0
             0
             0
             0
             0
             0
             0
             0
             0
             0
             0
             0
             0
             0
             0
             0
             0
             0
             0
             0
             0
             0
             0
             0
             0
             0
             0
             0
             0
             0
             0
             0
             0
             0
             0
             0
             0
             0
             0
             0
             0
             0
             0
             0
             0
             0
             0
             0
             0
             0
             0
             0
             0
             0
             0
             0
             0
             0
             0
             0
             0
             0
             0
             0
             0
             0
             0
             0
             0
             0
             0
             0
             0
             0
             0
             0
             0
             0
             0
             0
             0
             0
             0
             0
             0
             0
             0
             0
             0
             0
             0
             0
             0
             0
             0
             0
             0
             0
             0
             0
             0
             0
             0
             0
             0
             0
             0
             0
             0
             0
             0
             0
             0
             0
             0
             0
             0
             0
             0
             0
             0
             0
             0
             0
             0
             0
             0
             0
             0
             0
             0
             0
             0
             0
             0
             0
             0
             0
             0
             0
             0
             0
             0
             0
             0
             0
             0
             0
             0
             0
             0
             0
             0
             0
             0
             0
             0
             0
             0
             0
             0
             0
             0
             0
             0
             0
             0
             0
             0
             0
             0
             0
             0
             0
             0
             0
             0
             0
             0
             0
             0
             0
             0
             0
             0
             0
             0
             0
             0
             0
             0
             0
             0
             0
             0
             0
             0
             0
             0
             0
             0
             0
             0
             0
             0
             0
             0
             0
             0
             0
             0
             0
             0
             0
             0
             0
             0
             0
             0
             0
             0
             0
             0
             0
             0
             0
             0
             0
             0
             0
             0
             0
             0
             0
             0
             0
             0
             0
             0
             0
             0
             0
             0
             0
             0
             0
             0
             0
             0
             0
             0
             0
             0
             0
             0
             0
             0
             0
             0
             0
             0
             0
             0
             0
             0
             0
             0
             0
             0
             0
             0
             0
             0
             0
             0
             0
             0

  Initial pos 

  -1.7674668395528670E-009  -5.9785991179576463        1.1048737036389866E-008   3.5458260988602142       -2.4892596077693874        3.5458261083576974       -3.5458260326367963       -2.4892596160240821       -3.5458260202050020       -3.5458260297867987       -2.4892596070522117        3.5458260991514270        3.5458260893661615       -2.4892596067781412       -3.5458260177284195        1.7780826021927743       -4.2551585563734982        3.5440094305415104        3.5440094209328512       -4.2551585576931110        1.7780826144952360       -1.7780825410323402       -4.2551585529434774        3.5440094248241620        3.5440094148548482       -4.2551585538112455       -1.7780825283191106       -3.5440093586818904       -4.2551585615696084       -1.7780825283091950       -1.7780825418973585       -4.2551585620957368       -3.5440093461476145       -3.5440093580653169       -4.2551585541645700        1.7780826117540771        1.7780826005707300       -4.2551585544469077       -3.5440093450269678        1.5708031986250148E-008   4.6681640995716762       -3.6185574047537230       -3.6185574181550209        4.6681641014136304        2.2764682139353454E-008   3.6185575138889607        4.6681641137046839        2.5964028038671927E-008   1.8891769038020811E-008   4.6681641171619326        3.6185575238692631        5.3019457180422478        1.0526870464352776        1.7701447642729300        1.7701447548887210        1.0526870464980789        5.3019457257573599        1.7701447505765300        1.0526870474112435       -5.3019456311565882       -5.3019456437843537        1.0526870453091703        1.7701447593961581       -1.7701446786285260        1.0526870384351987       -5.3019456303296302       -5.3019456441164508        1.0526870375450272       -1.7701446676925556        5.3019457133848560        1.0526870393921399       -1.7701446666537564       -1.7701446769457618        1.0526870381456206        5.3019457208006511        7.3071702022531326E-009 -0.72105030869353470        5.2798357227928179        5.2798357143595398      -0.72105030902902811        1.8324386008572446E-008  -5.2798356489711082      -0.72105030640484813        1.6760792087566756E-008   5.2469051325942928E-009 -0.72105030583139751       -5.2798356346940274       -5.2798356352700537        2.8264244486237970        1.9642647064443963E-008   1.0342969147814074E-008   2.8264244493976989       -5.2798356227010039        1.2309414154643150E-008   2.8264244505923877        5.2798357186204878        5.2798357126602529        2.8264244510642129        2.1113742088019194E-008  -1.7943114770872199        4.6070777651940418       -1.7943114675975522        1.7943115699930683        4.6070777703629524        1.7943115766739739        1.7943115627225672        4.6070777613599780       -1.7943114623694676       -1.7943114710400430        4.6070777592296182        1.7943115688302269        3.5244512543221740        1.0526870435471594        3.5244512624258149       -3.5244511781971966        1.0526870376872353       -3.5244511654398529        3.5244512486077078        1.0526870429096711       -3.5244511656392064       -3.5244511770561786        1.0526870408574673        3.5244512560338106        2.0729988170486990E-008   4.5467652109529340        3.0466706046894387E-008  -3.5658912672244689        2.8187099523724477       -1.8099506451089731       -1.8099506527654903        2.8187099518533394       -3.5658912518107115       -3.5658912606220667        2.8187099503772401        1.8099507408340001        1.8099507331774292        2.8187099518579402       -3.5658912486770227        1.8099507438799551        2.8187099563958817        3.5658913626900941        3.5658913519415174        2.8187099560513857        1.8099507482991268       -1.8099506530918461        2.8187099511281382        3.5658913564675578        3.5658913489506743        2.8187099525346540       -1.8099506425330674        1.7677124268694890       -4.2188399221417399        1.2292673101654827E-008   4.4149217615085945E-010  -4.2188399218753396        1.7677124371049371        1.6805661307017772E-009  -4.2188399200536573       -1.7677123572731865       -1.7677123695939621       -4.2188399197710957        1.3331151071938052E-008   3.6185575074818948       -2.5627899636130778        1.7151259967818078E-008   5.1575090864730555E-009  -2.5627899599288462        3.6185575134116656        1.3497651885074902E-009  -2.5627899670411800       -3.6185574401327791       -3.6185574502839231       -2.5627899637877221        1.3532871045995876E-008   2.8691900189059538E-008   2.1053741270208164        5.1172706072577512E-008   0.0000000000000000        0.0000000000000000        0.0000000000000000        1.8099507351004771      -0.71333581657611589        3.5658913561811665        3.5658913506984238      -0.71333581746886310        1.8099507463608271       -1.8099506567077412      -0.71333581403239776        3.5658913442068418        3.5658913364550484      -0.71333581360029896       -1.8099506462478701       -3.5658912793904065      -0.71333581717851402       -1.8099506511375694       -1.8099506656806454      -0.71333581721900430       -3.5658912691632914       -3.5658912790825035      -0.71333581362120668        1.8099507370457890        1.8099507282676952      -0.71333581281467673       -3.5658912684375572        1.5155392052434991E-008 -0.86177569026954970        2.0352197011814850        2.0352197007187729      -0.86177569277444377        2.7447683015324742E-008  -2.0352196438714145      -0.86177570264025860        1.1683179979016245E-008  -1.1490139950609546E-009 -0.86177570758232847       -2.0352196445755517       -2.0352196211685367        2.9671498269326371        1.3302638990353444E-008   9.0471841129868835E-009   2.9671498245384953       -2.0352196049495674        2.4578673984976263E-008   2.9671498383423085        2.0352197306564479        2.0352197164447561        2.9671498361106217        3.0366823944305565E-008   7.6939721260771421E-009   1.0526870431423632       -3.5537048272340570       -3.5537048393248156        1.0526870406650346        1.6924236012627603E-008   3.5537049150915250        1.0526870358152678        2.3397463078111969E-008   1.4158160199784220E-008   1.0526870354878639        3.5537049228938469        1.7943115616360621       -2.5017036272747255        1.7943115719091192       -1.7943114897329906       -2.5017036170125273        1.7943115640238001        1.7943115537565490       -2.5017036162604960       -1.7943114783386243       -1.7943114974907779       -2.5017036227778782       -1.7943114857165163        1.9142960550055932E-009  -2.4413910737748594        1.1290181012313383E-008   1.6754700832742100        1.0526870332956513        1.6754700912327682       -1.6754700612190039        1.0526870397828390       -1.6754700503346029        1.6754700756417220        1.0526870362476259       -1.6754700427164491       -1.6754700526232078        1.0526870376616522        1.6754700831773079     

 SADDLE  pos 

   2.2266152294969643E-004  -5.9728648485664912        1.7761881367350352E-002   3.5792930840224217       -2.5075672935371252        3.5604654746266475       -3.5269297110702205       -2.4705588776393590       -3.5233832896199395       -3.5790129407646987       -2.5074345399798474        3.5603344799533878        3.5272198621568291       -2.4706329327878258       -3.5235953874552450        1.8216521651130111       -4.2860540496262800        3.5631143896836677        3.5693621322480702       -4.2678237807457222        1.7708881774663667       -1.8212487469462602       -4.2859185426985391        3.5631027752687081        3.5272077609085644       -4.2307810374310257       -1.7630447720672926       -3.5266398242954438       -4.2302786730499697       -1.7627658671850597       -1.7547003711682976       -4.2169107263722339       -3.5096133062139927       -3.5692364757185224       -4.2679453652502382        1.7706028125274997        1.7550297598975506       -4.2172077104274166       -3.5098833908557268       -2.1356701155439417E-004   4.8195239012504061       -3.7665767291667649       -3.5804704970495642        4.6151829437437826       -1.4131448843022199E-003   3.5794598033249523        4.6140371860484706       -1.4045356351761740E-003   1.5123622220802879E-004   4.5436340883200010        3.4904896010913666        5.3100714268387819        1.0542869909693628        1.7730639853933927        1.7629203759078242        1.0424558253649963        5.2677598050319254        1.7626891960927455        1.0624707628675125       -5.2692545417370589       -5.3099855768371036        1.0541851851982535        1.7728816499337667       -1.7628942437780744        1.0625775267483988       -5.2691768516419835       -5.3108303875734677        1.0564368175565839       -1.7773814726853203        5.3112772059175963        1.0565558482720334       -1.7774250933558307       -1.7623504992753993        1.0426587736556243        5.2678409443654868        1.5846986178269518E-004 -0.74287835664079438        5.2388339577959400        5.3100457905520893      -0.71993210142140285       -1.1741965161753409E-003  -5.3099542608106489      -0.71974330976060585       -1.0638250613983491E-003  -1.7052363059377740E-006 -0.68269188649048473       -5.2580302858378651       -5.3109765369079156        2.8305816533945318       -3.3020967835630799E-003  -4.6111120582059684E-005   2.8426786971921061       -5.2493455078089077        2.5015514068371658E-004   2.7859925052105119        5.2550521389231690        5.3114200898536605        2.8306134219300532       -3.4303898520879894E-003  -1.8560115204648540        4.6387853871779008       -1.7988216134669486        1.7622534263343415        4.5589490413291180        1.7480667855383385        1.8564052821300030        4.6391254185447153       -1.7984675206059961       -1.7623548101482811        4.5594313353180382        1.7485036215114271        3.5835879095001930        1.0566830687087503        3.5599524365541488       -3.5800595712461529        1.0546330994636648       -3.5617662528594458        3.5790570008116633        1.0546172937702494       -3.5606307174306018       -3.5820259440068511        1.0568153917906500        3.5585362692132416       -2.8598937555979198E-004   4.5049874222400597       -5.5686778368980283E-002  -3.5899553448377333        2.8467301297407595       -1.7934545712029362       -1.8560684059927226        2.8520145890407669       -3.5859120653247452       -3.5857346701729327        2.8394245968835747        1.7801833508703755        1.8564626461328642        2.8516574652265412       -3.5862583497755658        1.7625400093040593        2.8004479271728862        3.5065552577245618        3.5863045652650181        2.8402221325118546        1.7797486293317286       -1.7616843214151920        2.7998782809502067        3.5059063465968747        3.5890963439687367        2.8461628353850195       -1.7928935279863758        1.7630159291236782       -4.2150469282154290        1.0459864911488870E-002   1.6335946163081871E-004  -4.1858915920039834        1.7958343885068335        2.5913399873278564E-004  -4.2020547719302250       -1.7329747587709079       -1.7624318287115521       -4.2151217396881684        1.0258828910777895E-002   3.5833303906593637       -2.5066271001219960       -3.6603183392756033E-003   4.5626301063061980E-004  -2.7649799281378726        3.8182103531235643        1.5625088665416342E-004  -2.4369147127582558       -3.4900316895223789       -3.5817622644093099       -2.5052171941894699       -3.7864200978450224E-003  -3.8472235236020058E-003   1.7557899173749227      -0.70092420240597963        4.7439566200779826E-003  0.27229959175990359       0.78336264756509744        1.8716583137958813      -0.74018267500240853        3.5849225541205034        3.5930076210735384      -0.73436955758255351        1.7874959682559757       -1.8722158144980838      -0.73981545304473073        3.5857556080056638        3.5856298813626335      -0.72622633201730125       -1.7865405769070364       -3.5850539106038788      -0.72665165933273812       -1.7857344498848526       -1.7620240590318765      -0.69487892040775989       -3.5058665857054869       -3.5915234624232859      -0.73369247829860385        1.7868221968527269        1.7619299064309701      -0.69444506614202695       -3.5053907426471440       -1.6146579818003826E-003  -1.2255732489127702        2.2766780782351419        1.9161716494396397      -0.74894055705536999       -6.2977495812179818E-003  -1.9117166312999849      -0.74663442591947415       -5.3653160714584036E-003   2.9909729372068483E-004 -0.62090060728899132       -1.6709717193474738       -1.9075432047520842        2.8667057315641387       -6.8151458979333057E-003   1.0670313413054799E-003   3.2599857266952590       -2.2073269919374710        2.9521823401879033E-004   2.7252399277410539        1.6751259017485425        1.9044995980598665        2.8644273175275252       -7.2691087019649547E-003  -2.8336430839859261E-004   1.1089075501002519       -3.4520583483038791       -3.5944419752585226        1.0584638993410813       -5.1723925276880856E-003   3.5950126563471096        1.0586966254446182       -5.4176658757276730E-003   6.4708159937842957E-004  0.98649187003321614        3.4417631058074094        1.8722577127149531       -2.5325933810221706        1.7930635713711713       -1.8728121048613779       -2.5334281653137403        1.7927012197359837        1.7623648198065789       -2.4530892002112630       -1.7469754849243451       -1.7614966356774389       -2.4524358123668115       -1.7463974371302662        6.5560392239460974E-004  -2.3892931870200407        6.6140073011693667E-002   1.9171757575583732        1.0604988922626397        1.8024752077436781       -1.9068868783047745        1.0607564803556784       -1.8129260735952319        1.9038465009295766        1.0612135307234567       -1.8106561594206743       -1.9127147193187870        1.0595776684779992        1.8001703438792362     

  FINAL pos

   3.1435266540924545E-006  -5.9874676246219849        7.4219664853014677E-004   3.5463980193578433       -2.4935165558765213        3.5423247671825870       -3.5460593103601354       -2.4923283971670678       -3.5412485228424302       -3.5463840464147296       -2.4935108265936208        3.5423181335197609        3.5460606458820720       -2.4923303075708070       -3.5412493901613367        1.7805575049914144       -4.2536185163559566        3.5391901458764665        3.5442018342889909       -4.2501525806836931        1.7647564221044734       -1.7805441722193684       -4.2536140346030642        3.5391861731841465        3.5439686254972687       -4.2494571380334740       -1.7633497102092832       -3.5439643699188466       -4.2494532215387082       -1.7633502937263685       -1.7802605797201139       -4.2525300925580432       -3.5377941024414952       -3.5441909249987091       -4.2501448781437006        1.7647518495745604        1.7802614058860731       -4.2525324548374606       -3.5377949535953341       -1.3751413616702735E-006   4.6715926843677344       -3.6157910767586614       -3.5252086825597146        4.5771103139595297       -4.3218717262516471E-004   3.5252107231574863        4.5771091085976501       -4.2793684101871676E-004   4.9684787588599733E-006   4.6700114756290532        3.6144407709996371        5.2808102497822480        1.0523838944858603        1.7738278843317863        1.7678357517848649        1.0518350931863623        5.2711048034095196        1.7678246036106398        1.0534318228796060       -5.2709994206090265       -5.2808022782655684        1.0523835928996732        1.7738219678557834       -1.7678257538590927        1.0534315926579723       -5.2709989799559622       -5.2807841505376842        1.0529336548077382       -1.7736860049453185        5.2807823605881028        1.0529335898253152       -1.7736834048100825       -1.7678224874396697        1.0518345093455324        5.2711013254379218        7.2582691958977819E-006 -0.71557769204128263        5.2713786632200961        5.3027693554850623      -0.71749920923717170        3.7225996289014240E-004  -5.3027656153924205      -0.71749727711943834        3.6795543931034125E-004   7.0957204401089768E-007 -0.71402262576671660       -5.2707355678904193       -5.3027883381620207        2.8228278169126355       -2.2315169524467215E-004  -9.8654662994412945E-007   2.8208656760051660       -5.2712344232560611        5.2320419625662140E-006   2.8192893113512199        5.2708282114544183        5.3027913600959051        2.8228292101767174       -2.1874784336750608E-004  -1.8105796075514355        4.6188853112214474       -1.7662758427190930        1.8101218042068674        4.6179236397870120        1.7654014358848378        1.8105789329590909        4.6188835124470486       -1.7662730984247794       -1.8101141873984581        4.6179222251133147        1.7653987245735681        3.6188360093582750        1.0520012755739252        3.6150822891938446       -3.6187863952159631        1.0533030928426861       -3.6149289370961668        3.6187878217665883        1.0533037642354941       -3.6149305645623109       -3.6188260900807698        1.0520002004952325        3.6150780269087748        1.4065303417520880E-006   4.6064850033003921       -3.2161858155466128E-004  -3.5665773180432616        2.8627321413142610       -1.7661590040508628       -1.7945113300459674        2.8473806430802711       -3.5540261379797471       -3.5666178100347352        2.8622890039421911        1.7656005836021413        1.7945106932911248        2.8473785421527147       -3.5540222275397042        1.7943016079487868        2.8462218087818343        3.5536154042435819        3.5666251666734601        2.8622892952121006        1.7656068181718956       -1.7942909749319078        2.8462200785794138        3.5536114664812586        3.5665796056897037        2.8627323377689180       -1.7661551036537837        1.7705416871172655       -4.2490776693969607        6.4907962231108840E-004   5.7772479491458029E-006  -4.2270842067879570        1.7744594148985078        1.8709230804603294E-006  -4.2267597834016932       -1.7730965206089238       -1.7705327622753408       -4.2490745637869303        6.4749711801459497E-004   3.5252706329146326       -2.4718500301388779        5.6185450370449530E-004   8.1226776376119858E-006  -2.5663984850281025        3.6160641316314428        9.2852968092138610E-007  -2.5647660550765146       -3.6143888519295544       -3.5252609906094996       -2.4718438383901074        5.5800799027738712E-004   2.0053413571918810E-006   1.0544615382373657       -1.0524241913684671        5.9310554536562421E-006   1.0504554714087462        1.0529036486203691        1.7944902564512026      -0.74209839294611157        3.5540902901650333        3.5666055814458613      -0.75744660234907002        1.7663266033080554       -1.7944736173321907      -0.74209516253684527        3.5540826098845453        3.5665805928419827      -0.75694475666653105       -1.7654618832836526       -3.5665749110904521      -0.75694075123305993       -1.7654647127097114       -1.7943059517258853      -0.74093582963709537       -3.5534694523589749       -3.5665958349341800      -0.75744382051207282        1.7663201430536342        1.7943097919013096      -0.74093541902877647       -3.5534688029291708        1.1572919121016767E-005 -0.98427553602668638        1.9147070878376966        1.6761358418954035      -0.62316777391587053        3.1574638424847201E-004  -1.6761246503354208      -0.62316594015269544        3.1610737749621087E-004   4.8054361296845371E-006 -0.98161429428769509       -1.9129507889639790       -1.6759905845719167        2.7283007954368159       -1.2478282650429939E-004  -1.5632006442611868E-006   3.0890840991734692       -1.9146481302799110        5.2055425803221311E-006   3.0867065129661491        1.9130257593059734        1.6759966034159546        2.7283012312705957       -1.2371964662638568E-004   1.0360104547579851E-006   1.0534032272821108       -3.4934966467633330       -3.5546791100821551        1.0526817526286685        5.0943492721833294E-005   3.5546852717223771        1.0526812651626329        5.7339327683036956E-005   7.2908510799774007E-006   1.0518102281351567        3.4936903371737507        1.8107075809167839       -2.5137511446304259        1.7664319722063211       -1.8106911151244418       -2.5137449820254041        1.7664270797346031        1.8101615941227269       -2.5127061584245887       -1.7652834796955119       -1.8101554546608298       -2.5127034912443200       -1.7652835685060069        7.0461627510454150E-006  -2.5013592765146839        3.7367182693937018E-004   2.0356555310725208        1.0524495571393437        1.9137518224204468       -2.0355316084741961        1.0529141914611273       -1.9136321011432063        2.0355391440827564        1.0529119645933989       -1.9136279517314561       -2.0356471015198201        1.0524529295578731        1.9137455648721873     
