# Time-averaged data for fix 1
# TimeStep c_msd_all[1] c_msd_all[2] c_msd_all[3] c_msd_all[4]
31000 0.0656112 0.0631272 0.0538928 0.182631
32000 0.0607085 0.0610844 0.0555018 0.177295
33000 0.0631835 0.0661397 0.0622445 0.191568
34000 0.0636618 0.0623697 0.0559056 0.181937
35000 0.0636539 0.0635953 0.0549634 0.182213
36000 0.0615611 0.0647681 0.0598919 0.186221
37000 0.0677672 0.068352 0.0579832 0.194102
38000 0.0601503 0.0666478 0.0586075 0.185406
39000 0.0700361 0.0652849 0.0596395 0.19496
40000 0.0628794 0.0638712 0.0599728 0.186723
41000 0.059766 0.059094 0.0582743 0.177134
42000 0.0686422 0.0671162 0.0604534 0.196212
43000 0.0667376 0.0702465 0.0620616 0.199046
44000 0.0608266 0.0567584 0.054937 0.172522
45000 0.0837759 0.0749527 0.0642128 0.222941
46000 0.0712852 0.0645735 0.0669017 0.20276
47000 0.061304 0.0627297 0.0602881 0.184322
48000 0.0706158 0.0703852 0.0578615 0.198862
49000 0.0713387 0.0696331 0.0615977 0.20257
50000 0.0642538 0.0634915 0.0631969 0.190942
51000 0.0714591 0.075873 0.0714392 0.218771
52000 0.0743363 0.0731429 0.066541 0.21402
53000 0.0673462 0.0750393 0.0713485 0.213734
54000 0.0770659 0.0789785 0.0637357 0.21978
55000 0.0742985 0.0785727 0.0801828 0.233054
56000 0.0887719 0.0812732 0.0751877 0.245233
57000 0.0750937 0.0830551 0.0779664 0.236115
58000 0.0705619 0.0712095 0.0709668 0.212738
59000 0.088321 0.0866583 0.0737071 0.248686
60000 0.0682875 0.0779921 0.0814436 0.227723
61000 0.0723242 0.0765323 0.0758048 0.224661
62000 0.0770555 0.0834935 0.0768085 0.237358
63000 0.0714806 0.0796481 0.0718786 0.223007
64000 0.0730869 0.0875606 0.0749043 0.235552
65000 0.0699434 0.0779162 0.0740554 0.221915
66000 0.0695592 0.0817883 0.0765611 0.227909
67000 0.0756193 0.0770919 0.0736228 0.226334
68000 0.0758013 0.081653 0.0786932 0.236147
69000 0.0724635 0.0806319 0.0740747 0.22717
70000 0.075153 0.0873649 0.0726 0.235118
71000 0.0711097 0.0890973 0.0716245 0.231832
72000 0.0661001 0.0799828 0.0774313 0.223514
73000 0.0752567 0.0808918 0.070486 0.226635
74000 0.0713187 0.0785956 0.0776941 0.227608
75000 0.0692961 0.0771247 0.0723609 0.218782
76000 0.0730935 0.0773666 0.0798737 0.230334
77000 0.0800527 0.0868611 0.0768382 0.243752
78000 0.0699479 0.0863742 0.0716659 0.227988
79000 0.078214 0.0859954 0.075127 0.239336
80000 0.0755232 0.0946758 0.0738122 0.244011
81000 0.0741088 0.077259 0.0749281 0.226296
82000 0.0757016 0.0834836 0.0714876 0.230673
83000 0.0791591 0.078481 0.0735032 0.231143
84000 0.0785629 0.0864885 0.0791099 0.244161
85000 0.073086 0.0829435 0.0816962 0.237726
86000 0.0770847 0.0792051 0.0742255 0.230515
87000 0.0774751 0.0917905 0.0771576 0.246423
88000 0.0725599 0.0938282 0.0775348 0.243923
89000 0.0860281 0.0973022 0.0790558 0.262386
90000 0.0725099 0.0877629 0.0847897 0.245062
91000 0.0716682 0.09296 0.0824234 0.247052
92000 0.0740411 0.0915761 0.0822205 0.247838
93000 0.0668917 0.0867915 0.0831951 0.236878
94000 0.0751666 0.0863572 0.0854574 0.246981
95000 0.0849946 0.0981637 0.0839291 0.267087
96000 0.0718861 0.0876418 0.0869709 0.246499
97000 0.0717367 0.0937568 0.0861574 0.251651
98000 0.0758933 0.0991933 0.0845339 0.25962
99000 0.0697279 0.0967816 0.0885641 0.255074
100000 0.0852443 0.0958482 0.0832098 0.264302
101000 0.0854172 0.0944884 0.0787199 0.258626
102000 0.0710592 0.0900615 0.0785702 0.239691
103000 0.0792487 0.0939578 0.0791081 0.252315
104000 0.0758719 0.0938121 0.0880638 0.257748
105000 0.0732852 0.0890168 0.0818502 0.244152
106000 0.0815142 0.100184 0.0851272 0.266825
107000 0.0754612 0.0902769 0.0821983 0.247936
108000 0.0696863 0.0920881 0.0857001 0.247474
109000 0.0739516 0.0939941 0.0802434 0.248189
110000 0.080462 0.0879694 0.0815561 0.249987
111000 0.0822955 0.1 0.0829102 0.265206
112000 0.0862964 0.0975355 0.0756194 0.259451
113000 0.0790371 0.0870786 0.0767438 0.24286
114000 0.074538 0.0954285 0.0840099 0.253976
115000 0.0789178 0.0946687 0.0878122 0.261399
116000 0.0796909 0.0945858 0.0831626 0.257439
117000 0.0835589 0.0897391 0.0861258 0.259424
118000 0.0856196 0.101995 0.0941644 0.281779
119000 0.0809166 0.0995884 0.0925128 0.273018
120000 0.0767995 0.106106 0.0913427 0.274248
121000 0.0695051 0.10063 0.0964817 0.266617
122000 0.0872538 0.119253 0.0926583 0.299165
123000 0.0761622 0.100987 0.0913192 0.268468
124000 0.073115 0.0900471 0.0959105 0.259073
125000 0.0741462 0.0996925 0.0942364 0.268075
126000 0.0821639 0.0986628 0.0934909 0.274318
127000 0.0827666 0.101253 0.089072 0.273091
128000 0.0822881 0.111057 0.0909217 0.284267
129000 0.0808878 0.10017 0.0926042 0.273662
130000 0.0736625 0.104705 0.0888259 0.267194
131000 0.0817621 0.0942841 0.0948824 0.270928
132000 0.0774231 0.0972377 0.0865095 0.26117
133000 0.0773578 0.0964963 0.094862 0.268716
134000 0.0783796 0.103499 0.0898693 0.271748
135000 0.0837035 0.097907 0.0875218 0.269132
136000 0.0818467 0.0974807 0.0944206 0.273748
137000 0.0738057 0.0928709 0.102461 0.269137
138000 0.0855938 0.105553 0.0917583 0.282905
139000 0.0798221 0.0984318 0.0946926 0.272946
140000 0.0800034 0.0972264 0.092959 0.270189
141000 0.0886059 0.107358 0.0907913 0.286755
142000 0.0856767 0.106352 0.0919774 0.284006
143000 0.0836255 0.100846 0.104016 0.288487
144000 0.0855279 0.103227 0.099939 0.288694
145000 0.0853073 0.0975292 0.10719 0.290026
146000 0.0853004 0.0931486 0.0981576 0.276607
147000 0.0938357 0.0976123 0.0990618 0.29051
148000 0.0943878 0.1028 0.0938768 0.291065
149000 0.10015 0.106548 0.102497 0.309194
150000 0.0928134 0.100856 0.0997812 0.293451
151000 0.0924856 0.105305 0.0971981 0.294989
152000 0.091798 0.103133 0.0952723 0.290204
153000 0.0933714 0.0986939 0.0987495 0.290815
154000 0.0981336 0.103536 0.103991 0.30566
155000 0.106531 0.110057 0.100041 0.316629
156000 0.0980085 0.0969531 0.0980942 0.293056
157000 0.0930503 0.104304 0.0957126 0.293067
158000 0.0955962 0.102263 0.096772 0.294632
159000 0.0841981 0.101606 0.0960164 0.281821
160000 0.0949781 0.10654 0.0983929 0.299911
161000 0.104214 0.0994302 0.102481 0.306125
162000 0.0889079 0.100501 0.11023 0.299639
163000 0.100999 0.111351 0.116132 0.328483
164000 0.0910853 0.0976812 0.108926 0.297692
165000 0.087991 0.102088 0.100346 0.290424
166000 0.0937787 0.0987598 0.11352 0.306059
167000 0.0978849 0.103858 0.106892 0.308635
168000 0.102517 0.110051 0.106511 0.319079
169000 0.0931414 0.103454 0.106029 0.302624
170000 0.094159 0.10529 0.0962053 0.295654
171000 0.0953056 0.100554 0.101233 0.297092
172000 0.0874652 0.101205 0.0983627 0.287033
173000 0.0947704 0.104203 0.102992 0.301966
174000 0.0940096 0.101454 0.101548 0.297011
175000 0.104936 0.114103 0.10832 0.327359
176000 0.0952713 0.105129 0.10627 0.306671
177000 0.108421 0.109915 0.111312 0.329648
178000 0.0980193 0.106673 0.112173 0.316865
179000 0.0912591 0.110594 0.114678 0.316531
180000 0.105301 0.110615 0.109566 0.325482
181000 0.0939734 0.106363 0.116595 0.316932
182000 0.0958288 0.107067 0.116656 0.319552
183000 0.095819 0.108031 0.121003 0.324853
184000 0.0954482 0.108929 0.106838 0.311216
185000 0.10151 0.112797 0.110584 0.324891
186000 0.0942113 0.112622 0.112042 0.318876
187000 0.0946388 0.113014 0.121884 0.329536
188000 0.0979036 0.104618 0.116626 0.319148
189000 0.0947402 0.108201 0.118406 0.321347
190000 0.094015 0.118575 0.126681 0.339271
191000 0.0951343 0.115081 0.114281 0.324497
192000 0.0972637 0.112182 0.1126 0.322046
193000 0.10325 0.11799 0.114575 0.335815
194000 0.112563 0.114277 0.120455 0.347295
195000 0.0985202 0.114762 0.117638 0.33092
196000 0.104577 0.113851 0.123098 0.341527
197000 0.104287 0.114844 0.123724 0.342854
198000 0.102464 0.1179 0.126696 0.34706
199000 0.113545 0.112681 0.118816 0.345043
200000 0.0983325 0.109853 0.113202 0.321388
201000 0.102004 0.122101 0.119585 0.34369
202000 0.100172 0.121834 0.11085 0.332856
203000 0.098553 0.115395 0.121339 0.335287
204000 0.105071 0.117284 0.120914 0.343269
205000 0.0993613 0.11488 0.119947 0.334188
206000 0.0992235 0.120441 0.121549 0.341214
207000 0.0993299 0.120539 0.116332 0.336201
208000 0.0995267 0.112822 0.119073 0.331423
209000 0.097614 0.117308 0.119357 0.334278
210000 0.115281 0.124729 0.114777 0.354787
211000 0.0988003 0.124517 0.121341 0.344658
212000 0.103847 0.122915 0.113543 0.340305
213000 0.0986894 0.122815 0.121188 0.342692
214000 0.104712 0.120599 0.122668 0.347979
215000 0.102608 0.125193 0.113993 0.341794
216000 0.0954395 0.119004 0.116 0.330443
217000 0.102072 0.114659 0.11482 0.331552
218000 0.106456 0.128668 0.126445 0.361569
219000 0.108288 0.122389 0.121235 0.351912
220000 0.103304 0.138289 0.120628 0.362221
221000 0.112284 0.132437 0.115934 0.360655
222000 0.111369 0.129572 0.125054 0.365995
223000 0.101222 0.130066 0.117793 0.349081
224000 0.0993883 0.117923 0.112204 0.329515
225000 0.105016 0.125978 0.116479 0.347472
226000 0.114193 0.138368 0.11854 0.371101
227000 0.106604 0.137258 0.116556 0.360418
228000 0.108521 0.12491 0.115585 0.349016
229000 0.0996971 0.125134 0.118082 0.342913
230000 0.108665 0.127838 0.125719 0.362221
231000 0.101312 0.125619 0.117585 0.344517
232000 0.0967607 0.126001 0.120131 0.342892
233000 0.112686 0.13907 0.123698 0.375454
234000 0.106648 0.126335 0.124978 0.35796
235000 0.107928 0.129344 0.129812 0.367084
236000 0.107158 0.128212 0.128803 0.364173
237000 0.108863 0.129451 0.124283 0.362596
238000 0.107287 0.119472 0.120313 0.347072
239000 0.112058 0.135629 0.121409 0.369096
240000 0.104245 0.129671 0.131008 0.364923
241000 0.106616 0.135029 0.121049 0.362694
242000 0.103522 0.124919 0.126963 0.355403
243000 0.106987 0.134385 0.127517 0.368889
244000 0.10488 0.12911 0.13144 0.36543
245000 0.106705 0.125457 0.119797 0.351959
246000 0.110563 0.133263 0.13415 0.377976
247000 0.105935 0.130246 0.125753 0.361933
248000 0.108541 0.133544 0.127335 0.36942
249000 0.11708 0.13119 0.128317 0.376587
250000 0.109069 0.131612 0.132558 0.373239
251000 0.112218 0.129761 0.125243 0.367222
252000 0.112016 0.128326 0.125268 0.365611
253000 0.115051 0.136029 0.123522 0.374602
254000 0.122314 0.139545 0.13261 0.394469
255000 0.108926 0.133336 0.119976 0.362238
256000 0.115932 0.138791 0.134591 0.389314
257000 0.116416 0.133554 0.137152 0.387122
258000 0.115074 0.13429 0.142796 0.39216
259000 0.125973 0.143405 0.134601 0.403979
260000 0.112752 0.127329 0.129312 0.369393
261000 0.110968 0.135558 0.130947 0.377473
262000 0.111323 0.128478 0.133704 0.373505
263000 0.118758 0.139541 0.129209 0.387509
264000 0.109905 0.127943 0.131524 0.369372
265000 0.115967 0.136543 0.136958 0.389468
266000 0.1103 0.133785 0.13236 0.376445
267000 0.116994 0.137639 0.136801 0.391434
268000 0.121372 0.140787 0.133266 0.395426
269000 0.11376 0.137803 0.124047 0.37561
270000 0.115921 0.143879 0.132652 0.392452
271000 0.106836 0.138592 0.126605 0.372033
272000 0.1158 0.131224 0.125405 0.372428
273000 0.12267 0.140276 0.121654 0.384601
274000 0.122587 0.142506 0.129673 0.394766
275000 0.124052 0.135457 0.136717 0.396226
276000 0.122037 0.135965 0.148744 0.406747
277000 0.119175 0.148854 0.140194 0.408224
278000 0.127644 0.141039 0.137143 0.405826
279000 0.114783 0.130317 0.134245 0.379344
280000 0.121429 0.140481 0.127643 0.389552
281000 0.125494 0.145031 0.133144 0.40367
282000 0.119619 0.142778 0.139808 0.402205
283000 0.119324 0.15089 0.15129 0.421505
284000 0.118703 0.135539 0.1422 0.396441
285000 0.114673 0.139151 0.148985 0.402809
286000 0.117221 0.139395 0.13893 0.395546
287000 0.128389 0.146676 0.137633 0.412698
288000 0.119425 0.14432 0.143082 0.406827
289000 0.12638 0.137401 0.142107 0.405888
290000 0.131635 0.148313 0.139485 0.419433
291000 0.114438 0.136991 0.13479 0.386219
292000 0.127294 0.145975 0.144573 0.417842
293000 0.121347 0.14002 0.141528 0.402895
294000 0.125048 0.143852 0.149365 0.418265
295000 0.128086 0.155629 0.139946 0.423661
296000 0.126419 0.149968 0.136919 0.413306
297000 0.121807 0.140694 0.139391 0.401892
298000 0.123962 0.136064 0.135239 0.395266
299000 0.131921 0.149779 0.141494 0.423194
300000 0.119532 0.142564 0.141009 0.403104
301000 0.130368 0.160926 0.142082 0.433376
302000 0.124595 0.138162 0.144218 0.406975
303000 0.125255 0.13978 0.140139 0.405174
304000 0.125584 0.145292 0.14272 0.413596
305000 0.127874 0.150991 0.13238 0.411245
306000 0.122047 0.146013 0.14573 0.41379
307000 0.129638 0.150296 0.144687 0.42462
308000 0.124218 0.147676 0.139154 0.411049
309000 0.127055 0.159299 0.145489 0.431843
310000 0.123349 0.150453 0.149468 0.42327
311000 0.12275 0.144838 0.149277 0.416866
312000 0.130844 0.160067 0.14459 0.435501
313000 0.12548 0.148031 0.142078 0.415589
314000 0.131637 0.155591 0.150842 0.43807
315000 0.131715 0.150458 0.135196 0.41737
316000 0.126703 0.155005 0.138061 0.419769
317000 0.128357 0.154675 0.147549 0.430581
318000 0.127403 0.156069 0.145087 0.428559
319000 0.150741 0.163236 0.152872 0.466849
320000 0.126366 0.155859 0.147938 0.430163
321000 0.127799 0.152785 0.145323 0.425908
322000 0.137837 0.163957 0.152936 0.45473
323000 0.138088 0.157747 0.153007 0.448843
324000 0.139492 0.163309 0.151137 0.453937
325000 0.140027 0.160739 0.146552 0.447319
326000 0.132732 0.153952 0.155123 0.441807
327000 0.135088 0.158319 0.146787 0.440194
328000 0.139623 0.16114 0.151674 0.452438
329000 0.134673 0.167878 0.142522 0.445073
330000 0.14692 0.161237 0.145584 0.453741
331000 0.138568 0.163231 0.151889 0.453688
332000 0.141855 0.158397 0.152591 0.452843
333000 0.142614 0.163829 0.142146 0.448589
334000 0.143253 0.160565 0.158607 0.462425
335000 0.137979 0.167149 0.160272 0.465399
336000 0.14542 0.15854 0.15445 0.45841
337000 0.13769 0.153814 0.154528 0.446032
338000 0.155162 0.171855 0.149913 0.47693
339000 0.141882 0.171038 0.159825 0.472746
340000 0.142791 0.157805 0.150625 0.45122
341000 0.14832 0.166494 0.150347 0.465162
342000 0.136064 0.160784 0.158281 0.455129
343000 0.143139 0.163369 0.170471 0.476979
344000 0.141094 0.160908 0.158257 0.460259
345000 0.134566 0.157783 0.148086 0.440435
346000 0.140343 0.166409 0.159437 0.46619
347000 0.145383 0.172146 0.164187 0.481716
348000 0.148748 0.162234 0.164899 0.47588
349000 0.146851 0.172937 0.162795 0.482583
350000 0.145273 0.16227 0.166638 0.474181
351000 0.149097 0.157673 0.166064 0.472834
352000 0.143991 0.153356 0.165614 0.462961
353000 0.138066 0.157642 0.15553 0.451239
354000 0.140624 0.159393 0.162601 0.462617
355000 0.135305 0.160411 0.158148 0.453865
356000 0.143035 0.167287 0.159703 0.470025
357000 0.146806 0.172426 0.171469 0.4907
358000 0.136479 0.166466 0.158014 0.460959
359000 0.148019 0.156252 0.167161 0.471432
360000 0.142821 0.171626 0.17033 0.484778
361000 0.139234 0.166956 0.159871 0.466062
362000 0.152013 0.166153 0.170371 0.488537
363000 0.144218 0.161643 0.16659 0.472452
364000 0.147603 0.163224 0.159312 0.470139
365000 0.159087 0.175968 0.162155 0.49721
366000 0.147405 0.166722 0.16189 0.476017
367000 0.142015 0.16211 0.160873 0.464999
368000 0.150578 0.162689 0.161528 0.474795
369000 0.146689 0.162573 0.164104 0.473366
370000 0.144983 0.172298 0.168888 0.486169
371000 0.1496 0.164577 0.165883 0.480061
372000 0.148303 0.165988 0.172612 0.486903
373000 0.146682 0.162142 0.165345 0.474169
374000 0.147771 0.158868 0.174916 0.481555
375000 0.154087 0.175167 0.176767 0.506021
376000 0.144481 0.169825 0.167854 0.48216
377000 0.146831 0.169084 0.162812 0.478727
378000 0.16018 0.169972 0.160045 0.490197
379000 0.156885 0.16598 0.168629 0.491494
380000 0.16077 0.173346 0.163479 0.497595
381000 0.146476 0.161601 0.162546 0.470622
382000 0.149581 0.174499 0.167343 0.491423
383000 0.148457 0.168507 0.178009 0.494973
384000 0.154356 0.164006 0.175202 0.493565
385000 0.146631 0.166026 0.172196 0.484853
386000 0.1562 0.167363 0.165405 0.488968
387000 0.152666 0.165243 0.171672 0.489581
388000 0.158164 0.158562 0.179491 0.496217
389000 0.155951 0.16792 0.180889 0.504761
390000 0.153682 0.168832 0.185324 0.507838
391000 0.152697 0.164521 0.173356 0.490574
392000 0.155482 0.167886 0.161934 0.485302
393000 0.156344 0.168821 0.175358 0.500523
394000 0.161506 0.187354 0.17673 0.52559
395000 0.153795 0.164887 0.171332 0.490014
396000 0.16106 0.163861 0.172479 0.4974
397000 0.163054 0.172961 0.170622 0.506637
398000 0.155065 0.16114 0.176911 0.493116
399000 0.170963 0.164675 0.178719 0.514358
400000 0.152274 0.165138 0.169743 0.487155
401000 0.159405 0.170811 0.175777 0.505994
402000 0.157874 0.175425 0.174447 0.507746
403000 0.151841 0.168052 0.172336 0.492229
404000 0.150139 0.165554 0.18049 0.496184
405000 0.156402 0.170101 0.178717 0.505221
406000 0.158796 0.164638 0.181893 0.505327
407000 0.1644 0.175414 0.182901 0.522714
408000 0.159717 0.17702 0.179881 0.516617
409000 0.152361 0.176011 0.180634 0.509006
410000 0.160486 0.182675 0.186954 0.530115
411000 0.158247 0.172878 0.191002 0.522127
412000 0.16546 0.177401 0.172724 0.515585
413000 0.153258 0.165404 0.179412 0.498074
414000 0.174459 0.177087 0.18011 0.531656
415000 0.175908 0.18109 0.187525 0.544524
416000 0.160026 0.166544 0.190518 0.517089
417000 0.166502 0.176453 0.192979 0.535935
418000 0.171598 0.184136 0.190316 0.546051
419000 0.174792 0.172838 0.194447 0.542077
420000 0.168144 0.175659 0.190228 0.534031
421000 0.166409 0.17003 0.180955 0.517394
422000 0.178507 0.182372 0.187323 0.548202
423000 0.164926 0.171822 0.192439 0.529187
424000 0.175987 0.175832 0.190847 0.542666
425000 0.179804 0.183618 0.195191 0.558613
426000 0.163984 0.179853 0.183985 0.527822
427000 0.16288 0.17977 0.187211 0.529861
428000 0.174617 0.186058 0.194838 0.555513
429000 0.16941 0.17695 0.181693 0.528053
430000 0.174638 0.177803 0.187896 0.540337
431000 0.170845 0.177571 0.183967 0.532383
432000 0.170433 0.181876 0.194835 0.547144
433000 0.176667 0.181081 0.184442 0.54219
434000 0.186599 0.184887 0.197051 0.568537
435000 0.170142 0.174141 0.194018 0.5383
436000 0.176777 0.173083 0.189391 0.539251
437000 0.182437 0.189666 0.189904 0.562008
438000 0.177069 0.183676 0.194806 0.555551
439000 0.175775 0.178128 0.189756 0.543658
440000 0.175432 0.178745 0.194939 0.549116
441000 0.166619 0.180584 0.197331 0.544534
442000 0.173153 0.19186 0.203802 0.568815
443000 0.172715 0.177654 0.200613 0.550982
444000 0.168763 0.180849 0.19935 0.548963
445000 0.1774 0.189016 0.194154 0.560569
446000 0.179098 0.176451 0.192492 0.548041
447000 0.165451 0.17978 0.194918 0.540149
448000 0.176628 0.18091 0.201033 0.558572
449000 0.171139 0.181663 0.199637 0.552438
450000 0.172285 0.181623 0.194864 0.548771
451000 0.171919 0.188012 0.190177 0.550108
452000 0.169756 0.186618 0.197642 0.554016
453000 0.167771 0.177051 0.192433 0.537254
454000 0.17881 0.17738 0.202366 0.558556
455000 0.17368 0.191503 0.202455 0.567638
456000 0.170051 0.187797 0.201859 0.559707
457000 0.175922 0.183177 0.195258 0.554357
458000 0.162087 0.183857 0.190243 0.536187
459000 0.16986 0.181366 0.197718 0.548944
460000 0.164381 0.191772 0.198688 0.554841
461000 0.176993 0.193644 0.195738 0.566375
462000 0.170115 0.189237 0.194551 0.553904
463000 0.185391 0.186805 0.19492 0.567115
464000 0.183521 0.190895 0.197554 0.57197
465000 0.170986 0.180619 0.195065 0.54667
466000 0.174116 0.191147 0.194377 0.559641
467000 0.166405 0.185571 0.200883 0.552859
468000 0.167865 0.180029 0.1995 0.547393
469000 0.180032 0.185321 0.198822 0.564176
470000 0.177089 0.173199 0.192661 0.54295
471000 0.173813 0.182736 0.193522 0.550071
472000 0.174149 0.183656 0.192873 0.550679
473000 0.172018 0.181247 0.195026 0.54829
474000 0.176725 0.183018 0.197802 0.557545
475000 0.176764 0.18783 0.195308 0.559901
476000 0.176091 0.185846 0.194766 0.556703
477000 0.187464 0.199628 0.200187 0.587278
478000 0.191972 0.191729 0.201833 0.585533
479000 0.188729 0.196553 0.198127 0.583408
480000 0.175054 0.185766 0.193554 0.554373
481000 0.176434 0.18756 0.196664 0.560658
482000 0.182961 0.194615 0.19991 0.577486
483000 0.179497 0.182187 0.193609 0.555292
484000 0.181901 0.188823 0.205772 0.576496
485000 0.17877 0.192889 0.19205 0.563709
486000 0.171182 0.181145 0.213648 0.565974
487000 0.189366 0.190981 0.205107 0.585454
488000 0.174538 0.18054 0.207446 0.562524
489000 0.171099 0.190835 0.212197 0.574131
490000 0.175989 0.201764 0.202302 0.580055
491000 0.178849 0.189354 0.20243 0.570633
492000 0.170818 0.192053 0.197524 0.560396
493000 0.170778 0.188432 0.198231 0.557441
494000 0.173197 0.182687 0.206032 0.561915
495000 0.177291 0.18892 0.188047 0.554258
496000 0.169795 0.185121 0.199754 0.55467
497000 0.171574 0.192404 0.192006 0.555984
498000 0.174431 0.20212 0.204396 0.580947
499000 0.181713 0.204098 0.198768 0.584579
500000 0.174057 0.194915 0.206001 0.574974
501000 0.167938 0.189058 0.194577 0.551572
502000 0.173679 0.193173 0.195261 0.562113
503000 0.165503 0.193083 0.199473 0.558059
504000 0.173024 0.191851 0.194412 0.559287
505000 0.177298 0.187704 0.199596 0.564597
506000 0.172429 0.199121 0.19472 0.56627
507000 0.178755 0.191632 0.202319 0.572707
508000 0.181242 0.195299 0.194789 0.57133
509000 0.179422 0.194707 0.195748 0.569878
510000 0.174863 0.202202 0.205389 0.582454
511000 0.180162 0.197025 0.203228 0.580415
512000 0.183533 0.202098 0.197803 0.583434
513000 0.176887 0.190289 0.203016 0.570193
514000 0.174742 0.184281 0.193365 0.552388
515000 0.17913 0.205047 0.194811 0.578988
516000 0.180928 0.19318 0.197418 0.571526
517000 0.185702 0.197887 0.198732 0.582322
518000 0.179234 0.203194 0.196553 0.578981
519000 0.167046 0.187519 0.201339 0.555904
520000 0.181899 0.196629 0.199169 0.577698
521000 0.172581 0.191925 0.201182 0.565688
522000 0.180253 0.19882 0.189252 0.568325
523000 0.174395 0.194391 0.205649 0.574435
524000 0.175973 0.1973 0.207265 0.580539
525000 0.169004 0.192734 0.207921 0.56966
526000 0.166705 0.199507 0.208484 0.574695
527000 0.175033 0.201849 0.199804 0.576686
528000 0.178876 0.19934 0.200727 0.578942
529000 0.190732 0.202722 0.207442 0.600897
530000 0.185482 0.197365 0.202994 0.585841
531000 0.188198 0.20991 0.199173 0.597281
532000 0.181022 0.203398 0.19667 0.58109
533000 0.178289 0.20418 0.201638 0.584107
534000 0.185117 0.206096 0.221608 0.612821
535000 0.17911 0.212163 0.221801 0.613074
536000 0.177548 0.203021 0.21229 0.592859
537000 0.184049 0.217043 0.205883 0.606975
538000 0.182653 0.204469 0.209226 0.596348
539000 0.189293 0.212769 0.215127 0.61719
540000 0.174777 0.203396 0.204204 0.582377
541000 0.187905 0.212819 0.210448 0.611172
542000 0.192252 0.212666 0.20466 0.609577
543000 0.167279 0.207125 0.212781 0.587185
544000 0.189445 0.215602 0.207635 0.612682
545000 0.176248 0.20633 0.208269 0.590846
546000 0.176716 0.200369 0.208193 0.585278
547000 0.18751 0.206922 0.208544 0.602977
548000 0.174776 0.207952 0.204725 0.587452
549000 0.183678 0.213356 0.206396 0.60343
550000 0.182552 0.217151 0.219746 0.61945
551000 0.179527 0.200047 0.216403 0.595977
552000 0.184019 0.21155 0.216517 0.612086
553000 0.181199 0.205097 0.211653 0.597949
554000 0.18448 0.205628 0.202472 0.592579
555000 0.182958 0.209913 0.212722 0.605593
556000 0.178277 0.218078 0.20064 0.596995
557000 0.172916 0.207879 0.207975 0.58877
558000 0.181393 0.210795 0.213492 0.60568
559000 0.1833 0.208611 0.213175 0.605086
560000 0.18255 0.207884 0.215641 0.606075
561000 0.181956 0.204892 0.216448 0.603296
562000 0.193353 0.209754 0.21538 0.618487
563000 0.197119 0.22111 0.215292 0.633522
564000 0.187622 0.216149 0.203411 0.607182
565000 0.173405 0.225021 0.205442 0.603868
566000 0.182654 0.214284 0.204026 0.600965
567000 0.187352 0.215335 0.211758 0.614445
568000 0.175067 0.216935 0.208769 0.600771
569000 0.191969 0.223015 0.212541 0.627525
570000 0.195622 0.222405 0.204908 0.622934
571000 0.181246 0.227874 0.203414 0.612535
572000 0.191822 0.217313 0.205228 0.614362
573000 0.182985 0.224684 0.214815 0.622484
574000 0.186531 0.205642 0.20517 0.597343
575000 0.185637 0.22208 0.215494 0.623211
576000 0.178591 0.215023 0.19833 0.591944
577000 0.189555 0.228925 0.209489 0.627969
578000 0.190754 0.2237 0.212455 0.626908
579000 0.184849 0.225531 0.201877 0.612257
580000 0.19084 0.215623 0.204207 0.610671
581000 0.186722 0.208526 0.208718 0.603966
582000 0.18537 0.212152 0.208132 0.605653
583000 0.190187 0.223757 0.22364 0.637584
584000 0.189751 0.222729 0.207295 0.619776
585000 0.180567 0.216473 0.198176 0.595216
586000 0.181233 0.224053 0.216209 0.621494
587000 0.179312 0.226704 0.210174 0.61619
588000 0.182242 0.216807 0.20303 0.602079
589000 0.179699 0.213057 0.215833 0.60859
590000 0.174555 0.213445 0.212306 0.600306
591000 0.187695 0.212377 0.202665 0.602737
592000 0.186158 0.21485 0.206508 0.607516
593000 0.189931 0.221898 0.204937 0.616766
594000 0.183622 0.214571 0.200299 0.598492
595000 0.181052 0.217279 0.197946 0.596277
596000 0.185168 0.215148 0.203361 0.603677
597000 0.186417 0.229306 0.201166 0.616889
598000 0.185655 0.212496 0.203999 0.60215
599000 0.180027 0.21467 0.225189 0.619886
600000 0.183605 0.220295 0.202852 0.606752
601000 0.178323 0.216224 0.202456 0.597003
602000 0.181365 0.212131 0.209444 0.60294
603000 0.19347 0.221913 0.215254 0.630637
604000 0.183408 0.212157 0.205538 0.601103
605000 0.178141 0.221308 0.204644 0.604094
606000 0.185148 0.220227 0.220173 0.625547
607000 0.187772 0.218524 0.213918 0.620215
608000 0.185982 0.212092 0.214579 0.612653
609000 0.189134 0.223703 0.213033 0.625869
610000 0.195714 0.218954 0.212301 0.626969
611000 0.191298 0.22257 0.204553 0.618421
612000 0.19627 0.223222 0.217713 0.637205
613000 0.184515 0.214257 0.218807 0.617579
614000 0.192089 0.226306 0.205986 0.624381
615000 0.188614 0.211833 0.219585 0.620032
616000 0.177345 0.206621 0.213567 0.597533
617000 0.180137 0.214234 0.208395 0.602766
618000 0.193073 0.214664 0.206713 0.61445
619000 0.186122 0.214269 0.211491 0.611882
620000 0.190183 0.220782 0.21812 0.629085
621000 0.200206 0.216621 0.219919 0.636746
622000 0.181551 0.223162 0.218375 0.623089
623000 0.187318 0.219806 0.201546 0.608669
624000 0.197933 0.222573 0.207745 0.62825
625000 0.190654 0.222378 0.213054 0.626085
626000 0.194051 0.21552 0.210118 0.619689
627000 0.192599 0.221566 0.216952 0.631118
628000 0.192899 0.21665 0.219442 0.628991
629000 0.179674 0.210125 0.221431 0.61123
630000 0.194809 0.235619 0.22262 0.653047
631000 0.189012 0.213794 0.233715 0.636521
632000 0.195576 0.230737 0.217018 0.643332
633000 0.18667 0.21299 0.214995 0.614656
634000 0.190646 0.217968 0.22579 0.634405
635000 0.185441 0.225732 0.227196 0.638369
636000 0.192259 0.219542 0.224247 0.636048
637000 0.189528 0.221954 0.215297 0.626779
638000 0.193549 0.232096 0.215382 0.641027
639000 0.194146 0.229128 0.218617 0.641891
640000 0.19324 0.219942 0.220004 0.633186
641000 0.196442 0.216398 0.218126 0.630967
642000 0.190036 0.230738 0.223477 0.64425
643000 0.185253 0.219685 0.222826 0.627764
644000 0.189105 0.224165 0.223338 0.636608
645000 0.185003 0.222075 0.225571 0.632649
646000 0.195473 0.226536 0.238426 0.660436
647000 0.191023 0.226584 0.233983 0.65159
648000 0.192687 0.229766 0.215502 0.637955
649000 0.192988 0.233588 0.227496 0.654072
650000 0.182387 0.224489 0.22287 0.629746
651000 0.193172 0.217483 0.226859 0.637513
652000 0.192387 0.22684 0.227722 0.64695
653000 0.183984 0.233546 0.2405 0.65803
654000 0.1862 0.222018 0.222946 0.631164
655000 0.183457 0.230253 0.221988 0.635699
656000 0.189594 0.227759 0.219983 0.637336
657000 0.195428 0.233578 0.223297 0.652303
658000 0.1988 0.236054 0.227404 0.662258
659000 0.190386 0.235769 0.225221 0.651377
660000 0.178622 0.219726 0.227307 0.625655
661000 0.20025 0.227359 0.222929 0.650539
662000 0.183742 0.236224 0.229303 0.649269
663000 0.191685 0.22607 0.218291 0.636046
664000 0.19379 0.233723 0.228005 0.655518
665000 0.187787 0.238009 0.22187 0.647666
666000 0.196095 0.239769 0.228765 0.664629
667000 0.188938 0.23805 0.225582 0.65257
668000 0.194601 0.242385 0.228035 0.665021
669000 0.188292 0.230681 0.22278 0.641753
670000 0.176797 0.226832 0.233231 0.636861
671000 0.183285 0.237984 0.236923 0.658192
672000 0.197898 0.240832 0.225437 0.664168
673000 0.192108 0.239708 0.227819 0.659634
674000 0.198952 0.238594 0.230056 0.667602
675000 0.19202 0.240497 0.232922 0.665439
676000 0.199955 0.245719 0.239165 0.68484
677000 0.192489 0.242668 0.23064 0.665797
678000 0.204365 0.245234 0.239256 0.688856
679000 0.199058 0.238319 0.224982 0.662358
680000 0.201249 0.235596 0.238919 0.675763
681000 0.206625 0.252739 0.233599 0.692963
682000 0.206457 0.230471 0.228285 0.665214
683000 0.186738 0.230854 0.242846 0.660438
684000 0.191206 0.240918 0.232409 0.664533
685000 0.188119 0.237412 0.232499 0.65803
686000 0.189592 0.23452 0.245434 0.669545
687000 0.200139 0.233353 0.230986 0.664479
688000 0.185511 0.235363 0.228519 0.649394
689000 0.188392 0.22416 0.235324 0.647875
690000 0.194281 0.240142 0.234337 0.66876
691000 0.196975 0.24204 0.231796 0.670811
692000 0.196775 0.239626 0.230947 0.667348
693000 0.190566 0.220257 0.222625 0.633447
694000 0.190034 0.236068 0.234257 0.660359
695000 0.195314 0.241907 0.236521 0.673742
696000 0.188229 0.237492 0.234695 0.660416
697000 0.190554 0.237219 0.242194 0.669967
698000 0.185272 0.237228 0.238206 0.660706
699000 0.190845 0.240642 0.241814 0.6733
700000 0.190824 0.245565 0.243715 0.680105
701000 0.194551 0.239147 0.243987 0.677685
702000 0.194951 0.233342 0.240189 0.668482
703000 0.203124 0.238237 0.232836 0.674197
704000 0.191022 0.233937 0.225637 0.650596
705000 0.206598 0.240751 0.246559 0.693908
706000 0.192953 0.239254 0.241698 0.673906
707000 0.185357 0.228505 0.236307 0.650169
708000 0.20704 0.23458 0.232136 0.673756
709000 0.193061 0.235648 0.239115 0.667824
710000 0.198266 0.234321 0.237446 0.670033
711000 0.205491 0.242109 0.238308 0.685908
712000 0.196349 0.227971 0.230266 0.654586
713000 0.196878 0.235326 0.232817 0.665022
714000 0.195885 0.248685 0.231067 0.675636
715000 0.194204 0.24213 0.236304 0.672638
716000 0.194605 0.243332 0.240262 0.678199
717000 0.190872 0.239088 0.232388 0.662349
718000 0.197728 0.243183 0.236977 0.677887
719000 0.186068 0.231371 0.235253 0.652691
720000 0.201854 0.233147 0.238693 0.673693
721000 0.195625 0.24414 0.239546 0.679311
722000 0.20211 0.247767 0.239894 0.689771
723000 0.195265 0.248071 0.242311 0.685647
724000 0.195012 0.238243 0.240421 0.673676
725000 0.204594 0.24112 0.254104 0.699819
726000 0.20541 0.250374 0.252744 0.708529
727000 0.207334 0.25025 0.24807 0.705654
728000 0.205078 0.240884 0.252721 0.698684
729000 0.203331 0.246263 0.259393 0.708987
730000 0.191577 0.241076 0.248503 0.681156
731000 0.197906 0.246629 0.251792 0.696327
732000 0.193051 0.250556 0.25241 0.696017
733000 0.20191 0.239297 0.243747 0.684955
734000 0.194279 0.253664 0.244357 0.6923
735000 0.197596 0.244137 0.24033 0.682063
736000 0.199709 0.252579 0.242612 0.694899
737000 0.194742 0.248362 0.250012 0.693115
738000 0.204806 0.243744 0.249726 0.698276
739000 0.203447 0.248139 0.252994 0.70458
740000 0.198564 0.241574 0.255821 0.695958
741000 0.193541 0.248787 0.257127 0.699455
742000 0.217054 0.249678 0.248621 0.715353
743000 0.203482 0.23932 0.251115 0.693917
744000 0.196989 0.237794 0.249746 0.684529
745000 0.196959 0.243193 0.253795 0.693947
746000 0.207083 0.239896 0.259748 0.706726
747000 0.205211 0.243298 0.253875 0.702385
748000 0.216931 0.24586 0.256989 0.719781
749000 0.208032 0.244477 0.255944 0.708453
750000 0.207039 0.252842 0.260779 0.72066
751000 0.202114 0.246151 0.25705 0.705315
752000 0.20187 0.245407 0.24836 0.695638
753000 0.199458 0.248561 0.258406 0.706425
754000 0.201294 0.25096 0.259248 0.711502
755000 0.210961 0.244263 0.24402 0.699244
756000 0.216024 0.248551 0.249053 0.713627
757000 0.21391 0.250312 0.258538 0.722761
758000 0.216979 0.251872 0.250753 0.719604
759000 0.21336 0.256528 0.25424 0.724128
760000 0.210184 0.248875 0.261795 0.720854
761000 0.229064 0.255161 0.25928 0.743505
762000 0.213605 0.249407 0.256796 0.719808
763000 0.207511 0.252925 0.257601 0.718037
764000 0.213942 0.246129 0.253797 0.713868
765000 0.204702 0.248852 0.258077 0.711631
766000 0.205407 0.248741 0.261887 0.716034
767000 0.214881 0.259269 0.254625 0.728775
768000 0.219369 0.261629 0.256576 0.737574
769000 0.21378 0.260136 0.253113 0.727028
770000 0.20712 0.252335 0.260114 0.719568
771000 0.209522 0.249522 0.259867 0.718911
772000 0.209472 0.254183 0.260204 0.723859
773000 0.204998 0.257682 0.251347 0.714027
774000 0.206944 0.257821 0.254849 0.719614
775000 0.207778 0.260635 0.265609 0.734021
776000 0.217438 0.255833 0.248843 0.722113
777000 0.217055 0.268385 0.260725 0.746165
778000 0.218432 0.25272 0.26475 0.735902
779000 0.210796 0.26209 0.260599 0.733485
780000 0.204204 0.245143 0.252673 0.70202
781000 0.218838 0.252891 0.277412 0.749141
782000 0.212954 0.252887 0.270969 0.736811
783000 0.206255 0.262264 0.263083 0.731602
784000 0.206424 0.25207 0.255311 0.713805
785000 0.203555 0.255047 0.260199 0.718801
786000 0.226584 0.248855 0.26748 0.742919
787000 0.216523 0.260394 0.256773 0.73369
788000 0.217962 0.259646 0.264738 0.742346
789000 0.230807 0.270143 0.25703 0.75798
790000 0.217033 0.255104 0.25382 0.725957
791000 0.219077 0.248735 0.256984 0.724796
792000 0.225914 0.26722 0.26441 0.757544
793000 0.211455 0.256865 0.276086 0.744406
794000 0.217033 0.263573 0.274065 0.754672
795000 0.223436 0.249237 0.268267 0.74094
796000 0.222881 0.265602 0.26888 0.757363
797000 0.212798 0.257912 0.264486 0.735196
798000 0.225767 0.25363 0.267378 0.746775
799000 0.218387 0.260415 0.268448 0.74725
800000 0.220696 0.260315 0.268623 0.749635
801000 0.223444 0.253146 0.259344 0.735934
802000 0.209767 0.275105 0.263462 0.748333
803000 0.217262 0.261022 0.267032 0.745316
804000 0.211922 0.261739 0.271815 0.745476
805000 0.227564 0.255222 0.280146 0.762932
806000 0.217714 0.266048 0.286947 0.770709
807000 0.213646 0.260287 0.263321 0.737253
808000 0.216001 0.262155 0.268283 0.746439
809000 0.229568 0.255733 0.261651 0.746952
810000 0.225267 0.259901 0.265838 0.751006
811000 0.213703 0.261457 0.268464 0.743624
812000 0.218075 0.261707 0.265274 0.745056
813000 0.232876 0.257608 0.268387 0.75887
814000 0.216063 0.262604 0.274286 0.752953
815000 0.221648 0.275638 0.275253 0.772539
816000 0.236734 0.265233 0.277841 0.779809
817000 0.22049 0.272481 0.271737 0.764708
818000 0.217078 0.263571 0.269232 0.749881
819000 0.239305 0.263709 0.26623 0.769243
820000 0.227138 0.267997 0.275132 0.770267
821000 0.226791 0.261441 0.283128 0.77136
822000 0.23192 0.272919 0.28382 0.788659
823000 0.217204 0.253176 0.274352 0.744732
824000 0.231997 0.260167 0.27625 0.768414
825000 0.222651 0.267031 0.278575 0.768257
826000 0.226358 0.272546 0.285486 0.784391
827000 0.221665 0.271038 0.274317 0.767019
828000 0.226292 0.266924 0.271277 0.764494
829000 0.22825 0.265077 0.27006 0.763386
830000 0.231715 0.261659 0.274686 0.76806
831000 0.224555 0.267906 0.282607 0.775067
832000 0.228453 0.268434 0.283124 0.780011
833000 0.230696 0.272686 0.279334 0.782716
834000 0.224541 0.27347 0.265929 0.76394
835000 0.219624 0.276407 0.265949 0.76198
836000 0.245779 0.271003 0.278302 0.795085
837000 0.224676 0.269448 0.287006 0.781129
838000 0.229118 0.272854 0.286476 0.788449
839000 0.232845 0.262144 0.278106 0.773094
840000 0.225245 0.262838 0.283522 0.771605
841000 0.22994 0.274887 0.280114 0.784941
842000 0.238396 0.278271 0.284683 0.80135
843000 0.233716 0.274414 0.29006 0.798191
844000 0.225255 0.279818 0.279974 0.785048
845000 0.236042 0.271695 0.283162 0.790899
846000 0.236412 0.273638 0.274599 0.784649
847000 0.231982 0.272491 0.280673 0.785147
848000 0.226921 0.264499 0.281768 0.773189
849000 0.231206 0.277305 0.277334 0.785844
850000 0.233267 0.28708 0.289587 0.809935
851000 0.224539 0.260004 0.27858 0.763123
852000 0.240854 0.283485 0.28127 0.80561
853000 0.226288 0.270704 0.276699 0.77369
854000 0.236347 0.281653 0.278002 0.796002
855000 0.22996 0.283731 0.280301 0.793992
856000 0.229454 0.277531 0.290208 0.797193
857000 0.229003 0.275446 0.289054 0.793504
858000 0.226475 0.26275 0.283359 0.772585
859000 0.227442 0.261536 0.292807 0.781784
860000 0.230386 0.265512 0.286169 0.782068
861000 0.232057 0.268955 0.280886 0.781898
862000 0.238591 0.271813 0.28526 0.795665
863000 0.226839 0.271929 0.27203 0.770798
864000 0.235469 0.270337 0.283208 0.789014
865000 0.244833 0.27147 0.284779 0.801082
866000 0.231165 0.272753 0.296223 0.80014
867000 0.236587 0.263698 0.286576 0.786861
868000 0.234214 0.269989 0.300818 0.805022
869000 0.232283 0.272064 0.294759 0.799106
870000 0.236809 0.268401 0.290229 0.795439
871000 0.227995 0.267972 0.298508 0.794475
872000 0.239143 0.262499 0.289238 0.79088
873000 0.23304 0.264581 0.28081 0.778432
874000 0.231136 0.278142 0.292958 0.802237
875000 0.228156 0.271904 0.296391 0.796452
876000 0.23921 0.275144 0.292525 0.806879
877000 0.236802 0.279338 0.285387 0.801527
878000 0.227511 0.267183 0.301671 0.796365
879000 0.231197 0.263711 0.298185 0.793092
880000 0.224529 0.273685 0.278968 0.777182
881000 0.246991 0.277732 0.296578 0.821301
882000 0.238061 0.272105 0.292146 0.802313
883000 0.235191 0.275324 0.303834 0.814349
884000 0.234271 0.271103 0.295003 0.800376
885000 0.226392 0.27251 0.300489 0.799392
886000 0.245016 0.274345 0.294213 0.813574
887000 0.224066 0.263532 0.29929 0.786888
888000 0.236112 0.277303 0.293576 0.80699
889000 0.240121 0.275763 0.290579 0.806463
890000 0.237069 0.278006 0.281548 0.796623
891000 0.245825 0.273398 0.295287 0.81451
892000 0.247118 0.272514 0.29183 0.811461
893000 0.238644 0.28296 0.297709 0.819313
894000 0.243567 0.281479 0.295765 0.820811
895000 0.237503 0.29057 0.298102 0.826174
896000 0.257518 0.306025 0.290946 0.854488
897000 0.251053 0.293882 0.287581 0.832516
898000 0.253927 0.308071 0.292222 0.854221
899000 0.256091 0.299285 0.295957 0.851333
900000 0.249813 0.292078 0.294622 0.836513
901000 0.255221 0.294342 0.293866 0.843429
902000 0.238477 0.295008 0.292332 0.825817
903000 0.254695 0.295469 0.301733 0.851898
904000 0.250538 0.293881 0.296154 0.840573
905000 0.260885 0.309631 0.29532 0.865837
906000 0.24858 0.288749 0.300237 0.837567
907000 0.248154 0.291018 0.298578 0.83775
908000 0.24203 0.300994 0.295932 0.838955
909000 0.247164 0.284867 0.300252 0.832282
910000 0.249108 0.301407 0.302768 0.853283
911000 0.247285 0.310048 0.306557 0.86389
912000 0.253532 0.300963 0.303995 0.85849
913000 0.247691 0.297382 0.298666 0.843739
914000 0.250918 0.299414 0.307293 0.857626
915000 0.251967 0.294623 0.309554 0.856144
916000 0.252116 0.30119 0.305938 0.859244
917000 0.241005 0.29853 0.300723 0.840258
918000 0.254857 0.298824 0.294251 0.847932
919000 0.259213 0.29807 0.301845 0.859128
920000 0.256042 0.30347 0.298738 0.85825
921000 0.249727 0.300789 0.304424 0.85494
922000 0.255776 0.305509 0.296738 0.858023
923000 0.250712 0.308733 0.313268 0.872713
924000 0.250144 0.300504 0.306442 0.85709
925000 0.243688 0.301072 0.297897 0.842656
926000 0.257841 0.312539 0.307197 0.877577
927000 0.248431 0.31099 0.305664 0.865084
928000 0.24663 0.313815 0.309806 0.870251
929000 0.254281 0.305525 0.311169 0.870975
930000 0.256721 0.313437 0.312456 0.882614
931000 0.247256 0.304482 0.302579 0.854317
932000 0.253877 0.308029 0.299729 0.861636
933000 0.244459 0.312633 0.300688 0.857779
934000 0.255275 0.303252 0.307463 0.86599
935000 0.25556 0.29903 0.314388 0.868978
936000 0.254063 0.302125 0.320869 0.877056
937000 0.26293 0.306 0.312206 0.881136
938000 0.250822 0.315514 0.307845 0.874181
939000 0.258954 0.304229 0.302986 0.866169
940000 0.252651 0.316117 0.308907 0.877675
941000 0.250674 0.309662 0.303549 0.863885
942000 0.257639 0.301755 0.313656 0.87305
943000 0.257585 0.292784 0.315476 0.865845
944000 0.251982 0.312593 0.30533 0.869904
945000 0.245428 0.306935 0.31356 0.865923
946000 0.261799 0.309266 0.315564 0.88663
947000 0.25391 0.295652 0.294242 0.843804
948000 0.249805 0.309575 0.305113 0.864493
949000 0.249734 0.30428 0.302694 0.856708
950000 0.254822 0.319055 0.299767 0.873645
951000 0.252536 0.301404 0.306298 0.860238
952000 0.249404 0.301228 0.307102 0.857733
953000 0.2483 0.304955 0.311115 0.86437
954000 0.251173 0.293845 0.307145 0.852164
955000 0.259338 0.306989 0.307496 0.873823
956000 0.262765 0.320277 0.304964 0.888006
957000 0.256874 0.310319 0.306661 0.873854
958000 0.252401 0.309446 0.304423 0.86627
959000 0.254146 0.305965 0.319072 0.879183
960000 0.25515 0.310798 0.317616 0.883563
961000 0.258474 0.308267 0.312555 0.879296
962000 0.259376 0.310914 0.309501 0.87979
963000 0.270645 0.310819 0.306764 0.888227
964000 0.263121 0.309638 0.306431 0.87919
965000 0.251367 0.308329 0.321943 0.881639
966000 0.265987 0.310972 0.302268 0.879227
967000 0.258202 0.312909 0.319656 0.890767
968000 0.255892 0.305475 0.323327 0.884694
969000 0.261593 0.306302 0.304226 0.872121
970000 0.253048 0.304121 0.313962 0.871131
971000 0.257444 0.3078 0.316143 0.881387
972000 0.255925 0.313619 0.314372 0.883916
973000 0.262015 0.317646 0.322982 0.902643
974000 0.261903 0.309047 0.321341 0.89229
975000 0.251258 0.317449 0.312441 0.881148
976000 0.2536 0.304673 0.317624 0.875897
977000 0.25082 0.303393 0.308617 0.86283
978000 0.263374 0.303845 0.317961 0.88518
979000 0.266021 0.312484 0.328061 0.906566
980000 0.256031 0.313885 0.316342 0.886258
981000 0.258824 0.309136 0.31777 0.88573
982000 0.261305 0.312137 0.317195 0.890637
983000 0.264673 0.310806 0.307931 0.88341
984000 0.257259 0.303828 0.310963 0.872051
985000 0.255817 0.312582 0.323718 0.892116
986000 0.252295 0.304315 0.317809 0.87442
987000 0.254744 0.329804 0.307953 0.892502
988000 0.257089 0.308817 0.315424 0.88133
989000 0.257249 0.31548 0.311896 0.884625
990000 0.255632 0.302392 0.32954 0.887564
991000 0.258473 0.307333 0.319071 0.884877
992000 0.255341 0.309717 0.317108 0.882167
993000 0.255037 0.300488 0.317733 0.873259
994000 0.262322 0.309029 0.317731 0.889081
995000 0.267248 0.318056 0.320413 0.905717
996000 0.262131 0.310161 0.30918 0.881472
997000 0.271869 0.32481 0.315273 0.911952
998000 0.259252 0.311215 0.310064 0.880531
999000 0.266738 0.313622 0.313399 0.893758
1000000 0.258422 0.306639 0.315749 0.880809
1001000 0.256274 0.313131 0.325566 0.89497
1002000 0.269849 0.319689 0.317168 0.906706
1003000 0.263051 0.313588 0.31767 0.894309
1004000 0.272214 0.322299 0.303693 0.898206
1005000 0.262519 0.317726 0.309443 0.889689
1006000 0.27259 0.311321 0.313001 0.896912
1007000 0.268152 0.32744 0.316026 0.911618
1008000 0.270365 0.322422 0.320442 0.913229
1009000 0.259228 0.302686 0.31576 0.877675
1010000 0.253331 0.31077 0.311269 0.87537
1011000 0.257532 0.317245 0.312085 0.886861
1012000 0.26657 0.323388 0.318531 0.908489
1013000 0.258834 0.308377 0.313331 0.880542
1014000 0.255312 0.309196 0.313821 0.87833
1015000 0.256164 0.308904 0.310608 0.875676
1016000 0.258068 0.31289 0.312044 0.883002
1017000 0.262071 0.306721 0.318728 0.88752
1018000 0.259145 0.315239 0.316996 0.891379
1019000 0.267478 0.326189 0.312443 0.90611
1020000 0.25399 0.325542 0.323475 0.903007
1021000 0.251388 0.324629 0.306035 0.882052
1022000 0.259888 0.307717 0.315106 0.882711
1023000 0.26977 0.311445 0.306369 0.887583
1024000 0.257141 0.306432 0.320316 0.88389
1025000 0.256184 0.30844 0.307724 0.872348
1026000 0.257646 0.303499 0.316087 0.877232
1027000 0.254104 0.305094 0.3161 0.875298
1028000 0.24785 0.300474 0.322957 0.871281
1029000 0.258246 0.307493 0.321312 0.887052
1030000 0.260507 0.311493 0.318625 0.890625
