          56
Lattice="  35.4000   0.0000   0.0000   0.0000  35.4000   0.0000   0.0000   0.0000  35.4000 " Time=0.000E+00  Step=0
Ni     2.33734869    2.70560559    1.56139440       2
Ni     2.33604233    0.94404964    3.31985967       3
Ni     0.57540842    2.70284526    3.31864170       4
Ni    34.21455908    2.70534721    1.56101302      38
Ni    34.21400413    0.94387038    3.31961631      39
Ni     2.35211390    6.24218765    8.63849954     442
Ni     4.11284681    4.48128290    8.64009606     445
Ni     5.88161052    6.24232814    8.65246887     446
Ni     5.89002221    4.43429217   10.36513659     447
Ni     2.34328593    4.47386439   10.39284070     448
Ni     2.33467457    8.00618663   10.37940630     483
Ni     4.12146579    8.00346280    8.64581355     485
Ni     5.89533472    8.01231778   10.40344801     487
Ni     4.10016043    4.45673124   12.14586982     643
Ni     2.33509216    6.22736132   12.14157063     645
Ni     5.86026894    6.15900027   12.04608116     646
Ni     4.07718350    7.99404789   12.10569182     685
Ni     5.88162221    7.85173267   13.66433756     687
Ni     4.21581096    9.78049962   14.02398569     688
Ni     7.56817881    9.79257951   14.03557557     692
Ni     5.88792955   11.71882293   13.67716848     727
Ni    32.43462594   13.42803271   14.03756017     760
Ni    30.50774251   15.11021451   13.67121027     795
Ni    34.34772727   15.12444137   13.67357892     799
Ni    32.42511643   16.80026356   14.03673926     800
Ni     5.90852533    8.74383505   15.70361181     846
Ni     5.89684139    6.27848369   15.72216180     847
Ni     3.87186366    7.84393016   15.72818426     885
Ni     5.85536615   10.86368182   15.73147566     886
Ni     5.88919059    7.86778141   17.75575315     887
Ni     4.21712169    9.78674615   17.41614539     888
Ni     7.94404321    7.86034657   15.72366833     889
Ni     7.56782807    9.79572210   17.40593248     892
Ni     3.81006535   11.72770128   15.72066959     925
Ni     5.87661478   13.31287026   15.72432612     926
Ni     5.88852091   11.72447935   17.77926149     927
Ni     7.91598905   11.71623974   15.72144920     929
Ni    31.35899411   15.11599300   15.72412333     954
Ni    30.51230233   13.06009243   15.72397231     957
Ni    34.37491446   13.06938294   15.72322133     958
Ni    32.43463057   13.42823053   17.41026166     960
Ni     0.51025248   15.15812036   15.72401674     961
Ni    28.91703763   15.10999778   15.72425437     993
Ni    30.50427879   17.16616430   15.72441845     994
Ni    30.50778045   15.11046889   17.77711500     995
Ni    33.47716875   15.10675121   15.72428582     997
Ni    34.33968741   17.16419061   15.72434766     998
Ni    34.34793723   15.12471531   17.77481879     999
Ni    32.42517759   16.80030837   17.41187194    1000
Ni     2.33673473    0.94624188   35.20319595    1803
Ni     0.57614785    2.70598332   35.20317463    1804
Ni    34.21529271    0.94606027   35.20315472    1839
Ni     2.33663042   34.58550111    1.56169594    2162
Ni     0.57497837   34.58467419    3.31997640    2164
Ni    34.21438506   34.58534152    1.56158654    2198
Ni     0.57584226   34.58706779   35.20380686    3964
          56
Lattice="  35.4000   0.0000   0.0000   0.0000  35.4000   0.0000   0.0000   0.0000  35.4000 " Time=7.564E-14  Step=0.5
Ni     2.33749497    2.70560759    1.56126339       2
Ni     2.33622933    0.94398518    3.31963582       3
Ni     0.57555559    2.70276835    3.31835883       4
Ni    34.21456749    2.70545401    1.56092924      38
Ni    34.21416749    0.94376756    3.31931895      39
Ni     2.35318651    6.24196237    8.63789846     442
Ni     4.11338914    4.48100167    8.63961327     445
Ni     5.88156314    6.24258144    8.65261074     446
Ni     5.88996877    4.43447473   10.36524864     447
Ni     2.34461604    4.47329649   10.39245012     448
Ni     2.33596872    8.00633956   10.37906932     483
Ni     4.12193498    8.00381791    8.64546588     485
Ni     5.89466981    8.01293755   10.40414543     487
Ni     4.10074207    4.45671414   12.14667212     643
Ni     2.33700685    6.22701161   12.14137391     645
Ni     5.85936777    6.15947793   12.04617085     646
Ni     4.07617694    7.99592241   12.10676029     685
Ni     5.88149077    7.85329869   13.66280902     687
Ni     4.21240863    9.78307403   14.02684983     688
Ni     7.56821614    9.79253692   14.03580123     692
Ni     5.88771590   11.71920579   13.67861697     727
Ni    30.63289552   15.11087897   13.84683495     795
Ni     5.90509432    8.74037834   15.70331508     846
Ni     5.89402605    6.27968595   15.72220864     847
Ni     3.86244830    7.85473516   15.72790567     885
Ni     5.85882815   10.86033111   15.73194895     886
Ni     5.88797849    7.87057757   17.75712707     887
Ni     4.21170736    9.79128684   17.41273420     888
Ni     7.94312460    7.86179472   15.72362578     889
Ni     7.56766883    9.79623297   17.40585787     892
Ni     3.81599779   11.73235696   15.71982473     925
Ni     5.87875867   13.31221818   15.72341089     926
Ni     5.88704376   11.72627174   17.77785952     927
Ni     7.91729757   11.71703864   15.72115313     929
Ni    31.02980017   15.10901691   16.12020366     954
Ni    28.92950263   13.35553000   17.50412446     956
Ni    30.58385775   13.00460430   15.62547892     957
Ni    32.38966876   13.41147470   17.45171696     960
Ni    28.77548211   15.11035877   15.67838155     993
Ni    30.57765524   17.21328115   15.62751546     994
Ni    30.52921308   15.11234450   18.20378543     995
Ni    28.92574688   16.86507641   17.50600076     996
Ni    33.10958663   15.11248630   15.57736195     997
Ni    32.38046669   16.81653580   17.45317706    1000
Ni    30.67013960   13.17284791   19.38998695    1154
Ni    28.66415606   15.11006826   19.44003999    1193
Ni    30.66668618   17.05085519   19.39182906    1194
Ni    30.64543410   15.11189667   20.98899770    1195
Ni    32.53739904   15.11597935   19.36240108    1197
Ni     2.33686171    0.94621494   35.20313670    1803
Ni     0.57623600    2.70597934   35.20319319    1804
Ni    34.21541467    0.94605576   35.20315197    1839
Ni     2.33679546   34.58546004    1.56155588    2162
Ni     0.57515490   34.58460410    3.31975956    2164
Ni    34.21451517   34.58527893    1.56142614    2198
Ni     0.57598365   34.58704589   35.20372769    3964
          56
Lattice="  35.4000   0.0000   0.0000   0.0000  35.4000   0.0000   0.0000   0.0000  35.4000 " Time=7.564E-14  Step=1
Ni     2.33794649    2.70580277    1.56135919       2
Ni     2.33671540    0.94398302    3.31930537       3
Ni     0.57598516    2.70294519    3.31824220       4
Ni    34.21468561    2.70582242    1.56114765      38
Ni    34.21453846    0.94380351    3.31900163      39
Ni     2.35421410    6.24276735    8.63868945     442
Ni     4.11374045    4.48064271    8.63907492     445
Ni     5.88045553    6.24358521    8.65345820     446
Ni     5.88975035    4.43411641   10.36492448     447
Ni     2.34580086    4.47223097   10.39177671     448
Ni     2.33494952    8.00936278   10.38038541     483
Ni     4.12090431    8.00608944    8.64681633     485
Ni     5.89271262    8.01486949   10.40543110     487
Ni     4.10082840    4.45600070   12.14690705     643
Ni     2.33812739    6.22675485   12.14030294     645
Ni     5.85710531    6.15969030   12.04465195     646
Ni     4.07306506    7.99966285   12.10782834     685
Ni     5.88184768    7.85491124   13.65788062     687
Ni     4.20847318    9.78513814   14.02804730     688
Ni     7.56991462    9.79213856   14.03492697     692
Ni     5.88734055   11.71813296   13.68033365     727
Ni    30.66899182   15.11101997   13.97942875     795
Ni     5.89339644    8.73231754   15.70066893     846
Ni     5.89050684    6.27937895   15.72110887     847
Ni     3.84720867    7.86217765   15.72569553     885
Ni     5.88131256   10.85210106   15.73183339     886
Ni     5.88901888    7.87296866   17.75764042     887
Ni     4.20846355    9.79280046   17.40674160     888
Ni     7.93876691    7.86598596   15.72347077     889
Ni     7.56967165    9.79648172   17.40556302     892
Ni     3.83667488   11.72373935   15.71617787     925
Ni     5.88400390   13.30951363   15.72242167     926
Ni     5.88569827   11.72651771   17.77475316     927
Ni     7.92907851   11.72224457   15.72041879     929
Ni    30.67823754   15.10903863   16.43508044     954
Ni    28.98340785   13.42407095   17.49418909     956
Ni    30.66902149   13.06190651   15.56606619     957
Ni    32.35091604   13.42676155   17.49474983     960
Ni    28.62719929   15.10990995   15.57016294     993
Ni    30.66409326   17.15752206   15.56772003     994
Ni    30.65446202   15.11141065   18.55471594     995
Ni    28.98182994   16.79521648   17.49524703     996
Ni    32.72157119   15.11406144   15.56228173     997
Ni    32.34294446   16.80194138   17.49566382    1000
Ni    30.66666437   13.06281159   19.42065095    1154
Ni    28.61056700   15.10954768   19.42419407    1193
Ni    30.66512195   17.15958680   19.42229931    1194
Ni    30.66054541   15.11198811   21.01026202    1195
Ni    32.70146481   15.11755755   19.42632413    1197
Ni     2.33722759    0.94618687   35.20333963    1803
Ni     0.57650848    2.70596157   35.20362079    1804
Ni    34.21564862    0.94608401   35.20348548    1839
Ni     2.33731919   34.58535974    1.56140912    2162
Ni     0.57557796   34.58461126    3.31928280    2164
Ni    34.21468568   34.58520958    1.56135799    2198
Ni     0.57629113   34.58702333   35.20386402    3964
