# Time-averaged data for fix 1
# TimeStep c_msd_all[1] c_msd_all[2] c_msd_all[3] c_msd_all[4]
31000 0.0649624 0.075287 0.114881 0.255131
32000 0.100269 0.0868267 0.0761631 0.263259
33000 0.0641209 0.0737428 0.076856 0.21472
34000 0.0890047 0.0763697 0.130913 0.296287
35000 0.0612346 0.0800532 0.0711382 0.212426
36000 0.0686383 0.0713164 0.121505 0.26146
37000 0.074228 0.0739165 0.075645 0.22379
38000 0.0685462 0.0734166 0.0788243 0.220787
39000 0.0884314 0.08084 0.118653 0.287925
40000 0.0634593 0.0879887 0.0697804 0.221228
41000 0.0854314 0.092452 0.123571 0.301454
42000 0.0648268 0.0796279 0.0751867 0.219641
43000 0.067924 0.0843384 0.0852074 0.23747
44000 0.0814765 0.0920984 0.100646 0.274221
45000 0.0670426 0.102107 0.09759 0.26674
46000 0.0850176 0.0876525 0.113921 0.286591
47000 0.0709798 0.0773526 0.101392 0.249725
48000 0.088604 0.080034 0.0977882 0.266426
49000 0.0758764 0.0869199 0.117241 0.280037
50000 0.0749315 0.0868833 0.0921086 0.253923
51000 0.111093 0.102242 0.10752 0.320854
52000 0.0696279 0.0981626 0.115488 0.283278
53000 0.115228 0.101768 0.103179 0.320175
54000 0.0634892 0.0842364 0.136055 0.28378
55000 0.0633839 0.0918564 0.0906114 0.245852
56000 0.0992298 0.115618 0.122166 0.337014
57000 0.0643996 0.101427 0.123442 0.289269
58000 0.111507 0.111792 0.110084 0.333382
59000 0.0693307 0.110804 0.153514 0.333648
60000 0.09359 0.0976422 0.108966 0.300198
61000 0.0767661 0.109877 0.131536 0.318179
62000 0.0682893 0.10206 0.11532 0.28567
63000 0.102074 0.115679 0.111349 0.329102
64000 0.0819313 0.116903 0.135298 0.334132
65000 0.0982083 0.108506 0.120402 0.327117
66000 0.0653837 0.103804 0.12271 0.291898
67000 0.0744886 0.11356 0.11802 0.306068
68000 0.0761003 0.112544 0.110591 0.299236
69000 0.0712941 0.112867 0.141092 0.325253
70000 0.0728128 0.122652 0.110932 0.306397
71000 0.0862075 0.113543 0.163531 0.363281
72000 0.0827204 0.121059 0.135114 0.338893
73000 0.0868584 0.122549 0.117268 0.326675
74000 0.0803461 0.128643 0.16478 0.373769
75000 0.0790375 0.129257 0.118164 0.326459
76000 0.0817402 0.125759 0.157851 0.36535
77000 0.0957808 0.122283 0.134975 0.353039
78000 0.0709268 0.110361 0.115294 0.296582
79000 0.088485 0.123716 0.147503 0.359703
80000 0.0844435 0.143205 0.12113 0.348778
81000 0.0805777 0.149607 0.143789 0.373973
82000 0.102689 0.134931 0.143456 0.381076
83000 0.0809508 0.11816 0.124471 0.323582
84000 0.119474 0.123087 0.152528 0.395088
85000 0.073309 0.123609 0.124932 0.32185
86000 0.0741353 0.119968 0.129192 0.323295
87000 0.10722 0.128756 0.153934 0.38991
88000 0.0861153 0.129694 0.121877 0.337686
89000 0.104374 0.131733 0.157348 0.393455
90000 0.0793664 0.129767 0.132865 0.341998
91000 0.0799301 0.137543 0.14494 0.362413
92000 0.0945053 0.148402 0.178235 0.421143
93000 0.0821757 0.137153 0.135583 0.354912
94000 0.105034 0.137227 0.155682 0.397943
95000 0.085668 0.121933 0.130256 0.337856
96000 0.0943831 0.119558 0.138839 0.35278
97000 0.0873542 0.124583 0.162286 0.374223
98000 0.0848289 0.123444 0.120887 0.32916
99000 0.125804 0.129625 0.176456 0.431885
100000 0.0924831 0.120612 0.126731 0.339826
101000 0.108661 0.116722 0.152313 0.377695
102000 0.0778925 0.120113 0.165275 0.36328
103000 0.0829113 0.125367 0.140307 0.348584
104000 0.123133 0.123984 0.187615 0.434732
105000 0.0889613 0.121352 0.145494 0.355807
106000 0.105408 0.123509 0.165844 0.394762
107000 0.0882002 0.128806 0.142499 0.359506
108000 0.0967707 0.138609 0.154913 0.390293
109000 0.0999403 0.131189 0.179928 0.411058
110000 0.0908324 0.141817 0.157342 0.389991
111000 0.103796 0.146068 0.169772 0.419636
112000 0.097198 0.143969 0.1657 0.406867
113000 0.101043 0.137656 0.153199 0.391898
114000 0.0999557 0.130869 0.16877 0.399594
115000 0.0991546 0.143466 0.147713 0.390334
116000 0.0907648 0.145682 0.180317 0.416765
117000 0.112638 0.144774 0.158101 0.415513
118000 0.0862346 0.136995 0.158732 0.381961
119000 0.0973718 0.139248 0.187334 0.423954
120000 0.097944 0.140941 0.167257 0.406142
121000 0.0843379 0.146651 0.167327 0.398316
122000 0.127924 0.167441 0.183792 0.479158
123000 0.0917152 0.154189 0.173778 0.419683
124000 0.147976 0.162137 0.181525 0.491638
125000 0.0986808 0.167033 0.181934 0.447647
126000 0.112358 0.166204 0.180047 0.458609
127000 0.104149 0.159567 0.181302 0.445018
128000 0.0966533 0.155627 0.167938 0.420219
129000 0.142591 0.182077 0.172855 0.497522
130000 0.0947951 0.16796 0.196451 0.459206
131000 0.106639 0.170511 0.173367 0.450516
132000 0.0938623 0.158885 0.203769 0.456516
133000 0.0918908 0.16414 0.18193 0.437961
134000 0.122915 0.165796 0.173204 0.461915
135000 0.0891859 0.156682 0.183069 0.428937
136000 0.104084 0.174564 0.19261 0.471258
137000 0.103219 0.176705 0.17804 0.457964
138000 0.102393 0.183154 0.176339 0.461886
139000 0.12339 0.176682 0.187701 0.487772
140000 0.0980378 0.166987 0.178466 0.443491
141000 0.132507 0.16865 0.193924 0.495081
142000 0.111152 0.16345 0.179293 0.453894
143000 0.111336 0.180392 0.168689 0.460417
144000 0.1078 0.182825 0.215373 0.505997
145000 0.104115 0.171227 0.171769 0.447111
146000 0.126146 0.17978 0.202455 0.508381
147000 0.108363 0.178853 0.174977 0.462193
148000 0.108561 0.184625 0.172974 0.46616
149000 0.123179 0.183603 0.20203 0.508812
150000 0.10923 0.17654 0.176991 0.462761
151000 0.132911 0.182134 0.207251 0.522297
152000 0.11298 0.184947 0.183271 0.481199
153000 0.118709 0.174528 0.181458 0.474695
154000 0.117582 0.192713 0.207828 0.518122
155000 0.116282 0.200901 0.189592 0.506774
156000 0.117095 0.188187 0.229232 0.534514
157000 0.10355 0.182073 0.198258 0.483881
158000 0.140164 0.184634 0.203902 0.5287
159000 0.120519 0.186102 0.198083 0.504704
160000 0.111969 0.184576 0.189002 0.485547
161000 0.118335 0.207717 0.221387 0.547439
162000 0.115767 0.196467 0.188194 0.500428
163000 0.137795 0.180865 0.224775 0.543435
164000 0.105242 0.199488 0.188702 0.493432
165000 0.123899 0.198234 0.213698 0.535831
166000 0.118873 0.191215 0.204417 0.514505
167000 0.128774 0.184269 0.192495 0.505539
168000 0.115999 0.188664 0.222295 0.526958
169000 0.107788 0.180248 0.200736 0.488772
170000 0.11918 0.191188 0.196579 0.506947
171000 0.106937 0.180205 0.212923 0.500066
172000 0.114726 0.182953 0.190568 0.488246
173000 0.111446 0.180493 0.218401 0.51034
174000 0.116476 0.174909 0.211998 0.503384
175000 0.118786 0.187857 0.190567 0.49721
176000 0.109836 0.18862 0.26067 0.559126
177000 0.123792 0.196085 0.21396 0.533836
178000 0.114134 0.198521 0.231628 0.544283
179000 0.121191 0.199858 0.23172 0.552769
180000 0.111068 0.198014 0.210239 0.519321
181000 0.110803 0.196288 0.25061 0.5577
182000 0.123815 0.202836 0.195648 0.522299
183000 0.119624 0.201467 0.22245 0.543541
184000 0.124863 0.201236 0.251512 0.57761
185000 0.118333 0.209654 0.217181 0.545168
186000 0.125974 0.202951 0.244348 0.573273
187000 0.115412 0.207701 0.226001 0.549114
188000 0.115177 0.2043 0.231821 0.551298
189000 0.12655 0.205618 0.244266 0.576435
190000 0.116965 0.21757 0.220787 0.555323
191000 0.119315 0.218932 0.26106 0.599307
192000 0.129294 0.204878 0.228188 0.56236
193000 0.127933 0.202551 0.22532 0.555804
194000 0.132089 0.224646 0.243092 0.599827
195000 0.123307 0.220526 0.223453 0.567286
196000 0.134077 0.213368 0.224667 0.572111
197000 0.122003 0.207499 0.24183 0.571332
198000 0.126085 0.208326 0.214156 0.548567
199000 0.117123 0.22163 0.233772 0.572525
200000 0.132434 0.215151 0.23872 0.586305
201000 0.124771 0.220858 0.227095 0.572724
202000 0.131493 0.229206 0.2511 0.611799
203000 0.125132 0.226025 0.223951 0.575107
204000 0.113951 0.225553 0.228377 0.567882
205000 0.140874 0.243705 0.269753 0.654333
206000 0.12187 0.222865 0.246912 0.591646
207000 0.125108 0.233559 0.268707 0.627374
208000 0.126861 0.211971 0.240388 0.57922
209000 0.138177 0.21221 0.234919 0.585306
210000 0.124388 0.223031 0.246143 0.593561
211000 0.1311 0.219043 0.228617 0.57876
212000 0.142212 0.233096 0.254195 0.629503
213000 0.126989 0.210018 0.223657 0.560664
214000 0.167604 0.224489 0.224672 0.616764
215000 0.129556 0.223286 0.254706 0.607548
216000 0.146901 0.228351 0.229773 0.605025
217000 0.136561 0.233784 0.260881 0.631226
218000 0.133066 0.225902 0.234613 0.593581
219000 0.141195 0.223355 0.258752 0.623303
220000 0.116392 0.215654 0.23051 0.562557
221000 0.125373 0.23807 0.232576 0.596018
222000 0.131859 0.243982 0.270065 0.645906
223000 0.157015 0.226295 0.242906 0.626217
224000 0.143207 0.243969 0.254246 0.641422
225000 0.128807 0.22527 0.251688 0.605766
226000 0.142068 0.229957 0.240795 0.61282
227000 0.134615 0.245593 0.28704 0.667249
228000 0.13287 0.236317 0.240972 0.610159
229000 0.131902 0.22643 0.255269 0.613601
230000 0.138861 0.235858 0.242803 0.617522
231000 0.136317 0.229756 0.243067 0.609141
232000 0.137003 0.232236 0.259589 0.628828
233000 0.133225 0.220385 0.237962 0.591573
234000 0.138574 0.233603 0.284225 0.656401
235000 0.136801 0.241094 0.236343 0.614238
236000 0.13298 0.231819 0.244384 0.609183
237000 0.164266 0.235603 0.247861 0.64773
238000 0.135727 0.234563 0.246446 0.616737
239000 0.182861 0.241801 0.278219 0.70288
240000 0.132335 0.255394 0.247038 0.634768
241000 0.138441 0.239369 0.262723 0.640533
242000 0.157184 0.243976 0.257166 0.658327
243000 0.143747 0.247633 0.228633 0.620012
244000 0.19297 0.249548 0.269798 0.712316
245000 0.143356 0.249325 0.256629 0.64931
246000 0.155054 0.250265 0.250751 0.656071
247000 0.148651 0.237544 0.275488 0.661683
248000 0.141312 0.253893 0.26 0.655205
249000 0.169461 0.250104 0.258955 0.67852
250000 0.14352 0.262504 0.249279 0.655303
251000 0.154922 0.251576 0.246434 0.652932
252000 0.143392 0.259049 0.260063 0.662503
253000 0.141469 0.256549 0.248222 0.64624
254000 0.187635 0.258166 0.257409 0.70321
255000 0.156036 0.253846 0.264706 0.674588
256000 0.187923 0.252768 0.252118 0.692809
257000 0.124094 0.239155 0.284383 0.647632
258000 0.148806 0.241509 0.259694 0.650009
259000 0.136457 0.238444 0.276816 0.651718
260000 0.130873 0.251678 0.263068 0.645619
261000 0.145366 0.254563 0.258431 0.65836
262000 0.136023 0.266942 0.300765 0.70373
263000 0.137109 0.252769 0.242344 0.632221
264000 0.142322 0.252239 0.269574 0.664135
265000 0.140141 0.254347 0.260066 0.654553
266000 0.159963 0.247254 0.248308 0.655526
267000 0.133549 0.244993 0.260102 0.638643
268000 0.142479 0.249008 0.262628 0.654115
269000 0.129799 0.24842 0.279049 0.657267
270000 0.137634 0.250292 0.27453 0.662456
271000 0.13551 0.263063 0.255997 0.65457
272000 0.136789 0.248557 0.278197 0.663542
273000 0.134934 0.257904 0.255184 0.648022
274000 0.144769 0.243978 0.286895 0.675642
275000 0.154758 0.252669 0.250652 0.658079
276000 0.137665 0.260588 0.255999 0.654252
277000 0.146468 0.259486 0.274845 0.680799
278000 0.135214 0.255207 0.257478 0.647898
279000 0.140615 0.263368 0.268344 0.672327
280000 0.155082 0.276865 0.26266 0.694607
281000 0.141379 0.269707 0.263241 0.674326
282000 0.144774 0.280028 0.274488 0.69929
283000 0.144439 0.302078 0.275077 0.721594
284000 0.136601 0.28959 0.274778 0.700968
285000 0.149207 0.305239 0.277935 0.732381
286000 0.14381 0.287282 0.277034 0.708127
287000 0.132817 0.30529 0.274107 0.712214
288000 0.13297 0.330959 0.280862 0.744792
289000 0.13448 0.320389 0.266269 0.721139
290000 0.16896 0.328767 0.277556 0.775282
291000 0.138623 0.317224 0.276322 0.732169
292000 0.140226 0.318492 0.277679 0.736398
293000 0.147265 0.319047 0.293742 0.760054
294000 0.140669 0.333438 0.291668 0.765775
295000 0.142979 0.324944 0.292149 0.760073
296000 0.14156 0.322595 0.288354 0.752509
297000 0.153655 0.334891 0.295641 0.784187
298000 0.143266 0.319591 0.284408 0.747265
299000 0.160774 0.332929 0.285187 0.77889
300000 0.150153 0.350851 0.302055 0.803059
301000 0.153098 0.323278 0.277815 0.75419
302000 0.147961 0.322208 0.303181 0.77335
303000 0.143007 0.328904 0.289955 0.761866
304000 0.162863 0.321609 0.305009 0.789481
305000 0.151379 0.307496 0.305455 0.76433
306000 0.155258 0.331416 0.298947 0.785621
307000 0.152856 0.322707 0.285433 0.760997
308000 0.138418 0.323684 0.281946 0.744048
309000 0.143301 0.327617 0.304473 0.775391
310000 0.147054 0.32494 0.287568 0.759562
311000 0.150774 0.333056 0.309472 0.793303
312000 0.150418 0.341539 0.303714 0.795671
313000 0.136146 0.34675 0.291633 0.774529
314000 0.141155 0.33042 0.29446 0.766036
315000 0.148263 0.330777 0.311555 0.790595
316000 0.153919 0.341058 0.309838 0.804815
317000 0.152895 0.331732 0.314993 0.79962
318000 0.152381 0.342113 0.309992 0.804486
319000 0.142046 0.34249 0.287522 0.772058
320000 0.176659 0.341651 0.304817 0.823126
321000 0.146368 0.332684 0.303387 0.782439
322000 0.167822 0.33996 0.332501 0.840283
323000 0.160414 0.352568 0.319845 0.832826
324000 0.164183 0.345889 0.317042 0.827113
325000 0.171355 0.353637 0.32985 0.854843
326000 0.150191 0.351564 0.313616 0.81537
327000 0.166248 0.353589 0.330909 0.850746
328000 0.141389 0.352995 0.310613 0.804998
329000 0.150003 0.348485 0.326389 0.824877
330000 0.152482 0.346289 0.32224 0.821011
331000 0.147188 0.352823 0.307862 0.807873
332000 0.148638 0.361409 0.32355 0.833597
333000 0.147814 0.343966 0.320884 0.812664
334000 0.152811 0.33972 0.314933 0.807464
335000 0.154618 0.347712 0.317253 0.819582
336000 0.152288 0.343815 0.313855 0.809957
337000 0.159479 0.365923 0.325448 0.850851
338000 0.156732 0.346839 0.317294 0.820865
339000 0.161715 0.348597 0.322603 0.832914
340000 0.154069 0.346407 0.32363 0.824107
341000 0.159204 0.328203 0.320328 0.807734
342000 0.144968 0.358762 0.314973 0.818703
343000 0.155 0.345135 0.335592 0.835726
344000 0.156419 0.33902 0.316134 0.811573
345000 0.149701 0.356755 0.324603 0.831059
346000 0.160294 0.347797 0.328837 0.836929
347000 0.139699 0.35772 0.317849 0.815269
348000 0.15005 0.364971 0.323529 0.83855
349000 0.151 0.358058 0.316925 0.825982
350000 0.140468 0.35101 0.321899 0.813377
351000 0.152751 0.344368 0.317694 0.814812
352000 0.157312 0.352633 0.326584 0.836529
353000 0.153741 0.351709 0.329449 0.834899
354000 0.151212 0.344838 0.311942 0.807991
355000 0.152283 0.363324 0.33599 0.851597
356000 0.155753 0.363666 0.310266 0.829685
357000 0.170396 0.370848 0.33972 0.880964
358000 0.149675 0.361414 0.350245 0.861334
359000 0.156309 0.351003 0.331509 0.838821
360000 0.150179 0.366013 0.368129 0.884321
361000 0.148113 0.366287 0.32329 0.83769
362000 0.160872 0.361973 0.320844 0.843689
363000 0.151157 0.36837 0.321758 0.841284
364000 0.171573 0.363754 0.331168 0.866496
365000 0.14117 0.360506 0.356919 0.858596
366000 0.159277 0.363888 0.317646 0.840811
367000 0.165692 0.353067 0.326499 0.845258
368000 0.148003 0.351611 0.340612 0.840225
369000 0.161051 0.349725 0.327135 0.837911
370000 0.146537 0.364696 0.341202 0.852435
371000 0.169587 0.350835 0.321293 0.841715
372000 0.153853 0.370512 0.345793 0.870157
373000 0.174068 0.367971 0.333445 0.875485
374000 0.154999 0.348102 0.325886 0.828987
375000 0.152273 0.346233 0.342514 0.84102
376000 0.158931 0.360083 0.322228 0.841242
377000 0.137315 0.3582 0.341553 0.837069
378000 0.187583 0.352703 0.336465 0.876751
379000 0.154911 0.370953 0.341221 0.867084
380000 0.175775 0.354465 0.327108 0.857348
381000 0.146854 0.356791 0.329222 0.832867
382000 0.143586 0.356185 0.33323 0.833001
383000 0.152407 0.356195 0.32875 0.837352
384000 0.154777 0.364553 0.34016 0.85949
385000 0.165555 0.351831 0.325989 0.843375
386000 0.142247 0.355944 0.328289 0.82648
387000 0.176641 0.373016 0.304974 0.854631
388000 0.152815 0.363385 0.322129 0.83833
389000 0.165493 0.354517 0.318866 0.838876
390000 0.161087 0.365529 0.326122 0.852738
391000 0.158763 0.358673 0.328975 0.846411
392000 0.173373 0.370932 0.342587 0.886892
393000 0.150304 0.36816 0.327939 0.846403
394000 0.170226 0.372747 0.355571 0.898544
395000 0.154633 0.357321 0.325731 0.837686
396000 0.162104 0.369857 0.324634 0.856595
397000 0.165463 0.389285 0.335821 0.890569
398000 0.150495 0.377944 0.329711 0.85815
399000 0.1874 0.378949 0.348326 0.914676
400000 0.149964 0.35306 0.332834 0.835858
401000 0.164697 0.378603 0.345635 0.888936
402000 0.148228 0.366253 0.329118 0.843599
403000 0.153066 0.380478 0.360246 0.893791
404000 0.163197 0.378217 0.337472 0.878886
405000 0.148701 0.37141 0.326688 0.846799
406000 0.153106 0.381713 0.356396 0.891214
407000 0.155623 0.388491 0.332244 0.876358
408000 0.142895 0.36091 0.344703 0.848508
409000 0.163545 0.385134 0.358177 0.906855
410000 0.163905 0.387762 0.345137 0.896804
411000 0.15144 0.377175 0.365182 0.893798
412000 0.15334 0.376499 0.34022 0.870058
413000 0.144622 0.376788 0.34436 0.86577
414000 0.165663 0.379432 0.349353 0.894447
415000 0.162361 0.377618 0.32578 0.86576
416000 0.147415 0.36161 0.35498 0.864005
417000 0.182478 0.381417 0.337787 0.901681
418000 0.151934 0.384811 0.349225 0.88597
419000 0.161315 0.371537 0.349538 0.882389
420000 0.15696 0.368136 0.343746 0.868842
421000 0.151718 0.372147 0.368147 0.892012
422000 0.168158 0.376243 0.341126 0.885527
423000 0.162798 0.388392 0.351439 0.902629
424000 0.177181 0.37499 0.346536 0.898707
425000 0.155223 0.368504 0.330674 0.854401
426000 0.157745 0.368836 0.36956 0.896141
427000 0.155166 0.370836 0.340926 0.866927
428000 0.146068 0.37728 0.36163 0.884977
429000 0.155894 0.388393 0.374755 0.919042
430000 0.149309 0.369038 0.349684 0.86803
431000 0.151775 0.387153 0.356427 0.895355
432000 0.154142 0.386346 0.334994 0.875482
433000 0.153895 0.369342 0.359404 0.88264
434000 0.155942 0.365433 0.353833 0.875209
435000 0.15431 0.390057 0.362737 0.907103
436000 0.17845 0.370297 0.362677 0.911424
437000 0.150231 0.371885 0.342834 0.864949
438000 0.166502 0.380353 0.388051 0.934906
439000 0.165316 0.386275 0.349465 0.901056
440000 0.149552 0.388013 0.353886 0.89145
441000 0.188542 0.385935 0.386972 0.96145
442000 0.155536 0.386132 0.356536 0.898204
443000 0.182734 0.394817 0.383144 0.960696
444000 0.172501 0.405633 0.367155 0.945289
445000 0.147875 0.402132 0.356611 0.906618
446000 0.165827 0.381981 0.403299 0.951107
447000 0.157101 0.403173 0.379985 0.940259
448000 0.157433 0.382547 0.387857 0.927836
449000 0.160251 0.398559 0.38157 0.940381
450000 0.15616 0.405591 0.359273 0.921025
451000 0.163205 0.407417 0.39446 0.965083
452000 0.147219 0.395471 0.363767 0.906457
453000 0.1786 0.396763 0.396271 0.971634
454000 0.156297 0.38218 0.372254 0.910731
455000 0.147902 0.383645 0.36528 0.896827
456000 0.155904 0.392979 0.372869 0.921752
457000 0.142489 0.39738 0.363761 0.903631
458000 0.159871 0.377497 0.372463 0.909831
459000 0.158517 0.397083 0.366708 0.922309
460000 0.159609 0.380698 0.370994 0.911301
461000 0.159737 0.393762 0.357495 0.910995
462000 0.160304 0.407094 0.364387 0.931784
463000 0.153047 0.395731 0.37381 0.922588
464000 0.158988 0.398833 0.368001 0.925823
465000 0.158108 0.396124 0.384228 0.93846
466000 0.165481 0.396795 0.411017 0.973293
467000 0.162417 0.398526 0.385339 0.946282
468000 0.154571 0.383671 0.380624 0.918866
469000 0.151717 0.394698 0.373145 0.919561
470000 0.163149 0.384501 0.347017 0.894668
471000 0.155353 0.400349 0.387024 0.942725
472000 0.175982 0.394095 0.356727 0.926804
473000 0.158327 0.400921 0.375119 0.934367
474000 0.163943 0.407763 0.384299 0.956005
475000 0.172372 0.398475 0.373308 0.944155
476000 0.164211 0.396822 0.404651 0.965684
477000 0.179293 0.399995 0.376974 0.956262
478000 0.164987 0.407531 0.398666 0.971185
479000 0.181766 0.389569 0.401338 0.972673
480000 0.156929 0.419067 0.388767 0.964763
481000 0.171066 0.397677 0.410744 0.979487
482000 0.172984 0.400514 0.372472 0.945971
483000 0.174274 0.408751 0.382577 0.965602
484000 0.181499 0.426437 0.396809 1.00474
485000 0.159002 0.397023 0.384177 0.940202
486000 0.187041 0.403761 0.408611 0.999413
487000 0.172205 0.408656 0.374845 0.955705
488000 0.166201 0.41133 0.400178 0.97771
489000 0.182401 0.40878 0.398848 0.990029
490000 0.174383 0.403628 0.380413 0.958424
491000 0.196274 0.405785 0.408896 1.01096
492000 0.165602 0.408295 0.36418 0.938077
493000 0.17301 0.413872 0.376343 0.963224
494000 0.180585 0.415643 0.403468 0.999696
495000 0.175537 0.405126 0.385397 0.96606
496000 0.181632 0.426063 0.435204 1.0429
497000 0.162304 0.405809 0.387477 0.95559
498000 0.181377 0.416421 0.392315 0.990114
499000 0.163026 0.405562 0.398646 0.967234
500000 0.176442 0.418307 0.377413 0.972161
501000 0.177804 0.417941 0.429805 1.02555
502000 0.168647 0.416213 0.401371 0.986232
503000 0.20039 0.41987 0.41792 1.03818
504000 0.164087 0.408637 0.407232 0.979956
505000 0.161402 0.433871 0.386134 0.981406
506000 0.174994 0.416918 0.425202 1.01711
507000 0.173215 0.409549 0.389386 0.97215
508000 0.171002 0.414851 0.395049 0.980902
509000 0.164239 0.414365 0.400582 0.979186
510000 0.168546 0.409034 0.400606 0.978186
511000 0.174129 0.424384 0.424052 1.02257
512000 0.167334 0.417137 0.395317 0.979788
513000 0.192902 0.426607 0.417854 1.03736
514000 0.165266 0.425326 0.396149 0.986741
515000 0.178817 0.412609 0.394475 0.9859
516000 0.158326 0.409622 0.430647 0.998595
517000 0.163661 0.421047 0.379884 0.964592
518000 0.170443 0.425084 0.395521 0.991048
519000 0.161083 0.433789 0.404646 0.999518
520000 0.162236 0.431597 0.402193 0.996026
521000 0.172618 0.419532 0.411405 1.00355
522000 0.172253 0.433507 0.392972 0.998732
523000 0.179702 0.428565 0.407814 1.01608
524000 0.175152 0.43676 0.393335 1.00525
525000 0.187657 0.439653 0.408064 1.03537
526000 0.169075 0.442106 0.393567 1.00475
527000 0.161694 0.427552 0.38996 0.979206
528000 0.187987 0.434569 0.408335 1.03089
529000 0.17593 0.422752 0.41024 1.00892
530000 0.169387 0.427251 0.402362 0.998999
531000 0.165092 0.435978 0.411135 1.01221
532000 0.16649 0.445976 0.402445 1.01491
533000 0.192459 0.463749 0.405406 1.06161
534000 0.168054 0.436357 0.427883 1.03229
535000 0.176554 0.428359 0.412468 1.01738
536000 0.180069 0.437076 0.430479 1.04762
537000 0.188531 0.446823 0.421671 1.05703
538000 0.209968 0.450857 0.409687 1.07051
539000 0.18314 0.461033 0.427485 1.07166
540000 0.177723 0.421201 0.416627 1.01555
541000 0.182798 0.439141 0.420318 1.04226
542000 0.170577 0.45294 0.441028 1.06455
543000 0.204148 0.460824 0.400807 1.06578
544000 0.183659 0.452155 0.455325 1.09114
545000 0.204494 0.441072 0.410091 1.05566
546000 0.162947 0.442524 0.41043 1.0159
547000 0.17794 0.440601 0.431082 1.04962
548000 0.197473 0.447032 0.423706 1.06821
549000 0.179683 0.428593 0.453452 1.06173
550000 0.221609 0.456271 0.425246 1.10313
551000 0.178446 0.441865 0.437052 1.05736
552000 0.189466 0.446697 0.421589 1.05775
553000 0.172276 0.438192 0.417743 1.02821
554000 0.177064 0.448699 0.465532 1.09129
555000 0.195586 0.437844 0.421218 1.05465
556000 0.179302 0.438081 0.426677 1.04406
557000 0.213653 0.435901 0.419691 1.06924
558000 0.188502 0.439101 0.433363 1.06097
559000 0.193482 0.430636 0.444507 1.06863
560000 0.181574 0.428737 0.418114 1.02843
561000 0.176595 0.437979 0.440547 1.05512
562000 0.20609 0.439619 0.443805 1.08951
563000 0.179697 0.445117 0.431392 1.05621
564000 0.186633 0.43986 0.434894 1.06139
565000 0.180698 0.44154 0.444008 1.06625
566000 0.182743 0.469236 0.434999 1.08698
567000 0.181925 0.457229 0.438428 1.07758
568000 0.176491 0.445912 0.430045 1.05245
569000 0.197473 0.440038 0.448734 1.08625
570000 0.188403 0.452645 0.435223 1.07627
571000 0.176884 0.438143 0.417841 1.03287
572000 0.178432 0.445626 0.445388 1.06945
573000 0.185364 0.459565 0.430439 1.07537
574000 0.197383 0.458569 0.448068 1.10402
575000 0.189816 0.455568 0.431303 1.07669
576000 0.188169 0.452182 0.454192 1.09454
577000 0.179916 0.443156 0.464883 1.08795
578000 0.188788 0.452213 0.447396 1.0884
579000 0.188743 0.451143 0.481817 1.1217
580000 0.190616 0.463673 0.428431 1.08272
581000 0.186695 0.446501 0.446442 1.07964
582000 0.184875 0.457132 0.44773 1.08974
583000 0.184029 0.470067 0.440127 1.09422
584000 0.201814 0.480663 0.465217 1.14769
585000 0.194075 0.474824 0.433287 1.10219
586000 0.186098 0.4537 0.431927 1.07172
587000 0.191184 0.468602 0.451803 1.11159
588000 0.185241 0.463641 0.4368 1.08568
589000 0.194187 0.466764 0.45159 1.11254
590000 0.187772 0.472254 0.440985 1.10101
591000 0.199534 0.469187 0.432948 1.10167
592000 0.192072 0.460125 0.449403 1.1016
593000 0.188985 0.46352 0.421053 1.07356
594000 0.20393 0.47421 0.446035 1.12418
595000 0.187775 0.458864 0.440449 1.08709
596000 0.188646 0.467086 0.4476 1.10333
597000 0.193086 0.459198 0.437957 1.09024
598000 0.186361 0.468297 0.452581 1.10724
599000 0.210098 0.460613 0.458934 1.12965
600000 0.189754 0.457924 0.450249 1.09793
601000 0.2038 0.462006 0.482194 1.148
602000 0.186906 0.477453 0.459131 1.12349
603000 0.188941 0.463129 0.470581 1.12265
604000 0.205886 0.470809 0.4678 1.1445
605000 0.198989 0.469896 0.46156 1.13044
606000 0.209147 0.493374 0.480111 1.18263
607000 0.206598 0.458578 0.43776 1.10294
608000 0.191308 0.49114 0.454586 1.13703
609000 0.218985 0.476114 0.450988 1.14609
610000 0.185459 0.477774 0.448783 1.11202
611000 0.207578 0.483252 0.4756 1.16643
612000 0.192004 0.487693 0.44953 1.12923
613000 0.19091 0.493459 0.46026 1.14463
614000 0.225563 0.484801 0.467734 1.1781
615000 0.1935 0.485731 0.455974 1.1352
616000 0.209403 0.47737 0.460434 1.14721
617000 0.197678 0.475677 0.457784 1.13114
618000 0.201219 0.485117 0.464949 1.15128
619000 0.205485 0.472175 0.462479 1.14014
620000 0.191057 0.497019 0.45876 1.14684
621000 0.205157 0.489047 0.443888 1.13809
622000 0.19726 0.486695 0.458107 1.14206
623000 0.213346 0.483993 0.467663 1.165
624000 0.197117 0.495659 0.474995 1.16777
625000 0.200557 0.496175 0.469055 1.16579
626000 0.199206 0.502861 0.483501 1.18557
627000 0.20315 0.485521 0.468546 1.15722
628000 0.201154 0.50014 0.486777 1.18807
629000 0.199922 0.507158 0.494412 1.20149
630000 0.20842 0.492421 0.474644 1.17548
631000 0.217436 0.514118 0.47939 1.21094
632000 0.208683 0.503503 0.485465 1.19765
633000 0.196652 0.500462 0.462064 1.15918
634000 0.205816 0.500551 0.479991 1.18636
635000 0.203336 0.490775 0.473019 1.16713
636000 0.199453 0.500265 0.472331 1.17205
637000 0.192446 0.50561 0.469173 1.16723
638000 0.210101 0.494608 0.468625 1.17333
639000 0.200632 0.504913 0.466877 1.17242
640000 0.198117 0.485722 0.49533 1.17917
641000 0.202752 0.493588 0.469081 1.16542
642000 0.20145 0.498701 0.485323 1.18547
643000 0.206884 0.500229 0.479859 1.18697
644000 0.22316 0.520412 0.476325 1.2199
645000 0.207707 0.514722 0.490754 1.21318
646000 0.233485 0.507381 0.480681 1.22155
647000 0.201284 0.5085 0.483498 1.19328
648000 0.21297 0.524687 0.485206 1.22286
649000 0.212692 0.505547 0.483512 1.20175
650000 0.208378 0.496905 0.487822 1.1931
651000 0.220514 0.526564 0.486932 1.23401
652000 0.215926 0.52032 0.472787 1.20903
653000 0.212841 0.520327 0.471019 1.20419
654000 0.214107 0.507395 0.483493 1.20499
655000 0.2007 0.509131 0.491383 1.20121
656000 0.214896 0.505893 0.516145 1.23693
657000 0.208295 0.516165 0.484383 1.20884
658000 0.20193 0.518758 0.507076 1.22776
659000 0.213307 0.525171 0.484812 1.22329
660000 0.195694 0.530148 0.500682 1.22652
661000 0.212209 0.519332 0.512175 1.24372
662000 0.199979 0.525989 0.505153 1.23112
663000 0.209 0.546316 0.522123 1.27744
664000 0.20682 0.536021 0.50483 1.24767
665000 0.210562 0.557498 0.506531 1.27459
666000 0.217406 0.531922 0.539729 1.28906
667000 0.223813 0.532481 0.516649 1.27294
668000 0.215811 0.537432 0.518116 1.27136
669000 0.212088 0.553448 0.506786 1.27232
670000 0.199272 0.552708 0.510616 1.2626
671000 0.215366 0.553618 0.521455 1.29044
672000 0.203123 0.579234 0.498606 1.28096
673000 0.223669 0.560047 0.509576 1.29329
674000 0.193135 0.552208 0.493057 1.2384
675000 0.209611 0.556411 0.511492 1.27751
676000 0.232973 0.555112 0.521817 1.3099
677000 0.212438 0.5507 0.509921 1.27306
678000 0.227356 0.577885 0.524177 1.32942
679000 0.21616 0.565223 0.508569 1.28995
680000 0.215675 0.541583 0.512251 1.26951
681000 0.212026 0.549059 0.516291 1.27738
682000 0.215612 0.566458 0.522818 1.30489
683000 0.210651 0.556772 0.517735 1.28516
684000 0.226337 0.573526 0.51649 1.31635
685000 0.2016 0.562397 0.526378 1.29037
686000 0.232619 0.545396 0.510691 1.28871
687000 0.212613 0.566864 0.516893 1.29637
688000 0.219538 0.558313 0.542882 1.32073
689000 0.226724 0.551469 0.529943 1.30814
690000 0.217847 0.562782 0.568046 1.34868
691000 0.222577 0.589153 0.521344 1.33307
692000 0.210426 0.55646 0.517425 1.28431
693000 0.217266 0.559507 0.536366 1.31314
694000 0.217408 0.581327 0.50916 1.3079
695000 0.221345 0.55227 0.546799 1.32042
696000 0.227699 0.582022 0.524671 1.33439
697000 0.218443 0.568494 0.521215 1.30815
698000 0.218993 0.569723 0.543372 1.33209
699000 0.222674 0.581463 0.533096 1.33723
700000 0.227326 0.567001 0.562095 1.35642
701000 0.221578 0.581256 0.537853 1.34069
702000 0.248937 0.573544 0.527134 1.34962
703000 0.229739 0.580969 0.526296 1.337
704000 0.255204 0.582834 0.517205 1.35524
705000 0.22221 0.566264 0.545744 1.33422
706000 0.223632 0.590903 0.527867 1.3424
707000 0.233401 0.582496 0.526402 1.3423
708000 0.224892 0.57776 0.531779 1.33443
709000 0.248546 0.585431 0.536293 1.37027
710000 0.236749 0.569175 0.57895 1.38487
711000 0.23095 0.57302 0.548006 1.35198
712000 0.222866 0.600285 0.564889 1.38804
713000 0.225143 0.59512 0.557309 1.37757
714000 0.249225 0.604554 0.536121 1.3899
715000 0.22878 0.585004 0.594854 1.40864
716000 0.223883 0.589335 0.535763 1.34898
717000 0.247029 0.614758 0.543865 1.40565
718000 0.232477 0.596505 0.571116 1.4001
719000 0.235406 0.591503 0.535826 1.36274
720000 0.226586 0.583269 0.570852 1.38071
721000 0.237772 0.589134 0.541024 1.36793
722000 0.233743 0.588233 0.544772 1.36675
723000 0.233413 0.616033 0.590663 1.44011
724000 0.223431 0.603723 0.558245 1.3854
725000 0.233279 0.600151 0.61997 1.4534
726000 0.227999 0.60339 0.568371 1.39976
727000 0.234719 0.608808 0.589341 1.43287
728000 0.236563 0.59318 0.576822 1.40656
729000 0.232512 0.606114 0.553813 1.39244
730000 0.237788 0.608722 0.588498 1.43501
731000 0.23048 0.604224 0.554251 1.38896
732000 0.25799 0.599306 0.573365 1.43066
733000 0.236777 0.606474 0.58759 1.43084
734000 0.238053 0.608064 0.605641 1.45176
735000 0.230113 0.623775 0.623183 1.47707
736000 0.242981 0.622031 0.582045 1.44706
737000 0.239936 0.629218 0.572036 1.44119
738000 0.239537 0.630603 0.583833 1.45397
739000 0.230549 0.615585 0.556122 1.40226
740000 0.248588 0.630729 0.581028 1.46035
741000 0.238384 0.622609 0.573442 1.43443
742000 0.241019 0.620525 0.625357 1.4869
743000 0.244902 0.637373 0.588264 1.47054
744000 0.25052 0.637073 0.60442 1.49201
745000 0.245609 0.642496 0.633758 1.52186
746000 0.25143 0.630422 0.586536 1.46839
747000 0.243284 0.638575 0.62873 1.51059
748000 0.249396 0.65918 0.58419 1.49277
749000 0.246507 0.653745 0.606484 1.50674
750000 0.248126 0.650913 0.605332 1.50437
751000 0.250595 0.642789 0.586868 1.48025
752000 0.253789 0.64331 0.619387 1.51649
753000 0.234995 0.647587 0.588991 1.47157
754000 0.244986 0.662609 0.610979 1.51857
755000 0.263598 0.653543 0.608612 1.52575
756000 0.243643 0.650141 0.59247 1.48625
757000 0.243074 0.652084 0.647045 1.5422
758000 0.245196 0.654969 0.594098 1.49426
759000 0.246727 0.637761 0.610826 1.49531
760000 0.239208 0.637875 0.61514 1.49222
761000 0.252527 0.644088 0.60065 1.49727
762000 0.249494 0.658732 0.612876 1.5211
763000 0.256041 0.643982 0.605396 1.50542
764000 0.249303 0.656383 0.610765 1.51645
765000 0.253803 0.639276 0.594699 1.48778
766000 0.256061 0.666431 0.606242 1.52873
767000 0.267219 0.659332 0.611234 1.53778
768000 0.244009 0.652073 0.632762 1.52884
769000 0.255605 0.665258 0.628622 1.54948
770000 0.259206 0.664543 0.623949 1.5477
771000 0.248141 0.661818 0.601784 1.51174
772000 0.259648 0.660991 0.589948 1.51059
773000 0.255663 0.671275 0.624709 1.55165
774000 0.254331 0.670603 0.605356 1.53029
775000 0.25102 0.665724 0.630783 1.54753
776000 0.257765 0.666283 0.629404 1.55345
777000 0.251649 0.684685 0.612395 1.54873
778000 0.26183 0.667093 0.621789 1.55071
779000 0.257463 0.672203 0.610044 1.53971
780000 0.260582 0.677175 0.626419 1.56418
781000 0.25267 0.686833 0.628187 1.56769
782000 0.264862 0.683178 0.624049 1.57209
783000 0.250789 0.68542 0.641151 1.57736
784000 0.256548 0.682712 0.631771 1.57103
785000 0.254996 0.687125 0.607296 1.54942
786000 0.265746 0.679865 0.66325 1.60886
787000 0.261174 0.683473 0.620149 1.5648
788000 0.247804 0.676255 0.640996 1.56505
789000 0.261884 0.684897 0.627668 1.57445
790000 0.258893 0.685509 0.639606 1.58401
791000 0.279386 0.703343 0.653574 1.6363
792000 0.265015 0.695076 0.637308 1.5974
793000 0.26446 0.677329 0.673581 1.61537
794000 0.258814 0.693146 0.642175 1.59413
795000 0.270922 0.698009 0.650715 1.61965
796000 0.263295 0.69837 0.645949 1.60761
797000 0.269614 0.689455 0.63406 1.59313
798000 0.287954 0.705806 0.67514 1.6689
799000 0.268552 0.698852 0.65674 1.62414
800000 0.261591 0.711861 0.648541 1.62199
801000 0.262833 0.702637 0.670487 1.63596
802000 0.259914 0.697114 0.641944 1.59897
803000 0.268673 0.702923 0.653836 1.62543
804000 0.265838 0.706302 0.635971 1.60811
805000 0.261282 0.719576 0.640358 1.62122
806000 0.256024 0.706494 0.652184 1.6147
807000 0.258432 0.69592 0.648079 1.60243
808000 0.269216 0.705746 0.658901 1.63386
809000 0.271295 0.706032 0.662079 1.63941
810000 0.274988 0.685149 0.667846 1.62798
811000 0.265246 0.700462 0.669248 1.63496
812000 0.263221 0.713731 0.624827 1.60178
813000 0.281145 0.712696 0.662876 1.65672
814000 0.274882 0.701223 0.638417 1.61452
815000 0.280045 0.743003 0.652546 1.67559
816000 0.27254 0.713968 0.66217 1.64868
817000 0.281163 0.712539 0.650497 1.6442
818000 0.279441 0.714648 0.69131 1.6854
819000 0.289464 0.72333 0.655736 1.66853
820000 0.294474 0.736003 0.675341 1.70582
821000 0.260131 0.719129 0.704407 1.68367
822000 0.268877 0.716189 0.659688 1.64475
823000 0.274628 0.734553 0.685389 1.69457
824000 0.270217 0.739119 0.662383 1.67172
825000 0.287544 0.730346 0.674653 1.69254
826000 0.280526 0.756011 0.692291 1.72883
827000 0.292316 0.733638 0.66752 1.69347
828000 0.267196 0.769526 0.703484 1.74021
829000 0.272308 0.742442 0.665579 1.68033
830000 0.281997 0.723467 0.69943 1.70489
831000 0.273238 0.731689 0.682187 1.68711
832000 0.276999 0.737429 0.667653 1.68208
833000 0.2837 0.772852 0.707864 1.76442
834000 0.278734 0.750948 0.671237 1.70092
835000 0.289106 0.729375 0.678212 1.69669
836000 0.28961 0.744581 0.704916 1.73911
837000 0.287725 0.727695 0.659273 1.67469
838000 0.277896 0.741654 0.716514 1.73606
839000 0.299918 0.758656 0.690091 1.74866
840000 0.28656 0.754513 0.674124 1.7152
841000 0.294538 0.745501 0.704631 1.74467
842000 0.287408 0.783881 0.68346 1.75475
843000 0.289213 0.761769 0.705181 1.75616
844000 0.314471 0.758222 0.707562 1.78026
845000 0.302916 0.753772 0.68887 1.74556
846000 0.290176 0.762155 0.694489 1.74682
847000 0.29258 0.763582 0.702732 1.75889
848000 0.288972 0.765971 0.716311 1.77125
849000 0.31577 0.75857 0.718074 1.79242
850000 0.299065 0.771315 0.700834 1.77121
851000 0.303952 0.765443 0.708524 1.77792
852000 0.292337 0.782016 0.697983 1.77233
853000 0.291641 0.769563 0.717946 1.77915
854000 0.296969 0.786087 0.705071 1.78813
855000 0.297952 0.796354 0.714588 1.80889
856000 0.293873 0.766877 0.730964 1.79171
857000 0.297691 0.789495 0.711381 1.79857
858000 0.303511 0.787941 0.707667 1.79912
859000 0.288467 0.775379 0.728303 1.79215
860000 0.300582 0.783234 0.725532 1.80935
861000 0.293707 0.766398 0.749203 1.80931
862000 0.294535 0.793031 0.723857 1.81142
863000 0.308873 0.806338 0.775406 1.89062
864000 0.289425 0.795511 0.725032 1.80997
865000 0.303642 0.791691 0.716588 1.81192
866000 0.295816 0.779917 0.755599 1.83133
867000 0.289441 0.79015 0.713769 1.79336
868000 0.295588 0.787342 0.767681 1.85061
869000 0.299502 0.801692 0.750847 1.85204
870000 0.297207 0.791493 0.729995 1.81869
871000 0.297555 0.791399 0.773913 1.86287
872000 0.307561 0.794324 0.753276 1.85516
873000 0.289379 0.801276 0.749265 1.83992
874000 0.291185 0.816834 0.763829 1.87185
875000 0.307611 0.805481 0.730868 1.84396
876000 0.31028 0.80017 0.798162 1.90861
877000 0.304537 0.787951 0.717871 1.81036
878000 0.306604 0.812713 0.789935 1.90925
879000 0.296986 0.804667 0.756749 1.8584
880000 0.302702 0.815117 0.724001 1.84182
881000 0.313332 0.806876 0.795423 1.91563
882000 0.299669 0.815111 0.739762 1.85454
883000 0.320342 0.828704 0.777575 1.92662
884000 0.308778 0.815865 0.767815 1.89246
885000 0.315626 0.80975 0.742611 1.86799
886000 0.298088 0.810672 0.795382 1.90414
887000 0.311288 0.828978 0.753317 1.89358
888000 0.302586 0.789856 0.808185 1.90063
889000 0.306118 0.825931 0.75152 1.88357
890000 0.314357 0.817567 0.764305 1.89623
891000 0.314118 0.811336 0.787828 1.91328
892000 0.325496 0.828467 0.74146 1.89542
893000 0.305737 0.832431 0.803583 1.94175
894000 0.309808 0.816687 0.724396 1.85089
895000 0.307959 0.821373 0.814729 1.94406
896000 0.317439 0.843792 0.75057 1.9118
897000 0.300394 0.832786 0.78093 1.91411
898000 0.294253 0.825933 0.805729 1.92592
899000 0.315397 0.811487 0.753174 1.88006
900000 0.303335 0.841787 0.810601 1.95572
901000 0.304517 0.826319 0.759783 1.89062
902000 0.300957 0.809645 0.739944 1.85055
903000 0.337431 0.814415 0.800769 1.95261
904000 0.313072 0.823196 0.744856 1.88112
905000 0.300015 0.829494 0.804807 1.93432
906000 0.318664 0.824475 0.737382 1.88052
907000 0.312056 0.833512 0.786526 1.93209
908000 0.306509 0.82824 0.82249 1.95724
909000 0.304844 0.801106 0.730229 1.83618
910000 0.321481 0.816637 0.78943 1.92755
911000 0.308233 0.81337 0.743322 1.86493
912000 0.305391 0.815764 0.767596 1.88875
913000 0.333338 0.811771 0.798841 1.94395
914000 0.306943 0.828234 0.76512 1.9003
915000 0.30623 0.81278 0.826772 1.94578
916000 0.310653 0.834342 0.782462 1.92746
917000 0.301696 0.829868 0.751727 1.88329
918000 0.30822 0.830497 0.806974 1.94569
919000 0.309432 0.815113 0.760997 1.88554
920000 0.312492 0.842398 0.823125 1.97802
921000 0.315328 0.823805 0.762528 1.90166
922000 0.320533 0.823464 0.787241 1.93124
923000 0.309969 0.81248 0.792825 1.91527
924000 0.332012 0.80791 0.754362 1.89428
925000 0.30503 0.82534 0.849877 1.98025
926000 0.320615 0.826317 0.75391 1.90084
927000 0.318664 0.846048 0.803233 1.96794
928000 0.313752 0.839264 0.793462 1.94648
929000 0.323556 0.809935 0.779519 1.91301
930000 0.32631 0.850421 0.842375 2.01911
931000 0.328114 0.855462 0.788592 1.97217
932000 0.326641 0.854799 0.832702 2.01414
933000 0.315861 0.850451 0.806107 1.97242
934000 0.33164 0.865781 0.786393 1.98381
935000 0.315672 0.8373 0.838475 1.99145
936000 0.332777 0.856507 0.786359 1.97564
937000 0.324887 0.851857 0.803622 1.98037
938000 0.337752 0.852258 0.834262 2.02427
939000 0.325617 0.849931 0.801706 1.97725
940000 0.336133 0.859922 0.852129 2.04818
941000 0.332581 0.864658 0.797837 1.99508
942000 0.332711 0.84373 0.825955 2.0024
943000 0.316327 0.862698 0.796912 1.97594
944000 0.331971 0.873817 0.807445 2.01323
945000 0.343715 0.863356 0.83591 2.04298
946000 0.348874 0.845614 0.79029 1.98478
947000 0.343475 0.866086 0.811163 2.02072
948000 0.341354 0.872651 0.841745 2.05575
949000 0.350629 0.850093 0.823428 2.02415
950000 0.36047 0.861224 0.850604 2.0723
951000 0.343875 0.861803 0.797965 2.00364
952000 0.354333 0.846971 0.808836 2.01014
953000 0.33182 0.875641 0.809312 2.01677
954000 0.332566 0.871664 0.805387 2.00962
955000 0.348767 0.885273 0.852249 2.08629
956000 0.33802 0.864824 0.811726 2.01457
957000 0.36281 0.878141 0.821375 2.06233
958000 0.354046 0.868779 0.83512 2.05795
959000 0.338883 0.871357 0.799741 2.00998
960000 0.37252 0.892311 0.866207 2.13104
961000 0.344329 0.89748 0.810571 2.05238
962000 0.347828 0.896826 0.82528 2.06993
963000 0.353407 0.890887 0.852683 2.09698
964000 0.349313 0.906833 0.824856 2.081
965000 0.356324 0.890357 0.856933 2.10361
966000 0.348342 0.91461 0.802476 2.06543
967000 0.371662 0.923582 0.821837 2.11708
968000 0.33922 0.915995 0.857623 2.11284
969000 0.344307 0.909916 0.815426 2.06965
970000 0.346984 0.89543 0.898126 2.14054
971000 0.348842 0.888354 0.846898 2.08409
972000 0.360026 0.899486 0.862252 2.12176
973000 0.354921 0.912854 0.895016 2.16279
974000 0.375453 0.938005 0.882112 2.19557
975000 0.357839 0.914888 0.89975 2.17248
976000 0.356571 0.901075 0.895118 2.15276
977000 0.378523 0.929534 0.899239 2.2073
978000 0.360602 0.904854 0.904919 2.17038
979000 0.384983 0.926664 0.869691 2.18134
980000 0.352684 0.901308 0.896781 2.15077
981000 0.361705 0.906083 0.866143 2.13393
982000 0.381628 0.912348 0.937612 2.23159
983000 0.372403 0.888467 0.921129 2.182
984000 0.39578 0.921481 0.929357 2.24662
985000 0.369238 0.920404 0.927373 2.21702
986000 0.386818 0.910654 0.915782 2.21325
987000 0.370788 0.923845 0.937477 2.23211
988000 0.381997 0.926729 0.907671 2.2164
989000 0.392621 0.917551 0.927065 2.23724
990000 0.38053 0.91927 0.926267 2.22607
991000 0.390693 0.903908 0.928185 2.22279
992000 0.378895 0.937573 0.955016 2.27148
993000 0.364087 0.914814 0.889803 2.1687
994000 0.377936 0.933626 0.933238 2.2448
995000 0.362087 0.917903 0.929831 2.20982
996000 0.392355 0.91095 0.909713 2.21302
997000 0.377872 0.944068 0.945363 2.2673
998000 0.373035 0.933653 0.928269 2.23496
999000 0.381735 0.927784 0.930503 2.24002
1000000 0.372199 0.912317 0.920684 2.2052
1001000 0.372907 0.926633 0.936975 2.23652
1002000 0.371319 0.924997 0.969728 2.26604
1003000 0.375743 0.914052 0.914437 2.20423
1004000 0.378853 0.930767 0.968406 2.27803
1005000 0.365631 0.923708 0.971079 2.26042
1006000 0.374202 0.927874 0.953992 2.25607
1007000 0.370075 0.931917 0.986127 2.28812
1008000 0.373986 0.920291 0.916044 2.21032
1009000 0.386764 0.91623 0.957606 2.2606
1010000 0.378612 0.931023 0.926051 2.23569
1011000 0.380226 0.932792 0.958886 2.2719
1012000 0.374415 0.9265 0.96778 2.26869
1013000 0.374022 0.940337 0.937192 2.25155
1014000 0.37364 0.938571 0.971969 2.28418
1015000 0.377451 0.93286 0.926563 2.23687
1016000 0.386471 0.926881 0.956008 2.26936
1017000 0.378892 0.943748 0.969613 2.29225
1018000 0.368621 0.933861 0.950663 2.25315
1019000 0.374489 0.920412 0.996107 2.29101
1020000 0.38323 0.94471 0.934916 2.26286
1021000 0.377692 0.960224 0.984456 2.32237
1022000 0.375112 0.958103 0.952823 2.28604
1023000 0.379718 0.93692 0.949936 2.26657
1024000 0.379479 0.94006 0.982543 2.30208
1025000 0.376147 0.942993 0.946536 2.26568
1026000 0.38743 0.936934 0.9954 2.31976
1027000 0.3672 0.955213 0.965405 2.28782
1028000 0.384405 0.945896 0.955042 2.28534
1029000 0.367136 0.960674 1.01663 2.34444
1030000 0.378873 0.954896 0.969316 2.30309
