# Time-averaged data for fix 1
# TimeStep c_msd_all[1] c_msd_all[2] c_msd_all[3] c_msd_all[4]
31000 0.0634386 0.0800416 0.064718 0.208198
32000 0.0639918 0.0753125 0.0577691 0.197073
33000 0.0598279 0.0849148 0.0604418 0.205184
34000 0.0715149 0.075442 0.0617575 0.208714
35000 0.0731993 0.0804421 0.0629157 0.216557
36000 0.0821385 0.0847938 0.0620964 0.229029
37000 0.067871 0.0732023 0.0737963 0.21487
38000 0.0845753 0.0980228 0.0669314 0.24953
39000 0.0922585 0.0825183 0.067623 0.2424
40000 0.0817811 0.0996165 0.0641579 0.245555
41000 0.0814192 0.0793076 0.0660696 0.226796
42000 0.0956321 0.0764525 0.066279 0.238364
43000 0.088669 0.101965 0.0722099 0.262844
44000 0.0871326 0.0929899 0.0884375 0.26856
45000 0.0839616 0.107508 0.0735661 0.265036
46000 0.0877555 0.0872671 0.0810399 0.256063
47000 0.0782774 0.0949829 0.0852257 0.258486
48000 0.0839306 0.103201 0.09681 0.283942
49000 0.101501 0.094505 0.093834 0.28984
50000 0.090412 0.109276 0.0890804 0.288768
51000 0.0947342 0.100604 0.0899759 0.285314
52000 0.0929512 0.117293 0.0977938 0.308038
53000 0.0861858 0.108583 0.104636 0.299405
54000 0.0918264 0.114181 0.0987408 0.304748
55000 0.0831338 0.107906 0.10592 0.29696
56000 0.0900251 0.110094 0.11069 0.310809
57000 0.0980291 0.132487 0.0993052 0.329821
58000 0.0868764 0.108945 0.1048 0.300621
59000 0.0753453 0.104142 0.100908 0.280395
60000 0.0795269 0.099682 0.104988 0.284196
61000 0.0799088 0.105594 0.104077 0.28958
62000 0.0785447 0.10689 0.101605 0.287039
63000 0.0885442 0.115044 0.124421 0.328009
64000 0.0826541 0.121094 0.116899 0.320647
65000 0.0781189 0.110755 0.121132 0.310007
66000 0.0770475 0.114827 0.121293 0.313167
67000 0.0752576 0.104962 0.11125 0.29147
68000 0.0771637 0.115725 0.126486 0.319375
69000 0.0795525 0.123786 0.136236 0.339574
70000 0.0857257 0.132854 0.18126 0.399839
71000 0.0772204 0.121175 0.144499 0.342895
72000 0.0797608 0.120526 0.140879 0.341166
73000 0.08301 0.118056 0.148067 0.349133
74000 0.078883 0.12884 0.171524 0.379247
75000 0.0873379 0.142918 0.190689 0.420944
76000 0.0945366 0.142979 0.163365 0.400881
77000 0.081748 0.137217 0.173245 0.39221
78000 0.0802665 0.143792 0.170717 0.394775
79000 0.0864156 0.134056 0.166617 0.387089
80000 0.0828418 0.138586 0.192615 0.414042
81000 0.0892254 0.141697 0.15466 0.385583
82000 0.0908367 0.149291 0.172139 0.412267
83000 0.0899945 0.144924 0.154923 0.389841
84000 0.0869011 0.126029 0.164892 0.377822
85000 0.0972377 0.145697 0.176712 0.419647
86000 0.0890795 0.146692 0.167584 0.403356
87000 0.0832538 0.147076 0.169657 0.399987
88000 0.0893448 0.146344 0.17645 0.412138
89000 0.108973 0.14973 0.17564 0.434343
90000 0.108633 0.143969 0.17017 0.422772
91000 0.0968304 0.15006 0.172079 0.418969
92000 0.0974044 0.151138 0.168114 0.416657
93000 0.0850933 0.155078 0.179519 0.41969
94000 0.098961 0.146973 0.176407 0.422341
95000 0.117725 0.160794 0.192282 0.470802
96000 0.114803 0.150365 0.174166 0.439334
97000 0.108172 0.173215 0.193102 0.47449
98000 0.0829723 0.161857 0.180679 0.425509
99000 0.0913888 0.164668 0.182954 0.439011
100000 0.0993204 0.166805 0.19566 0.461785
101000 0.107724 0.164689 0.177048 0.44946
102000 0.0922467 0.163792 0.184063 0.440102
103000 0.0924513 0.167828 0.178889 0.439168
104000 0.0928761 0.18009 0.175863 0.448829
105000 0.107134 0.163784 0.196501 0.467419
106000 0.0966112 0.170838 0.192297 0.459747
107000 0.0952887 0.154043 0.205019 0.454351
108000 0.0986367 0.161013 0.180268 0.439918
109000 0.0902966 0.166549 0.18093 0.437775
110000 0.0912932 0.173003 0.175307 0.439602
111000 0.0935168 0.16163 0.19362 0.448767
112000 0.0923958 0.152947 0.205307 0.450649
113000 0.0878786 0.161127 0.176416 0.425422
114000 0.0868898 0.164807 0.18267 0.434368
115000 0.0910505 0.182467 0.189931 0.463449
116000 0.104985 0.179356 0.187873 0.472214
117000 0.0945158 0.17287 0.229987 0.497372
118000 0.0918324 0.155699 0.20072 0.448251
119000 0.092871 0.165261 0.183957 0.44209
120000 0.0985233 0.165127 0.196884 0.460534
121000 0.0835706 0.174625 0.20312 0.461316
122000 0.0834422 0.16735 0.242653 0.493446
123000 0.094368 0.171482 0.182424 0.448273
124000 0.0886301 0.182875 0.190973 0.462478
125000 0.0936269 0.177922 0.206474 0.478023
126000 0.0929999 0.189243 0.209024 0.491267
127000 0.102865 0.191888 0.215151 0.509904
128000 0.098339 0.178164 0.191125 0.467628
129000 0.0902766 0.193824 0.190022 0.474122
130000 0.105222 0.186035 0.197312 0.488569
131000 0.0972217 0.185937 0.206386 0.489544
132000 0.0932054 0.187084 0.21147 0.49176
133000 0.0911865 0.183554 0.188023 0.462763
134000 0.0978159 0.206759 0.20095 0.505524
135000 0.0993873 0.184114 0.204992 0.488493
136000 0.0940232 0.202138 0.207574 0.503736
137000 0.0925921 0.210382 0.221791 0.524765
138000 0.0921213 0.204673 0.214975 0.511769
139000 0.0943018 0.199082 0.223617 0.517001
140000 0.0876277 0.192709 0.219993 0.50033
141000 0.103365 0.188603 0.205301 0.497268
142000 0.0914844 0.186957 0.229687 0.508128
143000 0.0914279 0.203769 0.224322 0.519519
144000 0.0972102 0.207614 0.219568 0.524393
145000 0.0967841 0.215459 0.216304 0.528547
146000 0.10423 0.201191 0.202281 0.507701
147000 0.0985636 0.210562 0.218504 0.52763
148000 0.0863266 0.202539 0.227341 0.516207
149000 0.0950814 0.204488 0.214985 0.514555
150000 0.0959499 0.214101 0.230862 0.540913
151000 0.103972 0.218847 0.216002 0.538821
152000 0.104556 0.204016 0.216343 0.524914
153000 0.100987 0.196599 0.213866 0.511451
154000 0.0896203 0.200641 0.210581 0.500842
155000 0.100591 0.203973 0.24204 0.546604
156000 0.0992826 0.208071 0.211331 0.518684
157000 0.107122 0.213683 0.221017 0.541823
158000 0.120875 0.214652 0.23623 0.571757
159000 0.0945496 0.204653 0.242506 0.541709
160000 0.0889167 0.221663 0.248247 0.558826
161000 0.103456 0.225457 0.219262 0.548175
162000 0.101113 0.215367 0.226198 0.542677
163000 0.104463 0.212159 0.225681 0.542303
164000 0.114779 0.214798 0.238375 0.567951
165000 0.108535 0.214493 0.240775 0.563803
166000 0.109041 0.223664 0.231258 0.563964
167000 0.106729 0.240901 0.234578 0.582208
168000 0.123128 0.21862 0.252633 0.594381
169000 0.108734 0.228588 0.241545 0.578867
170000 0.11065 0.224973 0.260749 0.596372
171000 0.111194 0.239121 0.255026 0.60534
172000 0.124978 0.24187 0.268536 0.635383
173000 0.10729 0.240962 0.252567 0.600819
174000 0.109319 0.2398 0.260542 0.609661
175000 0.110983 0.247321 0.283841 0.642145
176000 0.102868 0.249269 0.2632 0.615337
177000 0.111402 0.251515 0.259598 0.622515
178000 0.100586 0.252684 0.251665 0.604935
179000 0.106426 0.242861 0.254041 0.603327
180000 0.10489 0.242953 0.290938 0.638782
181000 0.105003 0.25991 0.281387 0.6463
182000 0.109094 0.257997 0.266619 0.63371
183000 0.112759 0.277155 0.278999 0.668913
184000 0.125332 0.271834 0.267512 0.664678
185000 0.117683 0.257268 0.281618 0.656568
186000 0.129164 0.268814 0.256581 0.654559
187000 0.135382 0.269256 0.274978 0.679617
188000 0.111068 0.253208 0.270567 0.634843
189000 0.108327 0.270179 0.267677 0.646183
190000 0.110486 0.266748 0.272006 0.64924
191000 0.116808 0.285263 0.268823 0.670894
192000 0.136617 0.278048 0.282383 0.697048
193000 0.129541 0.274142 0.278917 0.6826
194000 0.118415 0.283437 0.283833 0.685684
195000 0.110202 0.274496 0.296161 0.680858
196000 0.112961 0.2922 0.274479 0.679639
197000 0.129415 0.268096 0.260195 0.657707
198000 0.126433 0.263452 0.278247 0.668133
199000 0.112758 0.282123 0.27508 0.669961
200000 0.11657 0.270535 0.290739 0.677844
201000 0.120322 0.282268 0.272576 0.675167
202000 0.116517 0.259856 0.272304 0.648676
203000 0.120765 0.278401 0.272686 0.671853
204000 0.116595 0.283281 0.280693 0.680569
205000 0.107973 0.272116 0.288887 0.668976
206000 0.112166 0.28449 0.269692 0.666347
207000 0.108158 0.274705 0.278302 0.661165
208000 0.12467 0.294693 0.268302 0.687665
209000 0.121397 0.278265 0.279616 0.679278
210000 0.125782 0.280588 0.289407 0.695777
211000 0.112456 0.29222 0.273071 0.677748
212000 0.111328 0.279791 0.279834 0.670953
213000 0.111885 0.297239 0.273671 0.682794
214000 0.115771 0.276357 0.263296 0.655424
215000 0.122902 0.28172 0.2617 0.666322
216000 0.123561 0.290932 0.269089 0.683582
217000 0.119358 0.28252 0.282051 0.683929
218000 0.110404 0.288255 0.270207 0.668866
219000 0.110365 0.276526 0.272551 0.659442
220000 0.116328 0.295773 0.287833 0.699933
221000 0.109565 0.275876 0.274312 0.659753
222000 0.119218 0.267408 0.28566 0.672286
223000 0.139699 0.278085 0.277109 0.694893
224000 0.132493 0.279915 0.282925 0.695333
225000 0.125468 0.307164 0.272732 0.705364
226000 0.118728 0.292904 0.27601 0.687642
227000 0.133115 0.268826 0.270086 0.672027
228000 0.133019 0.275476 0.301711 0.710207
229000 0.113655 0.278367 0.281202 0.673224
230000 0.119788 0.284639 0.282598 0.687025
231000 0.116551 0.286125 0.292224 0.694901
232000 0.116451 0.297217 0.301756 0.715424
233000 0.118666 0.280866 0.297885 0.697417
234000 0.107041 0.278297 0.291638 0.676976
235000 0.114339 0.279939 0.284247 0.678524
236000 0.120955 0.290808 0.278002 0.689764
237000 0.109954 0.273905 0.294123 0.677982
238000 0.109851 0.277186 0.309181 0.696219
239000 0.117383 0.280271 0.298789 0.696443
240000 0.129208 0.295296 0.285998 0.710502
241000 0.118139 0.282017 0.274505 0.674661
242000 0.12356 0.303834 0.27771 0.705104
243000 0.10938 0.294802 0.290309 0.694491
244000 0.107613 0.292084 0.297223 0.69692
245000 0.12286 0.297914 0.298415 0.719188
246000 0.129812 0.294058 0.297751 0.72162
247000 0.128111 0.289143 0.286048 0.703302
248000 0.115665 0.281371 0.293436 0.690472
249000 0.10939 0.288963 0.279871 0.678224
250000 0.115458 0.298398 0.291104 0.70496
251000 0.11909 0.288352 0.295253 0.702695
252000 0.124212 0.302394 0.299155 0.725761
253000 0.118363 0.299047 0.299642 0.717053
254000 0.126042 0.282716 0.294209 0.702967
255000 0.112951 0.299521 0.293329 0.705801
256000 0.12134 0.305889 0.302716 0.729946
257000 0.121242 0.299495 0.306078 0.726815
258000 0.126206 0.307874 0.305505 0.739584
259000 0.127972 0.294056 0.297734 0.719762
260000 0.132512 0.310366 0.298343 0.741221
261000 0.130208 0.310496 0.304838 0.745542
262000 0.110177 0.301522 0.301377 0.713076
263000 0.117778 0.334567 0.313624 0.76597
264000 0.125006 0.309912 0.307349 0.742267
265000 0.138188 0.323135 0.31349 0.774813
266000 0.129415 0.294736 0.294881 0.719033
267000 0.132025 0.30766 0.303287 0.742972
268000 0.130444 0.328153 0.306856 0.765453
269000 0.132392 0.309191 0.315507 0.757091
270000 0.126688 0.324068 0.31253 0.763285
271000 0.131841 0.290197 0.308076 0.730115
272000 0.128577 0.296578 0.305482 0.730637
273000 0.122903 0.335397 0.314329 0.772628
274000 0.116639 0.315053 0.31442 0.746111
275000 0.127292 0.321848 0.302153 0.751293
276000 0.144934 0.321985 0.313269 0.780188
277000 0.140547 0.331028 0.315589 0.787164
278000 0.149016 0.327515 0.302037 0.778569
279000 0.14097 0.322347 0.31295 0.776267
280000 0.133155 0.323265 0.313366 0.769786
281000 0.135812 0.337245 0.320379 0.793437
282000 0.134891 0.337258 0.321153 0.793302
283000 0.131033 0.323984 0.32119 0.776207
284000 0.134883 0.318409 0.311553 0.764844
285000 0.133876 0.33168 0.331687 0.797243
286000 0.131345 0.333057 0.333318 0.79772
287000 0.127278 0.326632 0.339489 0.793399
288000 0.121426 0.334836 0.332068 0.78833
289000 0.140131 0.343186 0.319443 0.80276
290000 0.123498 0.336178 0.325204 0.78488
291000 0.128514 0.329395 0.325263 0.783173
292000 0.126983 0.34447 0.342973 0.814426
293000 0.129407 0.33177 0.323826 0.785003
294000 0.14949 0.33629 0.342834 0.828614
295000 0.129195 0.338745 0.33838 0.806321
296000 0.128969 0.344982 0.338305 0.812256
297000 0.129028 0.330056 0.337571 0.796655
298000 0.125692 0.34544 0.32432 0.795452
299000 0.130918 0.334609 0.34066 0.806188
300000 0.146282 0.352998 0.332453 0.831733
301000 0.145712 0.36817 0.331562 0.845444
302000 0.131983 0.338753 0.343811 0.814547
303000 0.129116 0.348822 0.342814 0.820752
304000 0.12741 0.348348 0.347803 0.82356
305000 0.138185 0.355949 0.351506 0.84564
306000 0.139402 0.362016 0.33808 0.839498
307000 0.132098 0.361462 0.372296 0.865856
308000 0.134579 0.36059 0.36433 0.859499
309000 0.130845 0.354387 0.351443 0.836675
310000 0.135614 0.36789 0.3428 0.846304
311000 0.130091 0.372589 0.351038 0.853717
312000 0.144193 0.358432 0.350289 0.852914
313000 0.143306 0.361359 0.352435 0.8571
314000 0.130772 0.365367 0.380026 0.876165
315000 0.135905 0.357098 0.357316 0.850319
316000 0.143711 0.371419 0.364518 0.879647
317000 0.144923 0.362901 0.362445 0.870269
318000 0.128532 0.368297 0.372905 0.869733
319000 0.137783 0.362535 0.357915 0.858232
320000 0.131024 0.364562 0.351462 0.847048
321000 0.138047 0.363954 0.346947 0.848948
322000 0.138497 0.371357 0.363726 0.87358
323000 0.134903 0.376444 0.358018 0.869364
324000 0.141568 0.359862 0.353347 0.854776
325000 0.134638 0.360126 0.350396 0.845161
326000 0.138044 0.360182 0.339001 0.837227
327000 0.150956 0.377653 0.370713 0.899322
328000 0.138048 0.380858 0.357544 0.876451
329000 0.143316 0.362131 0.362784 0.868231
330000 0.132732 0.359237 0.366616 0.858585
331000 0.131199 0.382974 0.363755 0.877928
332000 0.139278 0.385589 0.377219 0.902086
333000 0.142924 0.386086 0.381716 0.910726
334000 0.140313 0.38019 0.39244 0.912943
335000 0.147646 0.376812 0.347631 0.872089
336000 0.137027 0.382447 0.367662 0.887135
337000 0.139885 0.38212 0.370916 0.892921
338000 0.159992 0.404568 0.373277 0.937838
339000 0.162008 0.386963 0.379859 0.928831
340000 0.144121 0.396715 0.381294 0.922129
341000 0.145678 0.38821 0.372913 0.906801
342000 0.146117 0.389991 0.364679 0.900787
343000 0.141212 0.392004 0.368635 0.90185
344000 0.147442 0.400519 0.386205 0.934166
345000 0.148188 0.383626 0.369818 0.901633
346000 0.157841 0.385542 0.366087 0.90947
347000 0.151381 0.399968 0.349949 0.901298
348000 0.146247 0.42103 0.352756 0.920032
349000 0.156341 0.424793 0.357322 0.938456
350000 0.146027 0.3994 0.36286 0.908287
351000 0.142841 0.409932 0.363802 0.916575
352000 0.150802 0.397027 0.351992 0.899821
353000 0.164043 0.412558 0.361337 0.937937
354000 0.175618 0.411012 0.37381 0.96044
355000 0.152061 0.407882 0.36834 0.928283
356000 0.158877 0.419728 0.36848 0.947084
357000 0.16368 0.404043 0.360327 0.928049
358000 0.158295 0.416535 0.36312 0.937949
359000 0.17814 0.429522 0.393225 1.00089
360000 0.155731 0.414607 0.365694 0.936033
361000 0.165337 0.388035 0.352875 0.906247
362000 0.187476 0.423926 0.365416 0.976817
363000 0.170731 0.414528 0.374205 0.959465
364000 0.153455 0.438747 0.39343 0.985632
365000 0.17392 0.427896 0.387542 0.989358
366000 0.162424 0.417864 0.38064 0.960927
367000 0.173301 0.421661 0.370933 0.965895
368000 0.155432 0.413307 0.36419 0.932928
369000 0.158936 0.421514 0.385788 0.966238
370000 0.160129 0.429471 0.379921 0.96952
371000 0.176652 0.422571 0.386966 0.986189
372000 0.186676 0.421386 0.371023 0.979085
373000 0.177943 0.426627 0.372367 0.976937
374000 0.173718 0.420029 0.375288 0.969036
375000 0.179953 0.428738 0.384292 0.992983
376000 0.160904 0.40961 0.383125 0.953639
377000 0.173186 0.431692 0.369444 0.974321
378000 0.167633 0.44211 0.399025 1.00877
379000 0.171316 0.428667 0.377353 0.977335
380000 0.163944 0.415997 0.392882 0.972824
381000 0.162697 0.431304 0.392287 0.986288
382000 0.161259 0.413653 0.38581 0.960721
383000 0.177817 0.439154 0.391196 1.00817
384000 0.174642 0.419501 0.381593 0.975736
385000 0.17063 0.432162 0.399709 1.0025
386000 0.175529 0.410335 0.417246 1.00311
387000 0.172583 0.427821 0.408215 1.00862
388000 0.167263 0.423323 0.400268 0.990855
389000 0.186113 0.41898 0.403495 1.00859
390000 0.177635 0.421712 0.420792 1.02014
391000 0.180914 0.42409 0.448867 1.05387
392000 0.183834 0.441225 0.428326 1.05339
393000 0.187316 0.431975 0.425643 1.04493
394000 0.173032 0.425327 0.408547 1.00691
395000 0.179881 0.426965 0.400996 1.00784
396000 0.170464 0.427255 0.401187 0.998906
397000 0.17605 0.420279 0.401436 0.997765
398000 0.169312 0.410371 0.407644 0.987327
399000 0.170279 0.421722 0.400025 0.992026
400000 0.176717 0.398883 0.396657 0.972257
401000 0.181302 0.446647 0.415009 1.04296
402000 0.181439 0.424009 0.395217 1.00067
403000 0.180738 0.449004 0.399161 1.0289
404000 0.175112 0.426522 0.40705 1.00868
405000 0.166634 0.416322 0.405177 0.988132
406000 0.180646 0.434612 0.40001 1.01527
407000 0.178364 0.421092 0.39406 0.993516
408000 0.174908 0.417015 0.408465 1.00039
409000 0.186055 0.425203 0.403497 1.01476
410000 0.172181 0.416395 0.405462 0.994038
411000 0.182814 0.418775 0.39813 0.999719
412000 0.175973 0.424728 0.409179 1.00988
413000 0.177412 0.441874 0.407893 1.02718
414000 0.167546 0.419021 0.401221 0.987787
415000 0.171519 0.422755 0.406709 1.00098
416000 0.171916 0.441679 0.410158 1.02375
417000 0.181542 0.443492 0.408186 1.03322
418000 0.176314 0.440392 0.406117 1.02282
419000 0.173082 0.426992 0.40382 1.00389
420000 0.185226 0.432096 0.407574 1.0249
421000 0.190438 0.446008 0.412448 1.04889
422000 0.172114 0.437145 0.41177 1.02103
423000 0.167473 0.430097 0.414999 1.01257
424000 0.188808 0.456081 0.42313 1.06802
425000 0.17248 0.430572 0.417599 1.02065
426000 0.182683 0.439185 0.413158 1.03503
427000 0.17294 0.43358 0.427734 1.03425
428000 0.181609 0.414376 0.419518 1.0155
429000 0.174844 0.433073 0.418446 1.02636
430000 0.180424 0.432907 0.423963 1.03729
431000 0.170299 0.434407 0.425606 1.03031
432000 0.176598 0.441604 0.424246 1.04245
433000 0.184371 0.431532 0.421197 1.0371
434000 0.167965 0.436376 0.421398 1.02574
435000 0.179098 0.43157 0.425513 1.03618
436000 0.187609 0.447977 0.412489 1.04807
437000 0.16578 0.441691 0.428485 1.03596
438000 0.168431 0.432821 0.431139 1.03239
439000 0.175113 0.462087 0.424064 1.06126
440000 0.174747 0.435421 0.417666 1.02783
441000 0.17296 0.431891 0.426702 1.03155
442000 0.186374 0.457101 0.426635 1.07011
443000 0.180827 0.454954 0.429753 1.06553
444000 0.171704 0.449253 0.429558 1.05051
445000 0.167916 0.421163 0.425883 1.01496
446000 0.174405 0.434103 0.436139 1.04465
447000 0.175099 0.451822 0.427 1.05392
448000 0.172344 0.446639 0.443937 1.06292
449000 0.179055 0.456465 0.441399 1.07692
450000 0.177441 0.457314 0.440556 1.07531
451000 0.185462 0.461318 0.430545 1.07733
452000 0.18316 0.447741 0.433305 1.06421
453000 0.175034 0.441107 0.42674 1.04288
454000 0.17454 0.454425 0.44198 1.07095
455000 0.171011 0.441622 0.439511 1.05214
456000 0.181405 0.463847 0.4247 1.06995
457000 0.180956 0.448865 0.442098 1.07192
458000 0.174269 0.459021 0.436112 1.0694
459000 0.173295 0.455747 0.442002 1.07104
460000 0.190982 0.443216 0.421323 1.05552
461000 0.189973 0.458896 0.435483 1.08435
462000 0.174101 0.451165 0.430297 1.05556
463000 0.183148 0.452244 0.443779 1.07917
464000 0.183843 0.461731 0.423218 1.06879
465000 0.194482 0.446654 0.439603 1.08074
466000 0.185928 0.45705 0.424346 1.06732
467000 0.171636 0.454971 0.441288 1.06789
468000 0.174825 0.445631 0.437547 1.058
469000 0.180541 0.465098 0.427737 1.07338
470000 0.189368 0.452939 0.440938 1.08325
471000 0.195152 0.470673 0.432845 1.09867
472000 0.179415 0.463424 0.441834 1.08467
473000 0.183053 0.460024 0.434025 1.0771
474000 0.180442 0.473839 0.451211 1.10549
475000 0.169988 0.449707 0.439374 1.05907
476000 0.171719 0.458487 0.432042 1.06225
477000 0.178635 0.454284 0.443862 1.07678
478000 0.1811 0.461008 0.432931 1.07504
479000 0.185192 0.466365 0.431323 1.08288
480000 0.183896 0.463391 0.453223 1.10051
481000 0.182857 0.451747 0.440759 1.07536
482000 0.183403 0.460352 0.434814 1.07857
483000 0.178435 0.460904 0.427903 1.06724
484000 0.179611 0.449227 0.455341 1.08418
485000 0.183148 0.468337 0.457391 1.10888
486000 0.184558 0.459143 0.450461 1.09416
487000 0.185459 0.471612 0.44184 1.09891
488000 0.187252 0.458104 0.434904 1.08026
489000 0.193049 0.465563 0.446245 1.10486
490000 0.179509 0.462938 0.436362 1.07881
491000 0.191004 0.451425 0.435424 1.07785
492000 0.173552 0.453159 0.44982 1.07653
493000 0.179381 0.444958 0.450715 1.07505
494000 0.185025 0.467665 0.450206 1.1029
495000 0.184546 0.487223 0.469187 1.14096
496000 0.177997 0.469646 0.428649 1.07629
497000 0.183106 0.462447 0.436852 1.0824
498000 0.188763 0.472136 0.445841 1.10674
499000 0.191708 0.470363 0.436554 1.09862
500000 0.17195 0.47079 0.452383 1.09512
501000 0.196927 0.474424 0.465517 1.13687
502000 0.189946 0.448956 0.435871 1.07477
503000 0.185834 0.479333 0.451103 1.11627
504000 0.174863 0.481291 0.448258 1.10441
505000 0.181873 0.457766 0.461261 1.1009
506000 0.177545 0.4724 0.450868 1.10081
507000 0.189816 0.483307 0.46044 1.13356
508000 0.191377 0.502359 0.465638 1.15937
509000 0.199771 0.450484 0.464368 1.11462
510000 0.183083 0.467388 0.452852 1.10332
511000 0.175258 0.489799 0.457643 1.1227
512000 0.190928 0.485946 0.45584 1.13271
513000 0.18977 0.487839 0.465179 1.14279
514000 0.210238 0.480272 0.453068 1.14358
515000 0.188757 0.491583 0.462568 1.14291
516000 0.193345 0.484722 0.449254 1.12732
517000 0.187373 0.483607 0.468512 1.13949
518000 0.190713 0.499845 0.478083 1.16864
519000 0.1913 0.488192 0.454303 1.13379
520000 0.189684 0.491275 0.463661 1.14462
521000 0.185225 0.486517 0.479945 1.15169
522000 0.19287 0.491804 0.472364 1.15704
523000 0.184864 0.508217 0.467013 1.16009
524000 0.196566 0.49683 0.471841 1.16524
525000 0.187634 0.506761 0.474616 1.16901
526000 0.201172 0.494974 0.480619 1.17677
527000 0.189498 0.509889 0.476967 1.17635
528000 0.182528 0.501519 0.472643 1.15669
529000 0.192632 0.510259 0.489378 1.19227
530000 0.198023 0.502288 0.472652 1.17296
531000 0.18935 0.498855 0.486785 1.17499
532000 0.20429 0.488264 0.465713 1.15827
533000 0.193316 0.504434 0.474278 1.17203
534000 0.182286 0.4982 0.489944 1.17043
535000 0.200493 0.513119 0.485718 1.19933
536000 0.186438 0.492761 0.477288 1.15649
537000 0.186787 0.498153 0.487159 1.1721
538000 0.192974 0.50891 0.485451 1.18734
539000 0.202857 0.495657 0.480652 1.17917
540000 0.195192 0.500244 0.472579 1.16802
541000 0.202211 0.502697 0.482634 1.18754
542000 0.19249 0.490087 0.478652 1.16123
543000 0.189556 0.50092 0.486208 1.17668
544000 0.189382 0.499411 0.498707 1.1875
545000 0.193986 0.501136 0.489606 1.18473
546000 0.210266 0.510112 0.484037 1.20441
547000 0.20083 0.524309 0.484302 1.20944
548000 0.190383 0.510042 0.492658 1.19308
549000 0.191384 0.511585 0.486928 1.1899
550000 0.21328 0.518809 0.486975 1.21906
551000 0.197642 0.521031 0.497634 1.21631
552000 0.187235 0.504099 0.495703 1.18704
553000 0.19514 0.510698 0.486484 1.19232
554000 0.193906 0.528641 0.502023 1.22457
555000 0.195161 0.50649 0.499285 1.20094
556000 0.202411 0.511999 0.487247 1.20166
557000 0.196672 0.526354 0.489492 1.21252
558000 0.210061 0.53471 0.494928 1.2397
559000 0.206152 0.529796 0.498647 1.2346
560000 0.204994 0.517326 0.503553 1.22587
561000 0.201002 0.526389 0.489815 1.21721
562000 0.200119 0.509723 0.49816 1.208
563000 0.203079 0.526537 0.48497 1.21459
564000 0.207017 0.533612 0.486885 1.22751
565000 0.197811 0.519623 0.476378 1.19381
566000 0.200584 0.526315 0.508487 1.23539
567000 0.203602 0.514054 0.481281 1.19894
568000 0.205562 0.530686 0.491815 1.22806
569000 0.195176 0.529762 0.510018 1.23496
570000 0.205681 0.510889 0.492514 1.20908
571000 0.208303 0.531285 0.491443 1.23103
572000 0.211332 0.52024 0.488297 1.21987
573000 0.215271 0.51593 0.496914 1.22811
574000 0.208165 0.513642 0.504713 1.22652
575000 0.194236 0.520542 0.488877 1.20366
576000 0.190267 0.503167 0.502532 1.19596
577000 0.210832 0.535398 0.506969 1.2532
578000 0.208941 0.522972 0.50517 1.23708
579000 0.214092 0.521511 0.494861 1.23046
580000 0.208311 0.518448 0.495874 1.22263
581000 0.192665 0.525902 0.500073 1.21864
582000 0.196135 0.532403 0.508449 1.23699
583000 0.202712 0.525648 0.513804 1.24216
584000 0.206947 0.532747 0.516483 1.25618
585000 0.198112 0.564374 0.511033 1.27352
586000 0.204538 0.534243 0.507691 1.24647
587000 0.227311 0.553013 0.5261 1.30642
588000 0.208072 0.522718 0.522187 1.25298
589000 0.209239 0.518096 0.513134 1.24047
590000 0.205917 0.569312 0.516739 1.29197
591000 0.201486 0.543896 0.506462 1.25184
592000 0.205621 0.550858 0.520577 1.27706
593000 0.201694 0.53252 0.519251 1.25347
594000 0.192066 0.523805 0.530977 1.24685
595000 0.20567 0.565774 0.528655 1.3001
596000 0.195116 0.554962 0.519217 1.26929
597000 0.205301 0.57248 0.528232 1.30601
598000 0.197879 0.54477 0.533381 1.27603
599000 0.202191 0.557311 0.545807 1.30531
600000 0.231035 0.570816 0.530163 1.33201
601000 0.219819 0.571926 0.528428 1.32017
602000 0.219358 0.582691 0.543279 1.34533
603000 0.224075 0.549848 0.523686 1.29761
604000 0.221031 0.569214 0.552046 1.34229
605000 0.211303 0.56045 0.519893 1.29164
606000 0.213545 0.568323 0.532323 1.31419
607000 0.213817 0.554308 0.539671 1.3078
608000 0.220974 0.557885 0.538701 1.31756
609000 0.212765 0.549117 0.527298 1.28918
610000 0.217477 0.549237 0.551681 1.31839
611000 0.229452 0.566284 0.542144 1.33788
612000 0.216585 0.585164 0.533424 1.33517
613000 0.212397 0.554452 0.543285 1.31013
614000 0.212711 0.569249 0.519697 1.30166
615000 0.213802 0.548853 0.532518 1.29517
616000 0.215373 0.576336 0.543807 1.33552
617000 0.229053 0.582675 0.526804 1.33853
618000 0.219705 0.569563 0.530326 1.31959
619000 0.21149 0.558025 0.530139 1.29965
620000 0.22374 0.569383 0.541668 1.33479
621000 0.232829 0.576542 0.520087 1.32946
622000 0.218628 0.568413 0.544491 1.33153
623000 0.228076 0.581819 0.531728 1.34162
624000 0.222735 0.57962 0.543731 1.34609
625000 0.217732 0.549013 0.531779 1.29852
626000 0.214803 0.563773 0.539374 1.31795
627000 0.235736 0.580238 0.533901 1.34987
628000 0.218188 0.557627 0.550436 1.32625
629000 0.227646 0.57083 0.550419 1.34889
630000 0.218326 0.555363 0.534633 1.30832
631000 0.231359 0.578873 0.514536 1.32477
632000 0.236962 0.561469 0.537301 1.33573
633000 0.218687 0.582128 0.52781 1.32862
634000 0.220371 0.584293 0.542696 1.34736
635000 0.217502 0.595653 0.548919 1.36207
636000 0.233217 0.607022 0.544165 1.3844
637000 0.212663 0.58762 0.550013 1.3503
638000 0.235504 0.594951 0.534745 1.3652
639000 0.235815 0.591162 0.540756 1.36773
640000 0.218936 0.593261 0.544223 1.35642
641000 0.217269 0.600055 0.531111 1.34844
642000 0.213358 0.607416 0.554997 1.37577
643000 0.22259 0.595856 0.544572 1.36302
644000 0.232215 0.583902 0.546473 1.36259
645000 0.227154 0.605186 0.547868 1.38021
646000 0.228974 0.613542 0.557996 1.40051
647000 0.241419 0.598473 0.564285 1.40418
648000 0.228938 0.610374 0.544994 1.38431
649000 0.228814 0.595626 0.551311 1.37575
650000 0.213541 0.5964 0.550582 1.36052
651000 0.21603 0.597306 0.558283 1.37162
652000 0.224767 0.611297 0.555318 1.39138
653000 0.214356 0.594951 0.571165 1.38047
654000 0.220163 0.590171 0.55348 1.36381
655000 0.21382 0.586416 0.558319 1.35856
656000 0.216363 0.607515 0.566598 1.39048
657000 0.226131 0.601904 0.580598 1.40863
658000 0.244045 0.60017 0.589488 1.4337
659000 0.228317 0.59583 0.551097 1.37524
660000 0.218731 0.588252 0.558639 1.36562
661000 0.22567 0.621478 0.560304 1.40745
662000 0.209223 0.602654 0.5607 1.37258
663000 0.215969 0.603173 0.577014 1.39616
664000 0.22023 0.649488 0.556446 1.42616
665000 0.234097 0.616449 0.559452 1.41
666000 0.223486 0.657427 0.569438 1.45035
667000 0.235273 0.627304 0.567885 1.43046
668000 0.236348 0.626282 0.585331 1.44796
669000 0.244225 0.62362 0.547521 1.41537
670000 0.233826 0.621125 0.559998 1.41495
671000 0.232059 0.657799 0.571359 1.46122
672000 0.226358 0.622611 0.561784 1.41075
673000 0.229637 0.621734 0.572085 1.42346
674000 0.232117 0.609345 0.555008 1.39647
675000 0.228784 0.594907 0.573523 1.39721
676000 0.237221 0.636801 0.574783 1.4488
677000 0.236577 0.612396 0.561311 1.41028
678000 0.226756 0.613731 0.570797 1.41128
679000 0.231454 0.60122 0.545561 1.37823
680000 0.240838 0.60064 0.559872 1.40135
681000 0.242701 0.639826 0.588647 1.47117
682000 0.238673 0.625023 0.576638 1.44033
683000 0.240199 0.627693 0.591439 1.45933
684000 0.253391 0.641443 0.569728 1.46456
685000 0.235055 0.629154 0.590133 1.45434
686000 0.234049 0.628152 0.583203 1.4454
687000 0.227858 0.623198 0.582662 1.43372
688000 0.236542 0.63272 0.594424 1.46369
689000 0.226257 0.625278 0.574405 1.42594
690000 0.262312 0.624077 0.548919 1.43531
691000 0.25019 0.629175 0.552971 1.43234
692000 0.2542 0.625394 0.561234 1.44083
693000 0.267404 0.642546 0.575493 1.48544
694000 0.244649 0.636773 0.544927 1.42635
695000 0.236476 0.636486 0.564129 1.43709
696000 0.254804 0.619841 0.570727 1.44537
697000 0.259079 0.627016 0.552683 1.43878
698000 0.259038 0.644686 0.573718 1.47744
699000 0.248187 0.651912 0.561763 1.46186
700000 0.244851 0.626988 0.550718 1.42256
701000 0.24591 0.633479 0.569242 1.44863
702000 0.256431 0.608311 0.54281 1.40755
703000 0.253279 0.643178 0.556407 1.45286
704000 0.246617 0.635579 0.55014 1.43234
705000 0.235971 0.648018 0.548321 1.43231
706000 0.2454 0.647777 0.564476 1.45765
707000 0.235373 0.64002 0.548461 1.42385
708000 0.250104 0.660569 0.562252 1.47293
709000 0.246963 0.656788 0.556889 1.46064
710000 0.244275 0.659885 0.581529 1.48569
711000 0.236729 0.657656 0.561287 1.45567
712000 0.229085 0.659758 0.577798 1.46664
713000 0.246052 0.669687 0.581375 1.49711
714000 0.233283 0.648793 0.581208 1.46328
715000 0.252276 0.658065 0.576247 1.48659
716000 0.251671 0.663238 0.575247 1.49016
717000 0.240223 0.656207 0.579366 1.4758
718000 0.239319 0.668496 0.594944 1.50276
719000 0.247424 0.643915 0.579353 1.47069
720000 0.230835 0.638109 0.572399 1.44134
721000 0.241027 0.651957 0.593544 1.48653
722000 0.26085 0.662448 0.591523 1.51482
723000 0.245537 0.653656 0.592672 1.49187
724000 0.249017 0.639612 0.605596 1.49422
725000 0.247246 0.657558 0.580987 1.48579
726000 0.237807 0.654081 0.616167 1.50806
727000 0.241521 0.643409 0.603959 1.48889
728000 0.242263 0.645641 0.578913 1.46682
729000 0.257906 0.661123 0.623463 1.54249
730000 0.249792 0.660528 0.608258 1.51858
731000 0.243695 0.652492 0.615451 1.51164
732000 0.250537 0.668531 0.592034 1.5111
733000 0.244252 0.66794 0.605997 1.51819
734000 0.252854 0.656641 0.616892 1.52639
735000 0.251688 0.652171 0.605865 1.50972
736000 0.247878 0.654038 0.648525 1.55044
737000 0.258097 0.658252 0.601283 1.51763
738000 0.253605 0.674281 0.607749 1.53563
739000 0.235193 0.656953 0.591282 1.48343
740000 0.26176 0.650878 0.611794 1.52443
741000 0.255521 0.664876 0.623147 1.54354
742000 0.251867 0.655776 0.610408 1.51805
743000 0.250789 0.68091 0.628625 1.56032
744000 0.247285 0.670109 0.607217 1.52461
745000 0.241451 0.673159 0.5998 1.51441
746000 0.244728 0.664806 0.605727 1.51526
747000 0.262688 0.674279 0.612336 1.5493
748000 0.242207 0.680433 0.633655 1.55629
749000 0.247978 0.69712 0.63096 1.57606
750000 0.256825 0.688871 0.62713 1.57283
751000 0.24841 0.698341 0.656545 1.6033
752000 0.254261 0.698757 0.651875 1.60489
753000 0.265624 0.686741 0.664792 1.61716
754000 0.25918 0.7006 0.625634 1.58541
755000 0.270259 0.696063 0.628254 1.59458
756000 0.252271 0.681796 0.662481 1.59655
757000 0.256731 0.707415 0.628288 1.59243
758000 0.260002 0.701589 0.639241 1.60083
759000 0.246077 0.710878 0.645014 1.60197
760000 0.272377 0.690076 0.616359 1.57881
761000 0.260044 0.690357 0.643817 1.59422
762000 0.251612 0.702341 0.636581 1.59053
763000 0.260479 0.70605 0.643545 1.61007
764000 0.262206 0.701599 0.622549 1.58635
765000 0.245169 0.702891 0.640489 1.58855
766000 0.260612 0.697067 0.643629 1.60131
767000 0.255957 0.710029 0.621098 1.58708
768000 0.268073 0.70875 0.636156 1.61298
769000 0.249787 0.721329 0.61563 1.58675
770000 0.250425 0.709391 0.635661 1.59548
771000 0.260478 0.722192 0.655289 1.63796
772000 0.254101 0.712044 0.63756 1.6037
773000 0.246923 0.715838 0.633753 1.59651
774000 0.254118 0.701008 0.627874 1.583
775000 0.250809 0.730185 0.62864 1.60963
776000 0.254228 0.71895 0.633139 1.60632
777000 0.26483 0.719108 0.642698 1.62664
778000 0.260608 0.709244 0.64027 1.61012
779000 0.25229 0.706614 0.637771 1.59668
780000 0.269668 0.729196 0.657997 1.65686
781000 0.259754 0.71098 0.644467 1.6152
782000 0.28491 0.712136 0.652481 1.64953
783000 0.262516 0.738104 0.648033 1.64865
784000 0.267415 0.731949 0.649077 1.64844
785000 0.258721 0.731829 0.659801 1.65035
786000 0.26587 0.725384 0.67197 1.66322
787000 0.287678 0.749589 0.650707 1.68797
788000 0.276712 0.770656 0.642761 1.69013
789000 0.285055 0.748019 0.6604 1.69348
790000 0.266103 0.76521 0.678832 1.71014
791000 0.262099 0.727438 0.663989 1.65353
792000 0.273465 0.742062 0.66549 1.68102
793000 0.309071 0.7889 0.671758 1.76973
794000 0.292983 0.765922 0.659943 1.71885
795000 0.28537 0.775286 0.669376 1.73003
796000 0.272029 0.752075 0.658546 1.68265
797000 0.26267 0.754841 0.678881 1.69639
798000 0.261621 0.751739 0.679356 1.69272
799000 0.266679 0.74774 0.664546 1.67897
800000 0.289099 0.766922 0.665331 1.72135
801000 0.269626 0.736136 0.663635 1.6694
802000 0.278915 0.747687 0.674686 1.70129
803000 0.292137 0.76266 0.686674 1.74147
804000 0.277479 0.7583 0.67361 1.70939
805000 0.270142 0.751578 0.678772 1.70049
806000 0.278591 0.738907 0.675878 1.69338
807000 0.280771 0.773298 0.669946 1.72401
808000 0.289062 0.762309 0.708569 1.75994
809000 0.272826 0.77124 0.692715 1.73678
810000 0.277019 0.754036 0.693717 1.72477
811000 0.293899 0.761336 0.690237 1.74547
812000 0.27771 0.75609 0.667998 1.7018
813000 0.295948 0.757107 0.676181 1.72924
814000 0.290832 0.753394 0.660676 1.7049
815000 0.288774 0.73335 0.683282 1.70541
816000 0.296826 0.771566 0.68248 1.75087
817000 0.285607 0.770021 0.700894 1.75652
818000 0.29753 0.765695 0.667794 1.73102
819000 0.283689 0.749644 0.684345 1.71768
820000 0.276742 0.760289 0.698994 1.73603
821000 0.288987 0.763848 0.68308 1.73592
822000 0.285824 0.760878 0.675112 1.72181
823000 0.303046 0.742245 0.690784 1.73607
824000 0.285121 0.760612 0.681545 1.72728
825000 0.284125 0.753121 0.674501 1.71175
826000 0.283988 0.76643 0.689739 1.74016
827000 0.279587 0.756993 0.683206 1.71979
828000 0.275274 0.738085 0.674597 1.68796
829000 0.289293 0.744588 0.690805 1.72469
830000 0.282829 0.748 0.681683 1.71251
831000 0.286833 0.773388 0.679743 1.73996
832000 0.276686 0.751413 0.685789 1.71389
833000 0.274415 0.753934 0.675039 1.70339
834000 0.282807 0.779811 0.692711 1.75533
835000 0.287359 0.754857 0.696619 1.73884
836000 0.275095 0.769207 0.673783 1.71808
837000 0.28005 0.778558 0.677308 1.73592
838000 0.280412 0.782889 0.68825 1.75155
839000 0.283141 0.766881 0.68058 1.7306
840000 0.287175 0.762022 0.703732 1.75293
841000 0.280789 0.777497 0.690172 1.74846
842000 0.295688 0.753414 0.705558 1.75466
843000 0.287557 0.752642 0.703159 1.74336
844000 0.286805 0.752651 0.673664 1.71312
845000 0.28507 0.749899 0.697134 1.7321
846000 0.285838 0.766007 0.68015 1.732
847000 0.305802 0.766359 0.682935 1.7551
848000 0.299951 0.764164 0.683308 1.74742
849000 0.296087 0.769493 0.682919 1.7485
850000 0.298667 0.771567 0.697878 1.76811
851000 0.310554 0.758058 0.681171 1.74978
852000 0.306398 0.779141 0.66858 1.75412
853000 0.293903 0.758451 0.697919 1.75027
854000 0.288988 0.770561 0.68433 1.74388
855000 0.2911 0.746452 0.684847 1.7224
856000 0.297172 0.758784 0.675544 1.7315
857000 0.290735 0.797965 0.695639 1.78434
858000 0.294375 0.761311 0.686866 1.74255
859000 0.271604 0.770195 0.681193 1.72299
860000 0.291894 0.761977 0.675612 1.72948
861000 0.288983 0.756039 0.679836 1.72486
862000 0.291686 0.772006 0.701772 1.76546
863000 0.272682 0.775107 0.690537 1.73833
864000 0.282509 0.75575 0.686299 1.72456
865000 0.295447 0.779709 0.667837 1.74299
866000 0.290857 0.771958 0.677113 1.73993
867000 0.2873 0.782535 0.674948 1.74478
868000 0.301786 0.784477 0.678943 1.7652
869000 0.289275 0.783863 0.692927 1.76606
870000 0.292708 0.809726 0.675668 1.7781
871000 0.297564 0.800408 0.679949 1.77792
872000 0.282238 0.785676 0.701237 1.76915
873000 0.285266 0.785904 0.694994 1.76616
874000 0.282474 0.797439 0.70673 1.78664
875000 0.299968 0.797133 0.690424 1.78753
876000 0.29169 0.784809 0.695382 1.77188
877000 0.307374 0.798875 0.670629 1.77688
878000 0.290512 0.794279 0.692853 1.77764
879000 0.283221 0.796367 0.688454 1.76804
880000 0.301328 0.833042 0.696787 1.83116
881000 0.291126 0.805878 0.718411 1.81542
882000 0.309619 0.783203 0.709155 1.80198
883000 0.287446 0.793147 0.700697 1.78129
884000 0.29431 0.777635 0.710107 1.78205
885000 0.285017 0.799991 0.697026 1.78203
886000 0.289674 0.795044 0.705798 1.79052
887000 0.312624 0.796377 0.71482 1.82382
888000 0.308602 0.815591 0.724115 1.84831
889000 0.322714 0.783778 0.71369 1.82018
890000 0.306115 0.816176 0.726459 1.84875
891000 0.313644 0.801507 0.724769 1.83992
892000 0.317073 0.808224 0.725166 1.85046
893000 0.298095 0.813453 0.738071 1.84962
894000 0.301977 0.804184 0.740508 1.84667
895000 0.297715 0.790867 0.740824 1.82941
896000 0.290384 0.791153 0.726952 1.80849
897000 0.302678 0.782115 0.761233 1.84603
898000 0.295707 0.803202 0.748521 1.84743
899000 0.309876 0.796024 0.761181 1.86708
900000 0.30518 0.805381 0.733127 1.84369
901000 0.310245 0.786097 0.73241 1.82875
902000 0.303223 0.795887 0.755225 1.85434
903000 0.310681 0.801434 0.748067 1.86018
904000 0.301745 0.818034 0.74209 1.86187
905000 0.29807 0.805709 0.739033 1.84281
906000 0.295233 0.801404 0.750752 1.84739
907000 0.292379 0.781109 0.737343 1.81083
908000 0.299569 0.809375 0.750182 1.85913
909000 0.286449 0.798746 0.756338 1.84153
910000 0.301048 0.812925 0.744414 1.85839
911000 0.296017 0.805458 0.752534 1.85401
912000 0.29307 0.797023 0.734525 1.82462
913000 0.304908 0.814056 0.729625 1.84859
914000 0.30235 0.823364 0.75014 1.87585
915000 0.293734 0.817201 0.747107 1.85804
916000 0.302291 0.815678 0.74626 1.86423
917000 0.292925 0.806315 0.761943 1.86118
918000 0.297745 0.823002 0.74143 1.86218
919000 0.317323 0.806089 0.736022 1.85943
920000 0.310248 0.820027 0.735852 1.86613
921000 0.307083 0.82149 0.733126 1.8617
922000 0.296177 0.817469 0.720579 1.83422
923000 0.300808 0.834486 0.742017 1.87731
924000 0.30808 0.819749 0.753288 1.88112
925000 0.320601 0.819332 0.749623 1.88956
926000 0.310219 0.841982 0.739496 1.8917
927000 0.306642 0.827174 0.743824 1.87764
928000 0.301544 0.822344 0.741013 1.8649
929000 0.302315 0.82734 0.74948 1.87913
930000 0.300924 0.83394 0.728952 1.86382
931000 0.287143 0.854666 0.731528 1.87334
932000 0.286868 0.815769 0.725437 1.82807
933000 0.292656 0.825628 0.736516 1.8548
934000 0.295409 0.822904 0.727757 1.84607
935000 0.298262 0.819671 0.739805 1.85774
936000 0.310086 0.841236 0.752475 1.9038
937000 0.300422 0.837363 0.747627 1.88541
938000 0.29605 0.836335 0.72634 1.85873
939000 0.290928 0.832597 0.738538 1.86206
940000 0.310289 0.833334 0.729051 1.87267
941000 0.300222 0.858858 0.721241 1.88032
942000 0.305977 0.844974 0.733555 1.88451
943000 0.301719 0.835789 0.742697 1.88021
944000 0.308958 0.868646 0.748307 1.92591
945000 0.306291 0.844648 0.735123 1.88606
946000 0.302554 0.8676 0.753607 1.92376
947000 0.31796 0.854668 0.754023 1.92665
948000 0.336998 0.863735 0.751888 1.95262
949000 0.299878 0.874629 0.747427 1.92193
950000 0.310883 0.890353 0.764098 1.96533
951000 0.298296 0.861494 0.75122 1.91101
952000 0.312935 0.885628 0.745559 1.94412
953000 0.324215 0.872961 0.75842 1.9556
954000 0.322481 0.865497 0.747123 1.9351
955000 0.321454 0.861747 0.761882 1.94508
956000 0.321041 0.877116 0.757095 1.95525
957000 0.328119 0.883112 0.766382 1.97761
958000 0.308589 0.842664 0.765984 1.91724
959000 0.333796 0.869821 0.773416 1.97703
960000 0.319763 0.857695 0.772025 1.94948
961000 0.320964 0.863811 0.782822 1.9676
962000 0.328281 0.834851 0.778923 1.94206
963000 0.328698 0.882414 0.762506 1.97362
964000 0.317245 0.877995 0.75669 1.95193
965000 0.324616 0.855888 0.75466 1.93516
966000 0.321473 0.881921 0.795811 1.99921
967000 0.336067 0.876906 0.771602 1.98458
968000 0.324796 0.86162 0.772322 1.95874
969000 0.335246 0.871897 0.759812 1.96696
970000 0.324591 0.891345 0.771425 1.98736
971000 0.320756 0.888778 0.786789 1.99632
972000 0.326184 0.869336 0.763866 1.95939
973000 0.321228 0.87134 0.765342 1.95791
974000 0.323972 0.880218 0.764843 1.96903
975000 0.318032 0.8687 0.759842 1.94657
976000 0.329811 0.890984 0.782737 2.00353
977000 0.312426 0.881367 0.764751 1.95854
978000 0.333002 0.87079 0.77652 1.98031
979000 0.326276 0.89175 0.761295 1.97932
980000 0.322657 0.885429 0.755961 1.96405
981000 0.332535 0.899848 0.781222 2.01361
982000 0.319358 0.888166 0.759733 1.96726
983000 0.32443 0.86536 0.777881 1.96767
984000 0.324647 0.872655 0.781034 1.97834
985000 0.331291 0.890601 0.769959 1.99185
986000 0.314967 0.90224 0.783731 2.00094
987000 0.328951 0.887043 0.777278 1.99327
988000 0.316607 0.885072 0.758943 1.96062
989000 0.328295 0.867039 0.768434 1.96377
990000 0.325287 0.888909 0.77111 1.98531
991000 0.31982 0.907649 0.794034 2.0215
992000 0.327126 0.876688 0.769273 1.97309
993000 0.317616 0.871377 0.774641 1.96363
994000 0.333561 0.869781 0.758289 1.96163
995000 0.310688 0.879715 0.778891 1.96929
996000 0.318748 0.893935 0.758207 1.97089
997000 0.329906 0.876115 0.777207 1.98323
998000 0.323734 0.869015 0.78307 1.97582
999000 0.322878 0.880001 0.779477 1.98236
1000000 0.321112 0.868285 0.764121 1.95352
1001000 0.328299 0.871954 0.78099 1.98124
1002000 0.326681 0.890426 0.780909 1.99801
1003000 0.334264 0.882824 0.812442 2.02953
1004000 0.31756 0.876524 0.814949 2.00903
1005000 0.328033 0.861834 0.791991 1.98186
1006000 0.312952 0.883857 0.799167 1.99598
1007000 0.320035 0.864197 0.790031 1.97426
1008000 0.331568 0.870067 0.800074 2.00171
1009000 0.308848 0.88529 0.791981 1.98612
1010000 0.326826 0.881075 0.796852 2.00475
1011000 0.337024 0.886791 0.79459 2.0184
1012000 0.342558 0.872067 0.804672 2.0193
1013000 0.329484 0.906173 0.808782 2.04444
1014000 0.33908 0.893785 0.795037 2.0279
1015000 0.329119 0.920476 0.789054 2.03865
1016000 0.321304 0.916048 0.808618 2.04597
1017000 0.329554 0.894549 0.81683 2.04093
1018000 0.340929 0.894868 0.815977 2.05177
1019000 0.32583 0.911851 0.797462 2.03514
1020000 0.325847 0.898688 0.804233 2.02877
1021000 0.333656 0.894327 0.821033 2.04902
1022000 0.318415 0.900981 0.800581 2.01998
1023000 0.330446 0.910404 0.812783 2.05363
1024000 0.328947 0.919619 0.794848 2.04341
1025000 0.327683 0.923354 0.8116 2.06264
1026000 0.329895 0.904881 0.811941 2.04672
1027000 0.332523 0.902505 0.811133 2.04616
1028000 0.342737 0.929622 0.818239 2.0906
1029000 0.337946 0.932263 0.840694 2.1109
1030000 0.325797 0.892265 0.83756 2.05562
