          56
Lattice="  35.4000   0.0000   0.0000   0.0000  35.4000   0.0000   0.0000   0.0000  35.4000 " Time=0.000E+00  Step=0
Ni     2.33734869    2.70560559    1.56139440       2
Ni     2.33604233    0.94404964    3.31985967       3
Ni     0.57540842    2.70284526    3.31864170       4
Ni    34.21455908    2.70534721    1.56101302      38
Ni    34.21400413    0.94387038    3.31961631      39
Ni     2.35211390    6.24218765    8.63849954     442
Ni     4.11284681    4.48128290    8.64009606     445
Ni     5.88161052    6.24232814    8.65246887     446
Ni     5.89002221    4.43429217   10.36513659     447
Ni     2.34328593    4.47386439   10.39284070     448
Ni     2.33467457    8.00618663   10.37940630     483
Ni     4.12146579    8.00346280    8.64581355     485
Ni     5.89533472    8.01231778   10.40344801     487
Ni     4.10016043    4.45673124   12.14586982     643
Ni     2.33509216    6.22736132   12.14157063     645
Ni     5.86026894    6.15900027   12.04608116     646
Ni     4.07718350    7.99404789   12.10569182     685
Ni     5.88162221    7.85173267   13.66433756     687
Ni     4.21581096    9.78049962   14.02398569     688
Ni     7.56817881    9.79257951   14.03557557     692
Ni     5.88792955   11.71882293   13.67716848     727
Ni    32.43462594   13.42803271   14.03756017     760
Ni    30.50774251   15.11021451   13.67121027     795
Ni    34.34772727   15.12444137   13.67357892     799
Ni    32.42511643   16.80026356   14.03673926     800
Ni     5.90852533    8.74383505   15.70361181     846
Ni     5.89684139    6.27848369   15.72216180     847
Ni     3.87186366    7.84393016   15.72818426     885
Ni     5.85536615   10.86368182   15.73147566     886
Ni     5.88919059    7.86778141   17.75575315     887
Ni     4.21712169    9.78674615   17.41614539     888
Ni     7.94404321    7.86034657   15.72366833     889
Ni     7.56782807    9.79572210   17.40593248     892
Ni     3.81006535   11.72770128   15.72066959     925
Ni     5.87661478   13.31287026   15.72432612     926
Ni     5.88852091   11.72447935   17.77926149     927
Ni     7.91598905   11.71623974   15.72144920     929
Ni    31.35899411   15.11599300   15.72412333     954
Ni    30.51230233   13.06009243   15.72397231     957
Ni    34.37491446   13.06938294   15.72322133     958
Ni    32.43463057   13.42823053   17.41026166     960
Ni     0.51025248   15.15812036   15.72401674     961
Ni    28.91703763   15.10999778   15.72425437     993
Ni    30.50427879   17.16616430   15.72441845     994
Ni    30.50778045   15.11046889   17.77711500     995
Ni    33.47716875   15.10675121   15.72428582     997
Ni    34.33968741   17.16419061   15.72434766     998
Ni    34.34793723   15.12471531   17.77481879     999
Ni    32.42517759   16.80030837   17.41187194    1000
Ni     2.33673473    0.94624188   35.20319595    1803
Ni     0.57614785    2.70598332   35.20317463    1804
Ni    34.21529271    0.94606027   35.20315472    1839
Ni     2.33663042   34.58550111    1.56169594    2162
Ni     0.57497837   34.58467419    3.31997640    2164
Ni    34.21438506   34.58534152    1.56158654    2198
Ni     0.57584226   34.58706779   35.20380686    3964
