# Time-averaged data for fix 1
# TimeStep c_msd_all[1] c_msd_all[2] c_msd_all[3] c_msd_all[4]
31000 0.0645778 0.0683718 0.0567388 0.189688
32000 0.0672802 0.0739302 0.0693422 0.210553
33000 0.0670217 0.0607841 0.0707648 0.198571
34000 0.0662134 0.0673608 0.0654732 0.199047
35000 0.0637451 0.0642698 0.0781506 0.206165
36000 0.0619946 0.06339 0.0656471 0.191032
37000 0.0727189 0.0725645 0.0633671 0.208651
38000 0.0752296 0.0734946 0.0629712 0.211695
39000 0.0643107 0.062462 0.0737993 0.200572
40000 0.0748744 0.07138 0.0693244 0.215579
41000 0.0696529 0.0754431 0.0690612 0.214157
42000 0.0714033 0.0795739 0.0727629 0.22374
43000 0.0719122 0.0728897 0.0759938 0.220796
44000 0.0783529 0.0748733 0.080743 0.233969
45000 0.0775321 0.0743794 0.07696 0.228871
46000 0.066476 0.0717467 0.0702528 0.208476
47000 0.0713691 0.0742451 0.0672324 0.212847
48000 0.0721783 0.069772 0.0709627 0.212913
49000 0.0719897 0.0743001 0.0713819 0.217672
50000 0.0833135 0.0828062 0.0739958 0.240115
51000 0.076444 0.0762999 0.0728768 0.225621
52000 0.0757642 0.0897386 0.0711762 0.236679
53000 0.0765316 0.0726408 0.0762664 0.225439
54000 0.0758565 0.0829245 0.0787951 0.237576
55000 0.0746907 0.086017 0.0773052 0.238013
56000 0.0712856 0.0735121 0.0727972 0.217595
57000 0.0716209 0.0789502 0.0768168 0.227388
58000 0.0763175 0.0915587 0.0846598 0.252536
59000 0.0709757 0.0768879 0.0723875 0.220251
60000 0.0773023 0.0793908 0.0745591 0.231252
61000 0.0761921 0.0737345 0.0807312 0.230658
62000 0.0858817 0.0857631 0.0799397 0.251585
63000 0.0793508 0.0712802 0.0714445 0.222076
64000 0.0861763 0.088048 0.0786596 0.252884
65000 0.0691937 0.0740165 0.0770318 0.220242
66000 0.0721157 0.0905941 0.0800016 0.242711
67000 0.0901072 0.0928217 0.0822828 0.265212
68000 0.0791512 0.0820385 0.0826169 0.243807
69000 0.0878734 0.0915177 0.0808351 0.260226
70000 0.0790285 0.0739098 0.0804206 0.233359
71000 0.0824911 0.081427 0.0819835 0.245902
72000 0.0833279 0.0817859 0.0804131 0.245527
73000 0.0858188 0.0866467 0.0876778 0.260143
74000 0.0782265 0.0830767 0.073981 0.235284
75000 0.090773 0.0901781 0.0804289 0.26138
76000 0.0760903 0.0782376 0.0779451 0.232273
77000 0.0768604 0.0825616 0.0779939 0.237416
78000 0.0831233 0.0868956 0.0748268 0.244846
79000 0.0690212 0.0780756 0.0755039 0.222601
80000 0.0830024 0.0873708 0.0815351 0.251908
81000 0.0716085 0.0811322 0.0778669 0.230608
82000 0.0783995 0.0753573 0.0791755 0.232932
83000 0.0834365 0.0888122 0.0830229 0.255272
84000 0.0754168 0.0916619 0.087472 0.254551
85000 0.0736598 0.0809655 0.0814319 0.236057
86000 0.0765274 0.083352 0.0835034 0.243383
87000 0.0810355 0.0796708 0.0749304 0.235637
88000 0.0849791 0.0960237 0.0808323 0.261835
89000 0.0820024 0.0861316 0.0782889 0.246423
90000 0.0800851 0.0760477 0.0905362 0.246669
91000 0.0816322 0.0944012 0.0844516 0.260485
92000 0.0800852 0.0854388 0.0827936 0.248318
93000 0.0794995 0.0794807 0.075769 0.234749
94000 0.0979921 0.102811 0.0804492 0.281252
95000 0.0793773 0.0804787 0.0829245 0.242781
96000 0.0809456 0.0908248 0.0839013 0.255672
97000 0.0754347 0.0840856 0.0920371 0.251557
98000 0.0768745 0.0775447 0.0873173 0.241737
99000 0.0798531 0.0784777 0.080952 0.239283
100000 0.0882446 0.0853014 0.0893145 0.262861
101000 0.0857852 0.0809575 0.0862398 0.252983
102000 0.0968675 0.0918207 0.0834212 0.272109
103000 0.0781806 0.0822218 0.0790403 0.239443
104000 0.0774984 0.0807427 0.0773167 0.235558
105000 0.0895565 0.10114 0.0836049 0.274301
106000 0.0821584 0.0857817 0.0844218 0.252362
107000 0.0829476 0.089919 0.0821668 0.255033
108000 0.0871292 0.0878364 0.0888157 0.263781
109000 0.0816957 0.0868906 0.0830041 0.25159
110000 0.0869974 0.0882333 0.0812423 0.256473
111000 0.0899525 0.0913098 0.0831229 0.264385
112000 0.0803608 0.0814054 0.076123 0.237889
113000 0.0918873 0.0900478 0.074668 0.256603
114000 0.0844158 0.0933853 0.0794441 0.257245
115000 0.0902391 0.0891107 0.0837855 0.263135
116000 0.0919469 0.090791 0.0932084 0.275946
117000 0.0845457 0.0838826 0.0857515 0.25418
118000 0.0868235 0.0887612 0.0843755 0.25996
119000 0.0898499 0.0929644 0.0850204 0.267835
120000 0.0882433 0.0908012 0.0871509 0.266195
121000 0.0874019 0.0827207 0.081365 0.251488
122000 0.0848575 0.0908865 0.0816977 0.257442
123000 0.0799308 0.0860587 0.080614 0.246603
124000 0.0840199 0.0844629 0.0814629 0.249946
125000 0.0860365 0.0808272 0.0843969 0.251261
126000 0.0828124 0.0893732 0.082278 0.254464
127000 0.0767141 0.0887804 0.0962425 0.261737
128000 0.0799721 0.0846042 0.0870696 0.251646
129000 0.0993145 0.100783 0.0865549 0.286653
130000 0.0781148 0.0872763 0.0872841 0.252675
131000 0.0982989 0.0940073 0.088955 0.281261
132000 0.0892121 0.09067 0.0803616 0.260244
133000 0.0783581 0.0814702 0.0768491 0.236677
134000 0.0907851 0.0858366 0.0804862 0.257108
135000 0.0835933 0.083412 0.0903599 0.257365
136000 0.0841914 0.0948115 0.0896146 0.268618
137000 0.085599 0.0878643 0.0913506 0.264814
138000 0.0824573 0.0811659 0.0858065 0.24943
139000 0.0830991 0.088903 0.089663 0.261665
140000 0.0956199 0.0890823 0.0938979 0.2786
141000 0.087672 0.0836441 0.0902978 0.261614
142000 0.090595 0.0860407 0.0979056 0.274541
143000 0.0963762 0.0921163 0.0934909 0.281983
144000 0.0837308 0.0883755 0.0890815 0.261188
145000 0.092388 0.0882154 0.0821493 0.262753
146000 0.0893662 0.0882376 0.082964 0.260568
147000 0.0903595 0.0911273 0.0864414 0.267928
148000 0.0920076 0.0917727 0.084672 0.268452
149000 0.0784727 0.0872304 0.0838508 0.249554
150000 0.0821995 0.095085 0.0876474 0.264932
151000 0.0877173 0.094295 0.0914767 0.273489
152000 0.086179 0.085139 0.0931029 0.264421
153000 0.0967413 0.0976396 0.0957147 0.290096
154000 0.0827993 0.0865289 0.0944804 0.263809
155000 0.0869646 0.0888169 0.0912314 0.267013
156000 0.0848596 0.0829489 0.0886656 0.256474
157000 0.0847046 0.0818782 0.0928114 0.259394
158000 0.0857537 0.0950289 0.0936309 0.274414
159000 0.0909027 0.0944156 0.093845 0.279163
160000 0.0855285 0.0889097 0.0934224 0.267861
161000 0.0934921 0.0878554 0.0934805 0.274828
162000 0.0949407 0.0932148 0.0929546 0.28111
163000 0.0859192 0.0870872 0.097978 0.270984
164000 0.0954964 0.0970832 0.103335 0.295915
165000 0.0937616 0.0972382 0.110611 0.301611
166000 0.0832186 0.0915698 0.0942808 0.269069
167000 0.0999354 0.0995587 0.0945968 0.294091
168000 0.0855402 0.0940904 0.0909139 0.270545
169000 0.0854014 0.0920158 0.0930719 0.270489
170000 0.0920124 0.100279 0.0892681 0.281559
171000 0.0936673 0.100914 0.0969237 0.291505
172000 0.10098 0.106419 0.0963259 0.303725
173000 0.109014 0.126356 0.0956491 0.331019
174000 0.0893382 0.101103 0.102124 0.292565
175000 0.103886 0.108895 0.0976125 0.310394
176000 0.0882151 0.0992817 0.0917411 0.279238
177000 0.0964656 0.111468 0.0902379 0.298172
178000 0.0963646 0.100963 0.0954611 0.292788
179000 0.0929552 0.105549 0.0988459 0.29735
180000 0.0931943 0.101644 0.100007 0.294845
181000 0.106315 0.0999954 0.107006 0.313317
182000 0.115127 0.11359 0.0974713 0.326188
183000 0.101937 0.103444 0.106851 0.312231
184000 0.0968207 0.102007 0.0994047 0.298233
185000 0.105795 0.109693 0.104724 0.320212
186000 0.0930224 0.105696 0.103649 0.302367
187000 0.101995 0.102335 0.10801 0.312341
188000 0.112472 0.107404 0.112345 0.332221
189000 0.117362 0.110818 0.106273 0.334453
190000 0.108371 0.115431 0.109863 0.333666
191000 0.105977 0.10625 0.109422 0.321649
192000 0.0981741 0.103083 0.108728 0.309985
193000 0.104264 0.110114 0.0993088 0.313687
194000 0.107095 0.0983792 0.0989974 0.304472
195000 0.0962362 0.108209 0.102612 0.307057
196000 0.10907 0.122555 0.100658 0.332284
197000 0.0947612 0.108448 0.107584 0.310793
198000 0.0994655 0.104924 0.1012 0.30559
199000 0.107534 0.106698 0.103298 0.31753
200000 0.0997841 0.107415 0.109467 0.316665
201000 0.098661 0.108924 0.104055 0.31164
202000 0.105881 0.11624 0.109464 0.331586
203000 0.0988264 0.112633 0.0985154 0.309975
204000 0.100862 0.0987282 0.0977447 0.297335
205000 0.112629 0.115718 0.102849 0.331196
206000 0.107826 0.108431 0.106152 0.322408
207000 0.100031 0.109884 0.104655 0.314571
208000 0.103423 0.112254 0.104339 0.320015
209000 0.101252 0.114047 0.111592 0.326892
210000 0.105946 0.114613 0.119298 0.339857
211000 0.107304 0.115262 0.113655 0.336222
212000 0.109627 0.106866 0.114226 0.330719
213000 0.107033 0.109206 0.105921 0.32216
214000 0.11953 0.126047 0.115574 0.361151
215000 0.106184 0.113556 0.12012 0.33986
216000 0.119339 0.116323 0.113487 0.349149
217000 0.118312 0.116232 0.11364 0.348184
218000 0.111342 0.123471 0.114165 0.348978
219000 0.115529 0.127108 0.119517 0.362154
220000 0.112859 0.11877 0.125868 0.357497
221000 0.113176 0.118672 0.113172 0.34502
222000 0.105649 0.111082 0.123329 0.34006
223000 0.106984 0.113894 0.125861 0.34674
224000 0.109214 0.114811 0.130333 0.354358
225000 0.114008 0.122578 0.131075 0.36766
226000 0.118097 0.122551 0.125978 0.366626
227000 0.116402 0.114623 0.122407 0.353432
228000 0.119703 0.122809 0.120193 0.362705
229000 0.12201 0.12181 0.118277 0.362097
230000 0.132593 0.134569 0.127585 0.394747
231000 0.114844 0.121149 0.133371 0.369364
232000 0.118731 0.11942 0.129114 0.367266
233000 0.117778 0.127163 0.123712 0.368654
234000 0.123097 0.12058 0.118698 0.362376
235000 0.121166 0.119863 0.120349 0.361377
236000 0.116634 0.113864 0.118158 0.348656
237000 0.123985 0.131232 0.122441 0.377658
238000 0.110547 0.116908 0.130477 0.357932
239000 0.115056 0.118739 0.125913 0.359708
240000 0.118708 0.121813 0.124304 0.364824
241000 0.11632 0.117486 0.128081 0.361888
242000 0.117136 0.123278 0.125775 0.366189
243000 0.12381 0.128256 0.125394 0.37746
244000 0.118738 0.122373 0.127204 0.368316
245000 0.127309 0.13251 0.119993 0.379813
246000 0.11325 0.12418 0.126659 0.364089
247000 0.117999 0.121475 0.125235 0.36471
248000 0.120929 0.128323 0.121161 0.370412
249000 0.120971 0.125585 0.124579 0.371134
250000 0.122657 0.123697 0.116484 0.362838
251000 0.114599 0.1178 0.127225 0.359623
252000 0.116141 0.125849 0.126846 0.368836
253000 0.112422 0.137045 0.125322 0.374788
254000 0.116567 0.127369 0.127899 0.371835
255000 0.13219 0.133834 0.129808 0.395832
256000 0.120372 0.125318 0.122598 0.368289
257000 0.118682 0.117927 0.121504 0.358112
258000 0.123532 0.122004 0.118333 0.363869
259000 0.121971 0.129133 0.12149 0.372594
260000 0.123589 0.127937 0.131631 0.383157
261000 0.12945 0.129259 0.128328 0.387037
262000 0.122368 0.126484 0.131003 0.379854
263000 0.135269 0.13011 0.124548 0.389928
264000 0.116338 0.123945 0.119375 0.359658
265000 0.120963 0.128543 0.119427 0.368933
266000 0.117252 0.123159 0.140235 0.380647
267000 0.112947 0.129885 0.132394 0.375226
268000 0.120396 0.122128 0.136661 0.379185
269000 0.112307 0.124706 0.144184 0.381197
270000 0.119704 0.118719 0.131873 0.370296
271000 0.115427 0.120853 0.131835 0.368116
272000 0.117613 0.125686 0.12322 0.36652
273000 0.12556 0.132075 0.12531 0.382945
274000 0.122259 0.124054 0.132502 0.378816
275000 0.119969 0.128391 0.133491 0.381851
276000 0.114311 0.13293 0.12901 0.376251
277000 0.117129 0.133785 0.132772 0.383686
278000 0.112212 0.128088 0.133682 0.373982
279000 0.118986 0.125909 0.135982 0.380876
280000 0.12468 0.13209 0.135831 0.392601
281000 0.12125 0.122526 0.127212 0.370987
282000 0.121995 0.124303 0.135468 0.381766
283000 0.107897 0.12211 0.12427 0.354277
284000 0.126994 0.150929 0.132029 0.409951
285000 0.123727 0.128623 0.135646 0.387997
286000 0.124462 0.140664 0.130629 0.395755
287000 0.128938 0.144003 0.137159 0.4101
288000 0.129454 0.139914 0.134759 0.404127
289000 0.12576 0.14051 0.14736 0.41363
290000 0.129412 0.143499 0.146888 0.419799
291000 0.130513 0.135449 0.13313 0.399091
292000 0.129591 0.137432 0.139468 0.40649
293000 0.134957 0.148825 0.140367 0.424149
294000 0.123799 0.142492 0.135957 0.402248
295000 0.125051 0.147973 0.134153 0.407177
296000 0.122774 0.144884 0.132424 0.400081
297000 0.13199 0.143127 0.138493 0.41361
298000 0.133396 0.144389 0.143132 0.420918
299000 0.126288 0.133354 0.142584 0.402226
300000 0.123823 0.131323 0.139496 0.394642
301000 0.12921 0.140196 0.142145 0.41155
302000 0.131675 0.146952 0.143988 0.422615
303000 0.122967 0.136091 0.137795 0.396853
304000 0.126243 0.150298 0.137836 0.414378
305000 0.129293 0.137838 0.135773 0.402904
306000 0.120934 0.138077 0.139057 0.398068
307000 0.132544 0.149148 0.136928 0.418621
308000 0.127036 0.146305 0.138183 0.411524
309000 0.119679 0.135126 0.134663 0.389469
310000 0.126196 0.137421 0.129914 0.393531
311000 0.123557 0.141957 0.142445 0.407959
312000 0.12165 0.138317 0.136884 0.396851
313000 0.136658 0.139416 0.126655 0.402728
314000 0.133515 0.136558 0.137486 0.407559
315000 0.129197 0.130893 0.135826 0.395917
316000 0.134254 0.148615 0.142323 0.425191
317000 0.139974 0.145516 0.15001 0.4355
318000 0.126485 0.146256 0.141073 0.413814
319000 0.134944 0.142089 0.139097 0.41613
320000 0.132692 0.149642 0.134779 0.417113
321000 0.127277 0.140551 0.136927 0.404755
322000 0.120183 0.140564 0.146408 0.407155
323000 0.135646 0.147474 0.148132 0.431253
324000 0.134487 0.135629 0.13885 0.408966
325000 0.136798 0.146948 0.139091 0.422836
326000 0.128564 0.134338 0.13404 0.396942
327000 0.128264 0.138626 0.134023 0.400914
328000 0.139207 0.150185 0.136203 0.425595
329000 0.124328 0.13884 0.145033 0.408201
330000 0.133776 0.15082 0.13851 0.423106
331000 0.128783 0.144079 0.137613 0.410476
332000 0.134674 0.135657 0.132739 0.403069
333000 0.135822 0.151124 0.137301 0.424248
334000 0.136102 0.151754 0.132706 0.420561
335000 0.129243 0.147875 0.140655 0.417773
336000 0.130032 0.141765 0.140804 0.412602
337000 0.133171 0.150205 0.138379 0.421754
338000 0.134501 0.150023 0.141611 0.426136
339000 0.126254 0.144559 0.128311 0.399124
340000 0.132464 0.14176 0.132035 0.406258
341000 0.145232 0.150113 0.148446 0.443791
342000 0.14465 0.151752 0.158762 0.455164
343000 0.141253 0.140512 0.15567 0.437436
344000 0.150552 0.158261 0.157934 0.466747
345000 0.137027 0.133454 0.153754 0.424235
346000 0.138793 0.150716 0.14905 0.438559
347000 0.13917 0.15896 0.143905 0.442035
348000 0.138178 0.140873 0.135412 0.414464
349000 0.1454 0.152339 0.138106 0.435846
350000 0.146742 0.152113 0.140472 0.439327
351000 0.139729 0.147121 0.138474 0.425324
352000 0.148981 0.14898 0.14259 0.440551
353000 0.151848 0.149436 0.139486 0.440771
354000 0.14323 0.138651 0.146466 0.428347
355000 0.151025 0.146457 0.145039 0.442522
356000 0.145923 0.144529 0.144188 0.434641
357000 0.143034 0.141293 0.139111 0.423438
358000 0.152148 0.147909 0.144767 0.444824
359000 0.143308 0.146761 0.136374 0.426443
360000 0.141765 0.152296 0.143324 0.437384
361000 0.148278 0.14821 0.14616 0.442648
362000 0.148178 0.144925 0.154892 0.447995
363000 0.150983 0.156277 0.149368 0.456628
364000 0.143614 0.147432 0.14845 0.439497
365000 0.153002 0.149812 0.14413 0.446944
366000 0.148777 0.14837 0.144461 0.441609
367000 0.147056 0.151329 0.137918 0.436303
368000 0.14543 0.153884 0.136447 0.435761
369000 0.143502 0.148231 0.147354 0.439087
370000 0.154816 0.15011 0.14552 0.450447
371000 0.153714 0.140273 0.142568 0.436555
372000 0.144316 0.146217 0.140264 0.430797
373000 0.160683 0.153615 0.137823 0.452121
374000 0.160311 0.149646 0.130455 0.440412
375000 0.15735 0.157514 0.141945 0.45681
376000 0.154593 0.150661 0.142197 0.44745
377000 0.148065 0.152157 0.139256 0.439479
378000 0.155288 0.159751 0.148878 0.463917
379000 0.162249 0.159979 0.150178 0.472406
380000 0.149348 0.149113 0.143453 0.441915
381000 0.155687 0.153067 0.150551 0.459305
382000 0.165161 0.154159 0.149889 0.469209
383000 0.146138 0.157953 0.149579 0.453671
384000 0.154989 0.162523 0.142472 0.459985
385000 0.148874 0.1581 0.145679 0.452653
386000 0.156265 0.154239 0.147836 0.45834
387000 0.147934 0.151066 0.144635 0.443635
388000 0.171715 0.154379 0.155852 0.481946
389000 0.159575 0.154987 0.153454 0.468016
390000 0.158167 0.156719 0.154335 0.46922
391000 0.166146 0.157004 0.153229 0.476379
392000 0.159437 0.152637 0.157024 0.469098
393000 0.168887 0.168844 0.149299 0.48703
394000 0.15273 0.150162 0.152777 0.455669
395000 0.158912 0.158134 0.157068 0.474115
396000 0.166133 0.151699 0.155378 0.473211
397000 0.158568 0.153987 0.159452 0.472007
398000 0.167445 0.149348 0.147461 0.464253
399000 0.151002 0.147463 0.152372 0.450838
400000 0.158326 0.148418 0.154765 0.461509
401000 0.171028 0.144566 0.159254 0.474848
402000 0.163816 0.149513 0.148443 0.461772
403000 0.162089 0.156409 0.146519 0.465017
404000 0.1615 0.150484 0.151762 0.463745
405000 0.158766 0.143344 0.162927 0.465037
406000 0.162159 0.153845 0.151134 0.467137
407000 0.161908 0.136401 0.146068 0.444377
408000 0.165423 0.155472 0.139792 0.460687
409000 0.161291 0.14485 0.14148 0.447622
410000 0.161915 0.155804 0.144295 0.462013
411000 0.172816 0.160226 0.148923 0.481965
412000 0.158316 0.145499 0.147971 0.451786
413000 0.16248 0.157984 0.145285 0.465749
414000 0.170613 0.147963 0.145027 0.463603
415000 0.166313 0.155985 0.167607 0.489904
416000 0.17167 0.16521 0.154254 0.491135
417000 0.171711 0.148948 0.161945 0.482603
418000 0.17276 0.159695 0.154494 0.486949
419000 0.167768 0.151399 0.152162 0.471328
420000 0.166203 0.149905 0.151946 0.468054
421000 0.169454 0.151478 0.16903 0.489962
422000 0.168449 0.160721 0.147993 0.477163
423000 0.167808 0.161078 0.155306 0.484192
424000 0.174275 0.164578 0.158668 0.497521
425000 0.179143 0.175637 0.164243 0.519023
426000 0.172091 0.165166 0.162171 0.499428
427000 0.176378 0.159649 0.154214 0.490241
428000 0.16409 0.160338 0.154001 0.478429
429000 0.172125 0.157901 0.152219 0.482245
430000 0.162444 0.16739 0.154908 0.484741
431000 0.164114 0.16445 0.144898 0.473462
432000 0.168201 0.159064 0.155873 0.483138
433000 0.161825 0.157684 0.16328 0.482789
434000 0.172977 0.153456 0.167584 0.494017
435000 0.167887 0.163946 0.161617 0.49345
436000 0.180964 0.178714 0.171577 0.531255
437000 0.180138 0.154239 0.1726 0.506976
438000 0.175479 0.174049 0.16853 0.518059
439000 0.174125 0.17289 0.167465 0.51448
440000 0.174202 0.179712 0.17254 0.526454
441000 0.174346 0.17699 0.178423 0.529759
442000 0.173894 0.169195 0.165983 0.509071
443000 0.179785 0.165696 0.173266 0.518747
444000 0.176903 0.169635 0.172755 0.519293
445000 0.179491 0.169315 0.178503 0.527308
446000 0.18273 0.153459 0.174775 0.510964
447000 0.169835 0.169272 0.18357 0.522677
448000 0.180938 0.176002 0.186064 0.543004
449000 0.178245 0.167585 0.183958 0.529788
450000 0.182272 0.167021 0.175997 0.52529
451000 0.18475 0.170042 0.168997 0.523788
452000 0.173173 0.176592 0.171889 0.521654
453000 0.165096 0.179478 0.178 0.522574
454000 0.18066 0.168501 0.174843 0.524004
455000 0.17889 0.157617 0.183108 0.519615
456000 0.177975 0.162296 0.181335 0.521606
457000 0.172358 0.171097 0.176624 0.520079
458000 0.182875 0.163027 0.173098 0.519001
459000 0.176785 0.170183 0.185408 0.532376
460000 0.174595 0.167076 0.181039 0.52271
461000 0.17806 0.16784 0.180949 0.52685
462000 0.181948 0.167656 0.170715 0.520319
463000 0.175744 0.170741 0.169765 0.51625
464000 0.181515 0.174392 0.176988 0.532895
465000 0.172938 0.157653 0.172641 0.503232
466000 0.177574 0.169007 0.180847 0.527428
467000 0.187745 0.17761 0.174939 0.540295
468000 0.180365 0.178579 0.179343 0.538287
469000 0.182193 0.172184 0.17427 0.528647
470000 0.17394 0.172588 0.178417 0.524945
471000 0.18372 0.172044 0.17706 0.532824
472000 0.177876 0.174341 0.170621 0.522838
473000 0.179599 0.172728 0.180628 0.532954
474000 0.179902 0.182731 0.178669 0.541302
475000 0.181037 0.171227 0.185724 0.537988
476000 0.179964 0.174519 0.178479 0.532962
477000 0.178957 0.177132 0.171866 0.527955
478000 0.176626 0.165605 0.171423 0.513654
479000 0.175795 0.163126 0.177951 0.516871
480000 0.18248 0.183461 0.175206 0.541147
481000 0.182108 0.170749 0.178736 0.531593
482000 0.191653 0.186453 0.172027 0.550133
483000 0.173208 0.185822 0.191885 0.550916
484000 0.176944 0.174332 0.18547 0.536747
485000 0.190126 0.204367 0.186607 0.5811
486000 0.177608 0.171547 0.193228 0.542383
487000 0.180348 0.179528 0.189125 0.549001
488000 0.189019 0.195189 0.18261 0.566818
489000 0.182303 0.183057 0.178498 0.543858
490000 0.204817 0.190833 0.176274 0.571924
491000 0.177463 0.175706 0.177942 0.531111
492000 0.187709 0.19321 0.195198 0.576117
493000 0.193355 0.178181 0.186875 0.558411
494000 0.184547 0.187407 0.187454 0.559408
495000 0.191066 0.181894 0.188528 0.561488
496000 0.18656 0.174788 0.18341 0.544759
497000 0.18494 0.181793 0.181345 0.548077
498000 0.187851 0.184766 0.186889 0.559507
499000 0.183723 0.173603 0.188945 0.546271
500000 0.183415 0.176953 0.187093 0.54746
501000 0.191385 0.182156 0.181421 0.554962
502000 0.185566 0.169915 0.183054 0.538535
503000 0.195549 0.180241 0.180729 0.55652
504000 0.185592 0.178542 0.184498 0.548631
505000 0.179229 0.182692 0.17943 0.541351
506000 0.186728 0.185767 0.1814 0.553895
507000 0.187798 0.176293 0.184133 0.548224
508000 0.196495 0.187193 0.19176 0.575448
509000 0.187245 0.185916 0.186099 0.55926
510000 0.191377 0.184766 0.18307 0.559212
511000 0.191291 0.185172 0.178853 0.555316
512000 0.191303 0.182735 0.196626 0.570664
513000 0.191716 0.190026 0.187183 0.568925
514000 0.193045 0.188304 0.18697 0.568319
515000 0.1911 0.177927 0.188749 0.557776
516000 0.188529 0.18693 0.188567 0.564026
517000 0.189569 0.177982 0.191257 0.558809
518000 0.19212 0.179033 0.196702 0.567856
519000 0.186921 0.180315 0.196168 0.563404
520000 0.181733 0.191865 0.192497 0.566096
521000 0.194875 0.176538 0.190514 0.561927
522000 0.191053 0.189194 0.179366 0.559613
523000 0.189798 0.18455 0.193399 0.567747
524000 0.189072 0.18328 0.192117 0.564468
525000 0.205727 0.176672 0.186795 0.569194
526000 0.190959 0.180562 0.192022 0.563542
527000 0.185611 0.177442 0.201623 0.564676
528000 0.191773 0.18551 0.201327 0.57861
529000 0.195263 0.178736 0.193456 0.567455
530000 0.191092 0.180887 0.198301 0.57028
531000 0.193115 0.184871 0.19135 0.569336
532000 0.203506 0.189782 0.190221 0.583509
533000 0.191106 0.178042 0.195966 0.565114
534000 0.195231 0.179577 0.191425 0.566233
535000 0.192634 0.190088 0.193775 0.576497
536000 0.197058 0.190303 0.195067 0.582429
537000 0.198517 0.188092 0.206441 0.59305
538000 0.196832 0.180585 0.207133 0.58455
539000 0.205349 0.177083 0.202227 0.584659
540000 0.201316 0.18951 0.194823 0.585649
541000 0.202523 0.187362 0.182477 0.572362
542000 0.197677 0.178967 0.188191 0.564835
543000 0.215151 0.205564 0.199352 0.620067
544000 0.197956 0.182411 0.185062 0.565429
545000 0.194661 0.190106 0.197403 0.58217
546000 0.202931 0.185373 0.199 0.587304
547000 0.223651 0.201532 0.20629 0.631473
548000 0.204942 0.189849 0.205697 0.600488
549000 0.197919 0.181241 0.206887 0.586048
550000 0.196765 0.191183 0.208106 0.596054
551000 0.19745 0.192808 0.196013 0.58627
552000 0.208185 0.190306 0.199558 0.598049
553000 0.207929 0.189014 0.200719 0.597662
554000 0.202229 0.193308 0.195234 0.59077
555000 0.20959 0.204876 0.202698 0.617164
556000 0.208647 0.189039 0.208507 0.606194
557000 0.203554 0.205143 0.202285 0.610982
558000 0.202092 0.188275 0.195583 0.58595
559000 0.204298 0.18521 0.196944 0.586451
560000 0.213404 0.202271 0.203511 0.619186
561000 0.201727 0.187531 0.204339 0.593597
562000 0.213974 0.196158 0.205611 0.615743
563000 0.204277 0.195786 0.203417 0.603481
564000 0.201915 0.184574 0.202894 0.589382
565000 0.227364 0.204187 0.207077 0.638629
566000 0.213044 0.20031 0.201857 0.615212
567000 0.204747 0.175619 0.200509 0.580875
568000 0.223791 0.20638 0.194995 0.625165
569000 0.214787 0.194227 0.199073 0.608087
570000 0.211935 0.193708 0.205395 0.611038
571000 0.214765 0.198832 0.199806 0.613403
572000 0.215595 0.195949 0.207453 0.618997
573000 0.218829 0.204538 0.19899 0.622357
574000 0.215318 0.204282 0.208925 0.628525
575000 0.214339 0.185941 0.201835 0.602115
576000 0.224371 0.200888 0.201708 0.626968
577000 0.225637 0.202322 0.201172 0.629132
578000 0.224019 0.192972 0.19709 0.614081
579000 0.229948 0.197942 0.212041 0.639931
580000 0.214505 0.199193 0.201016 0.614714
581000 0.229524 0.197524 0.200367 0.627415
582000 0.215455 0.194394 0.209865 0.619713
583000 0.223598 0.199157 0.207591 0.630346
584000 0.219644 0.194767 0.2001 0.61451
585000 0.224475 0.206909 0.216387 0.647771
586000 0.223317 0.212268 0.213563 0.649147
587000 0.216533 0.198957 0.218644 0.634134
588000 0.225544 0.19533 0.203928 0.624802
589000 0.219112 0.200585 0.199626 0.619323
590000 0.224279 0.218607 0.20218 0.645066
591000 0.224227 0.198269 0.203593 0.626089
592000 0.216731 0.199153 0.202551 0.618434
593000 0.218844 0.202028 0.206599 0.627472
594000 0.225455 0.205203 0.201524 0.632182
595000 0.216438 0.198381 0.208363 0.623183
596000 0.224273 0.203845 0.212728 0.640846
597000 0.229064 0.216024 0.197478 0.642566
598000 0.221883 0.213262 0.213398 0.648544
599000 0.222184 0.200529 0.205727 0.62844
600000 0.215711 0.206758 0.214764 0.637233
601000 0.229279 0.211835 0.212844 0.653959
602000 0.220069 0.206721 0.214689 0.641479
603000 0.223568 0.22064 0.211188 0.655396
604000 0.219541 0.196788 0.212952 0.629281
605000 0.229668 0.215674 0.216067 0.661408
606000 0.2215 0.202474 0.218132 0.642106
607000 0.212437 0.208755 0.217445 0.638637
608000 0.223207 0.213658 0.211671 0.648536
609000 0.229129 0.204542 0.21325 0.646921
610000 0.218181 0.203187 0.207335 0.628703
611000 0.231943 0.212606 0.20707 0.651619
612000 0.226864 0.216708 0.212238 0.655811
613000 0.215245 0.20992 0.208764 0.633929
614000 0.219784 0.199975 0.209425 0.629184
615000 0.232588 0.210695 0.22988 0.673163
616000 0.22319 0.196686 0.236286 0.656161
617000 0.22281 0.215104 0.2158 0.653713
618000 0.214633 0.211161 0.213833 0.639627
619000 0.220991 0.211351 0.207903 0.640245
620000 0.234083 0.215148 0.215827 0.665059
621000 0.225352 0.212429 0.224829 0.662611
622000 0.223539 0.205928 0.215303 0.64477
623000 0.221969 0.210101 0.217564 0.649634
624000 0.22852 0.224472 0.218081 0.671073
625000 0.232453 0.214543 0.217077 0.664072
626000 0.223664 0.220853 0.221754 0.666272
627000 0.233277 0.218284 0.228169 0.67973
628000 0.225118 0.208837 0.222468 0.656423
629000 0.247489 0.233153 0.227606 0.708248
630000 0.233671 0.22243 0.222891 0.678992
631000 0.237727 0.22021 0.232707 0.690644
632000 0.243146 0.216777 0.222284 0.682207
633000 0.230031 0.220067 0.217792 0.66789
634000 0.225202 0.219518 0.22088 0.665599
635000 0.237661 0.225534 0.210148 0.673342
636000 0.227666 0.221966 0.224515 0.674146
637000 0.231031 0.220541 0.216433 0.668006
638000 0.227236 0.217754 0.228684 0.673673
639000 0.222573 0.217973 0.218728 0.659274
640000 0.237912 0.221787 0.222969 0.682669
641000 0.241713 0.22543 0.22569 0.692833
642000 0.237471 0.216252 0.20884 0.662563
643000 0.243167 0.222391 0.226499 0.692057
644000 0.228533 0.212094 0.233965 0.674592
645000 0.233599 0.218718 0.226445 0.678762
646000 0.242261 0.219784 0.221172 0.683217
647000 0.245142 0.219002 0.231031 0.695175
648000 0.238531 0.210079 0.22558 0.674191
649000 0.235842 0.218838 0.220298 0.674977
650000 0.240077 0.211455 0.22015 0.671683
651000 0.232692 0.209077 0.224659 0.666427
652000 0.243464 0.219306 0.213028 0.675798
653000 0.240979 0.224027 0.227664 0.69267
654000 0.231573 0.211356 0.223939 0.666868
655000 0.241386 0.213755 0.219922 0.675063
656000 0.231184 0.222064 0.229196 0.682443
657000 0.243798 0.225118 0.222537 0.691452
658000 0.240557 0.214891 0.239575 0.695024
659000 0.231026 0.21854 0.218052 0.667618
660000 0.235309 0.218913 0.228899 0.683121
661000 0.236932 0.219788 0.230672 0.687392
662000 0.234936 0.222666 0.231209 0.688811
663000 0.238112 0.225474 0.228492 0.692077
664000 0.241579 0.212938 0.235095 0.689611
665000 0.235675 0.213587 0.23093 0.680191
666000 0.249369 0.227034 0.228226 0.70463
667000 0.230837 0.228799 0.225431 0.685068
668000 0.240617 0.219516 0.233455 0.693588
669000 0.240198 0.218376 0.228155 0.686729
670000 0.240849 0.22084 0.220144 0.681833
671000 0.240343 0.221346 0.227913 0.689602
672000 0.256491 0.242123 0.225679 0.724292
673000 0.238377 0.224431 0.234654 0.697462
674000 0.247 0.236869 0.243984 0.727853
675000 0.237324 0.232823 0.222017 0.692164
676000 0.238269 0.222165 0.234957 0.695392
677000 0.244896 0.235094 0.231097 0.711086
678000 0.237522 0.223723 0.239404 0.70065
679000 0.247049 0.221718 0.235483 0.704249
680000 0.24158 0.209531 0.229792 0.680902
681000 0.244189 0.223199 0.237642 0.70503
682000 0.236995 0.224815 0.242806 0.704616
683000 0.2579 0.229698 0.227183 0.714781
684000 0.244799 0.231924 0.239103 0.715826
685000 0.250203 0.219271 0.239723 0.709197
686000 0.251731 0.227938 0.243571 0.723241
687000 0.255606 0.226069 0.239643 0.721318
688000 0.247053 0.220758 0.234272 0.702083
689000 0.246911 0.231789 0.237042 0.715741
690000 0.243806 0.228154 0.239667 0.711627
691000 0.258784 0.228089 0.233527 0.720399
692000 0.254195 0.235023 0.24028 0.729498
693000 0.249679 0.224447 0.235332 0.709458
694000 0.257764 0.229681 0.240674 0.728119
695000 0.247947 0.229102 0.245738 0.722787
696000 0.242923 0.228011 0.239079 0.710014
697000 0.261266 0.240726 0.236448 0.738439
698000 0.260717 0.235825 0.249418 0.745961
699000 0.252168 0.237668 0.241661 0.731497
700000 0.253791 0.236534 0.229036 0.719362
701000 0.25199 0.218449 0.238631 0.709069
702000 0.261405 0.236891 0.238054 0.73635
703000 0.25258 0.234748 0.242734 0.730062
704000 0.24879 0.22223 0.238721 0.709742
705000 0.255952 0.237868 0.243868 0.737688
706000 0.252071 0.225108 0.229291 0.706469
707000 0.259309 0.237285 0.238552 0.735145
708000 0.244592 0.224502 0.245335 0.714428
709000 0.252774 0.229427 0.245484 0.727686
710000 0.256469 0.234518 0.241759 0.732746
711000 0.259456 0.240457 0.240885 0.740798
712000 0.247185 0.237077 0.234297 0.718558
713000 0.242541 0.22726 0.237368 0.707169
714000 0.255589 0.235583 0.239593 0.730764
715000 0.256913 0.243778 0.24938 0.75007
716000 0.249668 0.229977 0.242582 0.722227
717000 0.259318 0.224284 0.237723 0.721325
718000 0.253436 0.237248 0.235378 0.726062
719000 0.246925 0.22698 0.242137 0.716042
720000 0.263588 0.235967 0.247167 0.746722
721000 0.252698 0.243255 0.24077 0.736724
722000 0.25538 0.217493 0.243951 0.716825
723000 0.26466 0.231771 0.238907 0.735338
724000 0.271845 0.236791 0.237569 0.746205
725000 0.25867 0.222055 0.246872 0.727597
726000 0.255326 0.229207 0.242731 0.727264
727000 0.27215 0.23931 0.241822 0.753281
728000 0.255788 0.226178 0.240244 0.722209
729000 0.248143 0.235539 0.248514 0.732196
730000 0.259318 0.231825 0.243308 0.73445
731000 0.245332 0.222196 0.242774 0.710302
732000 0.249291 0.231246 0.234147 0.714684
733000 0.265606 0.238795 0.239402 0.743803
734000 0.255363 0.226799 0.244604 0.726766
735000 0.248513 0.226425 0.237758 0.712696
736000 0.247001 0.237638 0.237797 0.722435
737000 0.245164 0.223351 0.24922 0.717734
738000 0.257877 0.230872 0.255517 0.744266
739000 0.258037 0.235873 0.258572 0.752482
740000 0.248122 0.223783 0.246856 0.718762
741000 0.257341 0.230088 0.248956 0.736385
742000 0.266685 0.239892 0.239272 0.74585
743000 0.259808 0.238536 0.242817 0.74116
744000 0.270431 0.242064 0.254021 0.766516
745000 0.25909 0.232127 0.250272 0.741489
746000 0.258362 0.225795 0.241038 0.725195
747000 0.251686 0.236155 0.24897 0.73681
748000 0.264583 0.241644 0.259506 0.765733
749000 0.259807 0.234133 0.267082 0.761022
750000 0.254602 0.225047 0.256285 0.735934
751000 0.259336 0.230306 0.247365 0.737007
752000 0.258688 0.232627 0.25082 0.742135
753000 0.263953 0.240689 0.243773 0.748415
754000 0.255617 0.241342 0.257703 0.754662
755000 0.261619 0.224974 0.253135 0.739728
756000 0.260049 0.237514 0.259381 0.756944
757000 0.259652 0.240045 0.256405 0.756103
758000 0.262099 0.227887 0.263467 0.753453
759000 0.257369 0.234553 0.256716 0.748638
760000 0.256795 0.226271 0.271173 0.754239
761000 0.249872 0.230775 0.269284 0.74993
762000 0.268251 0.23848 0.262116 0.768847
763000 0.256879 0.24228 0.254471 0.75363
764000 0.260067 0.235622 0.260051 0.755739
765000 0.260971 0.244431 0.255166 0.760568
766000 0.255367 0.239129 0.26019 0.754687
767000 0.272742 0.230593 0.256618 0.759953
768000 0.252698 0.24108 0.261088 0.754866
769000 0.255862 0.244089 0.254863 0.754814
770000 0.254215 0.234077 0.247757 0.736049
771000 0.258531 0.2411 0.251831 0.751462
772000 0.265868 0.231389 0.25855 0.755807
773000 0.270487 0.241309 0.261944 0.773739
774000 0.257039 0.23897 0.250402 0.746411
775000 0.264547 0.233471 0.256952 0.75497
776000 0.252843 0.244059 0.254169 0.751071
777000 0.26513 0.239629 0.254646 0.759405
778000 0.25458 0.23873 0.257416 0.750726
779000 0.253197 0.244629 0.253656 0.751481
780000 0.259636 0.236932 0.256568 0.753136
781000 0.27084 0.246939 0.259847 0.777626
782000 0.256829 0.234277 0.269281 0.760386
783000 0.262713 0.241112 0.267025 0.77085
784000 0.27053 0.240641 0.261859 0.77303
785000 0.261167 0.236831 0.256558 0.754557
786000 0.264771 0.237031 0.263282 0.765084
787000 0.260522 0.233866 0.254848 0.749236
788000 0.269151 0.249594 0.268629 0.787374
789000 0.251096 0.251691 0.268964 0.771751
790000 0.253127 0.246018 0.264868 0.764013
791000 0.265118 0.256369 0.263764 0.78525
792000 0.256523 0.241228 0.261869 0.759621
793000 0.260105 0.264285 0.259713 0.784103
794000 0.25844 0.244956 0.266045 0.769441
795000 0.269155 0.250347 0.268435 0.787937
796000 0.258626 0.25003 0.25392 0.762576
797000 0.263542 0.244759 0.26223 0.77053
798000 0.257106 0.247102 0.267925 0.772133
799000 0.254544 0.255242 0.272338 0.782124
800000 0.264355 0.23326 0.262521 0.760136
801000 0.256013 0.248788 0.266593 0.771394
802000 0.26763 0.256064 0.26488 0.788574
803000 0.261019 0.256676 0.265444 0.783139
804000 0.249381 0.240892 0.266233 0.756505
805000 0.268954 0.256832 0.264587 0.790373
806000 0.254482 0.256209 0.270736 0.781426
807000 0.258219 0.239958 0.260932 0.759109
808000 0.264224 0.255438 0.265018 0.784681
809000 0.259246 0.247683 0.275181 0.78211
810000 0.268039 0.253163 0.263251 0.784454
811000 0.258765 0.255442 0.27398 0.788187
812000 0.269706 0.247917 0.2712 0.788824
813000 0.270054 0.262615 0.274834 0.807503
814000 0.264455 0.256556 0.279683 0.800694
815000 0.268662 0.268099 0.276993 0.813754
816000 0.264799 0.261043 0.279037 0.804879
817000 0.262121 0.251782 0.272693 0.786595
818000 0.259469 0.248109 0.273419 0.780997
819000 0.271735 0.261899 0.269869 0.803502
820000 0.26676 0.253436 0.277279 0.797476
821000 0.273006 0.24827 0.280333 0.80161
822000 0.272732 0.259529 0.276828 0.80909
823000 0.269681 0.259059 0.267407 0.796147
824000 0.263556 0.254533 0.287321 0.805409
825000 0.26393 0.26199 0.274074 0.799993
826000 0.260725 0.260097 0.26893 0.789752
827000 0.284665 0.268192 0.270184 0.823041
828000 0.278011 0.265911 0.274081 0.818004
829000 0.257278 0.240316 0.277911 0.775506
830000 0.279462 0.269906 0.275381 0.824749
831000 0.263634 0.261542 0.273241 0.798418
832000 0.27472 0.260559 0.277887 0.813166
833000 0.275203 0.254245 0.277925 0.807373
834000 0.27379 0.263649 0.274584 0.812023
835000 0.267631 0.265093 0.271636 0.804359
836000 0.279137 0.254855 0.269182 0.803173
837000 0.283147 0.274336 0.267787 0.82527
838000 0.271041 0.260451 0.272907 0.804398
839000 0.277657 0.265186 0.275366 0.818209
840000 0.27992 0.272448 0.270049 0.822418
841000 0.268727 0.262175 0.272121 0.803023
842000 0.280745 0.271126 0.274462 0.826333
843000 0.272018 0.264045 0.27403 0.810094
844000 0.280663 0.261431 0.272037 0.81413
845000 0.272011 0.272158 0.275825 0.819994
846000 0.276484 0.273713 0.278851 0.829048
847000 0.270086 0.271215 0.278382 0.819683
848000 0.270623 0.268237 0.281179 0.820039
849000 0.273363 0.275517 0.273203 0.822083
850000 0.26963 0.259807 0.273164 0.802601
851000 0.272539 0.254488 0.277721 0.804748
852000 0.283331 0.278969 0.286502 0.848803
853000 0.27547 0.255295 0.280476 0.811241
854000 0.282353 0.279785 0.298656 0.860794
855000 0.277979 0.262337 0.288169 0.828485
856000 0.279371 0.274408 0.282783 0.836561
857000 0.266911 0.258552 0.282075 0.807538
858000 0.284809 0.269775 0.27972 0.834304
859000 0.280736 0.26028 0.280781 0.821797
860000 0.290977 0.273739 0.279638 0.844354
861000 0.275494 0.256847 0.288686 0.821027
862000 0.281388 0.262688 0.280898 0.824973
863000 0.27394 0.265117 0.282285 0.821342
864000 0.269881 0.264807 0.290272 0.82496
865000 0.289158 0.267193 0.289262 0.845613
866000 0.302073 0.286334 0.287395 0.875802
867000 0.277515 0.261488 0.287587 0.82659
868000 0.279424 0.272778 0.292464 0.844666
869000 0.277098 0.268171 0.302866 0.848136
870000 0.281752 0.273566 0.284572 0.839891
871000 0.284413 0.27582 0.297928 0.858161
872000 0.280713 0.274138 0.28434 0.83919
873000 0.275889 0.275148 0.279684 0.830721
874000 0.289834 0.284493 0.28204 0.856367
875000 0.281408 0.270315 0.288971 0.840694
876000 0.282679 0.269054 0.296941 0.848674
877000 0.285088 0.277161 0.292782 0.855032
878000 0.287098 0.278052 0.280155 0.845306
879000 0.278043 0.26554 0.299221 0.842804
880000 0.287695 0.280311 0.293884 0.86189
881000 0.278575 0.276974 0.286446 0.841994
882000 0.279468 0.275939 0.293363 0.848771
883000 0.295798 0.293094 0.302425 0.891317
884000 0.279555 0.268799 0.297943 0.846297
885000 0.302243 0.288624 0.289503 0.880371
886000 0.288875 0.272133 0.294944 0.855952
887000 0.305946 0.278583 0.308901 0.89343
888000 0.290622 0.283082 0.308713 0.882417
889000 0.307495 0.286794 0.29873 0.893018
890000 0.285154 0.277213 0.313629 0.875996
891000 0.271802 0.279448 0.297538 0.848788
892000 0.296181 0.28212 0.294929 0.87323
893000 0.291703 0.281393 0.298669 0.871765
894000 0.289791 0.27867 0.294972 0.863433
895000 0.288473 0.282925 0.297411 0.868809
896000 0.294946 0.27683 0.300842 0.872618
897000 0.298726 0.280557 0.309029 0.888313
898000 0.288564 0.274039 0.311678 0.874281
899000 0.309757 0.290904 0.304647 0.905308
900000 0.295259 0.280987 0.307482 0.883728
901000 0.293838 0.284444 0.3027 0.880982
902000 0.296741 0.287577 0.312193 0.896511
903000 0.310135 0.290253 0.298253 0.898641
904000 0.293862 0.269114 0.301034 0.864009
905000 0.291664 0.277978 0.312764 0.882406
906000 0.301705 0.278539 0.305102 0.885346
907000 0.295647 0.275922 0.313135 0.884704
908000 0.302983 0.284152 0.314396 0.901531
909000 0.297909 0.280119 0.303056 0.881084
910000 0.297778 0.283252 0.292652 0.873682
911000 0.297279 0.265773 0.302744 0.865796
912000 0.303608 0.282341 0.301926 0.887875
913000 0.288813 0.279619 0.307353 0.875785
914000 0.297042 0.294461 0.304504 0.896006
915000 0.302804 0.284308 0.309983 0.897095
916000 0.291421 0.274419 0.316857 0.882697
917000 0.299056 0.288349 0.309522 0.896927
918000 0.296021 0.285788 0.310341 0.89215
919000 0.30067 0.287304 0.308397 0.89637
920000 0.292198 0.274406 0.319795 0.8864
921000 0.303952 0.289049 0.326265 0.919265
922000 0.304207 0.279621 0.314253 0.898081
923000 0.30953 0.290379 0.311204 0.911113
924000 0.298096 0.284229 0.29888 0.881205
925000 0.301794 0.287194 0.317055 0.906042
926000 0.295911 0.277904 0.306578 0.880392
927000 0.319552 0.305929 0.308554 0.934035
928000 0.30463 0.284811 0.296801 0.886242
929000 0.31964 0.306812 0.301825 0.928277
930000 0.303989 0.291334 0.305544 0.900867
931000 0.309764 0.28422 0.310413 0.904398
932000 0.287189 0.28443 0.29981 0.871429
933000 0.30464 0.29227 0.302743 0.899652
934000 0.303375 0.286846 0.297943 0.888164
935000 0.302292 0.268475 0.310917 0.881684
936000 0.303514 0.286171 0.303447 0.893132
937000 0.291021 0.288157 0.313149 0.892327
938000 0.301729 0.287725 0.307729 0.897183
939000 0.298433 0.286714 0.303414 0.888561
940000 0.294919 0.277959 0.302384 0.875262
941000 0.302583 0.290055 0.307272 0.899911
942000 0.291114 0.289664 0.304618 0.885396
943000 0.307835 0.285 0.304348 0.897184
944000 0.29554 0.288425 0.308431 0.892396
945000 0.296569 0.279577 0.308394 0.884541
946000 0.298405 0.301764 0.313718 0.913888
947000 0.301459 0.294233 0.311578 0.907269
948000 0.295193 0.283574 0.322519 0.901286
949000 0.292347 0.297609 0.306345 0.896301
950000 0.305603 0.297995 0.316329 0.919927
951000 0.309894 0.299985 0.318892 0.928771
952000 0.312375 0.292532 0.320467 0.925373
953000 0.298107 0.289623 0.309778 0.897508
954000 0.293369 0.287416 0.320506 0.901292
955000 0.313918 0.300432 0.313296 0.927645
956000 0.302335 0.287481 0.315211 0.905027
957000 0.289595 0.282817 0.310904 0.883316
958000 0.297682 0.2822 0.309892 0.889774
959000 0.303838 0.303022 0.325234 0.932094
960000 0.291669 0.283775 0.326227 0.901671
961000 0.299221 0.290359 0.316899 0.906479
962000 0.322017 0.301195 0.312682 0.935895
963000 0.311416 0.296853 0.309144 0.917413
964000 0.316144 0.295854 0.31966 0.931658
965000 0.317452 0.306151 0.315621 0.939224
966000 0.307616 0.300115 0.321406 0.929138
967000 0.31298 0.291213 0.334429 0.938623
968000 0.30041 0.28308 0.316305 0.899795
969000 0.30643 0.295478 0.316852 0.91876
970000 0.29902 0.297133 0.309865 0.906018
971000 0.310049 0.296495 0.306568 0.913112
972000 0.298982 0.285057 0.308313 0.892352
973000 0.301464 0.303234 0.312269 0.916967
974000 0.318575 0.308253 0.31056 0.937388
975000 0.303691 0.292814 0.30977 0.906275
976000 0.317652 0.308916 0.318677 0.945245
977000 0.310168 0.292181 0.330719 0.933068
978000 0.292397 0.283502 0.326272 0.902171
979000 0.316682 0.307147 0.32391 0.947739
980000 0.31206 0.300479 0.322147 0.934686
981000 0.305489 0.298758 0.314549 0.918796
982000 0.305403 0.304489 0.320252 0.930143
983000 0.309317 0.293474 0.316351 0.919142
984000 0.330183 0.31912 0.325197 0.9745
985000 0.298968 0.295579 0.327898 0.922445
986000 0.313786 0.308422 0.327518 0.949726
987000 0.303385 0.283535 0.326659 0.913578
988000 0.314282 0.29632 0.329053 0.939656
989000 0.299743 0.308526 0.322691 0.93096
990000 0.29713 0.288077 0.322044 0.907251
991000 0.316476 0.313213 0.315216 0.944906
992000 0.302705 0.29774 0.315324 0.915769
993000 0.318489 0.307116 0.321384 0.946989
994000 0.306608 0.302222 0.324504 0.933334
995000 0.319236 0.29455 0.319284 0.93307
996000 0.314596 0.297001 0.334582 0.946179
997000 0.309368 0.307122 0.343823 0.960313
998000 0.325398 0.301129 0.323427 0.949953
999000 0.310238 0.314229 0.315304 0.939771
1000000 0.307312 0.307244 0.322092 0.936648
1001000 0.316133 0.296004 0.321321 0.933458
1002000 0.315806 0.297889 0.317882 0.931577
1003000 0.300047 0.302387 0.321017 0.923452
1004000 0.317467 0.320743 0.325829 0.964039
1005000 0.311496 0.308352 0.328191 0.948038
1006000 0.310717 0.304823 0.331737 0.947278
1007000 0.313986 0.307392 0.324957 0.946334
1008000 0.327267 0.303322 0.317252 0.947842
1009000 0.321802 0.301144 0.32065 0.943596
1010000 0.32062 0.297317 0.319155 0.937093
1011000 0.323011 0.297219 0.325903 0.946133
1012000 0.326922 0.294518 0.334135 0.955576
1013000 0.318608 0.293759 0.337825 0.950192
1014000 0.321866 0.324316 0.329621 0.975803
1015000 0.325836 0.297211 0.332842 0.95589
1016000 0.314668 0.294187 0.320234 0.929088
1017000 0.31976 0.314134 0.32721 0.961104
1018000 0.310359 0.300072 0.333612 0.944042
1019000 0.323806 0.298549 0.337231 0.959586
1020000 0.312141 0.305151 0.337951 0.955242
1021000 0.327166 0.296662 0.325949 0.949777
1022000 0.331739 0.323889 0.332322 0.987951
1023000 0.31833 0.305411 0.32012 0.94386
1024000 0.319906 0.295946 0.322025 0.937877
1025000 0.321429 0.317188 0.335214 0.973832
1026000 0.310915 0.302562 0.328307 0.941784
1027000 0.314267 0.309973 0.326592 0.950832
1028000 0.317371 0.305868 0.321592 0.944831
1029000 0.313394 0.302701 0.335978 0.952073
1030000 0.342167 0.328713 0.328626 0.999505
