# Time-averaged data for fix 1
# TimeStep c_msd_all[1] c_msd_all[2] c_msd_all[3] c_msd_all[4]
31000 0.0736528 0.0687453 0.0631371 0.205535
32000 0.0647327 0.0599436 0.0677097 0.192386
33000 0.0624941 0.0559422 0.0740569 0.192493
34000 0.0750851 0.0725842 0.0685149 0.216184
35000 0.0620999 0.0573175 0.0753201 0.194738
36000 0.0632076 0.0638316 0.0752624 0.202302
37000 0.0695686 0.0720124 0.0619882 0.203569
38000 0.0652546 0.0600481 0.0681027 0.193405
39000 0.0646878 0.0633108 0.0707916 0.19879
40000 0.0694222 0.0651151 0.0774354 0.211973
41000 0.0662435 0.0633319 0.0747952 0.204371
42000 0.0696278 0.0655356 0.0703093 0.205473
43000 0.0628918 0.0667546 0.0659516 0.195598
44000 0.0702191 0.0655751 0.0683959 0.20419
45000 0.0627768 0.0629759 0.0702655 0.196018
46000 0.0751648 0.0670167 0.0655781 0.20776
47000 0.0715043 0.0619904 0.0630647 0.196559
48000 0.0705648 0.0662062 0.0648983 0.201669
49000 0.064501 0.072698 0.0769823 0.214181
50000 0.0668283 0.0686444 0.0802773 0.21575
51000 0.0653526 0.065079 0.0805429 0.210975
52000 0.0673737 0.0688865 0.0740101 0.21027
53000 0.0682452 0.0601537 0.0695673 0.197966
54000 0.0789516 0.072098 0.0711589 0.222209
55000 0.0674333 0.0745668 0.0702225 0.212223
56000 0.0745291 0.0755202 0.0747368 0.224786
57000 0.0726016 0.074098 0.0751587 0.221858
58000 0.0712272 0.0729807 0.0715275 0.215735
59000 0.0770786 0.0826198 0.0904009 0.250099
60000 0.071886 0.0754159 0.0759191 0.223221
61000 0.0716499 0.0754828 0.0787147 0.225847
62000 0.0710659 0.0710579 0.0817297 0.223854
63000 0.0707475 0.0704316 0.0760632 0.217242
64000 0.0679343 0.0705075 0.0758342 0.214276
65000 0.06829 0.0741764 0.0766751 0.219141
66000 0.0748833 0.0713163 0.079893 0.226093
67000 0.0740154 0.0683736 0.0806151 0.223004
68000 0.0664805 0.0723757 0.0832326 0.222089
69000 0.0699596 0.0733543 0.0820806 0.225395
70000 0.0667646 0.0724214 0.0809006 0.220087
71000 0.0643009 0.0719201 0.0714279 0.207649
72000 0.0736675 0.0739268 0.0728411 0.220435
73000 0.0770868 0.0809188 0.0730003 0.231006
74000 0.0715422 0.0729058 0.0850242 0.229472
75000 0.0700521 0.0709458 0.0810261 0.222024
76000 0.0718851 0.0835108 0.0816871 0.237083
77000 0.0859142 0.0825555 0.0783945 0.246864
78000 0.0717058 0.0781745 0.0797939 0.229674
79000 0.0677375 0.0768515 0.078375 0.222964
80000 0.0726211 0.0745544 0.0663216 0.213497
81000 0.075808 0.0783483 0.0782411 0.232398
82000 0.0739481 0.0755123 0.0766567 0.226117
83000 0.0796574 0.0786512 0.0767058 0.235014
84000 0.0706924 0.0766615 0.0798195 0.227173
85000 0.0729797 0.0811912 0.0789743 0.233145
86000 0.065094 0.0776509 0.0798618 0.222607
87000 0.0732126 0.0810709 0.069132 0.223415
88000 0.0804897 0.0775207 0.082645 0.240656
89000 0.0707463 0.079707 0.0702428 0.220696
90000 0.0682924 0.0780527 0.0761534 0.222499
91000 0.0730813 0.0779089 0.0770189 0.228009
92000 0.0785557 0.0797754 0.0755464 0.233877
93000 0.0768971 0.070939 0.0769017 0.224738
94000 0.0718624 0.0761469 0.0866527 0.234662
95000 0.0810408 0.0743306 0.08664 0.242011
96000 0.0760583 0.0732749 0.0777984 0.227132
97000 0.0738685 0.0794989 0.0752442 0.228612
98000 0.0767423 0.0842734 0.0687615 0.229777
99000 0.0780847 0.0799599 0.0857156 0.24376
100000 0.0810165 0.0861524 0.0825741 0.249743
101000 0.0754719 0.081782 0.0810893 0.238343
102000 0.0827822 0.0804853 0.0839911 0.247259
103000 0.0734524 0.0767773 0.0756041 0.225834
104000 0.0819092 0.0851042 0.0826794 0.249693
105000 0.0742579 0.078706 0.0842632 0.237227
106000 0.0767641 0.082028 0.0829477 0.24174
107000 0.0726628 0.0832804 0.079409 0.235352
108000 0.0773063 0.075266 0.0875542 0.240127
109000 0.0774126 0.0790477 0.0923672 0.248828
110000 0.0810112 0.0794723 0.0898428 0.250326
111000 0.0683113 0.0753331 0.0857476 0.229392
112000 0.0762778 0.078656 0.0763115 0.231245
113000 0.0851997 0.0956213 0.0835106 0.264332
114000 0.0720519 0.0841551 0.0703205 0.226527
115000 0.0738394 0.0807661 0.074598 0.229203
116000 0.0795688 0.090768 0.0712608 0.241598
117000 0.0755513 0.0808164 0.0792121 0.23558
118000 0.0722582 0.0779845 0.090067 0.24031
119000 0.0815862 0.0802047 0.0892806 0.251072
120000 0.0754469 0.0798983 0.0882743 0.24362
121000 0.0741257 0.0838755 0.0831991 0.2412
122000 0.0804753 0.0918026 0.0864318 0.25871
123000 0.0762647 0.0802772 0.0822308 0.238773
124000 0.0898665 0.0899961 0.0782886 0.258151
125000 0.080461 0.0818124 0.0944769 0.25675
126000 0.0869792 0.078952 0.0866382 0.252569
127000 0.0952158 0.0926022 0.085354 0.273172
128000 0.092636 0.0906373 0.0909676 0.274241
129000 0.0885555 0.0839534 0.0942908 0.2668
130000 0.0823113 0.0922069 0.0869886 0.261507
131000 0.0769627 0.0817 0.0806219 0.239285
132000 0.0808266 0.0802778 0.0863676 0.247472
133000 0.0838721 0.0828475 0.0797686 0.246488
134000 0.084838 0.0896798 0.0859168 0.260435
135000 0.098357 0.0871156 0.0905211 0.275994
136000 0.0805317 0.080804 0.0879212 0.249257
137000 0.0804295 0.0874888 0.088347 0.256265
138000 0.0882669 0.0839581 0.0813674 0.253592
139000 0.0708767 0.0790616 0.088425 0.238363
140000 0.0892 0.0877528 0.089203 0.266156
141000 0.0857507 0.0795322 0.0852462 0.250529
142000 0.0833378 0.0893495 0.0787522 0.25144
143000 0.0957085 0.0873028 0.0882906 0.271302
144000 0.0869281 0.0834958 0.0836581 0.254082
145000 0.094897 0.0894404 0.0888632 0.273201
146000 0.0907359 0.0867761 0.0964228 0.273935
147000 0.0855245 0.0965292 0.0891979 0.271252
148000 0.0897059 0.0934627 0.0911755 0.274344
149000 0.0862813 0.0865012 0.0972491 0.270032
150000 0.0860702 0.088683 0.0889607 0.263714
151000 0.0933532 0.0841705 0.0929298 0.270454
152000 0.0905673 0.091772 0.0868825 0.269222
153000 0.0864537 0.0918968 0.0808016 0.259152
154000 0.0951487 0.094585 0.0879085 0.277642
155000 0.0942494 0.0835208 0.0845897 0.26236
156000 0.0972904 0.0999374 0.0899296 0.287157
157000 0.0903207 0.0974657 0.0927418 0.280528
158000 0.0882106 0.0914626 0.09351 0.273183
159000 0.0897634 0.0959819 0.0940354 0.279781
160000 0.101997 0.085116 0.0946469 0.28176
161000 0.0867502 0.0843325 0.0878031 0.258886
162000 0.0893719 0.101295 0.0888382 0.279505
163000 0.0990523 0.0850337 0.0867331 0.270819
164000 0.0957867 0.0953563 0.0859517 0.277095
165000 0.106734 0.101101 0.0828176 0.290653
166000 0.0914052 0.0886961 0.0842583 0.26436
167000 0.0861772 0.0829316 0.0882257 0.257335
168000 0.0864599 0.0899097 0.103467 0.279837
169000 0.0837627 0.0853702 0.100858 0.269991
170000 0.0910796 0.0841438 0.0991598 0.274383
171000 0.0936271 0.0863637 0.0905618 0.270553
172000 0.0993371 0.0916061 0.0927103 0.283654
173000 0.0987424 0.0991575 0.0928156 0.290716
174000 0.0995175 0.0975832 0.0907269 0.287828
175000 0.0858065 0.091141 0.0880888 0.265036
176000 0.101658 0.0948651 0.0908278 0.287351
177000 0.0901507 0.0919471 0.110412 0.29251
178000 0.0856932 0.0939594 0.0967882 0.276441
179000 0.0959093 0.091355 0.0963629 0.283627
180000 0.0880061 0.0923122 0.105155 0.285474
181000 0.0883174 0.0861265 0.103695 0.278139
182000 0.0924379 0.0943583 0.0971931 0.283989
183000 0.0830923 0.0946402 0.10107 0.278803
184000 0.087638 0.0896619 0.0975403 0.27484
185000 0.0985677 0.0954236 0.0983901 0.292381
186000 0.0947445 0.10012 0.105903 0.300768
187000 0.0990464 0.0942297 0.0937263 0.287002
188000 0.0895527 0.101647 0.0982264 0.289426
189000 0.0959535 0.0982107 0.107798 0.301962
190000 0.0902404 0.0954645 0.107143 0.292848
191000 0.0962535 0.101748 0.10811 0.306112
192000 0.0926784 0.096336 0.109332 0.298346
193000 0.094364 0.100565 0.105069 0.299999
194000 0.0912554 0.107309 0.104562 0.303127
195000 0.0939221 0.107018 0.104997 0.305937
196000 0.0906196 0.110635 0.0995204 0.300775
197000 0.092683 0.105086 0.104153 0.301922
198000 0.095411 0.109513 0.107221 0.312145
199000 0.0957083 0.102118 0.101178 0.299004
200000 0.0998885 0.102476 0.0965696 0.298934
201000 0.0985728 0.103127 0.102102 0.303802
202000 0.0909538 0.101255 0.099139 0.291348
203000 0.0921319 0.0981184 0.0998777 0.290128
204000 0.0956563 0.103427 0.102251 0.301334
205000 0.0878593 0.101808 0.102817 0.292484
206000 0.0896562 0.0993144 0.101532 0.290503
207000 0.094124 0.104003 0.0959228 0.29405
208000 0.095248 0.0998085 0.0998754 0.294932
209000 0.0894139 0.107029 0.106233 0.302677
210000 0.0858978 0.104474 0.104114 0.294486
211000 0.108583 0.120848 0.106909 0.336341
212000 0.0880663 0.097702 0.112501 0.298269
213000 0.0964254 0.109014 0.114791 0.320231
214000 0.102518 0.105379 0.11001 0.317907
215000 0.0968826 0.103577 0.106384 0.306843
216000 0.0973673 0.109757 0.10758 0.314704
217000 0.099813 0.098484 0.108784 0.307081
218000 0.0970021 0.102402 0.104762 0.304166
219000 0.0901872 0.102666 0.114049 0.306902
220000 0.0968105 0.0959658 0.105109 0.297886
221000 0.10155 0.107583 0.111617 0.32075
222000 0.103953 0.111474 0.109082 0.324509
223000 0.104826 0.110148 0.114873 0.329847
224000 0.100204 0.109118 0.116835 0.326156
225000 0.106883 0.113622 0.113458 0.333963
226000 0.102457 0.106554 0.110551 0.319563
227000 0.115889 0.119658 0.1046 0.340146
228000 0.105321 0.102733 0.109923 0.317977
229000 0.101443 0.106109 0.10092 0.308471
230000 0.10488 0.111012 0.110627 0.326518
231000 0.0997631 0.100146 0.112561 0.31247
232000 0.0994911 0.104267 0.112594 0.316353
233000 0.0940718 0.099963 0.11401 0.308044
234000 0.107526 0.10262 0.105439 0.315585
235000 0.105305 0.109842 0.112075 0.327221
236000 0.103864 0.114439 0.10668 0.324982
237000 0.0960881 0.102201 0.121643 0.319932
238000 0.0980899 0.104834 0.108822 0.311746
239000 0.101438 0.104988 0.110917 0.317343
240000 0.113934 0.117269 0.108107 0.339309
241000 0.10256 0.110241 0.119483 0.332284
242000 0.103217 0.103517 0.121637 0.328371
243000 0.0968775 0.102408 0.112421 0.311707
244000 0.108717 0.108955 0.11505 0.332722
245000 0.107828 0.110383 0.129338 0.347549
246000 0.107545 0.106645 0.123635 0.337825
247000 0.0983686 0.105196 0.108525 0.312089
248000 0.104401 0.104064 0.109904 0.31837
249000 0.106323 0.105702 0.119961 0.331986
250000 0.101031 0.10307 0.122705 0.326807
251000 0.101264 0.106985 0.120846 0.329096
252000 0.107242 0.107237 0.114519 0.328998
253000 0.101905 0.106355 0.114352 0.322613
254000 0.0989305 0.102553 0.119074 0.320558
255000 0.103971 0.10545 0.110863 0.320283
256000 0.0990744 0.105203 0.107889 0.312166
257000 0.0959399 0.10211 0.110285 0.308335
258000 0.106639 0.113477 0.114521 0.334638
259000 0.108275 0.110159 0.119206 0.337641
260000 0.0984806 0.116875 0.114524 0.329879
261000 0.100295 0.106753 0.116948 0.323997
262000 0.102749 0.110465 0.108572 0.321785
263000 0.104552 0.114789 0.112769 0.332111
264000 0.108252 0.110442 0.113574 0.332268
265000 0.1037 0.116535 0.114933 0.335169
266000 0.102118 0.114353 0.111895 0.328366
267000 0.103363 0.116766 0.112492 0.332621
268000 0.111046 0.116905 0.12123 0.349181
269000 0.104099 0.118918 0.118129 0.341145
270000 0.103868 0.118762 0.12601 0.34864
271000 0.11182 0.117496 0.118461 0.347777
272000 0.110264 0.114926 0.118982 0.344171
273000 0.111654 0.119965 0.121845 0.353464
274000 0.127833 0.128389 0.122786 0.379008
275000 0.107636 0.120765 0.111067 0.339468
276000 0.101066 0.114585 0.110399 0.32605
277000 0.108745 0.109695 0.106587 0.325028
278000 0.108134 0.121599 0.123053 0.352785
279000 0.110166 0.118048 0.120739 0.348952
280000 0.115595 0.121758 0.122803 0.360156
281000 0.112183 0.122625 0.122846 0.357655
282000 0.118753 0.124458 0.122851 0.366062
283000 0.115674 0.122791 0.117306 0.355772
284000 0.108212 0.124867 0.122847 0.355926
285000 0.117435 0.117454 0.122398 0.357287
286000 0.118308 0.116348 0.115685 0.350342
287000 0.115943 0.11995 0.12037 0.356263
288000 0.111315 0.124359 0.122356 0.358029
289000 0.11053 0.121382 0.119873 0.351784
290000 0.113225 0.108174 0.114367 0.335766
291000 0.107041 0.126288 0.123242 0.356572
292000 0.11456 0.115634 0.121552 0.351746
293000 0.10905 0.114714 0.119306 0.34307
294000 0.12167 0.130477 0.122203 0.37435
295000 0.106414 0.120116 0.124455 0.350985
296000 0.119989 0.121865 0.121454 0.363308
297000 0.114388 0.121622 0.124115 0.360125
298000 0.111917 0.116819 0.121943 0.350678
299000 0.124951 0.133269 0.11673 0.37495
300000 0.115534 0.129625 0.125537 0.370696
301000 0.117764 0.118567 0.119641 0.355972
302000 0.118214 0.121013 0.118754 0.357981
303000 0.119147 0.128901 0.119243 0.367292
304000 0.115159 0.12186 0.125809 0.362828
305000 0.121454 0.123271 0.124327 0.369052
306000 0.12225 0.122402 0.128308 0.37296
307000 0.119105 0.119955 0.118998 0.358057
308000 0.113245 0.117872 0.122165 0.353282
309000 0.111867 0.122311 0.118604 0.352781
310000 0.119498 0.116653 0.12566 0.361811
311000 0.110163 0.123759 0.129739 0.363662
312000 0.114213 0.119436 0.13919 0.37284
313000 0.112299 0.12581 0.128101 0.366209
314000 0.115504 0.121276 0.126724 0.363504
315000 0.1127 0.12034 0.117318 0.350358
316000 0.126527 0.12706 0.119814 0.373401
317000 0.119062 0.122388 0.129947 0.371397
318000 0.11706 0.121467 0.118239 0.356767
319000 0.121216 0.12883 0.12332 0.373366
320000 0.124857 0.13735 0.133322 0.395529
321000 0.116148 0.122192 0.136592 0.374931
322000 0.118284 0.12665 0.127393 0.372327
323000 0.118145 0.122507 0.130117 0.37077
324000 0.134081 0.132046 0.132504 0.398632
325000 0.126714 0.121278 0.125132 0.373125
326000 0.133416 0.12578 0.131078 0.390274
327000 0.144917 0.135913 0.126664 0.407494
328000 0.128788 0.126697 0.129741 0.385226
329000 0.134477 0.120781 0.128049 0.383307
330000 0.127844 0.12978 0.135221 0.392844
331000 0.129049 0.12814 0.138801 0.395989
332000 0.129048 0.126566 0.13929 0.394904
333000 0.132477 0.138529 0.130397 0.401403
334000 0.133196 0.116885 0.127645 0.377727
335000 0.133063 0.123977 0.126 0.38304
336000 0.124427 0.132565 0.138698 0.39569
337000 0.124852 0.123293 0.130664 0.37881
338000 0.138725 0.134168 0.127664 0.400557
339000 0.124014 0.134794 0.141066 0.399873
340000 0.128056 0.1319 0.14801 0.407966
341000 0.135484 0.141658 0.1451 0.422242
342000 0.128392 0.126363 0.13489 0.389644
343000 0.13188 0.13158 0.132244 0.395705
344000 0.14078 0.137304 0.129439 0.407523
345000 0.12439 0.130049 0.135901 0.390341
346000 0.131883 0.128224 0.13667 0.396777
347000 0.143704 0.144397 0.136631 0.424732
348000 0.13849 0.140062 0.135021 0.413573
349000 0.136442 0.141863 0.136343 0.414649
350000 0.13452 0.141299 0.137153 0.412972
351000 0.143 0.143702 0.134386 0.421088
352000 0.134882 0.136756 0.138324 0.409962
353000 0.132549 0.128734 0.147891 0.409174
354000 0.144387 0.142798 0.137543 0.424727
355000 0.126531 0.124287 0.135848 0.386667
356000 0.129183 0.138287 0.136253 0.403723
357000 0.145891 0.140525 0.14165 0.428065
358000 0.130225 0.134081 0.134047 0.398353
359000 0.14038 0.142625 0.146986 0.429991
360000 0.14383 0.141059 0.142559 0.427448
361000 0.148684 0.146708 0.147793 0.443186
362000 0.149306 0.129031 0.136016 0.414352
363000 0.138427 0.125134 0.138248 0.401808
364000 0.138006 0.146276 0.14453 0.428812
365000 0.133139 0.137151 0.148388 0.418678
366000 0.136237 0.132009 0.14629 0.414536
367000 0.134335 0.132257 0.139876 0.406468
368000 0.141548 0.137443 0.146712 0.425704
369000 0.14477 0.132326 0.14823 0.425326
370000 0.13941 0.140307 0.149572 0.42929
371000 0.148323 0.138975 0.14001 0.427308
372000 0.145797 0.143674 0.141501 0.430972
373000 0.144033 0.136249 0.143217 0.4235
374000 0.143754 0.145688 0.14658 0.436022
375000 0.148366 0.13582 0.145265 0.429451
376000 0.1406 0.137966 0.140034 0.418599
377000 0.154119 0.144745 0.142863 0.441727
378000 0.153554 0.144855 0.155588 0.453997
379000 0.145607 0.153569 0.153407 0.452583
380000 0.144164 0.148344 0.147542 0.440049
381000 0.151296 0.146972 0.151154 0.449422
382000 0.149574 0.147111 0.142887 0.439573
383000 0.139651 0.14592 0.142301 0.427872
384000 0.1452 0.143903 0.134108 0.423211
385000 0.150292 0.145417 0.137377 0.433086
386000 0.146053 0.148219 0.149199 0.443471
387000 0.147007 0.14582 0.150009 0.442837
388000 0.140058 0.143736 0.149804 0.433598
389000 0.144466 0.142184 0.147483 0.434132
390000 0.150204 0.147304 0.153095 0.450603
391000 0.152151 0.142213 0.156555 0.450919
392000 0.142732 0.138541 0.149034 0.430307
393000 0.139747 0.136573 0.150534 0.426854
394000 0.146174 0.142342 0.146713 0.435229
395000 0.13678 0.145817 0.148591 0.431188
396000 0.137143 0.137565 0.152588 0.427297
397000 0.135707 0.143217 0.152006 0.43093
398000 0.143254 0.150206 0.150493 0.443952
399000 0.146176 0.148592 0.14621 0.440977
400000 0.14483 0.142863 0.152326 0.440019
401000 0.139094 0.143886 0.151873 0.434853
402000 0.138851 0.144611 0.151166 0.434628
403000 0.137956 0.139513 0.156897 0.434367
404000 0.135625 0.151281 0.145109 0.432015
405000 0.143519 0.154001 0.153022 0.450542
406000 0.151403 0.144466 0.147443 0.443312
407000 0.147261 0.151695 0.143277 0.442234
408000 0.144757 0.145556 0.151315 0.441628
409000 0.150644 0.147854 0.153998 0.452496
410000 0.131548 0.149116 0.152707 0.433371
411000 0.149009 0.148627 0.157702 0.455337
412000 0.140173 0.138416 0.152795 0.431384
413000 0.148404 0.143695 0.157556 0.449655
414000 0.141904 0.145288 0.142372 0.429564
415000 0.152378 0.139157 0.150472 0.442007
416000 0.148364 0.145296 0.152352 0.446012
417000 0.150879 0.150532 0.150743 0.452154
418000 0.153054 0.151576 0.155627 0.460257
419000 0.157095 0.155879 0.152854 0.465828
420000 0.145461 0.145917 0.155281 0.446658
421000 0.139652 0.146685 0.154398 0.440734
422000 0.138993 0.145483 0.149349 0.433824
423000 0.147457 0.154353 0.147462 0.449272
424000 0.148654 0.147252 0.152562 0.448468
425000 0.1618 0.153078 0.153878 0.468755
426000 0.15331 0.147863 0.150461 0.451634
427000 0.144898 0.14236 0.147691 0.434949
428000 0.150341 0.142179 0.154079 0.446599
429000 0.137955 0.143595 0.162547 0.444097
430000 0.151953 0.154695 0.162412 0.469061
431000 0.15856 0.146433 0.160022 0.465016
432000 0.155907 0.146521 0.159095 0.461522
433000 0.140418 0.141835 0.144911 0.427164
434000 0.148161 0.144567 0.153249 0.445977
435000 0.151192 0.152537 0.157482 0.461211
436000 0.149014 0.161028 0.153105 0.463147
437000 0.150296 0.151054 0.156698 0.458048
438000 0.15026 0.152242 0.156964 0.459466
439000 0.148213 0.148458 0.150742 0.447413
440000 0.145664 0.13905 0.156879 0.441593
441000 0.149066 0.145625 0.162427 0.457119
442000 0.150562 0.151339 0.151703 0.453604
443000 0.161722 0.152033 0.152002 0.465757
444000 0.152612 0.151903 0.1512 0.455715
445000 0.148776 0.158451 0.167219 0.474446
446000 0.154704 0.154406 0.160818 0.469928
447000 0.148831 0.15438 0.161415 0.464626
448000 0.144216 0.148296 0.159151 0.451663
449000 0.146569 0.145838 0.160809 0.453216
450000 0.151966 0.145618 0.157746 0.45533
451000 0.152068 0.143999 0.16728 0.463347
452000 0.151954 0.146081 0.163208 0.461243
453000 0.153595 0.149741 0.160929 0.464264
454000 0.149692 0.143673 0.164824 0.458189
455000 0.160331 0.156297 0.161632 0.47826
456000 0.155663 0.151216 0.16105 0.467929
457000 0.151874 0.151432 0.160266 0.463572
458000 0.156269 0.157067 0.15171 0.465046
459000 0.158263 0.15344 0.152445 0.464148
460000 0.152997 0.150066 0.160237 0.463299
461000 0.159034 0.156327 0.158576 0.473937
462000 0.151036 0.153024 0.160479 0.464538
463000 0.155042 0.160234 0.159736 0.475012
464000 0.157756 0.15341 0.162081 0.473247
465000 0.163678 0.159731 0.161037 0.484445
466000 0.154009 0.161337 0.166905 0.482251
467000 0.151125 0.165086 0.165945 0.482156
468000 0.158421 0.16653 0.169125 0.494076
469000 0.155747 0.163859 0.171112 0.490718
470000 0.154717 0.161946 0.154344 0.471007
471000 0.161053 0.167852 0.165741 0.494646
472000 0.157053 0.156686 0.171899 0.485639
473000 0.157791 0.170639 0.166537 0.494967
474000 0.15764 0.164289 0.175061 0.496989
475000 0.153322 0.164752 0.170485 0.488559
476000 0.160324 0.173949 0.165622 0.499895
477000 0.154502 0.169312 0.16846 0.492274
478000 0.153152 0.17285 0.166539 0.492541
479000 0.149406 0.167889 0.162941 0.480236
480000 0.148392 0.166128 0.169774 0.484294
481000 0.151051 0.169367 0.167523 0.487941
482000 0.160229 0.16785 0.168013 0.496092
483000 0.160232 0.167198 0.161937 0.489367
484000 0.157125 0.170505 0.174838 0.502467
485000 0.156554 0.166348 0.176587 0.499488
486000 0.156755 0.170944 0.169048 0.496746
487000 0.154029 0.167971 0.171367 0.493367
488000 0.149205 0.168563 0.169629 0.487397
489000 0.187268 0.18001 0.167414 0.534691
490000 0.159978 0.174664 0.162211 0.496854
491000 0.169739 0.172395 0.163672 0.505806
492000 0.169602 0.171948 0.171482 0.513033
493000 0.16396 0.170026 0.170559 0.504544
494000 0.166976 0.172285 0.170482 0.509742
495000 0.168793 0.171941 0.167682 0.508416
496000 0.171697 0.172464 0.176756 0.520917
497000 0.173241 0.172535 0.187892 0.533668
498000 0.164703 0.175721 0.178789 0.519212
499000 0.169631 0.177255 0.169117 0.516003
500000 0.160013 0.174398 0.178629 0.51304
501000 0.163546 0.173742 0.174296 0.511585
502000 0.168055 0.163521 0.18091 0.512485
503000 0.16752 0.167323 0.173115 0.507957
504000 0.15334 0.162047 0.175298 0.490685
505000 0.175945 0.169404 0.173173 0.518522
506000 0.175045 0.16554 0.173632 0.514218
507000 0.168476 0.171198 0.168619 0.508293
508000 0.168134 0.166243 0.17062 0.504996
509000 0.162928 0.160318 0.175293 0.498539
510000 0.175576 0.17267 0.164788 0.513034
511000 0.169005 0.169177 0.173311 0.511493
512000 0.167896 0.170342 0.173901 0.512139
513000 0.165695 0.175862 0.161379 0.502936
514000 0.165802 0.172769 0.179702 0.518272
515000 0.177634 0.173528 0.181151 0.532313
516000 0.164729 0.172968 0.173205 0.510902
517000 0.174906 0.180362 0.158172 0.513441
518000 0.187524 0.18568 0.164704 0.537908
519000 0.161143 0.172234 0.164263 0.49764
520000 0.164175 0.179872 0.168444 0.512492
521000 0.169129 0.164204 0.174017 0.50735
522000 0.162877 0.174221 0.169449 0.506548
523000 0.172291 0.180292 0.16876 0.521342
524000 0.165141 0.173777 0.172572 0.51149
525000 0.167827 0.177093 0.178076 0.522995
526000 0.169298 0.170425 0.165815 0.505538
527000 0.168472 0.177371 0.164255 0.510098
528000 0.174206 0.186284 0.171278 0.531768
529000 0.167114 0.164749 0.171959 0.503822
530000 0.174806 0.175884 0.181576 0.532265
531000 0.172477 0.182051 0.182255 0.536783
532000 0.175406 0.177986 0.178957 0.532348
533000 0.175841 0.173886 0.178534 0.52826
534000 0.175097 0.172432 0.175283 0.522813
535000 0.182897 0.170222 0.165325 0.518444
536000 0.175149 0.181004 0.168381 0.524534
537000 0.178962 0.178907 0.171903 0.529772
538000 0.193779 0.189718 0.169696 0.553193
539000 0.177436 0.177353 0.18265 0.53744
540000 0.185132 0.19094 0.176851 0.552923
541000 0.190489 0.183688 0.178001 0.552178
542000 0.176782 0.187318 0.168727 0.532828
543000 0.186155 0.194394 0.180752 0.561301
544000 0.178282 0.172753 0.173486 0.524521
545000 0.185688 0.187172 0.189809 0.562669
546000 0.186464 0.185118 0.175005 0.546587
547000 0.18223 0.180836 0.173209 0.536276
548000 0.182957 0.188483 0.169624 0.541064
549000 0.178163 0.184251 0.180004 0.542418
550000 0.189698 0.187363 0.18153 0.558591
551000 0.179658 0.185173 0.182464 0.547296
552000 0.186612 0.184635 0.181823 0.55307
553000 0.183678 0.189829 0.177825 0.551333
554000 0.191853 0.191025 0.180309 0.563187
555000 0.183968 0.177228 0.180707 0.541902
556000 0.198899 0.193162 0.174398 0.566459
557000 0.177433 0.184345 0.186557 0.548335
558000 0.175816 0.194752 0.194237 0.564804
559000 0.183303 0.193382 0.191754 0.568439
560000 0.187378 0.188617 0.191457 0.567451
561000 0.173261 0.18519 0.192042 0.550493
562000 0.184437 0.190671 0.186362 0.56147
563000 0.185771 0.191063 0.177191 0.554026
564000 0.177661 0.182196 0.18204 0.541897
565000 0.185435 0.185297 0.1856 0.556332
566000 0.180194 0.187675 0.187388 0.555257
567000 0.193094 0.183794 0.18348 0.560368
568000 0.185212 0.184928 0.178012 0.548153
569000 0.181638 0.179199 0.188147 0.548985
570000 0.1871 0.191379 0.18741 0.565889
571000 0.187485 0.194794 0.193001 0.57528
572000 0.185712 0.202055 0.192783 0.58055
573000 0.188987 0.181571 0.196705 0.567264
574000 0.184288 0.19104 0.193045 0.568373
575000 0.181185 0.184096 0.195224 0.560505
576000 0.198138 0.187481 0.191091 0.576709
577000 0.186088 0.186397 0.192503 0.564988
578000 0.182061 0.193213 0.178234 0.553508
579000 0.183051 0.186499 0.178494 0.548044
580000 0.188856 0.183234 0.182912 0.555001
581000 0.194363 0.190878 0.183728 0.56897
582000 0.187872 0.193205 0.186196 0.567273
583000 0.185004 0.194541 0.186119 0.565663
584000 0.186624 0.185254 0.186566 0.558444
585000 0.187544 0.190635 0.193866 0.572045
586000 0.189476 0.191075 0.193945 0.574496
587000 0.189338 0.196129 0.179414 0.564881
588000 0.17656 0.200915 0.190749 0.568224
589000 0.180204 0.192775 0.183218 0.556196
590000 0.188214 0.196581 0.177303 0.562098
591000 0.194629 0.19857 0.191052 0.584251
592000 0.184689 0.204572 0.184065 0.573326
593000 0.19161 0.190444 0.179902 0.561956
594000 0.181364 0.193781 0.18206 0.557205
595000 0.193275 0.19355 0.181193 0.568019
596000 0.177916 0.198757 0.185867 0.56254
597000 0.186999 0.198495 0.183895 0.569389
598000 0.196985 0.202976 0.179644 0.579604
599000 0.181966 0.201836 0.186092 0.569895
600000 0.187698 0.19898 0.182607 0.569286
601000 0.189991 0.204455 0.185293 0.579739
602000 0.183518 0.191894 0.179801 0.555212
603000 0.1965 0.210372 0.18203 0.588901
604000 0.186901 0.203219 0.189676 0.579795
605000 0.196945 0.208796 0.192504 0.598245
606000 0.194962 0.207582 0.18632 0.588864
607000 0.192649 0.210006 0.188986 0.591641
608000 0.200055 0.198052 0.189574 0.587682
609000 0.187581 0.202442 0.1943 0.584324
610000 0.194564 0.209681 0.190963 0.595207
611000 0.187299 0.198368 0.183454 0.56912
612000 0.178709 0.207102 0.187981 0.573791
613000 0.187385 0.205846 0.194016 0.587247
614000 0.178025 0.197765 0.189369 0.565159
615000 0.200816 0.207586 0.186747 0.595149
616000 0.187151 0.209593 0.191279 0.588023
617000 0.190262 0.20256 0.199822 0.592643
618000 0.185787 0.195397 0.190726 0.57191
619000 0.193783 0.215341 0.19871 0.607833
620000 0.188621 0.203855 0.206726 0.599201
621000 0.185904 0.196409 0.209407 0.59172
622000 0.194998 0.203725 0.188226 0.586949
623000 0.18878 0.202893 0.194378 0.586051
624000 0.180386 0.210052 0.202251 0.592689
625000 0.188057 0.207551 0.186533 0.582141
626000 0.191095 0.206278 0.189953 0.587326
627000 0.186944 0.195853 0.193849 0.576646
628000 0.186547 0.201651 0.192 0.580198
629000 0.191749 0.199883 0.191579 0.58321
630000 0.190948 0.211457 0.183125 0.58553
631000 0.193352 0.202334 0.189717 0.585403
632000 0.182243 0.205432 0.182801 0.570476
633000 0.184739 0.207554 0.195779 0.588072
634000 0.187255 0.210689 0.194984 0.592928
635000 0.178358 0.206905 0.202106 0.587369
636000 0.186213 0.202728 0.194546 0.583487
637000 0.195579 0.21152 0.188745 0.595843
638000 0.178967 0.201259 0.186956 0.567181
639000 0.191286 0.21043 0.200796 0.602513
640000 0.192511 0.218352 0.203944 0.614807
641000 0.18106 0.210351 0.190702 0.582113
642000 0.198041 0.205678 0.195247 0.598966
643000 0.193663 0.208789 0.191401 0.593853
644000 0.19119 0.204899 0.183165 0.579254
645000 0.188343 0.205917 0.190477 0.584737
646000 0.180477 0.212567 0.200943 0.593987
647000 0.19506 0.216636 0.20203 0.613726
648000 0.190317 0.200658 0.206084 0.597059
649000 0.190149 0.20739 0.202445 0.599984
650000 0.200015 0.2148 0.191926 0.606741
651000 0.18297 0.204794 0.188894 0.576657
652000 0.190501 0.204913 0.186743 0.582157
653000 0.195943 0.214827 0.191485 0.602255
654000 0.18309 0.211213 0.186332 0.580635
655000 0.183825 0.207495 0.193034 0.584355
656000 0.186317 0.215834 0.19215 0.594302
657000 0.19622 0.209768 0.190151 0.596139
658000 0.197676 0.211749 0.184579 0.594005
659000 0.17536 0.211516 0.194054 0.58093
660000 0.188145 0.213117 0.178144 0.579405
661000 0.184068 0.204391 0.185363 0.573821
662000 0.187176 0.206033 0.191133 0.584342
663000 0.191177 0.208457 0.190425 0.59006
664000 0.193325 0.209785 0.188531 0.591642
665000 0.191579 0.207511 0.187662 0.586752
666000 0.187733 0.205008 0.193286 0.586026
667000 0.177853 0.204293 0.201632 0.583779
668000 0.206557 0.215386 0.203226 0.625169
669000 0.18229 0.204458 0.19626 0.583008
670000 0.192352 0.212264 0.192622 0.597237
671000 0.195578 0.213882 0.191895 0.601355
672000 0.183356 0.211279 0.194167 0.588802
673000 0.201318 0.222296 0.190654 0.614268
674000 0.185896 0.208 0.191715 0.585611
675000 0.188112 0.200784 0.187639 0.576535
676000 0.192301 0.21034 0.185537 0.588178
677000 0.182082 0.206863 0.209808 0.598753
678000 0.192479 0.202265 0.20517 0.599914
679000 0.206503 0.208118 0.19883 0.613451
680000 0.190934 0.211845 0.190799 0.593578
681000 0.193248 0.208141 0.18814 0.589529
682000 0.202421 0.20355 0.18352 0.589491
683000 0.180772 0.206764 0.192417 0.579953
684000 0.201102 0.213172 0.192706 0.606981
685000 0.185145 0.209179 0.192719 0.587043
686000 0.195785 0.215891 0.211526 0.623202
687000 0.189357 0.216393 0.203236 0.608985
688000 0.182873 0.20876 0.214242 0.605875
689000 0.192938 0.205511 0.197765 0.596214
690000 0.192403 0.212108 0.20781 0.612322
691000 0.195917 0.215409 0.208174 0.6195
692000 0.186855 0.200293 0.198242 0.585389
693000 0.19653 0.203643 0.199244 0.599418
694000 0.207269 0.206574 0.197987 0.611831
695000 0.189855 0.215224 0.190878 0.595958
696000 0.203737 0.209086 0.182276 0.595099
697000 0.19111 0.208131 0.204456 0.603697
698000 0.191573 0.206887 0.213721 0.612181
699000 0.192082 0.209817 0.194102 0.596001
700000 0.184606 0.212301 0.195293 0.592199
701000 0.188283 0.195911 0.192206 0.5764
702000 0.193634 0.21673 0.192903 0.603268
703000 0.17818 0.21644 0.192508 0.587128
704000 0.190127 0.207872 0.19318 0.591179
705000 0.191807 0.206502 0.188782 0.58709
706000 0.201679 0.207889 0.194646 0.604215
707000 0.190382 0.21002 0.193181 0.593583
708000 0.191072 0.204559 0.201737 0.597367
709000 0.190582 0.201629 0.203127 0.595339
710000 0.1922 0.205374 0.190636 0.588209
711000 0.189398 0.20133 0.198166 0.588894
712000 0.19262 0.207566 0.19627 0.596456
713000 0.201648 0.212449 0.203648 0.617744
714000 0.193928 0.21738 0.196576 0.607884
715000 0.20487 0.209248 0.19719 0.611308
716000 0.193136 0.209422 0.201838 0.604396
717000 0.19636 0.223337 0.200161 0.619858
718000 0.189906 0.208665 0.20123 0.599801
719000 0.192306 0.211393 0.196734 0.600433
720000 0.20991 0.216691 0.198955 0.625555
721000 0.196113 0.203531 0.197987 0.597631
722000 0.201464 0.211581 0.207055 0.620099
723000 0.207655 0.218761 0.200512 0.626929
724000 0.197245 0.213925 0.203092 0.614262
725000 0.1972 0.208142 0.20733 0.612672
726000 0.193886 0.203377 0.187706 0.584969
727000 0.193744 0.210634 0.194783 0.599161
728000 0.212519 0.225515 0.205493 0.643527
729000 0.210266 0.220261 0.217476 0.648004
730000 0.202764 0.221267 0.213443 0.637474
731000 0.197992 0.221503 0.206772 0.626267
732000 0.203128 0.216604 0.199486 0.619218
733000 0.204312 0.218979 0.197417 0.620708
734000 0.205255 0.233304 0.198013 0.636572
735000 0.199455 0.221421 0.202752 0.623628
736000 0.203731 0.22101 0.210575 0.635316
737000 0.193797 0.220338 0.21689 0.631026
738000 0.198146 0.218081 0.221146 0.637372
739000 0.198882 0.219684 0.208849 0.627415
740000 0.208337 0.225628 0.205222 0.639188
741000 0.201824 0.203816 0.205891 0.611531
742000 0.206226 0.2101 0.206661 0.622987
743000 0.202623 0.221648 0.204255 0.628526
744000 0.21929 0.213114 0.203186 0.635591
745000 0.203573 0.210259 0.208489 0.622321
746000 0.202966 0.212241 0.211197 0.626404
747000 0.210201 0.214416 0.205471 0.630087
748000 0.196314 0.217344 0.213243 0.6269
749000 0.207704 0.230653 0.21714 0.655497
750000 0.195275 0.217939 0.212063 0.625277
751000 0.20201 0.224326 0.213482 0.639818
752000 0.200095 0.222242 0.205012 0.627349
753000 0.199017 0.21968 0.203735 0.622432
754000 0.205129 0.221428 0.214892 0.64145
755000 0.203903 0.221376 0.203577 0.628856
756000 0.206763 0.221993 0.217017 0.645773
757000 0.197361 0.217449 0.229474 0.644284
758000 0.192432 0.219639 0.219374 0.631446
759000 0.202353 0.22944 0.21991 0.651702
760000 0.205617 0.224485 0.218334 0.648435
761000 0.191636 0.221461 0.229086 0.642183
762000 0.198923 0.219591 0.217913 0.636427
763000 0.22005 0.223531 0.21676 0.660341
764000 0.199746 0.222956 0.217265 0.639967
765000 0.213454 0.239116 0.221293 0.673863
766000 0.197832 0.221321 0.21401 0.633163
767000 0.202194 0.237099 0.217835 0.657129
768000 0.21803 0.238654 0.222586 0.67927
769000 0.202161 0.225322 0.225072 0.652554
770000 0.204909 0.21604 0.214345 0.635294
771000 0.206469 0.239084 0.217933 0.663487
772000 0.207384 0.236477 0.211472 0.655333
773000 0.200989 0.224879 0.207913 0.633781
774000 0.202777 0.236304 0.21608 0.65516
775000 0.20913 0.232632 0.212748 0.65451
776000 0.195089 0.220904 0.223526 0.63952
777000 0.206422 0.236819 0.214605 0.657845
778000 0.199447 0.226698 0.213014 0.639159
779000 0.219181 0.230677 0.220648 0.670506
780000 0.202002 0.222624 0.214421 0.639048
781000 0.192827 0.226611 0.213999 0.633436
782000 0.202635 0.226814 0.222544 0.651993
783000 0.208039 0.231378 0.214568 0.653985
784000 0.21433 0.227469 0.219209 0.661008
785000 0.204631 0.24099 0.213016 0.658637
786000 0.202136 0.228625 0.211189 0.64195
787000 0.200502 0.226992 0.2258 0.653293
788000 0.203691 0.229136 0.216089 0.648916
789000 0.20262 0.230279 0.216925 0.649823
790000 0.216499 0.226041 0.22564 0.668181
791000 0.206179 0.236671 0.221341 0.664191
792000 0.21397 0.229051 0.214222 0.657244
793000 0.205484 0.228144 0.213473 0.6471
794000 0.210575 0.229632 0.223152 0.663359
795000 0.212733 0.230593 0.206094 0.64942
796000 0.203483 0.225332 0.211393 0.640208
797000 0.205375 0.222182 0.215932 0.643488
798000 0.200793 0.242591 0.219018 0.662403
799000 0.204817 0.226547 0.214706 0.64607
800000 0.204577 0.223576 0.211107 0.63926
801000 0.204761 0.228585 0.222561 0.655907
802000 0.199356 0.237339 0.211842 0.648537
803000 0.20731 0.232413 0.213699 0.653422
804000 0.200603 0.233178 0.203291 0.637071
805000 0.199766 0.234556 0.214641 0.648963
806000 0.210098 0.226787 0.216937 0.653822
807000 0.204224 0.242982 0.224201 0.671407
808000 0.215851 0.223338 0.215423 0.654612
809000 0.20308 0.229881 0.214513 0.647474
810000 0.212874 0.233433 0.212256 0.658563
811000 0.203533 0.22735 0.218024 0.648907
812000 0.212906 0.231383 0.21469 0.658978
813000 0.211553 0.228445 0.218034 0.658032
814000 0.206739 0.233329 0.224771 0.664839
815000 0.200197 0.229784 0.227619 0.657599
816000 0.210703 0.227142 0.232598 0.670443
817000 0.209838 0.230964 0.226596 0.667398
818000 0.224793 0.239211 0.230298 0.694302
819000 0.224668 0.23202 0.216513 0.673201
820000 0.216692 0.232703 0.228245 0.677639
821000 0.212896 0.234088 0.223836 0.67082
822000 0.212959 0.227084 0.219499 0.659543
823000 0.202809 0.232366 0.217396 0.652571
824000 0.211124 0.236852 0.216395 0.664371
825000 0.206119 0.233743 0.216471 0.656333
826000 0.217035 0.23041 0.221311 0.668757
827000 0.216507 0.246113 0.230073 0.692694
828000 0.198493 0.223216 0.235911 0.65762
829000 0.220556 0.23544 0.22513 0.681125
830000 0.205487 0.234056 0.229023 0.668567
831000 0.209976 0.22266 0.218963 0.651599
832000 0.211857 0.226431 0.213762 0.652051
833000 0.205815 0.226847 0.21573 0.648392
834000 0.215978 0.230056 0.217991 0.664024
835000 0.209445 0.227795 0.219686 0.656927
836000 0.212729 0.228233 0.223543 0.664505
837000 0.206874 0.235776 0.224072 0.666723
838000 0.207158 0.23429 0.219021 0.660469
839000 0.214748 0.227998 0.222853 0.6656
840000 0.223062 0.232995 0.222659 0.678717
841000 0.214983 0.236659 0.219348 0.67099
842000 0.216087 0.239109 0.23171 0.686907
843000 0.2207 0.234557 0.230344 0.685601
844000 0.212432 0.238715 0.229159 0.680306
845000 0.210524 0.228978 0.226543 0.666045
846000 0.232037 0.231758 0.225975 0.68977
847000 0.218962 0.222485 0.231133 0.67258
848000 0.2161 0.233143 0.227594 0.676837
849000 0.21115 0.239369 0.222858 0.673377
850000 0.215964 0.228305 0.221402 0.665672
851000 0.232558 0.235619 0.218736 0.686913
852000 0.210261 0.238395 0.223805 0.672461
853000 0.21786 0.233396 0.235914 0.68717
854000 0.225409 0.234602 0.226724 0.686735
855000 0.224225 0.232161 0.227476 0.683862
856000 0.215468 0.23006 0.225932 0.67146
857000 0.226066 0.238414 0.22967 0.69415
858000 0.217298 0.229795 0.23166 0.678753
859000 0.220296 0.238424 0.229225 0.687944
860000 0.220165 0.233052 0.231695 0.684912
861000 0.225305 0.237586 0.226848 0.68974
862000 0.235215 0.237304 0.24031 0.712828
863000 0.233644 0.236578 0.232571 0.702793
864000 0.223962 0.233835 0.228775 0.686572
865000 0.213753 0.242089 0.231817 0.687659
866000 0.227746 0.236533 0.230672 0.69495
867000 0.216916 0.244688 0.223237 0.68484
868000 0.224981 0.243403 0.232944 0.701328
869000 0.240693 0.237456 0.247775 0.725924
870000 0.226371 0.245885 0.246129 0.718385
871000 0.228224 0.237567 0.23481 0.700601
872000 0.232688 0.245944 0.224692 0.703324
873000 0.223337 0.242177 0.232943 0.698457
874000 0.235733 0.248563 0.239655 0.723951
875000 0.216055 0.22903 0.231608 0.676693
876000 0.226912 0.242917 0.234496 0.704326
877000 0.221906 0.241833 0.22921 0.692949
878000 0.229829 0.236129 0.235489 0.701447
879000 0.235543 0.251724 0.232611 0.719878
880000 0.224939 0.241977 0.227145 0.694061
881000 0.223708 0.242495 0.233383 0.699586
882000 0.232289 0.242282 0.241431 0.716002
883000 0.226196 0.235962 0.241284 0.703442
884000 0.233271 0.240804 0.234449 0.708524
885000 0.228589 0.235357 0.238531 0.702478
886000 0.213835 0.232241 0.228932 0.675007
887000 0.22018 0.244256 0.231431 0.695867
888000 0.227812 0.244259 0.227342 0.699413
889000 0.222551 0.233537 0.238744 0.694832
890000 0.224441 0.24172 0.241261 0.707421
891000 0.218959 0.240225 0.237162 0.696346
892000 0.218106 0.240389 0.239047 0.697542
893000 0.227496 0.24085 0.235529 0.703875
894000 0.217394 0.238579 0.231502 0.687476
895000 0.22627 0.242168 0.231551 0.699989
896000 0.223595 0.239612 0.234126 0.697332
897000 0.2287 0.253557 0.241132 0.723389
898000 0.228014 0.242892 0.237635 0.708541
899000 0.232652 0.240352 0.233318 0.706322
900000 0.218317 0.239312 0.230521 0.688149
901000 0.220813 0.237179 0.241953 0.699944
902000 0.22229 0.238492 0.232027 0.692808
903000 0.238939 0.243964 0.242754 0.725657
904000 0.228943 0.242261 0.243638 0.714842
905000 0.239639 0.249327 0.232566 0.721532
906000 0.227903 0.253503 0.229624 0.71103
907000 0.230855 0.249051 0.242353 0.72226
908000 0.227894 0.239324 0.241524 0.708742
909000 0.234079 0.24419 0.236728 0.714997
910000 0.227268 0.246542 0.233513 0.707323
911000 0.221203 0.254481 0.225842 0.701526
912000 0.231159 0.255485 0.240802 0.727446
913000 0.227123 0.245863 0.243239 0.716224
914000 0.23298 0.253247 0.238586 0.724813
915000 0.236683 0.256605 0.230438 0.723726
916000 0.224376 0.258634 0.249733 0.732742
917000 0.229001 0.248803 0.259955 0.737759
918000 0.231681 0.251444 0.248192 0.731317
919000 0.230768 0.252402 0.240863 0.724032
920000 0.246892 0.265322 0.244462 0.756675
921000 0.234775 0.255312 0.251516 0.741603
922000 0.240812 0.249487 0.247431 0.73773
923000 0.231324 0.257502 0.248975 0.737801
924000 0.240493 0.253457 0.247922 0.741872
925000 0.235673 0.255306 0.247744 0.738723
926000 0.230488 0.25606 0.241957 0.728505
927000 0.226116 0.258639 0.249293 0.734048
928000 0.235347 0.248935 0.252842 0.737124
929000 0.234788 0.258253 0.261718 0.754759
930000 0.232931 0.257308 0.25286 0.743099
931000 0.228406 0.25366 0.252238 0.734305
932000 0.228577 0.25454 0.24195 0.725067
933000 0.24406 0.261792 0.24711 0.752961
934000 0.240071 0.253326 0.238239 0.731636
935000 0.224911 0.25598 0.248107 0.728998
936000 0.231954 0.255866 0.244873 0.732693
937000 0.226925 0.267055 0.241038 0.735018
938000 0.236304 0.254883 0.249233 0.74042
939000 0.243969 0.258548 0.239594 0.742112
940000 0.232505 0.251223 0.249789 0.733518
941000 0.225072 0.251401 0.257936 0.73441
942000 0.23847 0.264004 0.256359 0.758833
943000 0.233658 0.24881 0.261557 0.744026
944000 0.230197 0.249986 0.246428 0.726611
945000 0.226046 0.250245 0.247868 0.724159
946000 0.251027 0.269188 0.252471 0.772686
947000 0.227792 0.258383 0.252064 0.738239
948000 0.231875 0.255758 0.26243 0.750063
949000 0.24795 0.256687 0.252407 0.757045
950000 0.222605 0.244766 0.253208 0.720579
951000 0.225429 0.262773 0.260747 0.748949
952000 0.254098 0.264782 0.265211 0.784092
953000 0.223861 0.255888 0.250805 0.730554
954000 0.234348 0.265648 0.246472 0.746468
955000 0.252158 0.259824 0.249362 0.761343
956000 0.242762 0.258424 0.245149 0.746335
957000 0.235264 0.247582 0.255299 0.738145
958000 0.243201 0.267173 0.261139 0.771513
959000 0.232303 0.255426 0.262859 0.750589
960000 0.240508 0.255563 0.251104 0.747174
961000 0.241279 0.262066 0.245216 0.748561
962000 0.232327 0.251457 0.250852 0.734636
963000 0.244235 0.25964 0.258855 0.76273
964000 0.249304 0.262525 0.248675 0.760503
965000 0.237701 0.259872 0.24836 0.745933
966000 0.239933 0.254417 0.252074 0.746424
967000 0.244932 0.263923 0.245564 0.75442
968000 0.243953 0.263077 0.260909 0.767939
969000 0.238147 0.257568 0.253623 0.749338
970000 0.238605 0.259907 0.260902 0.759414
971000 0.239162 0.251654 0.254446 0.745262
972000 0.240854 0.257678 0.251058 0.74959
973000 0.244686 0.273631 0.247657 0.765974
974000 0.24391 0.260972 0.251176 0.756058
975000 0.234041 0.265304 0.259121 0.758467
976000 0.246826 0.260167 0.259294 0.766287
977000 0.244317 0.252093 0.262071 0.758481
978000 0.240174 0.260549 0.265764 0.766486
979000 0.249247 0.262463 0.270835 0.782545
980000 0.255773 0.264269 0.273337 0.793379
981000 0.247161 0.249791 0.272707 0.769659
982000 0.239921 0.253063 0.266531 0.759516
983000 0.244973 0.258484 0.26124 0.764697
984000 0.25182 0.25569 0.265811 0.773321
985000 0.246915 0.267908 0.269362 0.784185
986000 0.254378 0.269882 0.269525 0.793785
987000 0.244728 0.256487 0.265176 0.76639
988000 0.24367 0.259354 0.259331 0.762356
989000 0.245546 0.273642 0.26281 0.781998
990000 0.255764 0.277918 0.268306 0.801988
991000 0.259964 0.279078 0.276123 0.815165
992000 0.235783 0.273502 0.273006 0.78229
993000 0.245423 0.271258 0.275862 0.792543
994000 0.252493 0.275109 0.280374 0.807977
995000 0.240474 0.274296 0.268073 0.782843
996000 0.259801 0.266583 0.28172 0.808104
997000 0.253137 0.270258 0.2779 0.801295
998000 0.254892 0.279189 0.274078 0.808159
999000 0.24692 0.27307 0.27689 0.79688
1000000 0.256178 0.281217 0.278133 0.815528
1001000 0.251993 0.264735 0.283085 0.799813
1002000 0.243873 0.267212 0.276799 0.787884
1003000 0.256557 0.274959 0.271868 0.803384
1004000 0.260014 0.288129 0.272989 0.821132
1005000 0.23194 0.267565 0.273149 0.772653
1006000 0.256585 0.282289 0.266773 0.805647
1007000 0.254235 0.278917 0.26007 0.793222
1008000 0.257698 0.278594 0.274606 0.810898
1009000 0.259314 0.273373 0.276707 0.809394
1010000 0.255389 0.273026 0.276391 0.804805
1011000 0.263413 0.282055 0.284731 0.830199
1012000 0.259755 0.272004 0.275197 0.806956
1013000 0.243722 0.26805 0.273663 0.785435
1014000 0.247004 0.282608 0.275362 0.804973
1015000 0.265621 0.28022 0.278864 0.824705
1016000 0.27606 0.289696 0.274528 0.840284
1017000 0.25708 0.264803 0.268562 0.790445
1018000 0.258223 0.280087 0.2715 0.80981
1019000 0.257016 0.278685 0.275803 0.811505
1020000 0.255868 0.268053 0.276166 0.800087
1021000 0.269305 0.275395 0.270105 0.814805
1022000 0.251632 0.267906 0.265913 0.785451
1023000 0.264783 0.283055 0.282811 0.830649
1024000 0.263095 0.273323 0.289556 0.825974
1025000 0.261253 0.276906 0.283396 0.821555
1026000 0.272701 0.279121 0.28175 0.833573
1027000 0.252458 0.275451 0.287035 0.814944
1028000 0.258347 0.275773 0.286203 0.820323
1029000 0.26128 0.271285 0.284577 0.817142
1030000 0.257017 0.279638 0.282887 0.819542
