# Time-averaged data for fix 1
# TimeStep c_msd_all[1] c_msd_all[2] c_msd_all[3] c_msd_all[4]
31000 0.0654942 0.0705991 0.0631743 0.199268
32000 0.0722502 0.0671162 0.0755169 0.214883
33000 0.0610265 0.0694045 0.0736605 0.204092
34000 0.0651471 0.0700348 0.0637152 0.198897
35000 0.0825308 0.0746075 0.0737343 0.230873
36000 0.0676429 0.0722543 0.0621766 0.202074
37000 0.0701462 0.0699107 0.0738514 0.213908
38000 0.0700765 0.0777667 0.0767754 0.224619
39000 0.0668427 0.0882684 0.0714432 0.226554
40000 0.0658162 0.0822891 0.0683768 0.216482
41000 0.071783 0.080453 0.0720251 0.224261
42000 0.0650729 0.0778829 0.0765341 0.21949
43000 0.0690862 0.0786599 0.0714139 0.21916
44000 0.0728379 0.0886438 0.0792629 0.240745
45000 0.0676916 0.0884492 0.067248 0.223389
46000 0.0604188 0.0833174 0.0780972 0.221833
47000 0.062459 0.07086 0.0649387 0.198258
48000 0.0660747 0.074004 0.0716435 0.211722
49000 0.0649791 0.0772944 0.0706166 0.21289
50000 0.0742982 0.0712757 0.0669699 0.212544
51000 0.0676724 0.0668937 0.08029 0.214856
52000 0.0598018 0.066894 0.0835311 0.210227
53000 0.0730185 0.0773275 0.0772567 0.227603
54000 0.073385 0.0805468 0.0724301 0.226362
55000 0.070858 0.0743452 0.0769829 0.222186
56000 0.0636841 0.0800823 0.0747035 0.21847
57000 0.0731185 0.0883255 0.0795186 0.240963
58000 0.0669741 0.0931409 0.0825896 0.242705
59000 0.0688829 0.0874265 0.0830298 0.239339
60000 0.0775957 0.0952382 0.10411 0.276943
61000 0.0706737 0.0907589 0.0855904 0.247023
62000 0.0728169 0.0954418 0.107729 0.275988
63000 0.065775 0.0944516 0.082963 0.24319
64000 0.0739501 0.0924052 0.089625 0.25598
65000 0.0702461 0.097109 0.10592 0.273275
66000 0.0681133 0.104495 0.0970768 0.269685
67000 0.07178 0.100128 0.127944 0.299853
68000 0.0635773 0.0999739 0.0997809 0.263332
69000 0.0666512 0.103636 0.0969 0.267188
70000 0.0659611 0.112721 0.11487 0.293553
71000 0.0706556 0.110876 0.1005 0.282031
72000 0.0728596 0.115442 0.120279 0.308581
73000 0.0800829 0.10955 0.0997473 0.289381
74000 0.0725997 0.123052 0.106051 0.301703
75000 0.0698446 0.105706 0.118208 0.293759
76000 0.0716702 0.105858 0.112241 0.289769
77000 0.0713009 0.111137 0.122401 0.304839
78000 0.070867 0.109333 0.111664 0.291863
79000 0.0732347 0.111997 0.116802 0.302034
80000 0.0729378 0.123465 0.133199 0.329602
81000 0.0696087 0.11304 0.120945 0.303593
82000 0.0733197 0.112861 0.116805 0.302986
83000 0.0769063 0.121811 0.122256 0.320973
84000 0.0749065 0.119054 0.133021 0.326981
85000 0.0723889 0.128694 0.134462 0.335544
86000 0.0802591 0.128345 0.131987 0.340591
87000 0.0776984 0.122587 0.14019 0.340475
88000 0.0774991 0.128934 0.124188 0.330621
89000 0.0812525 0.133655 0.136699 0.351607
90000 0.0827559 0.135779 0.142858 0.361393
91000 0.0821962 0.142495 0.148945 0.373636
92000 0.0760674 0.143794 0.142714 0.362575
93000 0.0708597 0.145325 0.156027 0.372212
94000 0.0825446 0.147777 0.147269 0.377591
95000 0.0802392 0.142781 0.152807 0.375827
96000 0.0901343 0.157784 0.161658 0.409576
97000 0.0879721 0.146254 0.150315 0.384541
98000 0.0840066 0.153423 0.166505 0.403935
99000 0.0832603 0.146482 0.149807 0.37955
100000 0.0829188 0.153176 0.177736 0.413831
101000 0.0848957 0.150809 0.162082 0.397787
102000 0.0946653 0.167627 0.163083 0.425376
103000 0.0923845 0.147178 0.165593 0.405155
104000 0.088634 0.154063 0.159764 0.402461
105000 0.0933474 0.155073 0.187068 0.435489
106000 0.0896399 0.169868 0.177948 0.437456
107000 0.0994514 0.16467 0.165063 0.429184
108000 0.0926024 0.168941 0.190642 0.452185
109000 0.0908706 0.156927 0.166152 0.413949
110000 0.0971427 0.168444 0.166039 0.431625
111000 0.100862 0.168518 0.175155 0.444535
112000 0.0998571 0.156949 0.173039 0.429844
113000 0.0907613 0.167506 0.167344 0.425612
114000 0.0880235 0.162512 0.160801 0.411335
115000 0.085989 0.160668 0.173915 0.420572
116000 0.0913929 0.159907 0.168728 0.420028
117000 0.0884673 0.170202 0.167727 0.426397
118000 0.0902075 0.177963 0.188463 0.456634
119000 0.0900589 0.174886 0.171613 0.436559
120000 0.0973823 0.174389 0.183103 0.454874
121000 0.0993781 0.180932 0.194511 0.474821
122000 0.0979533 0.180504 0.188968 0.467425
123000 0.0979718 0.17994 0.20283 0.480742
124000 0.102955 0.166613 0.189197 0.458765
125000 0.0918027 0.172014 0.219593 0.483409
126000 0.0916774 0.175885 0.172771 0.440334
127000 0.0971662 0.177987 0.178485 0.453639
128000 0.101374 0.180493 0.209809 0.491675
129000 0.0985009 0.175115 0.186065 0.459681
130000 0.101494 0.184496 0.203575 0.489564
131000 0.0943752 0.175849 0.1937 0.463924
132000 0.0941251 0.18153 0.183476 0.459131
133000 0.101958 0.176667 0.223029 0.501654
134000 0.102342 0.183055 0.203088 0.488485
135000 0.0941283 0.188905 0.205967 0.489
136000 0.0905371 0.190711 0.212803 0.494051
137000 0.0926196 0.195403 0.209999 0.498021
138000 0.0888455 0.216928 0.270082 0.575856
139000 0.100759 0.21232 0.25223 0.565308
140000 0.0882538 0.209045 0.283487 0.580786
141000 0.0931087 0.210824 0.239187 0.543119
142000 0.0981654 0.218735 0.23594 0.55284
143000 0.102522 0.215656 0.289575 0.607754
144000 0.0960539 0.213589 0.224742 0.534385
145000 0.0933635 0.212149 0.244915 0.550428
146000 0.0969625 0.217618 0.248018 0.562598
147000 0.101199 0.212757 0.23546 0.549416
148000 0.0991347 0.216583 0.274455 0.590173
149000 0.100676 0.229846 0.243494 0.574016
150000 0.100393 0.230418 0.245835 0.576645
151000 0.0944095 0.234926 0.244412 0.573747
152000 0.102778 0.246777 0.243001 0.592556
153000 0.097569 0.232187 0.299399 0.629155
154000 0.0910992 0.237185 0.255068 0.583353
155000 0.0975322 0.235176 0.270006 0.602714
156000 0.0952451 0.236076 0.248021 0.579342
157000 0.096665 0.221217 0.233167 0.551049
158000 0.114859 0.23754 0.249297 0.601696
159000 0.0958628 0.229536 0.234351 0.55975
160000 0.0944168 0.226372 0.244491 0.56528
161000 0.0958741 0.237143 0.264931 0.597948
162000 0.102484 0.225816 0.257518 0.585818
163000 0.0976746 0.234746 0.273351 0.605771
164000 0.0974948 0.246424 0.269191 0.61311
165000 0.103931 0.253675 0.266195 0.623801
166000 0.110775 0.254427 0.281385 0.646587
167000 0.107886 0.240786 0.258889 0.607561
168000 0.10811 0.259571 0.257446 0.625127
169000 0.107246 0.259143 0.277938 0.644327
170000 0.0981855 0.248057 0.263478 0.60972
171000 0.100297 0.259201 0.24318 0.602678
172000 0.103012 0.251869 0.278392 0.633273
173000 0.107193 0.254965 0.288244 0.650402
174000 0.0981834 0.253547 0.280649 0.632379
175000 0.101347 0.254742 0.288645 0.644734
176000 0.10383 0.261047 0.262169 0.627047
177000 0.101013 0.237072 0.291494 0.629578
178000 0.106537 0.266143 0.257699 0.63038
179000 0.109223 0.265496 0.288866 0.663585
180000 0.116189 0.272258 0.302492 0.690939
181000 0.109905 0.269193 0.294049 0.673147
182000 0.101888 0.266751 0.337835 0.706474
183000 0.0982581 0.262726 0.281724 0.642708
184000 0.109824 0.263689 0.277881 0.651394
185000 0.104782 0.272196 0.289903 0.666881
186000 0.124986 0.283932 0.284899 0.693817
187000 0.113724 0.2796 0.309252 0.702577
188000 0.105482 0.274864 0.292441 0.672787
189000 0.117152 0.28203 0.282548 0.68173
190000 0.110844 0.278392 0.290558 0.679795
191000 0.105674 0.264485 0.273966 0.644124
192000 0.114519 0.282401 0.310465 0.707385
193000 0.110525 0.282033 0.283581 0.67614
194000 0.10172 0.266233 0.29598 0.663934
195000 0.111496 0.282906 0.276944 0.671347
196000 0.115955 0.278902 0.283599 0.678456
197000 0.125719 0.28298 0.320531 0.729229
198000 0.117707 0.27614 0.29574 0.689587
199000 0.110397 0.296745 0.325633 0.732775
200000 0.113918 0.29373 0.294486 0.702134
201000 0.123612 0.280929 0.309479 0.71402
202000 0.121137 0.286176 0.296986 0.7043
203000 0.122371 0.281576 0.284481 0.688428
204000 0.118538 0.286969 0.371123 0.776631
205000 0.124492 0.277706 0.308144 0.710342
206000 0.121563 0.281843 0.351992 0.755399
207000 0.115288 0.286653 0.291297 0.693238
208000 0.116782 0.296183 0.305022 0.717987
209000 0.125171 0.290248 0.381906 0.797325
210000 0.142748 0.288893 0.319709 0.75135
211000 0.118856 0.295727 0.366363 0.780945
212000 0.131093 0.308587 0.294779 0.73446
213000 0.117055 0.330731 0.308225 0.756011
214000 0.122608 0.304521 0.365109 0.792239
215000 0.128132 0.294657 0.323723 0.746512
216000 0.141042 0.300164 0.399752 0.840958
217000 0.149829 0.31011 0.305961 0.7659
218000 0.143738 0.312304 0.320466 0.776508
219000 0.133238 0.298442 0.352855 0.784534
220000 0.130601 0.300109 0.307087 0.737797
221000 0.127837 0.299228 0.354467 0.781532
222000 0.129689 0.304867 0.315359 0.749915
223000 0.138704 0.312962 0.316161 0.767826
224000 0.135865 0.31287 0.34847 0.797204
225000 0.134195 0.304531 0.294287 0.733013
226000 0.134782 0.317079 0.320709 0.772569
227000 0.132231 0.305577 0.322045 0.759852
228000 0.138253 0.317712 0.318421 0.774386
229000 0.144071 0.317801 0.328148 0.79002
230000 0.137851 0.327792 0.313405 0.779048
231000 0.133257 0.301965 0.336768 0.771991
232000 0.133501 0.333968 0.326881 0.79435
233000 0.143829 0.331997 0.333974 0.8098
234000 0.135932 0.346715 0.335409 0.818055
235000 0.134766 0.338853 0.326149 0.799769
236000 0.139002 0.327795 0.364063 0.83086
237000 0.138317 0.341942 0.339151 0.81941
238000 0.132898 0.338031 0.335488 0.806417
239000 0.144126 0.350368 0.374221 0.868715
240000 0.14975 0.34356 0.329581 0.822891
241000 0.145417 0.343977 0.34742 0.836814
242000 0.152242 0.368701 0.346862 0.867805
243000 0.15436 0.353026 0.351118 0.858504
244000 0.157687 0.347019 0.379892 0.884598
245000 0.155774 0.354635 0.343282 0.853691
246000 0.168396 0.351007 0.361084 0.880487
247000 0.146216 0.353847 0.340104 0.840168
248000 0.15225 0.349327 0.346242 0.847819
249000 0.159046 0.359181 0.396416 0.914643
250000 0.158558 0.352446 0.34215 0.853154
251000 0.150964 0.367484 0.396483 0.914931
252000 0.166657 0.370758 0.355195 0.89261
253000 0.160048 0.340613 0.366629 0.867289
254000 0.158286 0.347864 0.371776 0.877927
255000 0.161585 0.367159 0.345267 0.874011
256000 0.163149 0.374647 0.412609 0.950405
257000 0.151555 0.371545 0.34995 0.87305
258000 0.158172 0.367977 0.375538 0.901686
259000 0.158849 0.366283 0.386144 0.911276
260000 0.166877 0.357221 0.371848 0.895946
261000 0.158959 0.375824 0.417945 0.952727
262000 0.161673 0.372382 0.364013 0.898068
263000 0.158852 0.396479 0.381954 0.937284
264000 0.159816 0.392085 0.38078 0.932681
265000 0.158713 0.390591 0.365456 0.91476
266000 0.155889 0.387971 0.406913 0.950774
267000 0.1701 0.394712 0.369348 0.93416
268000 0.159838 0.386565 0.386219 0.932622
269000 0.160586 0.39552 0.389385 0.945491
270000 0.168698 0.38606 0.383154 0.937912
271000 0.15666 0.390778 0.395611 0.943049
272000 0.159523 0.391661 0.378428 0.929612
273000 0.160112 0.405318 0.412125 0.977555
274000 0.1665 0.409611 0.395775 0.971887
275000 0.152705 0.397778 0.394492 0.944975
276000 0.161666 0.401049 0.419496 0.982212
277000 0.165401 0.386848 0.386856 0.939105
278000 0.160997 0.408148 0.408914 0.978059
279000 0.182529 0.422169 0.388587 0.993285
280000 0.16883 0.40928 0.397622 0.975732
281000 0.164803 0.411759 0.404577 0.981139
282000 0.168496 0.405652 0.402261 0.97641
283000 0.161 0.419108 0.410444 0.990553
284000 0.174518 0.430277 0.394964 0.999759
285000 0.172081 0.41284 0.42546 1.01038
286000 0.180932 0.431531 0.405942 1.01841
287000 0.17371 0.443822 0.392471 1.01
288000 0.182514 0.439787 0.41411 1.03641
289000 0.184337 0.439407 0.431765 1.05551
290000 0.19107 0.422171 0.405207 1.01845
291000 0.173717 0.425306 0.420082 1.0191
292000 0.180446 0.449672 0.41562 1.04574
293000 0.188425 0.444403 0.421144 1.05397
294000 0.183561 0.447396 0.412648 1.04361
295000 0.178623 0.450936 0.418647 1.04821
296000 0.178519 0.447133 0.428016 1.05367
297000 0.181558 0.449173 0.415488 1.04622
298000 0.179416 0.457942 0.448742 1.0861
299000 0.189241 0.45152 0.415296 1.05606
300000 0.177526 0.455992 0.438403 1.07192
301000 0.181264 0.443525 0.434918 1.05971
302000 0.192652 0.451859 0.406686 1.0512
303000 0.175872 0.458099 0.455583 1.08955
304000 0.175067 0.471875 0.420611 1.06755
305000 0.184962 0.462004 0.441092 1.08806
306000 0.202606 0.446457 0.445973 1.09504
307000 0.18979 0.430068 0.40598 1.02584
308000 0.190104 0.442208 0.452946 1.08526
309000 0.192991 0.452342 0.430635 1.07597
310000 0.174344 0.439491 0.426083 1.03992
311000 0.169493 0.434725 0.459444 1.06366
312000 0.189322 0.444081 0.424254 1.05766
313000 0.192463 0.434808 0.44278 1.07005
314000 0.211155 0.466609 0.404372 1.08214
315000 0.191761 0.448523 0.437197 1.07748
316000 0.186385 0.445291 0.43458 1.06626
317000 0.184369 0.435955 0.429894 1.05022
318000 0.195507 0.43814 0.471529 1.10518
319000 0.182224 0.436758 0.4354 1.05438
320000 0.186047 0.446662 0.451306 1.08401
321000 0.201101 0.450524 0.463833 1.11546
322000 0.191061 0.430777 0.449402 1.07124
323000 0.180169 0.432834 0.47327 1.08627
324000 0.188394 0.461956 0.439647 1.09
325000 0.198053 0.45184 0.460509 1.1104
326000 0.186686 0.429742 0.441572 1.058
327000 0.187872 0.437693 0.466497 1.09206
328000 0.186403 0.436813 0.459461 1.08268
329000 0.197211 0.448209 0.442323 1.08774
330000 0.199625 0.432313 0.462902 1.09484
331000 0.203971 0.441481 0.441836 1.08729
332000 0.199376 0.45038 0.428763 1.07852
333000 0.190886 0.444825 0.453783 1.08949
334000 0.184153 0.446025 0.425855 1.05603
335000 0.189066 0.469466 0.459929 1.11846
336000 0.196502 0.464452 0.431477 1.09243
337000 0.188631 0.465599 0.453634 1.10786
338000 0.185299 0.446685 0.446983 1.07897
339000 0.188773 0.451802 0.432149 1.07272
340000 0.183601 0.45427 0.462196 1.10007
341000 0.177084 0.460059 0.444486 1.08163
342000 0.19304 0.461114 0.427196 1.08135
343000 0.194591 0.464176 0.457399 1.11617
344000 0.194521 0.443291 0.429575 1.06739
345000 0.19427 0.472488 0.463328 1.13009
346000 0.182818 0.458349 0.436777 1.07794
347000 0.188805 0.457104 0.43845 1.08436
348000 0.187197 0.472023 0.453027 1.11225
349000 0.186523 0.469933 0.45037 1.10683
350000 0.186218 0.486319 0.439779 1.11232
351000 0.1908 0.477859 0.43567 1.10433
352000 0.196159 0.481786 0.46838 1.14633
353000 0.202066 0.512735 0.440012 1.15481
354000 0.187942 0.508086 0.43541 1.13144
355000 0.19914 0.504006 0.447379 1.15052
356000 0.190567 0.511335 0.45929 1.16119
357000 0.210805 0.529809 0.464748 1.20536
358000 0.205458 0.50866 0.453315 1.16743
359000 0.187811 0.519373 0.467776 1.17496
360000 0.191487 0.517291 0.470374 1.17915
361000 0.191859 0.506183 0.458087 1.15613
362000 0.187461 0.49897 0.455599 1.14203
363000 0.185325 0.517931 0.484918 1.18818
364000 0.188308 0.511802 0.458757 1.15887
365000 0.188455 0.532466 0.481081 1.202
366000 0.193558 0.516266 0.466598 1.17642
367000 0.196683 0.530502 0.460776 1.18796
368000 0.189428 0.511615 0.477981 1.17902
369000 0.188129 0.509005 0.470636 1.16777
370000 0.188998 0.516877 0.482202 1.18808
371000 0.187008 0.51644 0.474776 1.17822
372000 0.195832 0.529857 0.467228 1.19292
373000 0.192705 0.542083 0.485997 1.22079
374000 0.196702 0.536292 0.477423 1.21042
375000 0.188534 0.517824 0.478096 1.18445
376000 0.196914 0.514776 0.48474 1.19643
377000 0.193216 0.523852 0.502099 1.21917
378000 0.191307 0.515204 0.497762 1.20427
379000 0.19718 0.503755 0.486568 1.1875
380000 0.207048 0.510773 0.52038 1.2382
381000 0.206672 0.518616 0.510694 1.23598
382000 0.192734 0.526666 0.535542 1.25494
383000 0.19 0.535196 0.506718 1.23191
384000 0.193597 0.508532 0.514133 1.21626
385000 0.2055 0.533468 0.5406 1.27957
386000 0.216497 0.527578 0.518746 1.26282
387000 0.220576 0.52567 0.523361 1.26961
388000 0.199526 0.525581 0.530746 1.25585
389000 0.187183 0.521731 0.510168 1.21908
390000 0.197043 0.521989 0.537682 1.25671
391000 0.207081 0.522332 0.534167 1.26358
392000 0.222703 0.514894 0.522021 1.25962
393000 0.211293 0.531648 0.52308 1.26602
394000 0.203459 0.541159 0.52781 1.27243
395000 0.185624 0.529497 0.538299 1.25342
396000 0.195558 0.530659 0.522147 1.24836
397000 0.194248 0.530293 0.540446 1.26499
398000 0.195766 0.542448 0.531195 1.26941
399000 0.19556 0.551935 0.524462 1.27196
400000 0.189572 0.569641 0.570365 1.32958
401000 0.193698 0.573612 0.576508 1.34382
402000 0.193078 0.573723 0.579094 1.3459
403000 0.185534 0.581285 0.545126 1.31194
404000 0.191062 0.576421 0.561145 1.32863
405000 0.188533 0.582807 0.577548 1.34889
406000 0.183927 0.579 0.552718 1.31565
407000 0.190886 0.60223 0.580408 1.37352
408000 0.191371 0.598846 0.570508 1.36072
409000 0.195789 0.598725 0.561505 1.35602
410000 0.18116 0.588354 0.584299 1.35381
411000 0.192671 0.583243 0.551323 1.32724
412000 0.199213 0.608401 0.57892 1.38653
413000 0.205595 0.61988 0.556143 1.38162
414000 0.205606 0.605968 0.560819 1.37239
415000 0.202477 0.5911 0.586195 1.37977
416000 0.186368 0.609078 0.539767 1.33521
417000 0.193882 0.592285 0.569341 1.35551
418000 0.186784 0.61536 0.566488 1.36863
419000 0.200368 0.601722 0.554731 1.35682
420000 0.195489 0.586785 0.58536 1.36763
421000 0.188011 0.596404 0.569941 1.35436
422000 0.192199 0.581905 0.592884 1.36699
423000 0.193503 0.62339 0.608747 1.42564
424000 0.20468 0.641169 0.628238 1.47409
425000 0.182126 0.634799 0.617632 1.43456
426000 0.19544 0.61482 0.605779 1.41604
427000 0.198388 0.603248 0.629252 1.43089
428000 0.189133 0.626006 0.585449 1.40059
429000 0.199502 0.632888 0.60544 1.43783
430000 0.191522 0.639282 0.615343 1.44615
431000 0.200774 0.633675 0.629503 1.46395
432000 0.190306 0.638214 0.630545 1.45906
433000 0.212707 0.630099 0.610494 1.4533
434000 0.195442 0.638916 0.595452 1.42981
435000 0.197668 0.641024 0.60475 1.44344
436000 0.192214 0.64595 0.610119 1.44828
437000 0.192655 0.626282 0.61458 1.43352
438000 0.19315 0.621954 0.595576 1.41068
439000 0.207036 0.63597 0.607354 1.45036
440000 0.203451 0.642616 0.608649 1.45472
441000 0.19194 0.615699 0.59862 1.40626
442000 0.195054 0.605788 0.615849 1.41669
443000 0.207219 0.641393 0.609898 1.45851
444000 0.195469 0.620495 0.613057 1.42902
445000 0.213867 0.616844 0.60052 1.43123
446000 0.191806 0.601017 0.595423 1.38825
447000 0.192897 0.58808 0.602729 1.38371
448000 0.211922 0.594767 0.566594 1.37328
449000 0.200218 0.611605 0.61087 1.42269
450000 0.211944 0.613261 0.60794 1.43314
451000 0.201159 0.606211 0.602329 1.4097
452000 0.194067 0.601663 0.5987 1.39443
453000 0.192319 0.600004 0.601801 1.39412
454000 0.195955 0.617892 0.616121 1.42997
455000 0.194742 0.622863 0.599215 1.41682
456000 0.207479 0.616373 0.579383 1.40323
457000 0.194064 0.621503 0.59346 1.40903
458000 0.192244 0.618683 0.584802 1.39573
459000 0.19777 0.619381 0.62913 1.44628
460000 0.20483 0.6167 0.597343 1.41887
461000 0.221393 0.614362 0.608237 1.44399
462000 0.221935 0.605112 0.603764 1.43081
463000 0.205104 0.616034 0.606543 1.42768
464000 0.206814 0.626366 0.631016 1.4642
465000 0.212984 0.636772 0.607667 1.45742
466000 0.208016 0.635113 0.626708 1.46984
467000 0.206232 0.62302 0.625296 1.45455
468000 0.216152 0.623372 0.600495 1.44002
469000 0.209295 0.633674 0.621936 1.4649
470000 0.212971 0.631939 0.622234 1.46714
471000 0.214148 0.651384 0.623967 1.4895
472000 0.218828 0.649404 0.609866 1.4781
473000 0.198704 0.651123 0.62809 1.47792
474000 0.221525 0.660393 0.665862 1.54778
475000 0.207831 0.648445 0.627554 1.48383
476000 0.217019 0.6592 0.629359 1.50558
477000 0.212136 0.640788 0.628701 1.48163
478000 0.210201 0.627858 0.626045 1.4641
479000 0.207882 0.663776 0.676063 1.54772
480000 0.220812 0.667147 0.648853 1.53681
481000 0.212115 0.661927 0.649869 1.52391
482000 0.208226 0.638532 0.628031 1.47479
483000 0.211104 0.633296 0.648256 1.49266
484000 0.20675 0.651214 0.674896 1.53286
485000 0.210886 0.651148 0.645391 1.50742
486000 0.217507 0.64438 0.666581 1.52847
487000 0.204239 0.649645 0.650279 1.50416
488000 0.204212 0.675078 0.649462 1.52875
489000 0.217676 0.671986 0.658504 1.54817
490000 0.206605 0.688927 0.652049 1.54758
491000 0.203139 0.669645 0.66782 1.5406
492000 0.208119 0.662349 0.670704 1.54117
493000 0.22155 0.685682 0.697467 1.6047
494000 0.192918 0.682245 0.676666 1.55183
495000 0.19704 0.675854 0.67292 1.54581
496000 0.206872 0.658268 0.659548 1.52469
497000 0.214871 0.679677 0.677312 1.57186
498000 0.203514 0.660681 0.684251 1.54845
499000 0.225887 0.68233 0.664527 1.57274
500000 0.207622 0.686835 0.677953 1.57241
501000 0.212739 0.683629 0.666113 1.56248
502000 0.218913 0.676849 0.632028 1.52779
503000 0.206621 0.694831 0.653912 1.55536
504000 0.214158 0.719882 0.688455 1.6225
505000 0.200833 0.698539 0.659852 1.55922
506000 0.208636 0.694633 0.641644 1.54491
507000 0.209429 0.700181 0.686721 1.59633
508000 0.207299 0.711721 0.650683 1.5697
509000 0.200537 0.709093 0.655406 1.56504
510000 0.218534 0.69408 0.664311 1.57692
511000 0.209484 0.693402 0.658548 1.56143
512000 0.214256 0.708215 0.659098 1.58157
513000 0.205113 0.682666 0.648851 1.53663
514000 0.216123 0.693165 0.681466 1.59075
515000 0.227079 0.717138 0.657961 1.60218
516000 0.226575 0.709728 0.656435 1.59274
517000 0.214971 0.700532 0.657834 1.57334
518000 0.216681 0.692538 0.660655 1.56987
519000 0.214878 0.717882 0.687917 1.62068
520000 0.220139 0.70758 0.648894 1.57661
521000 0.230421 0.690385 0.653275 1.57408
522000 0.221259 0.720506 0.673442 1.61521
523000 0.217137 0.725701 0.671983 1.61482
524000 0.21603 0.72643 0.681741 1.6242
525000 0.210348 0.696039 0.659017 1.5654
526000 0.216918 0.707831 0.682975 1.60772
527000 0.213976 0.708697 0.677802 1.60048
528000 0.221193 0.722966 0.665475 1.60963
529000 0.215103 0.725747 0.70416 1.64501
530000 0.215576 0.71628 0.668652 1.60051
531000 0.214078 0.709515 0.699879 1.62347
532000 0.216904 0.72139 0.709802 1.6481
533000 0.220568 0.723038 0.672455 1.61606
534000 0.215202 0.73392 0.655031 1.60415
535000 0.220362 0.71747 0.679881 1.61771
536000 0.226214 0.732399 0.66965 1.62826
537000 0.224047 0.747658 0.699441 1.67115
538000 0.218621 0.724477 0.676163 1.61926
539000 0.212362 0.738089 0.667115 1.61757
540000 0.226607 0.73715 0.680017 1.64378
541000 0.229087 0.753854 0.66446 1.6474
542000 0.233942 0.758028 0.68176 1.67373
543000 0.221355 0.737046 0.678685 1.63709
544000 0.228934 0.763459 0.692642 1.68503
545000 0.246763 0.742592 0.677536 1.66689
546000 0.243833 0.735521 0.695579 1.67493
547000 0.220645 0.745908 0.703177 1.66973
548000 0.218592 0.737025 0.714123 1.66974
549000 0.237779 0.758558 0.687764 1.6841
550000 0.233638 0.748088 0.685315 1.66704
551000 0.230463 0.791012 0.701637 1.72311
552000 0.225764 0.745987 0.693137 1.66489
553000 0.218486 0.755227 0.726437 1.70015
554000 0.236678 0.742567 0.705282 1.68453
555000 0.240969 0.761713 0.693749 1.69643
556000 0.228327 0.734222 0.70882 1.67137
557000 0.218172 0.753731 0.70892 1.68082
558000 0.234564 0.774288 0.736971 1.74582
559000 0.24111 0.761298 0.726204 1.72861
560000 0.23558 0.773155 0.727852 1.73659
561000 0.243978 0.759858 0.702983 1.70682
562000 0.232839 0.753967 0.70341 1.69022
563000 0.226713 0.749474 0.726034 1.70222
564000 0.237211 0.761951 0.701093 1.70026
565000 0.240889 0.743068 0.732996 1.71695
566000 0.234544 0.760594 0.695614 1.69075
567000 0.244286 0.758148 0.696661 1.69909
568000 0.220453 0.785907 0.723777 1.73014
569000 0.231629 0.779715 0.72788 1.73922
570000 0.238112 0.804487 0.716641 1.75924
571000 0.228869 0.801264 0.730639 1.76077
572000 0.225071 0.792513 0.755071 1.77265
573000 0.232295 0.781923 0.735475 1.74969
574000 0.244128 0.78071 0.731174 1.75601
575000 0.235425 0.791905 0.728972 1.7563
576000 0.246805 0.774552 0.723059 1.74442
577000 0.248617 0.783543 0.756374 1.78853
578000 0.239677 0.801019 0.745556 1.78625
579000 0.247178 0.795293 0.766909 1.80938
580000 0.255305 0.795789 0.758509 1.8096
581000 0.247329 0.790826 0.737871 1.77603
582000 0.267795 0.812222 0.750286 1.8303
583000 0.253526 0.798211 0.739176 1.79091
584000 0.255482 0.808858 0.738954 1.80329
585000 0.245291 0.806759 0.74376 1.79581
586000 0.252943 0.819468 0.741161 1.81357
587000 0.259609 0.809221 0.758588 1.82742
588000 0.256907 0.788933 0.740389 1.78623
589000 0.256554 0.807331 0.719527 1.78341
590000 0.258978 0.821474 0.743469 1.82392
591000 0.253125 0.786123 0.754996 1.79424
592000 0.242129 0.841818 0.74208 1.82603
593000 0.258908 0.826367 0.741342 1.82662
594000 0.258294 0.841722 0.735356 1.83537
595000 0.267894 0.834164 0.759658 1.86172
596000 0.261249 0.856372 0.762049 1.87967
597000 0.252013 0.851003 0.746439 1.84945
598000 0.259892 0.834237 0.754753 1.84888
599000 0.257401 0.862504 0.758117 1.87802
600000 0.249155 0.855779 0.755797 1.86073
601000 0.257444 0.861087 0.743964 1.8625
602000 0.245831 0.86503 0.760645 1.87151
603000 0.251442 0.874837 0.775854 1.90213
604000 0.253975 0.847735 0.753243 1.85495
605000 0.257477 0.840641 0.76346 1.86158
606000 0.269367 0.860784 0.765345 1.8955
607000 0.250484 0.90193 0.759073 1.91149
608000 0.251018 0.882478 0.751396 1.88489
609000 0.244772 0.891244 0.764997 1.90101
610000 0.279804 0.870333 0.758636 1.90877
611000 0.271126 0.875608 0.770886 1.91762
612000 0.261761 0.870227 0.754596 1.88658
613000 0.251337 0.863096 0.783451 1.89788
614000 0.259433 0.872603 0.754836 1.88687
615000 0.260016 0.899184 0.763845 1.92304
616000 0.275651 0.884895 0.76879 1.92934
617000 0.265871 0.890223 0.763977 1.92007
618000 0.263093 0.875605 0.79007 1.92877
619000 0.261575 0.879529 0.76861 1.90971
620000 0.263363 0.896549 0.771971 1.93188
621000 0.269206 0.874566 0.771621 1.91539
622000 0.277655 0.871061 0.80042 1.94914
623000 0.271665 0.90277 0.796186 1.97062
624000 0.26771 0.907292 0.790375 1.96538
625000 0.273247 0.89888 0.815957 1.98808
626000 0.269027 0.886744 0.8049 1.96067
627000 0.269732 0.910581 0.811983 1.9923
628000 0.266408 0.922004 0.806776 1.99519
629000 0.26884 0.882117 0.785498 1.93646
630000 0.269916 0.901766 0.790342 1.96202
631000 0.269002 0.895513 0.771707 1.93622
632000 0.265568 0.894759 0.785764 1.94609
633000 0.272457 0.890773 0.775441 1.93867
634000 0.273971 0.900968 0.782841 1.95778
635000 0.275609 0.88814 0.791642 1.95539
636000 0.274038 0.875919 0.786907 1.93686
637000 0.279047 0.880276 0.783647 1.94297
638000 0.289803 0.884263 0.788587 1.96265
639000 0.280109 0.899183 0.799867 1.97916
640000 0.270808 0.906765 0.801219 1.97879
641000 0.270521 0.926496 0.787684 1.9847
642000 0.287789 0.914354 0.79797 2.00011
643000 0.27802 0.907949 0.797521 1.98349
644000 0.268813 0.897624 0.799076 1.96551
645000 0.281494 0.911045 0.797134 1.98967
646000 0.288083 0.898892 0.807764 1.99474
647000 0.279454 0.926828 0.795541 2.00182
648000 0.274614 0.910891 0.803549 1.98905
649000 0.265159 0.906974 0.815201 1.98733
650000 0.266915 0.891309 0.807194 1.96542
651000 0.282627 0.915186 0.80775 2.00556
652000 0.266977 0.913435 0.810148 1.99056
653000 0.282093 0.920493 0.803764 2.00635
654000 0.296257 0.921924 0.806852 2.02503
655000 0.274569 0.924546 0.806954 2.00607
656000 0.284812 0.913054 0.824075 2.02194
657000 0.274875 0.909567 0.798913 1.98336
658000 0.278044 0.906598 0.822156 2.0068
659000 0.282174 0.920633 0.843166 2.04597
660000 0.277674 0.903221 0.82083 2.00173
661000 0.27871 0.919527 0.822242 2.02048
662000 0.273084 0.911021 0.804651 1.98876
663000 0.288579 0.92846 0.809292 2.02633
664000 0.272563 0.932809 0.81445 2.01982
665000 0.277206 0.942824 0.820677 2.04071
666000 0.277892 0.922076 0.816625 2.01659
667000 0.283366 0.921718 0.819753 2.02484
668000 0.282578 0.92345 0.834348 2.04038
669000 0.271653 0.934433 0.844265 2.05035
670000 0.271076 0.921129 0.825308 2.01751
671000 0.270637 0.917645 0.851374 2.03966
672000 0.270269 0.928994 0.829675 2.02894
673000 0.291449 0.926247 0.840025 2.05772
674000 0.287275 0.935707 0.824 2.04698
675000 0.285808 0.95244 0.823455 2.0617
676000 0.276192 0.938766 0.845234 2.06019
677000 0.27288 0.948962 0.834114 2.05596
678000 0.274204 0.924957 0.86693 2.06609
679000 0.279839 0.966874 0.831673 2.07839
680000 0.273815 0.943869 0.859839 2.07752
681000 0.283849 0.949637 0.861506 2.09499
682000 0.291452 0.949477 0.874013 2.11494
683000 0.273471 0.948579 0.881178 2.10323
684000 0.285348 0.937933 0.83562 2.0589
685000 0.280175 0.941728 0.83455 2.05645
686000 0.28626 0.929392 0.84956 2.06521
687000 0.281585 0.9452 0.832049 2.05883
688000 0.270885 0.951238 0.851952 2.07408
689000 0.280444 0.948953 0.843166 2.07256
690000 0.279521 0.964073 0.857087 2.10068
691000 0.290096 0.924971 0.858057 2.07312
692000 0.273088 0.960944 0.866144 2.10018
693000 0.281092 0.964306 0.872155 2.11755
694000 0.295929 0.965111 0.869142 2.13018
695000 0.284143 0.97505 0.876287 2.13548
696000 0.281591 0.962926 0.839118 2.08363
697000 0.278915 0.962426 0.853239 2.09458
698000 0.2787 0.948028 0.860101 2.08683
699000 0.285597 0.952755 0.861098 2.09945
700000 0.285483 0.994562 0.84645 2.12649
701000 0.285054 0.96167 0.87065 2.11737
702000 0.288629 0.964518 0.85341 2.10656
703000 0.285913 0.958393 0.861137 2.10544
704000 0.27736 0.957346 0.869362 2.10407
705000 0.283851 0.97281 0.880765 2.13743
706000 0.277179 0.981511 0.882777 2.14147
707000 0.290211 0.980002 0.871501 2.14171
708000 0.273521 0.976014 0.892827 2.14236
709000 0.27744 0.979608 0.870577 2.12762
710000 0.274881 0.966875 0.852969 2.09473
711000 0.279563 1.01571 0.879369 2.17464
712000 0.282107 0.96656 0.869051 2.11772
713000 0.280142 0.998248 0.878268 2.15666
714000 0.289738 1.01554 0.875006 2.18029
715000 0.279852 1.00645 0.914978 2.20128
716000 0.289984 0.999667 0.900004 2.18965
717000 0.282758 0.979088 0.861939 2.12378
718000 0.286179 0.992789 0.8949 2.17387
719000 0.286686 1.02328 0.91298 2.22294
720000 0.282617 0.993778 0.88574 2.16213
721000 0.284457 0.997824 0.893819 2.1761
722000 0.273752 0.986147 0.892627 2.15253
723000 0.28673 0.993591 0.886968 2.16729
724000 0.279296 0.995897 0.905883 2.18108
725000 0.285801 0.997533 0.861075 2.14441
726000 0.277723 0.995783 0.895545 2.16905
727000 0.281472 1.0011 0.893219 2.17579
728000 0.282694 1.03283 0.894128 2.20965
729000 0.293541 1.00433 0.909347 2.20722
730000 0.296598 0.982759 0.927442 2.2068
731000 0.295894 1.02627 0.919989 2.24215
732000 0.289691 0.986421 0.883913 2.16003
733000 0.28982 1.00457 0.911485 2.20587
734000 0.293149 0.986992 0.904408 2.18455
735000 0.284971 1.01474 0.890924 2.19063
736000 0.294715 1.02868 0.921284 2.24468
737000 0.278127 0.987982 0.898083 2.16419
738000 0.280488 1.00124 0.904915 2.18664
739000 0.298182 1.02129 0.919195 2.23867
740000 0.286784 1.01317 0.922074 2.22203
741000 0.280747 1.00708 0.930349 2.21818
742000 0.292478 0.976785 0.936353 2.20562
743000 0.285788 1.04672 0.91928 2.25179
744000 0.305478 1.01061 0.918776 2.23487
745000 0.292497 1.04194 0.93155 2.26599
746000 0.292816 1.02488 0.936974 2.25467
747000 0.296475 1.03118 0.953367 2.28102
748000 0.289375 1.02697 0.938222 2.25456
749000 0.296691 1.01167 0.943185 2.25155
750000 0.290542 1.02026 0.918934 2.22973
751000 0.295241 1.00249 0.908656 2.20639
752000 0.301055 1.01534 0.934747 2.25114
753000 0.286095 1.02814 0.914779 2.22902
754000 0.305462 1.03191 0.92947 2.26684
755000 0.295094 1.06953 0.925806 2.29043
756000 0.306685 1.03528 0.911604 2.25357
757000 0.309291 1.02903 0.953357 2.29168
758000 0.288142 1.03368 0.963513 2.28534
759000 0.315966 1.02286 0.939519 2.27835
760000 0.297275 1.01993 0.924925 2.24213
761000 0.304592 1.02929 0.93411 2.26799
762000 0.303817 1.02588 0.934953 2.26465
763000 0.297774 1.01566 0.926846 2.24028
764000 0.289565 1.019 0.932435 2.241
765000 0.296994 1.02394 0.935662 2.2566
766000 0.29301 1.03239 0.91964 2.24504
767000 0.304158 1.04748 0.949173 2.30081
768000 0.294148 1.03514 0.944992 2.27428
769000 0.308384 1.06255 0.946432 2.31736
770000 0.297824 1.04651 0.949232 2.29357
771000 0.293467 1.04208 0.947392 2.28294
772000 0.305025 1.03245 0.959638 2.29711
773000 0.299547 1.03618 0.947969 2.28369
774000 0.300321 1.04034 0.917764 2.25843
775000 0.298081 1.06073 0.952495 2.31131
776000 0.299044 1.05139 0.928659 2.27909
777000 0.314812 1.05182 0.943352 2.30998
778000 0.301937 1.05847 0.96444 2.32484
779000 0.303264 1.05847 0.94568 2.30742
780000 0.30064 1.04238 0.950527 2.29354
781000 0.295891 1.04691 0.963702 2.3065
782000 0.304425 1.04148 0.952467 2.29838
783000 0.301609 1.03924 0.959956 2.3008
784000 0.302177 1.03497 0.964566 2.30171
785000 0.296159 1.0467 0.955822 2.29868
786000 0.306103 1.038 0.938613 2.28271
787000 0.298303 1.05367 0.942536 2.29451
788000 0.303835 1.05072 0.966938 2.32149
789000 0.313113 1.0467 0.952163 2.31198
790000 0.316405 1.04907 0.943777 2.30925
791000 0.312571 1.03868 0.945078 2.29633
792000 0.315748 1.03964 0.9514 2.30679
793000 0.308011 1.04217 0.972896 2.32307
794000 0.327861 1.04107 0.962151 2.33108
795000 0.322902 1.08041 0.975949 2.37926
796000 0.313921 1.06036 0.94881 2.32309
797000 0.307239 1.06947 0.956015 2.33272
798000 0.318097 1.03895 0.992273 2.34932
799000 0.320171 1.06521 0.975372 2.36076
800000 0.316679 1.03404 0.961461 2.31218
801000 0.307577 1.05194 0.96645 2.32597
802000 0.320809 1.06628 0.941529 2.32862
803000 0.316446 1.03766 0.949287 2.30339
804000 0.317004 1.05147 0.968273 2.33674
805000 0.300504 1.05368 0.959503 2.31369
806000 0.312543 1.06864 0.947589 2.32877
807000 0.319598 1.05425 0.972013 2.34586
808000 0.317441 1.06356 0.993713 2.37471
809000 0.318126 1.07773 0.981067 2.37692
810000 0.320159 1.0879 0.989065 2.39712
811000 0.303175 1.07425 0.978628 2.35605
812000 0.309472 1.08046 0.990323 2.38026
813000 0.316358 1.08618 0.95656 2.3591
814000 0.319985 1.08904 0.98556 2.39459
815000 0.321588 1.07435 0.971783 2.36772
816000 0.32027 1.08469 1.00215 2.40711
817000 0.322863 1.07407 0.985731 2.38266
818000 0.319571 1.04629 0.9674 2.33326
819000 0.319705 1.06671 1.00854 2.39495
820000 0.330673 1.06762 0.987722 2.38602
821000 0.314886 1.08691 0.996802 2.3986
822000 0.327261 1.07894 0.988403 2.3946
823000 0.314378 1.093 1.02129 2.42867
824000 0.314555 1.08479 1.03107 2.43042
825000 0.339221 1.08963 1.01255 2.44139
826000 0.329254 1.10165 1.01509 2.44599
827000 0.323939 1.10876 0.996759 2.42946
828000 0.328615 1.14246 1.02874 2.49982
829000 0.329266 1.10918 1.05653 2.49498
830000 0.326737 1.07839 1.01694 2.42206
831000 0.332189 1.1095 1.03823 2.47992
832000 0.33383 1.1009 1.04383 2.47856
833000 0.321743 1.08943 1.01492 2.42609
834000 0.333375 1.0757 1.03986 2.44893
835000 0.329868 1.08324 1.02619 2.4393
836000 0.33334 1.09241 1.02161 2.44735
837000 0.321066 1.09433 1.0343 2.4497
838000 0.322596 1.09433 1.03093 2.44786
839000 0.328915 1.10499 1.05863 2.49254
840000 0.324112 1.09776 1.02896 2.45083
841000 0.331632 1.10772 1.02336 2.46271
842000 0.326371 1.10637 1.03317 2.46591
843000 0.326173 1.08712 1.02193 2.43522
844000 0.323787 1.11722 1.04068 2.4817
845000 0.335103 1.09346 1.04635 2.47492
846000 0.318422 1.12622 1.0653 2.50995
847000 0.331531 1.1136 1.06885 2.51398
848000 0.328853 1.12603 1.06159 2.51647
849000 0.334097 1.12849 1.06725 2.52983
850000 0.331268 1.10906 1.0938 2.53413
851000 0.335771 1.12732 1.05472 2.51781
852000 0.337366 1.13372 1.04626 2.51734
853000 0.328397 1.14904 1.05942 2.53686
854000 0.31582 1.12115 1.06721 2.50417
855000 0.319782 1.15141 1.08104 2.55223
856000 0.312232 1.14699 1.10082 2.56004
857000 0.320392 1.14347 1.09993 2.56379
858000 0.321093 1.14477 1.08729 2.55315
859000 0.329245 1.14404 1.08754 2.56083
860000 0.310907 1.15322 1.09754 2.56167
861000 0.317032 1.13388 1.08384 2.53476
862000 0.326114 1.16275 1.07476 2.56362
863000 0.316041 1.15996 1.08144 2.55744
864000 0.313648 1.13999 1.06007 2.51371
865000 0.329135 1.13229 1.09304 2.55446
866000 0.34188 1.1393 1.11062 2.5918
867000 0.324372 1.17018 1.07998 2.57453
868000 0.324583 1.15225 1.07736 2.5542
869000 0.330852 1.14241 1.08195 2.55521
870000 0.330186 1.16865 1.0928 2.59163
871000 0.314517 1.13548 1.08506 2.53505
872000 0.320911 1.16038 1.08044 2.56173
873000 0.329192 1.15235 1.08218 2.56373
874000 0.322733 1.20511 1.08994 2.61779
875000 0.343565 1.19919 1.06347 2.60623
876000 0.324819 1.16191 1.07762 2.56435
877000 0.332937 1.15742 1.0591 2.54945
878000 0.325291 1.1705 1.07642 2.57221
879000 0.323113 1.19398 1.05237 2.56946
880000 0.320521 1.1889 1.06774 2.57716
881000 0.327378 1.17041 1.07632 2.5741
882000 0.327169 1.19791 1.07305 2.59813
883000 0.325678 1.19171 1.07562 2.59301
884000 0.337812 1.1724 1.08236 2.59257
885000 0.322323 1.19232 1.08997 2.60462
886000 0.326763 1.15474 1.05412 2.53562
887000 0.324665 1.15599 1.11385 2.5945
888000 0.332603 1.18857 1.09926 2.62043
889000 0.322566 1.15595 1.11742 2.59594
890000 0.330321 1.18505 1.11648 2.63186
891000 0.331823 1.18125 1.11272 2.62579
892000 0.333334 1.17851 1.08912 2.60097
893000 0.324665 1.19142 1.11143 2.62752
894000 0.330755 1.15795 1.11296 2.60166
895000 0.332708 1.18228 1.08553 2.60053
896000 0.324139 1.1962 1.07557 2.59591
897000 0.334719 1.17588 1.07966 2.59026
898000 0.336405 1.20186 1.11619 2.65446
899000 0.333077 1.18631 1.08151 2.60089
900000 0.334342 1.19467 1.09294 2.62195
901000 0.318752 1.1738 1.08166 2.57422
902000 0.330357 1.1888 1.09345 2.61261
903000 0.321726 1.19773 1.10037 2.61983
904000 0.323572 1.19744 1.10074 2.62176
905000 0.327636 1.18044 1.07823 2.5863
906000 0.332089 1.1986 1.10246 2.63315
907000 0.322757 1.19173 1.08852 2.603
908000 0.322126 1.16863 1.07985 2.57061
909000 0.335714 1.19727 1.07255 2.60553
910000 0.339867 1.19693 1.0497 2.5865
911000 0.327107 1.18303 1.07934 2.58947
912000 0.320137 1.20798 1.10826 2.63637
913000 0.319736 1.19324 1.08429 2.59726
914000 0.328651 1.16169 1.10816 2.5985
915000 0.316268 1.19016 1.09868 2.60511
916000 0.326854 1.21351 1.10729 2.64765
917000 0.327783 1.20577 1.09124 2.62479
918000 0.334007 1.19101 1.09175 2.61677
919000 0.328305 1.18258 1.07949 2.59038
920000 0.337447 1.16949 1.08576 2.59269
921000 0.335501 1.19133 1.07486 2.60169
922000 0.324032 1.19206 1.08691 2.603
923000 0.324392 1.19103 1.10376 2.61919
924000 0.329623 1.20678 1.09071 2.62711
925000 0.3259 1.20034 1.09254 2.61878
926000 0.325995 1.1762 1.07408 2.57627
927000 0.329737 1.18516 1.09308 2.60797
928000 0.330943 1.18457 1.08252 2.59803
929000 0.330922 1.20266 1.06024 2.59382
930000 0.334031 1.2003 1.09723 2.63156
931000 0.333899 1.1882 1.09135 2.61344
932000 0.336487 1.19084 1.12071 2.64804
933000 0.344798 1.23348 1.08796 2.66623
934000 0.343332 1.22356 1.10162 2.6685
935000 0.339327 1.19069 1.09688 2.62689
936000 0.321175 1.19958 1.08733 2.60809
937000 0.332814 1.20411 1.09367 2.63059
938000 0.334113 1.19798 1.08638 2.61847
939000 0.338532 1.22901 1.10008 2.66762
940000 0.337934 1.24827 1.08653 2.67273
941000 0.322823 1.2098 1.08336 2.61598
942000 0.328932 1.19209 1.08495 2.60596
943000 0.33147 1.21083 1.09293 2.63523
944000 0.320481 1.20631 1.11417 2.64096
945000 0.330715 1.23629 1.09897 2.66598
946000 0.324469 1.19888 1.11115 2.6345
947000 0.336397 1.20631 1.09421 2.63692
948000 0.317125 1.19268 1.0784 2.5882
949000 0.322429 1.23291 1.10851 2.66385
950000 0.317791 1.20323 1.10342 2.62444
951000 0.321043 1.23344 1.10997 2.66445
952000 0.330818 1.22078 1.10967 2.66126
953000 0.325967 1.22935 1.11014 2.66546
954000 0.329269 1.24004 1.11323 2.68254
955000 0.339749 1.21833 1.0807 2.63878
956000 0.332487 1.22955 1.11612 2.67816
957000 0.329179 1.20224 1.08864 2.62006
958000 0.3261 1.23373 1.08934 2.64917
959000 0.326907 1.20766 1.09778 2.63235
960000 0.329371 1.21985 1.12272 2.67194
961000 0.330008 1.22269 1.10959 2.66229
962000 0.330036 1.20416 1.09022 2.62442
963000 0.338515 1.22722 1.12687 2.69261
964000 0.344916 1.23774 1.10938 2.69203
965000 0.332435 1.22533 1.11915 2.67691
966000 0.328636 1.2045 1.11489 2.64803
967000 0.334074 1.24112 1.10058 2.67578
968000 0.337111 1.22195 1.11726 2.67632
969000 0.334872 1.22946 1.09943 2.66376
970000 0.341377 1.23094 1.12996 2.70229
971000 0.34904 1.22968 1.087 2.66571
972000 0.340923 1.24105 1.13031 2.71229
973000 0.337526 1.22118 1.12118 2.67988
974000 0.339419 1.2279 1.1039 2.67122
975000 0.339156 1.2386 1.12032 2.69808
976000 0.337457 1.28827 1.12565 2.75137
977000 0.331442 1.25499 1.10401 2.69044
978000 0.351727 1.25689 1.13184 2.74046
979000 0.34483 1.25902 1.11042 2.71428
980000 0.355261 1.23263 1.11384 2.70173
981000 0.348333 1.2386 1.12748 2.71442
982000 0.336791 1.25264 1.11458 2.70401
983000 0.344986 1.26837 1.12392 2.73728
984000 0.34187 1.26469 1.11542 2.72198
985000 0.360935 1.24728 1.15416 2.76238
986000 0.353473 1.2385 1.12533 2.71731
987000 0.346965 1.24413 1.12432 2.71542
988000 0.367981 1.25531 1.10376 2.72705
989000 0.339897 1.25399 1.10324 2.69713
990000 0.365535 1.22483 1.15311 2.74348
991000 0.347564 1.25063 1.12325 2.72144
992000 0.356148 1.24924 1.14582 2.75121
993000 0.353757 1.23166 1.11666 2.70207
994000 0.340566 1.24725 1.11548 2.70329
995000 0.351041 1.25383 1.1492 2.75407
996000 0.352738 1.24089 1.14567 2.7393
997000 0.360249 1.2541 1.13127 2.74561
998000 0.349015 1.24056 1.11217 2.70174
999000 0.342868 1.28082 1.11367 2.73736
1000000 0.353764 1.23997 1.12714 2.72087
1001000 0.348312 1.23889 1.08336 2.67057
1002000 0.349282 1.24219 1.1079 2.69937
1003000 0.345082 1.24594 1.11561 2.70662
1004000 0.363179 1.26989 1.11225 2.74532
1005000 0.362792 1.26087 1.12255 2.74621
1006000 0.352163 1.2615 1.12 2.73366
1007000 0.353537 1.27606 1.12714 2.75674
1008000 0.352577 1.26268 1.13345 2.74871
1009000 0.349872 1.28061 1.12175 2.75224
1010000 0.346669 1.25572 1.16159 2.76398
1011000 0.350548 1.24872 1.1469 2.74617
1012000 0.343098 1.24754 1.13187 2.72251
1013000 0.349832 1.25596 1.12359 2.72939
1014000 0.361296 1.26455 1.12017 2.74602
1015000 0.34417 1.29348 1.1493 2.78695
1016000 0.356537 1.29585 1.12716 2.77955
1017000 0.362774 1.28659 1.14918 2.79855
1018000 0.36246 1.27533 1.13838 2.77616
1019000 0.351442 1.29679 1.12419 2.77242
1020000 0.343874 1.2932 1.14729 2.78436
1021000 0.35673 1.28642 1.13386 2.77702
1022000 0.360609 1.26064 1.12505 2.7463
1023000 0.361297 1.27695 1.12356 2.76181
1024000 0.349711 1.31518 1.12214 2.78703
1025000 0.346885 1.30235 1.14597 2.7952
1026000 0.358466 1.30656 1.14674 2.81177
1027000 0.351576 1.28968 1.14327 2.78453
1028000 0.366044 1.29506 1.13208 2.79318
1029000 0.354821 1.26454 1.12879 2.74815
1030000 0.357357 1.28802 1.14558 2.79096
