# Time-averaged data for fix 1
# TimeStep c_msd_all[1] c_msd_all[2] c_msd_all[3] c_msd_all[4]
31000 0.0711522 0.0623532 0.0623871 0.195893
32000 0.0679563 0.0681557 0.0687456 0.204858
33000 0.0595002 0.0615428 0.0661179 0.187161
34000 0.07673 0.0829844 0.0826757 0.24239
35000 0.0685336 0.0694314 0.08825 0.226215
36000 0.0675995 0.0599327 0.0668105 0.194343
37000 0.0758725 0.0665013 0.0690633 0.211437
38000 0.0770803 0.0618421 0.0701538 0.209076
39000 0.0696751 0.0632573 0.0705014 0.203434
40000 0.0865115 0.0807838 0.0656412 0.232937
41000 0.0813013 0.0697233 0.0689863 0.220011
42000 0.0682952 0.0759424 0.0785899 0.222828
43000 0.0803566 0.066259 0.0791276 0.225743
44000 0.0752194 0.0718482 0.075748 0.222816
45000 0.0656538 0.0718868 0.0780344 0.215575
46000 0.0805433 0.0747733 0.071153 0.22647
47000 0.0910582 0.0870263 0.0653 0.243385
48000 0.0717921 0.0762996 0.066248 0.21434
49000 0.0759345 0.0825344 0.0695324 0.228001
50000 0.0759662 0.0795044 0.0707524 0.226223
51000 0.084961 0.0845772 0.0676771 0.237215
52000 0.0901776 0.0771986 0.0663996 0.233776
53000 0.0854237 0.0853507 0.0685612 0.239336
54000 0.0886881 0.0815816 0.0720069 0.242277
55000 0.0893274 0.0873885 0.0695062 0.246222
56000 0.0774211 0.0859089 0.0707399 0.23407
57000 0.0828691 0.0738899 0.0657366 0.222496
58000 0.0859477 0.0781079 0.0734748 0.237531
59000 0.0897644 0.0790568 0.0811065 0.249928
60000 0.0812581 0.0693214 0.0815207 0.2321
61000 0.0960201 0.0927533 0.0682599 0.257033
62000 0.0924514 0.0877291 0.0659903 0.246171
63000 0.0906823 0.0804373 0.0644367 0.235556
64000 0.0881582 0.0831991 0.0692219 0.240579
65000 0.0768368 0.0772428 0.0841646 0.238244
66000 0.084254 0.0860053 0.08271 0.252969
67000 0.0933269 0.090395 0.0773852 0.261107
68000 0.0785041 0.0776016 0.0776505 0.233756
69000 0.0875013 0.0771904 0.0694076 0.234099
70000 0.102894 0.0869835 0.0628072 0.252685
71000 0.0861185 0.0858106 0.0694146 0.241344
72000 0.0832433 0.0887679 0.0707165 0.242728
73000 0.0853227 0.0864879 0.0694313 0.241242
74000 0.0952778 0.082022 0.0753623 0.252662
75000 0.080634 0.0785562 0.0760074 0.235198
76000 0.0896027 0.0850189 0.0712898 0.245911
77000 0.0953645 0.0899547 0.0693559 0.254675
78000 0.0828597 0.0842589 0.0836176 0.250736
79000 0.0857722 0.085248 0.0772191 0.248239
80000 0.0922214 0.0892174 0.0759646 0.257403
81000 0.0849166 0.0760816 0.0726426 0.233641
82000 0.0866128 0.074924 0.0711284 0.232665
83000 0.0995527 0.0959659 0.0749811 0.2705
84000 0.0910587 0.0788507 0.0754215 0.245331
85000 0.0943049 0.0871166 0.073142 0.254563
86000 0.0827748 0.0778579 0.0699015 0.230534
87000 0.0848105 0.0846678 0.0640842 0.233563
88000 0.0922667 0.078689 0.0753776 0.246333
89000 0.0942981 0.0885999 0.0837178 0.266616
90000 0.094124 0.0950187 0.0804778 0.269621
91000 0.0900276 0.0781184 0.0765769 0.244723
92000 0.0955456 0.0907397 0.0695742 0.25586
93000 0.0905806 0.087617 0.0693997 0.247597
94000 0.0997998 0.0937892 0.0761583 0.269747
95000 0.091984 0.0773295 0.0743899 0.243703
96000 0.0916665 0.0864372 0.0740712 0.252175
97000 0.104556 0.0924668 0.0784894 0.275512
98000 0.0939157 0.0859318 0.0717469 0.251594
99000 0.0925546 0.0928731 0.0755572 0.260985
100000 0.0958592 0.0827721 0.0808514 0.259483
101000 0.101924 0.0984901 0.0810892 0.281504
102000 0.091606 0.0876315 0.0862202 0.265458
103000 0.100692 0.0951899 0.0803011 0.276183
104000 0.0888962 0.0950069 0.0876265 0.27153
105000 0.0952177 0.0875708 0.0727467 0.255535
106000 0.102615 0.081388 0.0777373 0.261741
107000 0.101238 0.090411 0.0778762 0.269525
108000 0.088721 0.0809573 0.0784642 0.248143
109000 0.108586 0.103375 0.0795707 0.291531
110000 0.0949007 0.0858261 0.0819784 0.262705
111000 0.0951804 0.0880385 0.0885176 0.271736
112000 0.100229 0.0876565 0.0777074 0.265592
113000 0.0908732 0.0853762 0.079122 0.255371
114000 0.0958066 0.079967 0.0738796 0.249653
115000 0.105612 0.0976928 0.0818331 0.285138
116000 0.0929076 0.0868721 0.0778766 0.257656
117000 0.0957656 0.0846653 0.0743774 0.254808
118000 0.0976513 0.0891701 0.0747003 0.261522
119000 0.101765 0.0902627 0.0820221 0.274049
120000 0.096864 0.0801304 0.0811413 0.258136
121000 0.101696 0.0946681 0.0784144 0.274778
122000 0.100411 0.0978581 0.0907103 0.288979
123000 0.103049 0.0958457 0.0883873 0.287282
124000 0.0952289 0.0905128 0.0852158 0.270957
125000 0.104567 0.0870478 0.0935993 0.285214
126000 0.103942 0.094459 0.0834398 0.281841
127000 0.0963746 0.0922146 0.0884671 0.277056
128000 0.105473 0.0954738 0.0828821 0.283829
129000 0.086075 0.0856814 0.078401 0.250157
130000 0.105973 0.0955697 0.0872904 0.288833
131000 0.0987901 0.0949128 0.0826993 0.276402
132000 0.0975093 0.104423 0.0843653 0.286298
133000 0.105754 0.0928659 0.0825114 0.281132
134000 0.109895 0.0929334 0.0844517 0.28728
135000 0.0993426 0.0905772 0.0832039 0.273124
136000 0.102128 0.116157 0.0900769 0.308363
137000 0.0919301 0.0988584 0.0914644 0.282253
138000 0.107175 0.103691 0.0859544 0.296821
139000 0.0983101 0.0932438 0.085066 0.27662
140000 0.100572 0.0983812 0.0866033 0.285556
141000 0.101255 0.0981424 0.0819948 0.281393
142000 0.103449 0.092531 0.0896394 0.285619
143000 0.100617 0.106031 0.0905762 0.297224
144000 0.101265 0.101051 0.0851975 0.287514
145000 0.106296 0.110668 0.0848463 0.30181
146000 0.100384 0.0982646 0.0882954 0.286944
147000 0.104598 0.0972242 0.0945348 0.296357
148000 0.106472 0.102527 0.0873194 0.296318
149000 0.100675 0.092002 0.0905475 0.283224
150000 0.103648 0.100016 0.093067 0.29673
151000 0.103964 0.102838 0.0993976 0.3062
152000 0.105228 0.0980897 0.0963659 0.299684
153000 0.113597 0.104521 0.0970934 0.315212
154000 0.107133 0.105178 0.0970389 0.30935
155000 0.110592 0.104956 0.0886214 0.30417
156000 0.104122 0.106849 0.0838598 0.29483
157000 0.104723 0.0973684 0.081101 0.283192
158000 0.115447 0.103573 0.0842066 0.303226
159000 0.103018 0.0993282 0.0945703 0.296917
160000 0.112123 0.112519 0.0943331 0.318975
161000 0.104233 0.101785 0.100149 0.306166
162000 0.095161 0.10725 0.0930047 0.295416
163000 0.108203 0.122312 0.0926371 0.323152
164000 0.107788 0.111795 0.0934968 0.31308
165000 0.105536 0.111879 0.0904701 0.307885
166000 0.108981 0.107395 0.0966972 0.313073
167000 0.111483 0.111846 0.0923717 0.315701
168000 0.109095 0.111105 0.0878186 0.308019
169000 0.108198 0.116795 0.0884631 0.313456
170000 0.106315 0.115605 0.0928434 0.314763
171000 0.112162 0.112177 0.0884901 0.312829
172000 0.115128 0.117388 0.0943034 0.326819
173000 0.105369 0.110627 0.0988695 0.314866
174000 0.113611 0.113146 0.100603 0.32736
175000 0.107896 0.107205 0.0920261 0.307127
176000 0.113177 0.118389 0.097175 0.328742
177000 0.116951 0.119238 0.0968178 0.333007
178000 0.129979 0.126083 0.0905875 0.34665
179000 0.116475 0.112409 0.0995075 0.328391
180000 0.110842 0.115568 0.0896404 0.316051
181000 0.112863 0.125214 0.0935732 0.33165
182000 0.111801 0.119578 0.0957098 0.327088
183000 0.116483 0.118435 0.104156 0.339073
184000 0.116709 0.111587 0.119958 0.348254
185000 0.118404 0.106501 0.111525 0.33643
186000 0.118273 0.113959 0.108148 0.34038
187000 0.116353 0.119294 0.112584 0.348231
188000 0.124037 0.131708 0.101913 0.357657
189000 0.111507 0.119933 0.112514 0.343954
190000 0.120513 0.115469 0.104827 0.340808
191000 0.124564 0.125611 0.100851 0.351027
192000 0.121969 0.123498 0.116717 0.362184
193000 0.112762 0.116699 0.10715 0.336611
194000 0.127236 0.121584 0.119242 0.368062
195000 0.128826 0.131033 0.112216 0.372075
196000 0.121653 0.118516 0.109119 0.349289
197000 0.120135 0.119906 0.108569 0.34861
198000 0.115819 0.115892 0.0973648 0.329076
199000 0.128512 0.136231 0.11191 0.376653
200000 0.133979 0.135872 0.0958815 0.365732
201000 0.129488 0.120736 0.102705 0.352929
202000 0.139352 0.122447 0.112431 0.37423
203000 0.131544 0.121185 0.114198 0.366927
204000 0.123564 0.130131 0.122942 0.376636
205000 0.125582 0.133802 0.12271 0.382093
206000 0.122326 0.124712 0.118912 0.365949
207000 0.114976 0.116638 0.119505 0.351119
208000 0.133086 0.130294 0.10871 0.37209
209000 0.127765 0.119222 0.108131 0.355118
210000 0.125781 0.118969 0.105289 0.350039
211000 0.140712 0.143163 0.113658 0.397533
212000 0.121959 0.127444 0.111085 0.360487
213000 0.128542 0.127202 0.113597 0.369341
214000 0.127946 0.12138 0.119929 0.369255
215000 0.117104 0.118212 0.12115 0.356466
216000 0.134765 0.136448 0.113077 0.384289
217000 0.127892 0.124092 0.114039 0.366022
218000 0.123981 0.133466 0.112206 0.369653
219000 0.125657 0.124572 0.115868 0.366096
220000 0.125231 0.124141 0.112336 0.361708
221000 0.126797 0.118195 0.108512 0.353504
222000 0.129471 0.139248 0.116482 0.3852
223000 0.129764 0.128561 0.112324 0.370649
224000 0.132325 0.131037 0.119213 0.382574
225000 0.130421 0.137216 0.117341 0.384978
226000 0.122393 0.128486 0.123955 0.374834
227000 0.126659 0.137324 0.129471 0.393454
228000 0.128048 0.136074 0.115683 0.379804
229000 0.128208 0.125311 0.114827 0.368346
230000 0.146747 0.149993 0.116869 0.41361
231000 0.139433 0.126938 0.113425 0.379795
232000 0.137944 0.132464 0.124923 0.395331
233000 0.141055 0.15118 0.113697 0.405932
234000 0.129842 0.128113 0.118585 0.37654
235000 0.136187 0.139247 0.119756 0.39519
236000 0.137093 0.148796 0.122706 0.408594
237000 0.128543 0.136983 0.121701 0.387227
238000 0.150018 0.145957 0.110228 0.406202
239000 0.122172 0.133179 0.115138 0.370489
240000 0.132463 0.137786 0.117943 0.388193
241000 0.132349 0.124723 0.124134 0.381206
242000 0.143473 0.124243 0.131917 0.399632
243000 0.140782 0.136304 0.117511 0.394596
244000 0.128548 0.131051 0.120891 0.38049
245000 0.128331 0.128122 0.111603 0.368056
246000 0.141099 0.139224 0.118232 0.398555
247000 0.127521 0.142671 0.122884 0.393075
248000 0.134209 0.13557 0.131496 0.401274
249000 0.131069 0.126563 0.126239 0.383871
250000 0.147371 0.13212 0.127941 0.407432
251000 0.150342 0.134014 0.126373 0.410728
252000 0.134781 0.122694 0.11579 0.373266
253000 0.134522 0.136827 0.121707 0.393056
254000 0.137581 0.142621 0.124019 0.404222
255000 0.123905 0.130077 0.127041 0.381023
256000 0.140426 0.145891 0.128481 0.414798
257000 0.132778 0.123437 0.120242 0.376457
258000 0.139997 0.136352 0.128326 0.404676
259000 0.143772 0.143724 0.116547 0.404043
260000 0.133978 0.126886 0.118421 0.379286
261000 0.146636 0.135014 0.124169 0.405819
262000 0.136412 0.13412 0.114668 0.385199
263000 0.142106 0.142036 0.121659 0.405801
264000 0.133787 0.136392 0.125852 0.396031
265000 0.148664 0.152788 0.126398 0.42785
266000 0.136213 0.126202 0.134086 0.396501
267000 0.14029 0.138432 0.129348 0.408069
268000 0.129402 0.133909 0.11979 0.383101
269000 0.143598 0.147902 0.120628 0.412128
270000 0.141844 0.125319 0.123073 0.390237
271000 0.14578 0.13013 0.125382 0.401292
272000 0.143299 0.131946 0.129298 0.404542
273000 0.151781 0.133198 0.126448 0.411427
274000 0.137769 0.137699 0.118868 0.394336
275000 0.138682 0.128631 0.113701 0.381014
276000 0.154243 0.1491 0.128047 0.43139
277000 0.135881 0.140696 0.121255 0.397831
278000 0.152174 0.135429 0.125432 0.413035
279000 0.136642 0.130773 0.119902 0.387318
280000 0.138074 0.126007 0.120833 0.384915
281000 0.146846 0.143726 0.126429 0.417001
282000 0.143126 0.147087 0.124603 0.414816
283000 0.149017 0.14619 0.127059 0.422266
284000 0.139093 0.135261 0.125454 0.399809
285000 0.141365 0.143026 0.14089 0.425281
286000 0.137763 0.135214 0.131825 0.404802
287000 0.148154 0.140757 0.121855 0.410766
288000 0.129615 0.131022 0.120141 0.380779
289000 0.139937 0.146688 0.123344 0.409969
290000 0.148581 0.141108 0.115689 0.405378
291000 0.144353 0.149624 0.121333 0.41531
292000 0.144841 0.149932 0.125976 0.420749
293000 0.135789 0.131933 0.132567 0.400289
294000 0.151294 0.148703 0.121528 0.421525
295000 0.142285 0.134368 0.125679 0.402332
296000 0.140698 0.133391 0.130193 0.404282
297000 0.156772 0.160969 0.127754 0.445496
298000 0.147867 0.143876 0.124415 0.416158
299000 0.139799 0.131337 0.129449 0.400585
300000 0.165307 0.157848 0.122641 0.445796
301000 0.149598 0.139709 0.129228 0.418534
302000 0.157155 0.154129 0.13479 0.446074
303000 0.148073 0.145285 0.132298 0.425657
304000 0.149143 0.142658 0.124988 0.416788
305000 0.145836 0.14552 0.129713 0.421068
306000 0.143116 0.150369 0.133798 0.427283
307000 0.138015 0.152123 0.126531 0.416669
308000 0.147867 0.157192 0.129664 0.434722
309000 0.150495 0.146517 0.129051 0.426062
310000 0.144227 0.143921 0.130914 0.419062
311000 0.147224 0.153295 0.138012 0.438531
312000 0.141774 0.144721 0.136318 0.422813
313000 0.144689 0.146109 0.129434 0.420232
314000 0.153592 0.147208 0.139209 0.440009
315000 0.146168 0.146345 0.143057 0.43557
316000 0.14717 0.159665 0.136611 0.443446
317000 0.161502 0.157701 0.138937 0.458139
318000 0.161783 0.153863 0.130221 0.445868
319000 0.138065 0.143255 0.136349 0.417669
320000 0.161266 0.154338 0.141208 0.456812
321000 0.150325 0.150847 0.139515 0.440686
322000 0.162645 0.159136 0.141058 0.462839
323000 0.158143 0.162386 0.13508 0.45561
324000 0.152137 0.145015 0.134131 0.431284
325000 0.151334 0.153095 0.133594 0.438023
326000 0.151514 0.157029 0.143482 0.452025
327000 0.159278 0.149106 0.14194 0.450324
328000 0.160912 0.153435 0.140001 0.454348
329000 0.150691 0.149943 0.135852 0.436486
330000 0.148087 0.163046 0.136568 0.447701
331000 0.152557 0.163806 0.132175 0.448539
332000 0.150633 0.157179 0.122015 0.429827
333000 0.155372 0.143908 0.129169 0.428449
334000 0.15853 0.164411 0.143973 0.466913
335000 0.147889 0.158378 0.139574 0.445841
336000 0.147818 0.153024 0.136297 0.437139
337000 0.162235 0.160599 0.146413 0.469247
338000 0.157976 0.160021 0.151887 0.469884
339000 0.156187 0.163184 0.139039 0.458409
340000 0.160318 0.172777 0.138608 0.471703
341000 0.150831 0.151933 0.133836 0.4366
342000 0.165461 0.163649 0.134766 0.463876
343000 0.175251 0.168527 0.143255 0.487033
344000 0.156673 0.14855 0.149764 0.454987
345000 0.167455 0.164151 0.154487 0.486094
346000 0.161143 0.158063 0.141674 0.46088
347000 0.150039 0.155778 0.147757 0.453574
348000 0.144848 0.156427 0.14486 0.446136
349000 0.156273 0.170299 0.137803 0.464375
350000 0.153666 0.150919 0.140714 0.4453
351000 0.153084 0.157726 0.141846 0.452655
352000 0.15153 0.159265 0.135478 0.446273
353000 0.153121 0.1555 0.140109 0.448729
354000 0.157717 0.155643 0.1371 0.45046
355000 0.154543 0.156747 0.144151 0.455441
356000 0.156229 0.169769 0.138578 0.464576
357000 0.144215 0.152778 0.132462 0.429456
358000 0.165168 0.178726 0.133277 0.47717
359000 0.167579 0.179079 0.142026 0.488684
360000 0.156213 0.158772 0.134977 0.449962
361000 0.170566 0.166001 0.142583 0.47915
362000 0.156877 0.15571 0.143407 0.455994
363000 0.152777 0.167717 0.140328 0.460822
364000 0.168916 0.161066 0.145811 0.475793
365000 0.155997 0.167413 0.133519 0.456929
366000 0.168075 0.160772 0.133003 0.46185
367000 0.166718 0.157296 0.144748 0.468762
368000 0.157323 0.155576 0.136305 0.449204
369000 0.166672 0.158831 0.139503 0.465006
370000 0.164083 0.161954 0.143162 0.469198
371000 0.157274 0.164169 0.153535 0.474978
372000 0.158279 0.164123 0.147835 0.470238
373000 0.160668 0.165274 0.140226 0.466168
374000 0.15924 0.171921 0.141958 0.473118
375000 0.153337 0.156871 0.143895 0.454102
376000 0.158873 0.169146 0.144637 0.472657
377000 0.169037 0.169578 0.137161 0.475776
378000 0.160567 0.158288 0.136616 0.455471
379000 0.165524 0.163925 0.146196 0.475645
380000 0.151072 0.154913 0.139276 0.445261
381000 0.149062 0.157269 0.149949 0.45628
382000 0.15893 0.162833 0.146682 0.468445
383000 0.158312 0.159168 0.147929 0.465409
384000 0.175198 0.177239 0.153627 0.506064
385000 0.165094 0.170313 0.162079 0.497485
386000 0.160254 0.159081 0.145736 0.46507
387000 0.170995 0.172239 0.150376 0.49361
388000 0.157961 0.163886 0.147206 0.469053
389000 0.158508 0.157197 0.146955 0.46266
390000 0.156391 0.168765 0.145273 0.47043
391000 0.149252 0.158134 0.144386 0.451772
392000 0.169289 0.176753 0.145407 0.491448
393000 0.16293 0.156262 0.151915 0.471107
394000 0.157906 0.15938 0.152128 0.469414
395000 0.176999 0.166894 0.149782 0.493675
396000 0.161313 0.158337 0.151465 0.471115
397000 0.169674 0.174936 0.145448 0.490057
398000 0.179012 0.174595 0.152786 0.506393
399000 0.156615 0.158537 0.14264 0.457792
400000 0.165796 0.178671 0.144862 0.489328
401000 0.177268 0.167632 0.145737 0.490637
402000 0.174155 0.166007 0.151694 0.491857
403000 0.171773 0.181436 0.148131 0.501339
404000 0.168775 0.155617 0.15447 0.478862
405000 0.180588 0.180014 0.1497 0.510302
406000 0.168687 0.169436 0.153088 0.49121
407000 0.169413 0.165365 0.159564 0.494343
408000 0.170877 0.160207 0.155702 0.486786
409000 0.165281 0.163417 0.160751 0.489449
410000 0.170513 0.166246 0.158544 0.495303
411000 0.176059 0.172745 0.162455 0.511259
412000 0.169 0.160459 0.157676 0.487135
413000 0.171022 0.175395 0.166879 0.513296
414000 0.176088 0.172165 0.166568 0.51482
415000 0.184656 0.175403 0.160363 0.520421
416000 0.176625 0.177215 0.164568 0.518408
417000 0.175733 0.16087 0.168697 0.5053
418000 0.174889 0.171416 0.160806 0.507111
419000 0.184977 0.176337 0.154559 0.515873
420000 0.193218 0.179193 0.164874 0.537285
421000 0.170393 0.166338 0.17517 0.511901
422000 0.181066 0.191793 0.167668 0.540528
423000 0.164732 0.16796 0.162284 0.494976
424000 0.183119 0.188776 0.163831 0.535727
425000 0.183494 0.16946 0.156883 0.509837
426000 0.161603 0.162858 0.166842 0.491303
427000 0.190223 0.189382 0.168334 0.547939
428000 0.170172 0.165409 0.168559 0.50414
429000 0.18062 0.172362 0.165631 0.518612
430000 0.180457 0.176611 0.172799 0.529868
431000 0.166912 0.164817 0.162275 0.494003
432000 0.178456 0.180855 0.16442 0.52373
433000 0.17843 0.168485 0.16475 0.511665
434000 0.179814 0.172411 0.170918 0.523143
435000 0.191228 0.182695 0.16933 0.543254
436000 0.175481 0.181306 0.160156 0.516943
437000 0.185402 0.187109 0.166323 0.538834
438000 0.195467 0.190568 0.165197 0.551232
439000 0.197925 0.187741 0.171666 0.557331
440000 0.192496 0.184748 0.184075 0.561318
441000 0.1943 0.179257 0.180683 0.55424
442000 0.195627 0.187868 0.1752 0.558694
443000 0.181941 0.175888 0.175442 0.533271
444000 0.192781 0.184175 0.165232 0.542188
445000 0.190743 0.195455 0.168056 0.554254
446000 0.199159 0.1752 0.164333 0.538692
447000 0.20433 0.186409 0.166109 0.556847
448000 0.195274 0.185013 0.178654 0.55894
449000 0.188269 0.186946 0.180192 0.555407
450000 0.187348 0.179255 0.179695 0.546297
451000 0.207084 0.207582 0.177708 0.592374
452000 0.197741 0.177168 0.17508 0.549989
453000 0.201428 0.187099 0.174531 0.563058
454000 0.202416 0.200685 0.163344 0.566445
455000 0.198898 0.180385 0.171641 0.550924
456000 0.189997 0.184644 0.176951 0.551592
457000 0.194424 0.191219 0.18548 0.571123
458000 0.201941 0.202452 0.18515 0.589543
459000 0.187073 0.179515 0.180037 0.546625
460000 0.200131 0.192682 0.172172 0.564985
461000 0.185112 0.188449 0.164202 0.537763
462000 0.187436 0.177869 0.170409 0.535714
463000 0.204125 0.198646 0.166044 0.568815
464000 0.198039 0.177151 0.170473 0.545662
465000 0.195565 0.189772 0.176168 0.561504
466000 0.202269 0.201577 0.179263 0.583109
467000 0.199713 0.20358 0.182418 0.585711
468000 0.207321 0.212671 0.183264 0.603256
469000 0.19827 0.209716 0.18594 0.593926
470000 0.19867 0.192953 0.181169 0.572793
471000 0.20251 0.203375 0.179989 0.585875
472000 0.190507 0.191821 0.189838 0.572166
473000 0.205255 0.212717 0.204802 0.622774
474000 0.199796 0.205064 0.194008 0.598869
475000 0.195265 0.200808 0.195115 0.591187
476000 0.202338 0.214805 0.188452 0.605595
477000 0.198734 0.204087 0.197929 0.600749
478000 0.201301 0.197772 0.192307 0.59138
479000 0.20475 0.213961 0.188529 0.607241
480000 0.219318 0.204602 0.191341 0.615262
481000 0.203654 0.203959 0.179014 0.586627
482000 0.205117 0.212465 0.191729 0.609312
483000 0.190132 0.196188 0.1984 0.58472
484000 0.206082 0.210455 0.205361 0.621898
485000 0.20259 0.21212 0.205188 0.619898
486000 0.196178 0.207059 0.1997 0.602937
487000 0.215455 0.219577 0.187916 0.622948
488000 0.205244 0.207286 0.196471 0.609001
489000 0.194783 0.207584 0.185077 0.587444
490000 0.219206 0.225098 0.186902 0.631207
491000 0.200669 0.206147 0.194031 0.600846
492000 0.201058 0.195804 0.190716 0.587578
493000 0.208281 0.211147 0.2038 0.623229
494000 0.194186 0.208175 0.196411 0.598772
495000 0.197403 0.201401 0.197161 0.595965
496000 0.203197 0.210402 0.199466 0.613065
497000 0.20313 0.217737 0.196172 0.617038
498000 0.210825 0.215868 0.194531 0.621225
499000 0.206113 0.209392 0.195052 0.610556
500000 0.21296 0.222581 0.192144 0.627685
501000 0.189371 0.20769 0.18768 0.584742
502000 0.208146 0.212775 0.196067 0.616988
503000 0.198052 0.212241 0.201379 0.611673
504000 0.192015 0.220401 0.201949 0.614364
505000 0.203337 0.222194 0.203982 0.629514
506000 0.196252 0.213674 0.200511 0.610437
507000 0.2111 0.226242 0.191184 0.628526
508000 0.203145 0.217415 0.193833 0.614394
509000 0.206145 0.225246 0.201185 0.632576
510000 0.197575 0.218473 0.199636 0.615684
511000 0.209376 0.22553 0.203863 0.638769
512000 0.197413 0.219037 0.197866 0.614315
513000 0.209445 0.223399 0.20158 0.634424
514000 0.222185 0.22717 0.192182 0.641536
515000 0.200338 0.213905 0.201108 0.615351
516000 0.211649 0.219752 0.199331 0.630732
517000 0.209469 0.218458 0.197169 0.625096
518000 0.206304 0.216843 0.20199 0.625137
519000 0.214747 0.225779 0.200261 0.640787
520000 0.208986 0.231257 0.205287 0.645529
521000 0.22065 0.221127 0.211012 0.65279
522000 0.218923 0.228362 0.207561 0.654846
523000 0.217949 0.222795 0.201771 0.642514
524000 0.219614 0.233146 0.21316 0.665919
525000 0.209732 0.239055 0.210445 0.659231
526000 0.20821 0.223907 0.202802 0.634919
527000 0.208688 0.231725 0.21393 0.654343
528000 0.213289 0.227609 0.21881 0.659707
529000 0.221169 0.249485 0.216161 0.686814
530000 0.210201 0.227492 0.209666 0.647358
531000 0.21468 0.228568 0.203633 0.646881
532000 0.214617 0.235491 0.204344 0.654452
533000 0.214393 0.23082 0.204897 0.65011
534000 0.222083 0.245192 0.201984 0.669259
535000 0.210086 0.238051 0.220728 0.668865
536000 0.197962 0.21773 0.224953 0.640645
537000 0.210196 0.234444 0.229953 0.674593
538000 0.204877 0.222223 0.20707 0.63417
539000 0.210238 0.231316 0.201727 0.643282
540000 0.207086 0.227291 0.211131 0.645508
541000 0.20459 0.222863 0.200609 0.628063
542000 0.226379 0.24909 0.213366 0.688835
543000 0.20629 0.234429 0.213449 0.654168
544000 0.226252 0.251451 0.213459 0.691162
545000 0.233632 0.230325 0.227551 0.691508
546000 0.223355 0.228422 0.223741 0.675518
547000 0.219262 0.239678 0.227059 0.685999
548000 0.228459 0.239342 0.216457 0.684258
549000 0.207882 0.235381 0.216808 0.660071
550000 0.233311 0.23219 0.210817 0.676318
551000 0.229395 0.253349 0.220849 0.703593
552000 0.215781 0.232465 0.212737 0.660983
553000 0.234344 0.252544 0.221532 0.70842
554000 0.228239 0.227613 0.228338 0.68419
555000 0.242795 0.259888 0.213199 0.715881
556000 0.236518 0.240098 0.225089 0.701706
557000 0.228473 0.242906 0.221526 0.692904
558000 0.228076 0.239626 0.213152 0.680853
559000 0.23452 0.252581 0.215794 0.702896
560000 0.233211 0.242434 0.223486 0.699131
561000 0.234525 0.243526 0.221832 0.699882
562000 0.228846 0.251932 0.221882 0.70266
563000 0.223265 0.240179 0.218819 0.682263
564000 0.243464 0.251437 0.235293 0.730194
565000 0.228982 0.239273 0.227994 0.696249
566000 0.235929 0.235179 0.212979 0.684087
567000 0.24088 0.236419 0.21816 0.695459
568000 0.230782 0.243968 0.219708 0.694458
569000 0.226686 0.245693 0.211027 0.683405
570000 0.232737 0.25126 0.21615 0.700147
571000 0.23585 0.254875 0.217338 0.708063
572000 0.23823 0.247092 0.215965 0.701286
573000 0.237846 0.233475 0.221946 0.693267
574000 0.225453 0.243363 0.222592 0.691408
575000 0.234507 0.243741 0.220522 0.69877
576000 0.228135 0.260089 0.217555 0.705779
577000 0.251359 0.26066 0.22688 0.738899
578000 0.237002 0.239797 0.22768 0.70448
579000 0.235391 0.256723 0.218395 0.710509
580000 0.237934 0.258755 0.221073 0.717763
581000 0.237274 0.253943 0.223451 0.714669
582000 0.243115 0.248676 0.214632 0.706422
583000 0.234639 0.244915 0.213037 0.692591
584000 0.231178 0.247981 0.219415 0.698575
585000 0.227108 0.25348 0.227392 0.70798
586000 0.229197 0.247363 0.228348 0.704908
587000 0.229897 0.246332 0.241408 0.717637
588000 0.235511 0.249529 0.223131 0.708171
589000 0.252106 0.244765 0.223955 0.720826
590000 0.245852 0.247707 0.222917 0.716476
591000 0.24714 0.248049 0.221935 0.717125
592000 0.219557 0.246456 0.209241 0.675254
593000 0.236471 0.260064 0.22523 0.721766
594000 0.247923 0.257957 0.218031 0.72391
595000 0.233186 0.253014 0.231405 0.717605
596000 0.230573 0.261756 0.233261 0.725591
597000 0.228999 0.245466 0.219562 0.694027
598000 0.225863 0.258563 0.228897 0.713323
599000 0.237641 0.24501 0.221859 0.70451
600000 0.240961 0.248934 0.227018 0.716912
601000 0.232009 0.249869 0.225576 0.707454
602000 0.247139 0.248708 0.224845 0.720692
603000 0.238168 0.268188 0.222669 0.729026
604000 0.240083 0.247677 0.224259 0.712019
605000 0.250275 0.256954 0.225192 0.732421
606000 0.268311 0.286415 0.218675 0.773401
607000 0.238685 0.248214 0.212017 0.698916
608000 0.230418 0.252423 0.21705 0.69989
609000 0.242025 0.257064 0.226717 0.725806
610000 0.242405 0.267444 0.23402 0.743869
611000 0.228146 0.240623 0.231945 0.700714
612000 0.247347 0.257047 0.222424 0.726817
613000 0.239528 0.252918 0.226308 0.718755
614000 0.251714 0.255461 0.22215 0.729325
615000 0.238603 0.247939 0.226558 0.7131
616000 0.251378 0.253977 0.223764 0.729119
617000 0.249987 0.250987 0.23493 0.735904
618000 0.248198 0.25888 0.228125 0.735203
619000 0.234728 0.244858 0.23843 0.718015
620000 0.238156 0.251669 0.237144 0.726968
621000 0.243299 0.266641 0.224864 0.734804
622000 0.23612 0.242464 0.225512 0.704095
623000 0.246505 0.255589 0.235868 0.737961
624000 0.243611 0.259457 0.241364 0.744432
625000 0.24487 0.247104 0.237073 0.729047
626000 0.266621 0.27385 0.227097 0.767568
627000 0.247893 0.25514 0.234967 0.738
628000 0.238596 0.261229 0.228614 0.728439
629000 0.256956 0.260475 0.228699 0.74613
630000 0.242968 0.263373 0.240526 0.746867
631000 0.237483 0.242424 0.236225 0.716131
632000 0.237893 0.252635 0.246542 0.73707
633000 0.230352 0.251611 0.24411 0.726074
634000 0.242811 0.267814 0.237948 0.748572
635000 0.266736 0.266334 0.231077 0.764147
636000 0.253259 0.261853 0.230566 0.745678
637000 0.24501 0.262988 0.235992 0.74399
638000 0.237265 0.252208 0.225441 0.714914
639000 0.248729 0.265432 0.235506 0.749668
640000 0.237443 0.258676 0.230431 0.726549
641000 0.237189 0.259386 0.245971 0.742545
642000 0.245245 0.259256 0.237394 0.741895
643000 0.247178 0.252489 0.228343 0.72801
644000 0.260622 0.252007 0.225718 0.738347
645000 0.267651 0.267446 0.227953 0.76305
646000 0.249227 0.249848 0.233793 0.732868
647000 0.254194 0.274435 0.229822 0.758451
648000 0.239837 0.253636 0.236695 0.730168
649000 0.22976 0.26793 0.24908 0.74677
650000 0.252337 0.268982 0.238348 0.759667
651000 0.237009 0.261708 0.23653 0.735248
652000 0.247735 0.26072 0.238682 0.747137
653000 0.249986 0.255672 0.229475 0.735132
654000 0.242494 0.264501 0.23605 0.743045
655000 0.258857 0.278172 0.246946 0.783975
656000 0.240538 0.262959 0.243796 0.747292
657000 0.255283 0.28788 0.237258 0.780421
658000 0.241084 0.27154 0.229271 0.741894
659000 0.256477 0.269381 0.236366 0.762224
660000 0.26339 0.276173 0.229159 0.768721
661000 0.257641 0.270031 0.230883 0.758556
662000 0.259818 0.272331 0.222781 0.75493
663000 0.263377 0.272073 0.235334 0.770784
664000 0.253241 0.260694 0.23215 0.746085
665000 0.25535 0.278227 0.226103 0.759681
666000 0.254264 0.263427 0.231262 0.748954
667000 0.246687 0.265297 0.225483 0.737467
668000 0.261891 0.275554 0.230516 0.76796
669000 0.245845 0.263509 0.242154 0.751508
670000 0.251947 0.261587 0.240489 0.754023
671000 0.255616 0.286561 0.23178 0.773957
672000 0.246008 0.260796 0.237579 0.744384
673000 0.261615 0.279902 0.230421 0.771939
674000 0.238976 0.274318 0.232082 0.745375
675000 0.245666 0.274528 0.225291 0.745484
676000 0.252525 0.268147 0.230044 0.750716
677000 0.252376 0.28158 0.240209 0.774166
678000 0.256538 0.283618 0.229513 0.769669
679000 0.253353 0.283168 0.232968 0.76949
680000 0.249255 0.264603 0.235232 0.74909
681000 0.252435 0.273991 0.243569 0.769995
682000 0.252023 0.275201 0.247149 0.774373
683000 0.258278 0.271096 0.231362 0.760736
684000 0.251792 0.283557 0.226029 0.761378
685000 0.255506 0.278085 0.223408 0.756999
686000 0.260115 0.269905 0.23378 0.763801
687000 0.255315 0.274493 0.232637 0.762445
688000 0.253698 0.27161 0.238296 0.763604
689000 0.253566 0.264234 0.226483 0.744283
690000 0.252162 0.274797 0.233431 0.760391
691000 0.26907 0.287545 0.24137 0.797986
692000 0.260006 0.26723 0.242162 0.769398
693000 0.273441 0.275341 0.232195 0.780977
694000 0.269652 0.282214 0.230466 0.782332
695000 0.257692 0.27249 0.235395 0.765577
696000 0.254184 0.262571 0.243033 0.759787
697000 0.273915 0.289044 0.231039 0.793998
698000 0.257728 0.282538 0.223592 0.763858
699000 0.261419 0.263279 0.231278 0.755976
700000 0.266477 0.290373 0.240575 0.797424
701000 0.256997 0.280648 0.227688 0.765333
702000 0.267161 0.272628 0.230857 0.770646
703000 0.26799 0.276519 0.236121 0.78063
704000 0.256412 0.267182 0.245191 0.768785
705000 0.266385 0.288352 0.238301 0.793037
706000 0.256725 0.278246 0.23268 0.76765
707000 0.258892 0.268714 0.245108 0.772714
708000 0.265423 0.276212 0.223598 0.765233
709000 0.261281 0.267482 0.227517 0.75628
710000 0.271814 0.275682 0.226452 0.773948
711000 0.267313 0.282105 0.238192 0.78761
712000 0.265196 0.277243 0.227736 0.770176
713000 0.256414 0.266541 0.233779 0.756734
714000 0.267619 0.291985 0.237858 0.797462
715000 0.262858 0.275435 0.240955 0.779247
716000 0.267605 0.274151 0.234422 0.776178
717000 0.276027 0.296731 0.227929 0.800687
718000 0.2446 0.268242 0.233242 0.746084
719000 0.268663 0.280774 0.224264 0.773701
720000 0.265485 0.290382 0.234557 0.790423
721000 0.254327 0.270559 0.239993 0.76488
722000 0.261694 0.282431 0.232615 0.77674
723000 0.267927 0.285433 0.231701 0.78506
724000 0.264068 0.273121 0.251821 0.789011
725000 0.276216 0.284932 0.246733 0.807881
726000 0.256168 0.268428 0.24796 0.772556
727000 0.263705 0.28146 0.233223 0.778388
728000 0.253609 0.285483 0.225138 0.76423
729000 0.248597 0.27532 0.237036 0.760953
730000 0.262219 0.286819 0.238144 0.787182
731000 0.270079 0.269715 0.24253 0.782324
732000 0.261872 0.281317 0.247094 0.790283
733000 0.264061 0.278485 0.251821 0.794367
734000 0.268074 0.282018 0.255674 0.805766
735000 0.261291 0.272346 0.254539 0.788176
736000 0.269473 0.290666 0.268814 0.828953
737000 0.254454 0.273927 0.260483 0.788864
738000 0.271956 0.286825 0.258542 0.817323
739000 0.256968 0.27901 0.240215 0.776192
740000 0.262856 0.274631 0.244075 0.781562
741000 0.267325 0.288575 0.244557 0.800457
742000 0.256004 0.282293 0.247023 0.78532
743000 0.247569 0.271175 0.240617 0.759362
744000 0.277613 0.280446 0.240678 0.798737
745000 0.268239 0.274566 0.244149 0.786953
746000 0.264431 0.278858 0.249518 0.792806
747000 0.285554 0.283031 0.244709 0.813294
748000 0.272967 0.27262 0.256357 0.801944
749000 0.283598 0.28627 0.242023 0.811891
750000 0.270265 0.277967 0.252566 0.800798
751000 0.26764 0.273644 0.248932 0.790216
752000 0.274385 0.27854 0.242462 0.795387
753000 0.270102 0.280187 0.254379 0.804669
754000 0.273243 0.27456 0.257945 0.805747
755000 0.267408 0.272103 0.252573 0.792083
756000 0.264818 0.276414 0.252828 0.794061
757000 0.291227 0.277967 0.253359 0.822553
758000 0.278846 0.279581 0.246119 0.804546
759000 0.262578 0.269804 0.252536 0.784918
760000 0.277893 0.270966 0.243691 0.79255
761000 0.274308 0.284786 0.256962 0.816056
762000 0.256323 0.270485 0.257179 0.783987
763000 0.264151 0.279736 0.247276 0.791163
764000 0.259866 0.272973 0.246893 0.779733
765000 0.259253 0.275668 0.254285 0.789205
766000 0.270696 0.271852 0.251005 0.793553
767000 0.27696 0.284149 0.257607 0.818716
768000 0.267133 0.274816 0.261132 0.803081
769000 0.272961 0.281926 0.2706 0.825487
770000 0.275657 0.293566 0.256973 0.826195
771000 0.264383 0.283538 0.254397 0.802319
772000 0.26578 0.281057 0.245568 0.792405
773000 0.27906 0.283215 0.250379 0.812654
774000 0.269103 0.272601 0.248313 0.790016
775000 0.275813 0.293165 0.254277 0.823255
776000 0.279387 0.282233 0.258017 0.819638
777000 0.273055 0.284873 0.26207 0.819998
778000 0.275354 0.275598 0.267869 0.818822
779000 0.273899 0.288308 0.265554 0.82776
780000 0.283118 0.281278 0.25597 0.820367
781000 0.283061 0.273061 0.261405 0.817527
782000 0.286483 0.288199 0.267051 0.841733
783000 0.296429 0.308821 0.273053 0.878303
784000 0.281497 0.279706 0.268686 0.829889
785000 0.275275 0.285087 0.267605 0.827967
786000 0.290296 0.288609 0.266426 0.845331
787000 0.279638 0.278343 0.258265 0.816246
788000 0.273766 0.293573 0.265737 0.833076
789000 0.290797 0.29683 0.267973 0.8556
790000 0.272495 0.277002 0.260442 0.80994
791000 0.284613 0.296842 0.260225 0.841681
792000 0.279373 0.280338 0.262672 0.822383
793000 0.284904 0.271389 0.261472 0.817764
794000 0.283902 0.286442 0.256063 0.826408
795000 0.284215 0.288923 0.254723 0.827861
796000 0.278533 0.285368 0.252182 0.816083
797000 0.273304 0.285057 0.274869 0.83323
798000 0.27603 0.285318 0.267278 0.828626
799000 0.27977 0.285519 0.261888 0.827178
800000 0.289633 0.280756 0.271207 0.841596
801000 0.280562 0.281233 0.267656 0.829451
802000 0.286417 0.285406 0.274439 0.846263
803000 0.284057 0.285761 0.26362 0.833437
804000 0.284053 0.286628 0.259281 0.829962
805000 0.2691 0.29009 0.264986 0.824176
806000 0.275792 0.286225 0.277744 0.839761
807000 0.282469 0.29677 0.273874 0.853113
808000 0.293867 0.27784 0.269266 0.840973
809000 0.291921 0.301087 0.258265 0.851274
810000 0.2698 0.28215 0.265414 0.817364
811000 0.281833 0.30191 0.261117 0.84486
812000 0.278565 0.276021 0.261028 0.815615
813000 0.291995 0.289729 0.268882 0.850606
814000 0.274759 0.278784 0.281164 0.834708
815000 0.283193 0.286098 0.282841 0.852132
816000 0.290775 0.291752 0.277628 0.860155
817000 0.273531 0.297214 0.285078 0.855823
818000 0.276876 0.283141 0.289329 0.849345
819000 0.295262 0.296304 0.271687 0.863253
820000 0.289903 0.277639 0.286951 0.854493
821000 0.279505 0.280337 0.294624 0.854466
822000 0.290942 0.300351 0.292381 0.883674
823000 0.285195 0.290668 0.289301 0.865164
824000 0.276379 0.285164 0.286509 0.848052
825000 0.288516 0.292035 0.276817 0.857368
826000 0.27925 0.304077 0.280282 0.863608
827000 0.2842 0.284736 0.282253 0.851189
828000 0.281215 0.284893 0.279403 0.845511
829000 0.289931 0.318709 0.274194 0.882835
830000 0.279691 0.294218 0.274908 0.848817
831000 0.294969 0.290945 0.276292 0.862206
832000 0.294993 0.309831 0.282435 0.887259
833000 0.281984 0.288171 0.27497 0.845124
834000 0.305433 0.299116 0.281897 0.886446
835000 0.283783 0.301453 0.280328 0.865565
836000 0.281764 0.299142 0.286974 0.867879
837000 0.299049 0.31037 0.296439 0.905858
838000 0.278157 0.300971 0.29193 0.871057
839000 0.284583 0.299593 0.289843 0.874019
840000 0.290775 0.293248 0.294953 0.878977
841000 0.293821 0.308225 0.288207 0.890253
842000 0.285187 0.288715 0.283649 0.857551
843000 0.287503 0.284714 0.287864 0.860082
844000 0.305807 0.321563 0.286923 0.914294
845000 0.286103 0.291459 0.28901 0.866572
846000 0.287712 0.290071 0.284999 0.862782
847000 0.298041 0.296986 0.295484 0.890512
848000 0.297613 0.294466 0.313328 0.905407
849000 0.281699 0.298881 0.301233 0.881814
850000 0.284702 0.296674 0.296704 0.87808
851000 0.285946 0.307482 0.302689 0.896117
852000 0.285639 0.296668 0.301961 0.884269
853000 0.305724 0.321229 0.299024 0.925978
854000 0.29603 0.305357 0.303807 0.905194
855000 0.292632 0.285388 0.294595 0.872616
856000 0.294502 0.30603 0.292089 0.892622
857000 0.29588 0.303278 0.306166 0.905324
858000 0.310112 0.31253 0.28825 0.910891
859000 0.289883 0.298836 0.308298 0.897017
860000 0.287659 0.290429 0.291594 0.869682
861000 0.303293 0.305061 0.294711 0.903065
862000 0.292951 0.300945 0.291256 0.885153
863000 0.287581 0.301171 0.293624 0.882376
864000 0.305699 0.308187 0.308611 0.922497
865000 0.304405 0.313385 0.302143 0.919933
866000 0.30577 0.306317 0.311189 0.923276
867000 0.296014 0.291441 0.300225 0.88768
868000 0.305284 0.31093 0.306213 0.922428
869000 0.303844 0.299833 0.296067 0.899744
870000 0.308773 0.304456 0.289723 0.902952
871000 0.301787 0.293256 0.31134 0.906383
872000 0.305908 0.312467 0.308315 0.92669
873000 0.306299 0.309807 0.30627 0.922376
874000 0.312814 0.305342 0.312724 0.93088
875000 0.297463 0.302166 0.312304 0.911933
876000 0.302847 0.299698 0.30322 0.905764
877000 0.311181 0.315599 0.300493 0.927274
878000 0.307521 0.315366 0.29503 0.917918
879000 0.306964 0.302956 0.294258 0.904178
880000 0.305907 0.307102 0.284205 0.897213
881000 0.316772 0.299668 0.287158 0.903597
882000 0.308271 0.319096 0.294163 0.92153
883000 0.304014 0.301669 0.309592 0.915275
884000 0.301271 0.314735 0.322711 0.938717
885000 0.316863 0.329823 0.312533 0.959219
886000 0.299065 0.306545 0.300202 0.905812
887000 0.314912 0.333206 0.297934 0.946052
888000 0.316698 0.312776 0.292362 0.921836
889000 0.305246 0.306027 0.288516 0.899789
890000 0.303805 0.332967 0.291727 0.928499
891000 0.308586 0.320236 0.297646 0.926468
892000 0.310061 0.318598 0.295036 0.923695
893000 0.31733 0.322749 0.315908 0.955988
894000 0.316675 0.320693 0.303919 0.941287
895000 0.298065 0.306607 0.300932 0.905604
896000 0.306339 0.311282 0.308869 0.92649
897000 0.307437 0.325668 0.292448 0.925553
898000 0.316558 0.321001 0.295568 0.933127
899000 0.306126 0.311688 0.302073 0.919887
900000 0.319661 0.329178 0.299752 0.94859
901000 0.328314 0.327878 0.303525 0.959717
902000 0.298749 0.311799 0.291217 0.901765
903000 0.326168 0.328603 0.296435 0.951205
904000 0.324624 0.312437 0.3051 0.942161
905000 0.308316 0.297764 0.314316 0.920395
906000 0.347175 0.338929 0.294007 0.980111
907000 0.319088 0.315011 0.300164 0.934263
908000 0.317902 0.31287 0.304818 0.93559
909000 0.328351 0.326045 0.303354 0.95775
910000 0.315153 0.310771 0.308387 0.934311
911000 0.330791 0.320742 0.311029 0.962563
912000 0.318544 0.312953 0.327413 0.958911
913000 0.318644 0.314203 0.30315 0.935997
914000 0.330422 0.330226 0.304824 0.965471
915000 0.333392 0.314645 0.294432 0.942468
916000 0.329665 0.33497 0.301351 0.965986
917000 0.321277 0.309535 0.309354 0.940166
918000 0.326601 0.32584 0.311528 0.963969
919000 0.330224 0.318049 0.321378 0.969651
920000 0.316983 0.314415 0.316026 0.947425
921000 0.331469 0.31655 0.308117 0.956137
922000 0.332199 0.331003 0.321728 0.98493
923000 0.32824 0.327529 0.315134 0.970903
924000 0.323564 0.318021 0.311467 0.953052
925000 0.337074 0.324949 0.300447 0.96247
926000 0.333833 0.327933 0.311126 0.972892
927000 0.313304 0.325112 0.302039 0.940455
928000 0.32428 0.344341 0.306693 0.975314
929000 0.327884 0.313247 0.322327 0.963459
930000 0.331873 0.326031 0.321172 0.979076
931000 0.327515 0.325148 0.302067 0.95473
932000 0.333651 0.315144 0.308542 0.957336
933000 0.32191 0.324619 0.307981 0.95451
934000 0.32879 0.333701 0.311418 0.973908
935000 0.328845 0.324499 0.303055 0.956399
936000 0.326857 0.320901 0.306382 0.954141
937000 0.325231 0.325198 0.315939 0.966368
938000 0.32907 0.321089 0.326908 0.977068
939000 0.319302 0.328702 0.316785 0.964789
940000 0.347549 0.328843 0.32022 0.996613
941000 0.33162 0.332111 0.317852 0.981583
942000 0.346646 0.33113 0.310526 0.988303
943000 0.334577 0.323489 0.31906 0.977125
944000 0.329923 0.321641 0.317669 0.969234
945000 0.324087 0.326198 0.313324 0.963608
946000 0.329147 0.322023 0.31707 0.968239
947000 0.325447 0.329791 0.337922 0.99316
948000 0.350075 0.31958 0.318152 0.987808
949000 0.337182 0.319645 0.325695 0.982523
950000 0.318709 0.333898 0.312426 0.965034
951000 0.3385 0.333203 0.327459 0.999163
952000 0.333081 0.347546 0.333663 1.01429
953000 0.33096 0.331615 0.316784 0.979358
954000 0.333944 0.334224 0.329205 0.997373
955000 0.329912 0.329957 0.33458 0.994449
956000 0.341688 0.336944 0.324702 1.00333
957000 0.332913 0.332019 0.322808 0.98774
958000 0.325779 0.336043 0.325088 0.98691
959000 0.32217 0.322628 0.331501 0.976299
960000 0.349418 0.331309 0.333853 1.01458
961000 0.319827 0.324581 0.331166 0.975574
962000 0.339282 0.33288 0.31779 0.989953
963000 0.32373 0.325536 0.326354 0.97562
964000 0.320731 0.334601 0.323501 0.978833
965000 0.343643 0.33603 0.319821 0.999494
966000 0.323826 0.332511 0.324893 0.981229
967000 0.331491 0.325692 0.316825 0.974007
968000 0.323804 0.31671 0.318305 0.958819
969000 0.334246 0.330847 0.335206 1.0003
970000 0.326908 0.320911 0.326348 0.974167
971000 0.330959 0.319769 0.324072 0.974801
972000 0.33031 0.337929 0.322604 0.990843
973000 0.337545 0.32445 0.326497 0.988492
974000 0.327942 0.333983 0.333015 0.99494
975000 0.339565 0.319644 0.322137 0.981346
976000 0.333051 0.34064 0.326719 1.00041
977000 0.336599 0.321023 0.318101 0.975722
978000 0.350636 0.342536 0.323636 1.01681
979000 0.336909 0.321018 0.319549 0.977475
980000 0.333622 0.333789 0.326802 0.994213
981000 0.338744 0.334781 0.315902 0.989427
982000 0.339036 0.313652 0.339043 0.99173
983000 0.356756 0.341634 0.347143 1.04553
984000 0.334575 0.328309 0.330651 0.993535
985000 0.343299 0.335048 0.336256 1.0146
986000 0.342656 0.342501 0.315765 1.00092
987000 0.338585 0.327022 0.325168 0.990776
988000 0.337221 0.329497 0.329751 0.996469
989000 0.358508 0.323147 0.32534 1.007
990000 0.342669 0.329477 0.340318 1.01246
991000 0.352696 0.338667 0.338511 1.02987
992000 0.348562 0.345359 0.332989 1.02691
993000 0.342469 0.342707 0.328926 1.0141
994000 0.340377 0.33799 0.32692 1.00529
995000 0.341417 0.333881 0.327411 1.00271
996000 0.343379 0.331849 0.330241 1.00547
997000 0.349837 0.342463 0.338644 1.03094
998000 0.341664 0.331955 0.337031 1.01065
999000 0.359139 0.339936 0.332321 1.0314
1000000 0.338919 0.329728 0.335608 1.00426
1001000 0.348388 0.353723 0.327455 1.02957
1002000 0.344811 0.321379 0.328839 0.99503
1003000 0.337337 0.341009 0.337372 1.01572
1004000 0.361222 0.33617 0.341542 1.03893
1005000 0.351944 0.326749 0.338007 1.0167
1006000 0.343425 0.327252 0.328449 0.999126
1007000 0.362652 0.342703 0.342563 1.04792
1008000 0.345557 0.32523 0.339707 1.01049
1009000 0.357 0.332468 0.345488 1.03496
1010000 0.367759 0.329871 0.347132 1.04476
1011000 0.347042 0.320334 0.343661 1.01104
1012000 0.360869 0.339377 0.34672 1.04697
1013000 0.357135 0.339318 0.333824 1.03028
1014000 0.369902 0.332417 0.335367 1.03769
1015000 0.35174 0.332989 0.347458 1.03219
1016000 0.352396 0.331543 0.339182 1.02312
1017000 0.36407 0.3451 0.33756 1.04673
1018000 0.343411 0.33409 0.342635 1.02014
1019000 0.365655 0.331665 0.353864 1.05118
1020000 0.353636 0.322343 0.344659 1.02064
1021000 0.358722 0.327856 0.348234 1.03481
1022000 0.351956 0.333859 0.338618 1.02443
1023000 0.355442 0.323983 0.334893 1.01432
1024000 0.351559 0.337609 0.335277 1.02444
1025000 0.358629 0.336818 0.33999 1.03544
1026000 0.351513 0.328801 0.346394 1.02671
1027000 0.356661 0.34416 0.344769 1.04559
1028000 0.349841 0.33943 0.339494 1.02877
1029000 0.354768 0.33121 0.346753 1.03273
1030000 0.355407 0.330936 0.339462 1.0258
