# Time-averaged data for fix 1
# TimeStep c_msd_all[1] c_msd_all[2] c_msd_all[3] c_msd_all[4]
31000 0.0587166 0.0716693 0.0594497 0.189836
32000 0.0691715 0.0609413 0.0614339 0.191547
33000 0.062731 0.0651336 0.078342 0.206207
34000 0.0801763 0.0666754 0.0725246 0.219376
35000 0.0676569 0.0627109 0.0634963 0.193864
36000 0.0676222 0.0621435 0.0686389 0.198405
37000 0.0707215 0.0669651 0.0618822 0.199569
38000 0.0621169 0.0586644 0.0606249 0.181406
39000 0.0677077 0.0616086 0.0619084 0.191225
40000 0.0800829 0.0666115 0.0638874 0.210582
41000 0.0772513 0.0623065 0.0636278 0.203186
42000 0.0749165 0.0763364 0.0629577 0.214211
43000 0.0796125 0.0735092 0.0679143 0.221036
44000 0.0761558 0.0682291 0.0658863 0.210271
45000 0.0712934 0.0612283 0.0673871 0.199909
46000 0.0630927 0.0591723 0.0633346 0.1856
47000 0.082259 0.0666782 0.0650546 0.213992
48000 0.0719774 0.067304 0.0580401 0.197321
49000 0.076325 0.0696163 0.0594043 0.205346
50000 0.0850412 0.0717395 0.0708854 0.227666
51000 0.0773654 0.0765193 0.0813232 0.235208
52000 0.0769585 0.0650616 0.0768989 0.218919
53000 0.0712476 0.0610449 0.0730733 0.205366
54000 0.0753579 0.0694425 0.0710062 0.215807
55000 0.0682375 0.0675267 0.0668158 0.20258
56000 0.0756027 0.0670869 0.0685315 0.211221
57000 0.074096 0.0743063 0.0780875 0.22649
58000 0.080759 0.0846757 0.0795776 0.245012
59000 0.0736714 0.0753232 0.0839117 0.232906
60000 0.0672587 0.0771956 0.0811138 0.225568
61000 0.0691634 0.07549 0.0750762 0.21973
62000 0.0755213 0.0744408 0.0645253 0.214487
63000 0.0672104 0.0717067 0.0708559 0.209773
64000 0.0812211 0.0767982 0.0804724 0.238492
65000 0.0721109 0.0754857 0.0790554 0.226652
66000 0.076298 0.0698044 0.0747205 0.220823
67000 0.0723569 0.0797265 0.0778526 0.229936
68000 0.0659267 0.0757601 0.0775949 0.219282
69000 0.0657914 0.081768 0.078299 0.225858
70000 0.0769241 0.0858143 0.0881071 0.250845
71000 0.073605 0.0747402 0.0737646 0.22211
72000 0.0698324 0.0759651 0.0791802 0.224978
73000 0.0799966 0.0836716 0.0765195 0.240188
74000 0.0775129 0.0759336 0.0753349 0.228781
75000 0.073724 0.0755749 0.0763336 0.225632
76000 0.0765392 0.0781887 0.0846866 0.239414
77000 0.0773414 0.0801571 0.0771032 0.234602
78000 0.0804942 0.0796893 0.0768555 0.237039
79000 0.0791948 0.0814582 0.0860077 0.246661
80000 0.0806619 0.0850998 0.0888333 0.254595
81000 0.104893 0.0873452 0.0868959 0.279134
82000 0.0852404 0.0879392 0.0824373 0.255617
83000 0.0799415 0.0817551 0.0896502 0.251347
84000 0.0906094 0.0769625 0.0905057 0.258078
85000 0.0812365 0.07801 0.0858557 0.245102
86000 0.0820615 0.077415 0.0812332 0.24071
87000 0.0881358 0.0855511 0.0878067 0.261494
88000 0.0843313 0.0767094 0.0817597 0.2428
89000 0.0834061 0.0835392 0.0890637 0.256009
90000 0.0808997 0.0811751 0.0854201 0.247495
91000 0.081833 0.0795211 0.0852749 0.246629
92000 0.0758071 0.0858703 0.0859414 0.247619
93000 0.0796251 0.0831992 0.0822015 0.245026
94000 0.0863041 0.0821124 0.0781264 0.246543
95000 0.0781001 0.0848736 0.076237 0.239211
96000 0.0938253 0.0800793 0.0875575 0.261462
97000 0.0960856 0.0800801 0.0875705 0.263736
98000 0.0913464 0.0879678 0.090745 0.270059
99000 0.0986612 0.090053 0.0886701 0.277384
100000 0.0904183 0.0910333 0.086186 0.267638
101000 0.102824 0.0872147 0.0974124 0.287451
102000 0.0806709 0.0820827 0.0937435 0.256497
103000 0.0849882 0.0872013 0.0930225 0.265212
104000 0.0948206 0.0902566 0.090613 0.27569
105000 0.0939191 0.0810746 0.0873581 0.262352
106000 0.096981 0.0899511 0.0990574 0.285989
107000 0.093539 0.0865096 0.108288 0.288337
108000 0.0897286 0.0807412 0.100124 0.270594
109000 0.0978866 0.0974106 0.0976328 0.29293
110000 0.0933589 0.0842397 0.0917947 0.269393
111000 0.0910423 0.0900693 0.0955477 0.276659
112000 0.0988281 0.0920892 0.103147 0.294064
113000 0.105792 0.0847252 0.0937699 0.284287
114000 0.112673 0.0831504 0.0927805 0.288604
115000 0.110601 0.0859904 0.095925 0.292517
116000 0.108309 0.0901442 0.0928431 0.291296
117000 0.102459 0.0966723 0.0936797 0.292811
118000 0.0900103 0.0853312 0.101654 0.276995
119000 0.0976151 0.0894619 0.108207 0.295284
120000 0.0953684 0.0925242 0.106086 0.293979
121000 0.0889463 0.091444 0.0946406 0.275031
122000 0.0917995 0.0883422 0.0917159 0.271858
123000 0.090949 0.0873856 0.0958013 0.274136
124000 0.105367 0.0872931 0.105543 0.298204
125000 0.100502 0.0892552 0.0933618 0.283119
126000 0.0979354 0.0905139 0.0990121 0.287461
127000 0.0985306 0.092824 0.0998346 0.291189
128000 0.105206 0.0956968 0.102517 0.30342
129000 0.103328 0.0919261 0.101342 0.296596
130000 0.092328 0.102108 0.100044 0.29448
131000 0.0981914 0.0991217 0.103752 0.301066
132000 0.0999613 0.0943868 0.101269 0.295617
133000 0.099624 0.0937421 0.0978691 0.291235
134000 0.103902 0.0950274 0.0943047 0.293234
135000 0.0992983 0.0890287 0.100387 0.288714
136000 0.101959 0.0922465 0.100121 0.294327
137000 0.0925808 0.0906729 0.0970936 0.280347
138000 0.100074 0.0922679 0.0984354 0.290778
139000 0.107536 0.0917836 0.0964503 0.29577
140000 0.0950687 0.100331 0.100041 0.29544
141000 0.107827 0.0951131 0.096166 0.299106
142000 0.102974 0.0990963 0.0944231 0.296493
143000 0.0954338 0.0980183 0.101147 0.294599
144000 0.0953122 0.0881164 0.0898646 0.273293
145000 0.0954675 0.0941361 0.0999542 0.289558
146000 0.0994906 0.0922046 0.0994982 0.291193
147000 0.109674 0.0970691 0.0961887 0.302931
148000 0.100213 0.103652 0.108764 0.312628
149000 0.10769 0.100257 0.109236 0.317184
150000 0.104925 0.0932023 0.111658 0.309785
151000 0.110273 0.108407 0.104393 0.323073
152000 0.112472 0.0949754 0.0937602 0.301207
153000 0.0954905 0.0930397 0.104682 0.293212
154000 0.110005 0.107173 0.0909937 0.308172
155000 0.101546 0.0831618 0.0920486 0.276756
156000 0.104132 0.090971 0.0999895 0.295093
157000 0.106352 0.0942603 0.100039 0.30065
158000 0.110248 0.099112 0.103265 0.312626
159000 0.0921293 0.0987146 0.108529 0.299373
160000 0.104782 0.0948925 0.114749 0.314424
161000 0.101587 0.0996619 0.109612 0.310861
162000 0.103883 0.0970074 0.100884 0.301774
163000 0.109301 0.0997912 0.110198 0.319291
164000 0.106503 0.0958383 0.113061 0.315403
165000 0.109836 0.0977414 0.09856 0.306138
166000 0.101062 0.087698 0.108147 0.296908
167000 0.105583 0.100116 0.1094 0.315098
168000 0.105033 0.100635 0.108473 0.314141
169000 0.10139 0.0981647 0.104933 0.304488
170000 0.109548 0.106492 0.110694 0.326734
171000 0.11818 0.104523 0.118281 0.340985
172000 0.112709 0.108109 0.108063 0.328881
173000 0.109646 0.0987699 0.103239 0.311655
174000 0.101508 0.0962924 0.108985 0.306786
175000 0.108198 0.0989288 0.105955 0.313081
176000 0.106067 0.0933371 0.110261 0.309665
177000 0.108486 0.0986864 0.11799 0.325163
178000 0.102983 0.0940898 0.122522 0.319594
179000 0.115865 0.0952832 0.112395 0.323544
180000 0.120073 0.0969307 0.110978 0.327982
181000 0.114908 0.092575 0.109478 0.316961
182000 0.111044 0.107905 0.118794 0.337743
183000 0.106628 0.109501 0.118688 0.334816
184000 0.110076 0.101433 0.112602 0.324111
185000 0.117003 0.099997 0.1123 0.3293
186000 0.111311 0.0979228 0.116076 0.325309
187000 0.105613 0.0981142 0.115093 0.31882
188000 0.116769 0.0988022 0.112338 0.327909
189000 0.110293 0.110595 0.110294 0.331182
190000 0.119742 0.0955467 0.112238 0.327526
191000 0.123481 0.104257 0.114211 0.341949
192000 0.1269 0.105418 0.112327 0.344646
193000 0.118127 0.101151 0.117605 0.336884
194000 0.127375 0.106373 0.111467 0.345215
195000 0.115683 0.0932512 0.109358 0.318293
196000 0.115703 0.106936 0.110185 0.332824
197000 0.113237 0.11086 0.113613 0.33771
198000 0.117619 0.104953 0.113524 0.336096
199000 0.112293 0.102794 0.112477 0.327563
200000 0.117194 0.0961896 0.120789 0.334172
201000 0.11512 0.0975423 0.11396 0.326622
202000 0.114585 0.0940266 0.116415 0.325026
203000 0.11548 0.0991523 0.107739 0.322371
204000 0.124152 0.0975757 0.11088 0.332608
205000 0.109207 0.095614 0.114932 0.319753
206000 0.109797 0.0966798 0.109341 0.315817
207000 0.123546 0.0998362 0.11466 0.338042
208000 0.11136 0.0937463 0.111138 0.316245
209000 0.137737 0.104154 0.111462 0.353353
210000 0.118632 0.0947116 0.11668 0.330023
211000 0.121181 0.0903022 0.107497 0.31898
212000 0.116525 0.101495 0.109346 0.327366
213000 0.108457 0.0928877 0.116288 0.317632
214000 0.122161 0.0981725 0.111174 0.331507
215000 0.117004 0.100572 0.112851 0.330427
216000 0.112386 0.0943007 0.105956 0.312643
217000 0.115549 0.104854 0.117574 0.337976
218000 0.108121 0.0999419 0.121127 0.32919
219000 0.117154 0.0949461 0.113521 0.325621
220000 0.126033 0.102438 0.118009 0.34648
221000 0.123823 0.0949616 0.123783 0.342567
222000 0.119508 0.106788 0.122082 0.348379
223000 0.114119 0.101144 0.11608 0.331342
224000 0.11878 0.103748 0.119527 0.342055
225000 0.126591 0.102244 0.119409 0.348244
226000 0.124809 0.105574 0.120034 0.350417
227000 0.128691 0.102004 0.122014 0.352709
228000 0.122328 0.109911 0.126522 0.358761
229000 0.126305 0.100052 0.128249 0.354605
230000 0.134599 0.103186 0.12283 0.360615
231000 0.140454 0.103198 0.122325 0.365978
232000 0.134892 0.101596 0.121767 0.358255
233000 0.128947 0.107238 0.118869 0.355054
234000 0.121548 0.105252 0.114903 0.341703
235000 0.122631 0.10438 0.124656 0.351667
236000 0.138189 0.122284 0.123614 0.384088
237000 0.119609 0.103352 0.124646 0.347608
238000 0.111925 0.106538 0.122803 0.341267
239000 0.124098 0.10256 0.125941 0.352599
240000 0.121392 0.107351 0.134999 0.363742
241000 0.122508 0.108512 0.123523 0.354543
242000 0.122353 0.101576 0.11969 0.343619
243000 0.126914 0.10721 0.127327 0.361451
244000 0.126271 0.104786 0.117194 0.348252
245000 0.132505 0.106018 0.121423 0.359945
246000 0.126967 0.1086 0.117455 0.353022
247000 0.129591 0.106257 0.118984 0.354832
248000 0.124818 0.102954 0.131819 0.359592
249000 0.116632 0.109422 0.126367 0.352422
250000 0.11458 0.105636 0.120045 0.340262
251000 0.12195 0.107326 0.117087 0.346363
252000 0.124006 0.114869 0.117959 0.356835
253000 0.129494 0.109471 0.119782 0.358747
254000 0.126945 0.103449 0.120442 0.350837
255000 0.11721 0.0995486 0.11406 0.330818
256000 0.121126 0.107696 0.134005 0.362827
257000 0.130698 0.110201 0.142409 0.383308
258000 0.121534 0.101648 0.123858 0.347041
259000 0.13304 0.105344 0.135153 0.373538
260000 0.125706 0.104173 0.12285 0.352728
261000 0.124469 0.106603 0.120438 0.351509
262000 0.128634 0.108173 0.12679 0.363597
263000 0.130335 0.114029 0.125542 0.369905
264000 0.133932 0.122295 0.132322 0.388549
265000 0.136422 0.123495 0.135734 0.395651
266000 0.137445 0.126657 0.137552 0.401654
267000 0.131766 0.112072 0.128018 0.371857
268000 0.131118 0.104992 0.129187 0.365296
269000 0.12363 0.117221 0.127912 0.368763
270000 0.140194 0.113946 0.126181 0.380322
271000 0.12876 0.109363 0.135095 0.373218
272000 0.138005 0.102595 0.129814 0.370414
273000 0.134364 0.126936 0.123196 0.384497
274000 0.128473 0.111543 0.120513 0.36053
275000 0.123752 0.107471 0.134766 0.36599
276000 0.137612 0.111902 0.127276 0.376791
277000 0.122783 0.10304 0.119232 0.345054
278000 0.134172 0.103371 0.117072 0.354614
279000 0.130527 0.125451 0.123942 0.37992
280000 0.136292 0.110241 0.118906 0.365439
281000 0.148664 0.119994 0.126048 0.394706
282000 0.134167 0.104093 0.129851 0.368112
283000 0.129758 0.105776 0.12626 0.361793
284000 0.129526 0.11683 0.130386 0.376743
285000 0.127266 0.110635 0.129801 0.367701
286000 0.128454 0.10841 0.134636 0.3715
287000 0.136971 0.11215 0.133417 0.382539
288000 0.135065 0.110166 0.117931 0.363162
289000 0.12716 0.116607 0.125333 0.3691
290000 0.137825 0.118401 0.127548 0.383773
291000 0.127507 0.113162 0.126468 0.367137
292000 0.142457 0.116988 0.123977 0.383422
293000 0.132025 0.103316 0.129719 0.365059
294000 0.125534 0.107255 0.126585 0.359374
295000 0.127549 0.116487 0.132439 0.376475
296000 0.136138 0.109353 0.124574 0.370065
297000 0.136455 0.118121 0.13036 0.384936
298000 0.139825 0.10816 0.138828 0.386814
299000 0.157442 0.116786 0.126128 0.400356
300000 0.131364 0.124344 0.124643 0.38035
301000 0.134499 0.124919 0.125335 0.384754
302000 0.134294 0.112436 0.133765 0.380494
303000 0.127643 0.104388 0.133563 0.365594
304000 0.128106 0.10641 0.131164 0.365681
305000 0.137261 0.103313 0.131512 0.372085
306000 0.143308 0.109856 0.1339 0.387064
307000 0.132613 0.109294 0.127239 0.369147
308000 0.133618 0.109326 0.12321 0.366154
309000 0.133872 0.116838 0.126501 0.377211
310000 0.139002 0.103583 0.123551 0.366137
311000 0.133967 0.105701 0.126311 0.365979
312000 0.143946 0.111489 0.132388 0.387824
313000 0.129845 0.107608 0.126364 0.363818
314000 0.134939 0.109238 0.122504 0.36668
315000 0.142624 0.112315 0.122417 0.377356
316000 0.132671 0.111222 0.136548 0.380441
317000 0.131476 0.11001 0.129015 0.3705
318000 0.137509 0.105656 0.118527 0.361692
319000 0.123226 0.104203 0.119351 0.34678
320000 0.140729 0.104082 0.125398 0.37021
321000 0.122225 0.10598 0.119665 0.34787
322000 0.134551 0.105523 0.118914 0.358988
323000 0.137329 0.111323 0.124468 0.37312
324000 0.133866 0.115251 0.124779 0.373896
325000 0.131886 0.117023 0.130512 0.379421
326000 0.125188 0.109562 0.125488 0.360237
327000 0.141077 0.107071 0.12704 0.375188
328000 0.132604 0.105145 0.128847 0.366596
329000 0.138838 0.115758 0.133776 0.388372
330000 0.137232 0.121609 0.123077 0.381918
331000 0.138756 0.115803 0.129691 0.38425
332000 0.139466 0.109527 0.125874 0.374867
333000 0.133232 0.119252 0.123288 0.375772
334000 0.14413 0.113474 0.130469 0.388073
335000 0.13645 0.110834 0.125115 0.372399
336000 0.135594 0.112976 0.125199 0.373769
337000 0.131515 0.124463 0.127755 0.383733
338000 0.1381 0.121441 0.128561 0.388103
339000 0.136991 0.118266 0.127634 0.382891
340000 0.14571 0.109958 0.131208 0.386877
341000 0.145846 0.11129 0.124532 0.381668
342000 0.143934 0.114539 0.135613 0.394085
343000 0.131736 0.112062 0.138945 0.382742
344000 0.153568 0.125857 0.132932 0.412357
345000 0.14275 0.115121 0.126586 0.384457
346000 0.148845 0.121465 0.132037 0.402348
347000 0.146975 0.120586 0.130708 0.398269
348000 0.139752 0.124935 0.124213 0.388901
349000 0.136242 0.12036 0.124653 0.381255
350000 0.150157 0.11854 0.130614 0.399312
351000 0.146789 0.116976 0.127172 0.390938
352000 0.143398 0.115004 0.128632 0.387033
353000 0.146534 0.1162 0.134503 0.397238
354000 0.139183 0.117527 0.128752 0.385462
355000 0.143915 0.113213 0.137523 0.394651
356000 0.133516 0.11525 0.134281 0.383047
357000 0.141377 0.117804 0.126621 0.385802
358000 0.148847 0.114913 0.132669 0.396429
359000 0.146736 0.110116 0.130662 0.387514
360000 0.146436 0.126026 0.132694 0.405156
361000 0.15747 0.124752 0.131452 0.413674
362000 0.147225 0.128414 0.136437 0.412077
363000 0.141622 0.123149 0.134963 0.399734
364000 0.145572 0.117879 0.129022 0.392473
365000 0.14327 0.109953 0.135024 0.388247
366000 0.138258 0.114006 0.130608 0.382871
367000 0.144993 0.115592 0.126484 0.387069
368000 0.160267 0.119146 0.136063 0.415476
369000 0.142353 0.11745 0.131613 0.391416
370000 0.150375 0.109658 0.134604 0.394637
371000 0.159715 0.128109 0.132428 0.420252
372000 0.146709 0.123683 0.132223 0.402614
373000 0.149482 0.122126 0.135114 0.406721
374000 0.155867 0.129047 0.141862 0.426777
375000 0.157236 0.138894 0.143677 0.439807
376000 0.168801 0.141339 0.141157 0.451298
377000 0.154186 0.129011 0.142737 0.425935
378000 0.156892 0.128447 0.141125 0.426464
379000 0.152446 0.127215 0.13972 0.419382
380000 0.145754 0.136927 0.142921 0.425602
381000 0.146264 0.133888 0.139075 0.419227
382000 0.151514 0.135402 0.141332 0.428248
383000 0.149336 0.127039 0.141117 0.417492
384000 0.155034 0.118669 0.13603 0.409733
385000 0.165045 0.127603 0.133978 0.426626
386000 0.164296 0.119807 0.150099 0.434202
387000 0.15839 0.131003 0.156108 0.445502
388000 0.158965 0.129536 0.140612 0.429113
389000 0.155768 0.139086 0.13365 0.428504
390000 0.157409 0.131277 0.135443 0.424129
391000 0.152085 0.128331 0.127708 0.408124
392000 0.163608 0.134956 0.136808 0.435372
393000 0.166055 0.133896 0.139586 0.439537
394000 0.151259 0.131578 0.141149 0.423986
395000 0.157819 0.134516 0.144407 0.436743
396000 0.152589 0.133442 0.132225 0.418255
397000 0.154164 0.130175 0.13548 0.419819
398000 0.150861 0.129445 0.140155 0.42046
399000 0.159979 0.127421 0.141281 0.428682
400000 0.152834 0.12462 0.139284 0.416738
401000 0.153703 0.128237 0.143659 0.425599
402000 0.156313 0.139751 0.140866 0.43693
403000 0.158754 0.142559 0.148337 0.44965
404000 0.168581 0.146747 0.146597 0.461925
405000 0.161914 0.133451 0.138905 0.434271
406000 0.154855 0.129087 0.142026 0.425968
407000 0.155868 0.135581 0.152277 0.443726
408000 0.143442 0.123987 0.147197 0.414627
409000 0.165826 0.129142 0.150027 0.444994
410000 0.161928 0.126587 0.146593 0.435107
411000 0.162308 0.134081 0.149163 0.445551
412000 0.160834 0.131013 0.146365 0.438212
413000 0.152133 0.134661 0.143578 0.430373
414000 0.161984 0.141039 0.140225 0.443247
415000 0.152426 0.135264 0.150529 0.438219
416000 0.147146 0.132658 0.147822 0.427627
417000 0.164874 0.134397 0.147484 0.446755
418000 0.165825 0.134731 0.154332 0.454888
419000 0.158634 0.130171 0.152796 0.441601
420000 0.159076 0.136091 0.153431 0.448598
421000 0.167922 0.140709 0.15229 0.46092
422000 0.15869 0.141307 0.160901 0.460898
423000 0.158652 0.142827 0.164016 0.465494
424000 0.170991 0.143401 0.163557 0.477949
425000 0.160941 0.139391 0.163679 0.464012
426000 0.166268 0.140444 0.158137 0.464849
427000 0.167515 0.141536 0.155528 0.464579
428000 0.16571 0.150856 0.156807 0.473372
429000 0.162966 0.144731 0.162367 0.470064
430000 0.16246 0.141525 0.15942 0.463405
431000 0.157606 0.143853 0.162812 0.464271
432000 0.168023 0.145093 0.158939 0.472055
433000 0.168157 0.148149 0.162361 0.478667
434000 0.16318 0.153656 0.156015 0.472851
435000 0.166453 0.142363 0.164069 0.472885
436000 0.167709 0.159679 0.169325 0.496714
437000 0.170602 0.142818 0.163074 0.476494
438000 0.17445 0.150177 0.175293 0.49992
439000 0.16531 0.143018 0.168237 0.476565
440000 0.164645 0.154455 0.162422 0.481522
441000 0.162248 0.148901 0.164386 0.475536
442000 0.160515 0.143205 0.169902 0.473622
443000 0.176024 0.150298 0.167887 0.494209
444000 0.175104 0.151597 0.17566 0.502361
445000 0.16298 0.148539 0.176119 0.487638
446000 0.17198 0.158635 0.172196 0.502811
447000 0.172938 0.15869 0.16954 0.501169
448000 0.171731 0.162862 0.17462 0.509213
449000 0.167163 0.150025 0.168348 0.485535
450000 0.176699 0.144426 0.169205 0.49033
451000 0.173833 0.155594 0.184842 0.51427
452000 0.177616 0.153609 0.179549 0.510773
453000 0.183737 0.151784 0.16699 0.502511
454000 0.1624 0.146881 0.170549 0.47983
455000 0.166582 0.154107 0.170657 0.491345
456000 0.177524 0.149319 0.171238 0.498082
457000 0.16596 0.149405 0.172762 0.488128
458000 0.169543 0.154311 0.176234 0.500088
459000 0.19048 0.169417 0.177926 0.537823
460000 0.170122 0.164488 0.181984 0.516594
461000 0.175865 0.153401 0.192636 0.521901
462000 0.182584 0.165942 0.178959 0.527484
463000 0.16813 0.154767 0.169763 0.49266
464000 0.174876 0.165442 0.173857 0.514176
465000 0.180746 0.155647 0.16747 0.503863
466000 0.169214 0.149429 0.168995 0.487639
467000 0.179652 0.165672 0.167228 0.512552
468000 0.177385 0.165502 0.171109 0.513996
469000 0.169303 0.160552 0.181167 0.511022
470000 0.178677 0.166238 0.179031 0.523946
471000 0.175751 0.164423 0.180964 0.521138
472000 0.164346 0.161788 0.178233 0.504368
473000 0.1757 0.15974 0.17118 0.50662
474000 0.176623 0.159193 0.169036 0.504852
475000 0.172011 0.165524 0.179512 0.517047
476000 0.190458 0.15452 0.171467 0.516445
477000 0.187801 0.16119 0.17292 0.521911
478000 0.175751 0.15895 0.170614 0.505316
479000 0.170269 0.162416 0.169636 0.502321
480000 0.186728 0.16806 0.174477 0.529265
481000 0.173496 0.163092 0.176114 0.512702
482000 0.173298 0.16036 0.179605 0.513264
483000 0.181597 0.151599 0.188115 0.521311
484000 0.176634 0.160641 0.181227 0.518502
485000 0.181439 0.162451 0.175322 0.519212
486000 0.182746 0.157694 0.182712 0.523152
487000 0.18337 0.167695 0.175918 0.526984
488000 0.178111 0.162865 0.180209 0.521185
489000 0.184245 0.161543 0.187476 0.533264
490000 0.17903 0.16368 0.191438 0.534148
491000 0.184787 0.163837 0.18855 0.537175
492000 0.181997 0.16575 0.187113 0.53486
493000 0.184462 0.167274 0.189036 0.540772
494000 0.174959 0.161116 0.186296 0.522371
495000 0.185645 0.173075 0.191631 0.550351
496000 0.181732 0.172481 0.189962 0.544175
497000 0.187133 0.167591 0.187446 0.54217
498000 0.190268 0.16479 0.1842 0.539258
499000 0.18844 0.163642 0.193092 0.545174
500000 0.18484 0.168006 0.185094 0.53794
501000 0.174185 0.164914 0.192127 0.531226
502000 0.185665 0.173851 0.182246 0.541762
503000 0.182 0.157007 0.190597 0.529603
504000 0.178364 0.16943 0.194395 0.54219
505000 0.172615 0.159921 0.184567 0.517103
506000 0.188668 0.170325 0.18539 0.544382
507000 0.186237 0.174612 0.186028 0.546877
508000 0.18036 0.155809 0.194942 0.531111
509000 0.177984 0.1608 0.198314 0.537098
510000 0.182953 0.169015 0.190184 0.542153
511000 0.186648 0.176053 0.195181 0.557882
512000 0.182465 0.174387 0.197488 0.55434
513000 0.200147 0.177813 0.195558 0.573518
514000 0.192086 0.163197 0.19258 0.547862
515000 0.186033 0.177055 0.190627 0.553716
516000 0.193695 0.194606 0.186011 0.574312
517000 0.188137 0.18083 0.193894 0.562861
518000 0.189414 0.175716 0.185945 0.551075
519000 0.182007 0.181502 0.190686 0.554194
520000 0.189861 0.183543 0.194647 0.568051
521000 0.197462 0.183213 0.201834 0.582509
522000 0.179363 0.173355 0.182883 0.535601
523000 0.173105 0.193076 0.188821 0.555002
524000 0.180922 0.179538 0.18532 0.54578
525000 0.185204 0.178532 0.189796 0.553532
526000 0.186706 0.181453 0.202331 0.570489
527000 0.205317 0.171884 0.208261 0.585462
528000 0.196475 0.176899 0.196815 0.570189
529000 0.198138 0.17934 0.200008 0.577486
530000 0.193752 0.177827 0.198803 0.570382
531000 0.196329 0.185372 0.197241 0.578942
532000 0.201201 0.17367 0.191718 0.566589
533000 0.195783 0.172774 0.193181 0.561738
534000 0.207281 0.189163 0.196391 0.592834
535000 0.209959 0.174762 0.192622 0.577343
536000 0.198258 0.179608 0.208413 0.586279
537000 0.193817 0.179807 0.197781 0.571406
538000 0.191053 0.179802 0.206025 0.57688
539000 0.206036 0.176839 0.197884 0.580759
540000 0.198224 0.179893 0.202291 0.580408
541000 0.204137 0.184331 0.192848 0.581316
542000 0.20055 0.185627 0.198101 0.584278
543000 0.197024 0.190041 0.192313 0.579378
544000 0.201807 0.176974 0.199712 0.578493
545000 0.20059 0.178636 0.213467 0.592693
546000 0.217207 0.180589 0.201432 0.599228
547000 0.205107 0.183826 0.201801 0.590734
548000 0.204437 0.191589 0.201526 0.597552
549000 0.192397 0.177407 0.204054 0.573858
550000 0.193444 0.183389 0.192443 0.569276
551000 0.195594 0.18688 0.203998 0.586472
552000 0.206989 0.182112 0.195788 0.584889
553000 0.208797 0.191743 0.206375 0.606915
554000 0.204157 0.187261 0.196604 0.588022
555000 0.205684 0.1851 0.20356 0.594343
556000 0.21299 0.196728 0.207699 0.617418
557000 0.214275 0.192154 0.202224 0.608653
558000 0.212115 0.182787 0.20858 0.603482
559000 0.207575 0.188506 0.206076 0.602157
560000 0.208487 0.191383 0.211093 0.610963
561000 0.191095 0.187779 0.211638 0.590512
562000 0.194441 0.189785 0.208792 0.593018
563000 0.204506 0.18336 0.207166 0.595032
564000 0.212266 0.188189 0.212653 0.613109
565000 0.216738 0.192864 0.201007 0.610609
566000 0.211869 0.18712 0.19854 0.597529
567000 0.203527 0.190903 0.2124 0.606831
568000 0.21569 0.196679 0.203051 0.615421
569000 0.225337 0.189625 0.208148 0.62311
570000 0.231735 0.192296 0.207213 0.631244
571000 0.234549 0.195821 0.214129 0.644499
572000 0.219749 0.199111 0.213672 0.632532
573000 0.201921 0.191368 0.207905 0.601194
574000 0.204709 0.194012 0.210938 0.609658
575000 0.211392 0.197407 0.217447 0.626246
576000 0.191402 0.190095 0.20208 0.583577
577000 0.201719 0.197788 0.210011 0.609517
578000 0.218011 0.205402 0.202498 0.625912
579000 0.218092 0.19059 0.203403 0.612085
580000 0.227829 0.186885 0.201507 0.616221
581000 0.212521 0.19454 0.209402 0.616463
582000 0.206024 0.201284 0.206499 0.613807
583000 0.209903 0.201054 0.212244 0.6232
584000 0.200094 0.211909 0.217991 0.629994
585000 0.209746 0.208074 0.219605 0.637425
586000 0.215535 0.212808 0.208223 0.636566
587000 0.220778 0.211167 0.205131 0.637077
588000 0.209569 0.197194 0.204514 0.611277
589000 0.222032 0.206768 0.215715 0.644516
590000 0.208862 0.209697 0.20747 0.626028
591000 0.21734 0.209463 0.207778 0.634581
592000 0.226988 0.20407 0.212066 0.643123
593000 0.219342 0.205199 0.216547 0.641088
594000 0.215537 0.200768 0.215468 0.631773
595000 0.214588 0.217802 0.208905 0.641295
596000 0.224469 0.201559 0.212548 0.638576
597000 0.217593 0.205161 0.211944 0.634698
598000 0.222123 0.211281 0.210356 0.643761
599000 0.221619 0.210939 0.206633 0.639191
600000 0.223459 0.211483 0.212222 0.647164
601000 0.229307 0.219301 0.215519 0.664127
602000 0.222042 0.211424 0.215947 0.649414
603000 0.226282 0.213353 0.221764 0.661399
604000 0.230156 0.225528 0.23095 0.686634
605000 0.217918 0.215924 0.22983 0.663672
606000 0.221043 0.212123 0.227003 0.660169
607000 0.22977 0.209103 0.222839 0.661711
608000 0.243485 0.212827 0.229925 0.686237
609000 0.224956 0.210921 0.218296 0.654173
610000 0.226004 0.216598 0.208503 0.651104
611000 0.217616 0.212979 0.210978 0.641573
612000 0.230967 0.221384 0.215991 0.668343
613000 0.230227 0.212954 0.222353 0.665534
614000 0.227314 0.213113 0.21359 0.654017
615000 0.236802 0.215607 0.222757 0.675167
616000 0.221459 0.208266 0.21118 0.640904
617000 0.221498 0.218573 0.218615 0.658685
618000 0.220392 0.214757 0.212056 0.647205
619000 0.215804 0.207918 0.223099 0.646821
620000 0.252535 0.223691 0.236227 0.712454
621000 0.247848 0.220572 0.222259 0.69068
622000 0.238104 0.211121 0.22337 0.672595
623000 0.253709 0.219649 0.228918 0.702276
624000 0.217912 0.22153 0.225762 0.665203
625000 0.242048 0.216242 0.225074 0.683364
626000 0.244025 0.231935 0.222268 0.698228
627000 0.230548 0.230343 0.214829 0.67572
628000 0.214276 0.218645 0.219012 0.651932
629000 0.226669 0.229227 0.216074 0.671969
630000 0.231921 0.216702 0.217903 0.666526
631000 0.241825 0.210649 0.223025 0.675498
632000 0.233081 0.209791 0.229146 0.672017
633000 0.226069 0.226446 0.23369 0.686205
634000 0.23214 0.222522 0.232703 0.687365
635000 0.228352 0.209039 0.230694 0.668084
636000 0.22781 0.229963 0.224979 0.682751
637000 0.22162 0.207949 0.226327 0.655896
638000 0.234931 0.219993 0.215431 0.670355
639000 0.221849 0.221325 0.229621 0.672795
640000 0.235362 0.217108 0.227508 0.679979
641000 0.238451 0.225512 0.227615 0.691578
642000 0.240026 0.215436 0.225403 0.680865
643000 0.221158 0.225053 0.238883 0.685094
644000 0.223256 0.21415 0.229088 0.666494
645000 0.230594 0.211994 0.222725 0.665313
646000 0.227128 0.219651 0.216391 0.663169
647000 0.237236 0.217927 0.228867 0.68403
648000 0.231487 0.223072 0.221676 0.676235
649000 0.227525 0.235884 0.226686 0.690096
650000 0.226171 0.213181 0.228107 0.667458
651000 0.243843 0.214091 0.223732 0.681666
652000 0.232569 0.220164 0.228821 0.681554
653000 0.254656 0.227044 0.232512 0.714213
654000 0.224546 0.2102 0.224409 0.659156
655000 0.235423 0.217115 0.223857 0.676395
656000 0.227182 0.216534 0.231639 0.675355
657000 0.235548 0.219867 0.226479 0.681893
658000 0.246893 0.230367 0.235608 0.712867
659000 0.248096 0.22898 0.233472 0.710548
660000 0.236679 0.22513 0.225096 0.686906
661000 0.242466 0.224095 0.245269 0.711831
662000 0.234123 0.216926 0.227079 0.678128
663000 0.246386 0.2297 0.229392 0.705478
664000 0.242988 0.220346 0.224829 0.688163
665000 0.246394 0.223403 0.236941 0.706738
666000 0.252443 0.231594 0.2281 0.712137
667000 0.245503 0.220283 0.234835 0.700621
668000 0.244877 0.226591 0.231329 0.702797
669000 0.240942 0.21618 0.229351 0.686473
670000 0.240543 0.224111 0.242633 0.707287
671000 0.24114 0.221167 0.240978 0.703285
672000 0.232474 0.225154 0.253816 0.711445
673000 0.260253 0.246239 0.251889 0.758381
674000 0.241219 0.223613 0.24613 0.710962
675000 0.235506 0.220511 0.236375 0.692393
676000 0.240883 0.228479 0.239597 0.708959
677000 0.249124 0.216482 0.234125 0.699732
678000 0.242184 0.223095 0.238146 0.703424
679000 0.246928 0.232763 0.240799 0.720489
680000 0.242611 0.229643 0.235676 0.707931
681000 0.246063 0.219311 0.238509 0.703883
682000 0.249535 0.229041 0.233991 0.712566
683000 0.24806 0.220195 0.247076 0.715331
684000 0.23238 0.227496 0.244213 0.704089
685000 0.256231 0.239914 0.238244 0.734389
686000 0.24102 0.228057 0.243934 0.713011
687000 0.247423 0.227633 0.245786 0.720842
688000 0.251374 0.241731 0.239887 0.732992
689000 0.234699 0.234939 0.239994 0.709632
690000 0.25035 0.235155 0.251663 0.737168
691000 0.252977 0.225844 0.245647 0.724467
692000 0.243462 0.228768 0.236801 0.709031
693000 0.243476 0.237351 0.248562 0.729389
694000 0.252438 0.239309 0.239362 0.731109
695000 0.254291 0.232281 0.245322 0.731894
696000 0.258619 0.224368 0.237629 0.720615
697000 0.251483 0.235962 0.254142 0.741587
698000 0.248884 0.233037 0.247055 0.728977
699000 0.246659 0.238399 0.242491 0.727549
700000 0.263344 0.245514 0.243289 0.752147
701000 0.249185 0.237259 0.244205 0.730649
702000 0.242623 0.230761 0.241841 0.715225
703000 0.251431 0.225306 0.247066 0.723803
704000 0.258835 0.233252 0.239783 0.73187
705000 0.25225 0.238986 0.23844 0.729676
706000 0.247008 0.234467 0.238893 0.720369
707000 0.254092 0.239312 0.244724 0.738129
708000 0.240265 0.228936 0.238217 0.707418
709000 0.246247 0.239476 0.243838 0.729561
710000 0.250659 0.225963 0.233427 0.710049
711000 0.267336 0.235981 0.244938 0.748255
712000 0.248045 0.219643 0.240639 0.708327
713000 0.25251 0.225502 0.257078 0.73509
714000 0.255842 0.23169 0.242225 0.729757
715000 0.250187 0.229086 0.24227 0.721543
716000 0.244894 0.23531 0.237832 0.718036
717000 0.244527 0.229056 0.244563 0.718146
718000 0.250015 0.24006 0.241542 0.731617
719000 0.259703 0.214573 0.233266 0.707542
720000 0.24603 0.226131 0.23866 0.71082
721000 0.241948 0.234491 0.248336 0.724775
722000 0.238036 0.234962 0.234557 0.707555
723000 0.248994 0.237311 0.247852 0.734157
724000 0.238057 0.234903 0.241111 0.714071
725000 0.234994 0.230023 0.246653 0.71167
726000 0.246358 0.227487 0.252183 0.726028
727000 0.239177 0.225769 0.246263 0.71121
728000 0.24462 0.227362 0.25451 0.726492
729000 0.250037 0.227742 0.251499 0.729278
730000 0.24191 0.226846 0.248796 0.717551
731000 0.250302 0.234882 0.249471 0.734655
732000 0.248976 0.234614 0.247016 0.730606
733000 0.25567 0.238973 0.241252 0.735896
734000 0.270492 0.240398 0.243458 0.754348
735000 0.255605 0.236718 0.238817 0.73114
736000 0.256021 0.236868 0.257544 0.750433
737000 0.262967 0.236216 0.252403 0.751586
738000 0.241987 0.22992 0.251599 0.723505
739000 0.242605 0.244979 0.251345 0.738928
740000 0.241835 0.23409 0.248113 0.724037
741000 0.244866 0.235324 0.248314 0.728504
742000 0.25177 0.254881 0.253041 0.759692
743000 0.244802 0.243385 0.243501 0.731688
744000 0.251112 0.228842 0.239845 0.719799
745000 0.254945 0.229371 0.247187 0.731504
746000 0.242152 0.237864 0.252319 0.732335
747000 0.245481 0.239056 0.256508 0.741045
748000 0.252943 0.23514 0.263233 0.751315
749000 0.242887 0.224319 0.260606 0.727812
750000 0.241764 0.223365 0.268406 0.733534
751000 0.258711 0.229849 0.254572 0.743131
752000 0.251922 0.24141 0.254686 0.748018
753000 0.251018 0.22709 0.264047 0.742156
754000 0.249797 0.230093 0.25218 0.73207
755000 0.243026 0.228945 0.256681 0.728652
756000 0.23796 0.227044 0.264565 0.729569
757000 0.249342 0.232798 0.255978 0.738118
758000 0.256187 0.221681 0.254463 0.73233
759000 0.264898 0.232385 0.260821 0.758105
760000 0.25974 0.234128 0.272824 0.766691
761000 0.254278 0.229425 0.268347 0.752051
762000 0.250494 0.224733 0.26351 0.738737
763000 0.245914 0.231003 0.257455 0.734372
764000 0.249496 0.224832 0.256239 0.730566
765000 0.264355 0.2279 0.27033 0.762584
766000 0.254588 0.22949 0.262538 0.746615
767000 0.258031 0.232034 0.269065 0.759131
768000 0.259367 0.228139 0.270454 0.75796
769000 0.256964 0.238284 0.269658 0.764906
770000 0.258472 0.230637 0.259281 0.74839
771000 0.256852 0.229386 0.266741 0.752978
772000 0.264701 0.236921 0.264835 0.766457
773000 0.252066 0.234194 0.262256 0.748516
774000 0.237486 0.226071 0.269499 0.733056
775000 0.246283 0.227318 0.246251 0.719852
776000 0.244672 0.235735 0.265214 0.745621
777000 0.248421 0.235476 0.261659 0.745556
778000 0.260824 0.236482 0.264801 0.762107
779000 0.245695 0.238701 0.254336 0.738732
780000 0.258534 0.219741 0.261909 0.740184
781000 0.252646 0.23732 0.25606 0.746026
782000 0.261813 0.234906 0.258155 0.754873
783000 0.261836 0.238009 0.270282 0.770128
784000 0.260237 0.234182 0.279545 0.773964
785000 0.252632 0.234616 0.27736 0.764609
786000 0.246568 0.244907 0.265615 0.757089
787000 0.23376 0.233967 0.267517 0.735244
788000 0.246935 0.248025 0.264878 0.759839
789000 0.248799 0.253184 0.264448 0.766432
790000 0.254606 0.241284 0.261912 0.757803
791000 0.257728 0.244645 0.268339 0.770713
792000 0.256456 0.247495 0.271327 0.775278
793000 0.259804 0.234224 0.2644 0.758428
794000 0.263427 0.24816 0.257738 0.769325
795000 0.252746 0.24215 0.266283 0.761179
796000 0.255955 0.240901 0.263701 0.760558
797000 0.263524 0.245213 0.261744 0.770481
798000 0.254226 0.255223 0.265344 0.774793
799000 0.265262 0.242942 0.267988 0.776192
800000 0.263018 0.23983 0.256905 0.759753
801000 0.263542 0.257446 0.265143 0.786131
802000 0.274504 0.251874 0.2629 0.789278
803000 0.277231 0.248328 0.272317 0.797876
804000 0.26208 0.249574 0.268966 0.78062
805000 0.265148 0.248265 0.260826 0.77424
806000 0.265079 0.251027 0.262357 0.778463
807000 0.263488 0.246264 0.254381 0.764133
808000 0.253782 0.246121 0.263106 0.763008
809000 0.264913 0.244865 0.266189 0.775967
810000 0.262451 0.246475 0.253959 0.762885
811000 0.265092 0.243112 0.261574 0.769778
812000 0.283044 0.264587 0.262623 0.810254
813000 0.280132 0.2525 0.261491 0.794123
814000 0.293246 0.239516 0.265329 0.798091
815000 0.284876 0.254543 0.260178 0.799597
816000 0.270326 0.25321 0.257523 0.781059
817000 0.262933 0.247326 0.264687 0.774946
818000 0.279153 0.248154 0.252105 0.779412
819000 0.267145 0.251509 0.257291 0.775945
820000 0.272266 0.240247 0.257004 0.769517
821000 0.274598 0.257225 0.265641 0.797464
822000 0.280411 0.255055 0.261302 0.796768
823000 0.278806 0.245937 0.250853 0.775596
824000 0.2667 0.238501 0.26506 0.770261
825000 0.258096 0.249292 0.267554 0.774942
826000 0.280751 0.243198 0.261849 0.785798
827000 0.257884 0.252545 0.244726 0.755154
828000 0.272255 0.243676 0.263083 0.779014
829000 0.269835 0.2567 0.265246 0.791781
830000 0.259396 0.246071 0.258829 0.764296
831000 0.264249 0.247154 0.2617 0.773104
832000 0.2741 0.247287 0.268111 0.789498
833000 0.273115 0.25046 0.26075 0.784324
834000 0.27352 0.251665 0.266553 0.791739
835000 0.259656 0.259362 0.252278 0.771296
836000 0.259946 0.249269 0.262755 0.77197
837000 0.26824 0.249194 0.260247 0.777681
838000 0.272858 0.251019 0.25823 0.782107
839000 0.267282 0.253522 0.252126 0.772929
840000 0.27034 0.247715 0.259068 0.777123
841000 0.27219 0.24292 0.263185 0.778295
842000 0.26573 0.251901 0.269491 0.787122
843000 0.26927 0.24993 0.260265 0.779465
844000 0.28832 0.247169 0.257373 0.792862
845000 0.263162 0.247695 0.261016 0.771874
846000 0.278036 0.272233 0.264502 0.814771
847000 0.272834 0.25411 0.252136 0.779081
848000 0.268238 0.243146 0.257459 0.768843
849000 0.271107 0.245107 0.266289 0.782503
850000 0.271516 0.238712 0.264227 0.774455
851000 0.278648 0.257279 0.262017 0.797944
852000 0.25913 0.24816 0.266152 0.773442
853000 0.268439 0.249455 0.260587 0.77848
854000 0.267838 0.251544 0.264238 0.78362
855000 0.269631 0.251283 0.264374 0.785288
856000 0.28208 0.256665 0.262121 0.800867
857000 0.269113 0.256215 0.257346 0.782674
858000 0.272467 0.240861 0.257032 0.770361
859000 0.268372 0.262159 0.273201 0.803731
860000 0.270425 0.253453 0.267241 0.791119
861000 0.267143 0.254788 0.261978 0.78391
862000 0.270252 0.256899 0.271846 0.798996
863000 0.267292 0.260497 0.260854 0.788643
864000 0.269783 0.260235 0.271256 0.801275
865000 0.277803 0.26361 0.266248 0.807662
866000 0.283513 0.258567 0.273739 0.815819
867000 0.277332 0.250081 0.277631 0.805044
868000 0.269731 0.249214 0.269851 0.788795
869000 0.268178 0.259522 0.267035 0.794736
870000 0.266934 0.248357 0.256235 0.771526
871000 0.284505 0.249196 0.266126 0.799827
872000 0.276389 0.267995 0.265832 0.810216
873000 0.268127 0.256796 0.270936 0.795859
874000 0.27697 0.257634 0.273349 0.807953
875000 0.267221 0.25394 0.273248 0.794409
876000 0.261668 0.258582 0.271758 0.792007
877000 0.272359 0.253622 0.272911 0.798892
878000 0.272921 0.259187 0.278445 0.810553
879000 0.271913 0.268532 0.278749 0.819194
880000 0.27182 0.255499 0.258852 0.786171
881000 0.266194 0.25954 0.262226 0.78796
882000 0.26638 0.257352 0.278629 0.802361
883000 0.267504 0.251787 0.26774 0.787031
884000 0.272647 0.255806 0.264103 0.792556
885000 0.268726 0.251928 0.273882 0.794536
886000 0.27427 0.259892 0.266154 0.800316
887000 0.263287 0.261234 0.282956 0.807477
888000 0.265177 0.262527 0.269087 0.79679
889000 0.278163 0.266939 0.27118 0.816283
890000 0.281032 0.259157 0.258366 0.798556
891000 0.271494 0.263365 0.258812 0.79367
892000 0.277467 0.261251 0.259998 0.798717
893000 0.270671 0.256489 0.264713 0.791873
894000 0.267809 0.262491 0.274106 0.804406
895000 0.287419 0.26353 0.264047 0.814996
896000 0.278429 0.268779 0.269081 0.81629
897000 0.272664 0.260443 0.283701 0.816808
898000 0.271699 0.255742 0.27296 0.800401
899000 0.28071 0.272735 0.286841 0.840285
900000 0.283256 0.268175 0.273676 0.825108
901000 0.284806 0.256276 0.279695 0.820777
902000 0.285907 0.261009 0.286867 0.833784
903000 0.293665 0.278181 0.282098 0.853944
904000 0.29827 0.260961 0.280472 0.839704
905000 0.289246 0.260927 0.270857 0.821029
906000 0.267616 0.27558 0.276783 0.81998
907000 0.276175 0.260637 0.279077 0.815888
908000 0.270842 0.263412 0.283944 0.818198
909000 0.27715 0.262455 0.281317 0.820922
910000 0.276366 0.256539 0.283709 0.816614
911000 0.277823 0.255061 0.283808 0.816692
912000 0.287381 0.263951 0.273896 0.825229
913000 0.296565 0.278829 0.276709 0.852102
914000 0.288411 0.261717 0.283402 0.833531
915000 0.293568 0.276233 0.279178 0.848979
916000 0.290754 0.266493 0.273273 0.83052
917000 0.289031 0.263548 0.283905 0.836483
918000 0.288925 0.262932 0.284594 0.836452
919000 0.282874 0.270193 0.287716 0.840783
920000 0.296587 0.259618 0.283791 0.839996
921000 0.309424 0.272111 0.28808 0.869615
922000 0.302461 0.268673 0.277703 0.848837
923000 0.302343 0.257896 0.283064 0.843303
924000 0.287754 0.268222 0.286832 0.842809
925000 0.299568 0.275097 0.292321 0.866987
926000 0.291764 0.256784 0.286438 0.834987
927000 0.295576 0.266888 0.283873 0.846337
928000 0.300738 0.267942 0.274523 0.843203
929000 0.307675 0.277877 0.291572 0.877124
930000 0.301928 0.273087 0.277882 0.852898
931000 0.301363 0.280218 0.281441 0.863021
932000 0.299961 0.271218 0.271417 0.842597
933000 0.295979 0.265505 0.278651 0.840135
934000 0.29616 0.267052 0.278425 0.841637
935000 0.296907 0.267371 0.279235 0.843513
936000 0.307294 0.264932 0.276254 0.848479
937000 0.295643 0.273446 0.279182 0.848272
938000 0.293249 0.293973 0.284775 0.871996
939000 0.290194 0.271165 0.280309 0.841668
940000 0.283313 0.266265 0.29214 0.841718
941000 0.288267 0.271535 0.295245 0.855047
942000 0.289289 0.267067 0.29264 0.848996
943000 0.285783 0.25905 0.297423 0.842256
944000 0.289237 0.274533 0.287621 0.851391
945000 0.299528 0.268353 0.284513 0.852393
946000 0.29102 0.274957 0.285381 0.851358
947000 0.295441 0.282189 0.284186 0.861816
948000 0.313405 0.27743 0.288026 0.878861
949000 0.303945 0.277039 0.285576 0.866561
950000 0.301142 0.275155 0.302393 0.87869
951000 0.299248 0.278663 0.289274 0.867185
952000 0.287229 0.270213 0.284004 0.841447
953000 0.295393 0.277603 0.286872 0.859867
954000 0.298432 0.276049 0.290495 0.864976
955000 0.301392 0.271662 0.289757 0.862812
956000 0.287066 0.273015 0.288076 0.848157
957000 0.292307 0.272592 0.290504 0.855403
958000 0.302815 0.278651 0.297607 0.879073
959000 0.298667 0.268502 0.290707 0.857875
960000 0.300957 0.267739 0.288269 0.856964
961000 0.281714 0.271618 0.288847 0.842178
962000 0.291324 0.259397 0.283619 0.83434
963000 0.29807 0.271285 0.281551 0.850906
964000 0.308734 0.271553 0.283628 0.863916
965000 0.306008 0.276477 0.282244 0.86473
966000 0.324273 0.268861 0.284058 0.877193
967000 0.302974 0.273876 0.293163 0.870014
968000 0.304164 0.273541 0.290026 0.867731
969000 0.296879 0.274146 0.287394 0.85842
970000 0.294592 0.281903 0.28222 0.858715
971000 0.294433 0.288256 0.296642 0.879331
972000 0.30143 0.273202 0.2858 0.860433
973000 0.2997 0.27331 0.29089 0.8639
974000 0.307563 0.266206 0.294974 0.868743
975000 0.301832 0.271171 0.295954 0.868957
976000 0.30825 0.275412 0.304149 0.887811
977000 0.302617 0.272256 0.298522 0.873395
978000 0.310038 0.280519 0.301811 0.892367
979000 0.297 0.277899 0.291068 0.865967
980000 0.303321 0.275823 0.287116 0.866261
981000 0.298856 0.281297 0.298619 0.878772
982000 0.303035 0.273407 0.299329 0.875771
983000 0.302151 0.276194 0.297298 0.875643
984000 0.307536 0.271976 0.298496 0.878008
985000 0.310383 0.274241 0.289239 0.873863
986000 0.307917 0.270574 0.29633 0.87482
987000 0.299522 0.274415 0.297232 0.871169
988000 0.295752 0.272731 0.288946 0.857429
989000 0.292359 0.281559 0.295508 0.869426
990000 0.28285 0.276299 0.283421 0.84257
991000 0.294762 0.282006 0.295796 0.872563
992000 0.30551 0.276472 0.285806 0.867787
993000 0.31045 0.277114 0.29199 0.879553
994000 0.314103 0.272038 0.289894 0.876035
995000 0.304392 0.277122 0.294574 0.876088
996000 0.300571 0.281396 0.304298 0.886265
997000 0.303117 0.284765 0.297128 0.88501
998000 0.298805 0.288637 0.29673 0.884171
999000 0.300649 0.276977 0.290903 0.868529
1000000 0.305392 0.280004 0.292058 0.877454
1001000 0.293241 0.276266 0.304006 0.873512
1002000 0.295775 0.290023 0.298495 0.884294
1003000 0.316395 0.282757 0.294074 0.893226
1004000 0.315631 0.269851 0.301451 0.886934
1005000 0.307688 0.280896 0.291037 0.879621
1006000 0.312269 0.291353 0.298732 0.902353
1007000 0.293209 0.292179 0.30541 0.890798
1008000 0.305939 0.291335 0.296339 0.893613
1009000 0.301886 0.290566 0.288588 0.88104
1010000 0.289765 0.292076 0.280009 0.86185
1011000 0.301466 0.287767 0.298239 0.887472
1012000 0.306944 0.275253 0.308873 0.89107
1013000 0.318991 0.288039 0.305034 0.912063
1014000 0.313222 0.28355 0.295333 0.892105
1015000 0.314986 0.280899 0.293815 0.889701
1016000 0.299754 0.280732 0.294672 0.875157
1017000 0.318785 0.296777 0.293049 0.908611
1018000 0.305963 0.290043 0.296103 0.89211
1019000 0.299627 0.282531 0.299079 0.881237
1020000 0.307394 0.286011 0.302797 0.896202
1021000 0.30153 0.290458 0.30886 0.900849
1022000 0.312891 0.290915 0.298173 0.901979
1023000 0.30925 0.291753 0.301128 0.902131
1024000 0.305053 0.285148 0.290871 0.881072
1025000 0.300355 0.290595 0.296264 0.887214
1026000 0.308852 0.286429 0.298719 0.894
1027000 0.302216 0.294422 0.296062 0.892701
1028000 0.302689 0.278273 0.294792 0.875753
1029000 0.305501 0.280034 0.294489 0.880024
1030000 0.315946 0.277315 0.297242 0.890504
