# Time-averaged data for fix 1
# TimeStep c_msd_all[1] c_msd_all[2] c_msd_all[3] c_msd_all[4]
31000 0.0855912 0.0838415 0.0979958 0.267429
32000 0.0717594 0.0770942 0.0906333 0.239487
33000 0.0665615 0.0795421 0.0902325 0.236336
34000 0.0700758 0.0861505 0.120728 0.276954
35000 0.0848069 0.0851378 0.0742382 0.244183
36000 0.0722002 0.0784841 0.0790112 0.229695
37000 0.0715623 0.0785054 0.0970741 0.247142
38000 0.0783971 0.0788795 0.067386 0.224663
39000 0.0642331 0.0885447 0.104958 0.257736
40000 0.0723527 0.077674 0.0847983 0.234825
41000 0.0667139 0.086055 0.0919168 0.244686
42000 0.0876346 0.0985763 0.0954812 0.281692
43000 0.0694006 0.102654 0.0871502 0.259204
44000 0.0667535 0.0959567 0.106685 0.269395
45000 0.0829712 0.0906672 0.0902416 0.26388
46000 0.0829369 0.0938477 0.101863 0.278647
47000 0.0757187 0.093558 0.101604 0.270881
48000 0.0701018 0.0958249 0.0921237 0.25805
49000 0.0719163 0.0917474 0.102585 0.266249
50000 0.0835756 0.0967904 0.0889407 0.269307
51000 0.0692145 0.0996591 0.116688 0.285562
52000 0.0815363 0.0909789 0.101619 0.274134
53000 0.0676117 0.107293 0.10249 0.277395
54000 0.073607 0.100642 0.109907 0.284157
55000 0.0766781 0.113243 0.116434 0.306355
56000 0.065366 0.109831 0.127796 0.302993
57000 0.0656823 0.10357 0.125136 0.294389
58000 0.0789299 0.10809 0.106813 0.293833
59000 0.0795378 0.109603 0.11568 0.30482
60000 0.0796872 0.106335 0.114295 0.300317
61000 0.0694313 0.109364 0.113431 0.292226
62000 0.0696181 0.102825 0.116271 0.288714
63000 0.0891755 0.124758 0.120968 0.334901
64000 0.0817517 0.112807 0.120045 0.314603
65000 0.0749101 0.122293 0.15417 0.351373
66000 0.0744893 0.117368 0.121277 0.313135
67000 0.0710165 0.111077 0.135053 0.317146
68000 0.0699002 0.13958 0.126838 0.336318
69000 0.0791596 0.12187 0.123353 0.324383
70000 0.0806746 0.136728 0.147465 0.364867
71000 0.077836 0.124593 0.12257 0.324999
72000 0.0666346 0.1115 0.142753 0.320887
73000 0.0725824 0.121589 0.127785 0.321956
74000 0.0842704 0.121746 0.11508 0.321096
75000 0.0783028 0.120459 0.175388 0.37415
76000 0.0940613 0.121418 0.13901 0.354489
77000 0.0759243 0.120715 0.170377 0.367016
78000 0.0897449 0.123399 0.145656 0.358799
79000 0.0668637 0.128108 0.1606 0.355571
80000 0.0676546 0.129348 0.178662 0.375665
81000 0.0810436 0.132784 0.153571 0.367399
82000 0.0754894 0.126451 0.170293 0.372233
83000 0.0764319 0.134586 0.148407 0.359425
84000 0.0740708 0.124815 0.138165 0.33705
85000 0.0745285 0.131104 0.163241 0.368874
86000 0.0776034 0.142465 0.154357 0.374425
87000 0.0837834 0.121035 0.160567 0.365385
88000 0.0962134 0.142386 0.165921 0.40452
89000 0.0788732 0.127634 0.159957 0.366464
90000 0.082048 0.13012 0.168095 0.380263
91000 0.0878543 0.150282 0.160633 0.398769
92000 0.0850633 0.131237 0.161516 0.377816
93000 0.0705005 0.131743 0.154095 0.356339
94000 0.0795426 0.141698 0.160472 0.381713
95000 0.0896389 0.138598 0.152824 0.381061
96000 0.0831009 0.15042 0.158032 0.391552
97000 0.0826162 0.130489 0.142629 0.355735
98000 0.0818412 0.139054 0.154261 0.375156
99000 0.0736841 0.139761 0.147424 0.360869
100000 0.0812063 0.134836 0.159771 0.375813
101000 0.065089 0.133781 0.160198 0.359068
102000 0.0813161 0.134121 0.169419 0.384856
103000 0.0734703 0.13172 0.155298 0.360488
104000 0.0881125 0.130143 0.174958 0.393214
105000 0.0940871 0.131078 0.162607 0.387772
106000 0.0848114 0.143825 0.183469 0.412105
107000 0.0878014 0.151313 0.191761 0.430875
108000 0.0734817 0.131563 0.171374 0.376419
109000 0.0758108 0.148566 0.192828 0.417205
110000 0.0937805 0.152779 0.182559 0.429118
111000 0.0854038 0.140176 0.188337 0.413916
112000 0.0875568 0.15258 0.183491 0.423628
113000 0.0797906 0.15048 0.196447 0.426718
114000 0.093279 0.158342 0.215858 0.467479
115000 0.0814775 0.162909 0.178289 0.422676
116000 0.0766149 0.138916 0.198893 0.414423
117000 0.0873996 0.152832 0.211455 0.451686
118000 0.0695353 0.134238 0.186132 0.389906
119000 0.094332 0.144044 0.208538 0.446914
120000 0.0923543 0.170081 0.192906 0.455341
121000 0.0998978 0.148824 0.209299 0.458021
122000 0.0813499 0.168858 0.199867 0.450075
123000 0.0854574 0.169675 0.197399 0.452531
124000 0.0787771 0.150417 0.213941 0.443135
125000 0.0816454 0.168564 0.183305 0.433514
126000 0.102557 0.168794 0.211387 0.482738
127000 0.0812058 0.166754 0.202206 0.450166
128000 0.08062 0.164947 0.217123 0.46269
129000 0.0855789 0.165485 0.2289 0.479964
130000 0.0751843 0.165276 0.213684 0.454144
131000 0.080088 0.165593 0.25015 0.495831
132000 0.0903904 0.167949 0.204212 0.462551
133000 0.0818855 0.171439 0.211423 0.464747
134000 0.0789582 0.178651 0.256345 0.513955
135000 0.0949226 0.187309 0.224302 0.506534
136000 0.0924975 0.169987 0.249855 0.512339
137000 0.0737003 0.180456 0.232295 0.486452
138000 0.0975146 0.196181 0.249358 0.543054
139000 0.0997594 0.188897 0.25775 0.546406
140000 0.0815478 0.176375 0.236314 0.494237
141000 0.0836238 0.182927 0.26354 0.530091
142000 0.0968717 0.195267 0.23642 0.528559
143000 0.0944319 0.186536 0.246692 0.52766
144000 0.0841729 0.190758 0.237378 0.512309
145000 0.0908058 0.196199 0.223694 0.510699
146000 0.0872896 0.186928 0.258307 0.532525
147000 0.0826899 0.201412 0.223754 0.507855
148000 0.0985959 0.187323 0.267521 0.55344
149000 0.0979254 0.180684 0.223649 0.502258
150000 0.0803867 0.193053 0.231202 0.504642
151000 0.0851684 0.189532 0.262181 0.536881
152000 0.0881656 0.191045 0.227296 0.506506
153000 0.0968094 0.20468 0.258492 0.559982
154000 0.0954342 0.198621 0.224014 0.518069
155000 0.0942076 0.191915 0.245991 0.532113
156000 0.0952161 0.200676 0.250285 0.546177
157000 0.0932507 0.195282 0.240913 0.529446
158000 0.0948732 0.212989 0.259659 0.567521
159000 0.0943315 0.202543 0.235393 0.532268
160000 0.103481 0.206534 0.276291 0.586306
161000 0.087041 0.204226 0.24721 0.538476
162000 0.0848691 0.198505 0.238135 0.521509
163000 0.0923119 0.199931 0.257762 0.550005
164000 0.105109 0.20148 0.218841 0.52543
165000 0.105668 0.203001 0.264811 0.57348
166000 0.0928484 0.199869 0.241519 0.534236
167000 0.095933 0.202139 0.251619 0.549691
168000 0.0929712 0.194767 0.288911 0.576649
169000 0.090447 0.214878 0.256631 0.561957
170000 0.091425 0.203752 0.285118 0.580295
171000 0.0963843 0.206019 0.24417 0.546574
172000 0.0997144 0.210671 0.253048 0.563433
173000 0.103368 0.223623 0.300319 0.627309
174000 0.0934292 0.209315 0.26388 0.566624
175000 0.092876 0.23164 0.31169 0.636205
176000 0.0901946 0.214147 0.273157 0.577499
177000 0.105996 0.213784 0.277141 0.596921
178000 0.0921494 0.22356 0.303732 0.619441
179000 0.0992762 0.218915 0.290823 0.609015
180000 0.102106 0.224137 0.328893 0.655135
181000 0.102639 0.215618 0.275614 0.593871
182000 0.112149 0.22088 0.282437 0.615466
183000 0.0870886 0.230048 0.343052 0.660188
184000 0.112537 0.238666 0.275872 0.627075
185000 0.119428 0.241814 0.310735 0.671977
186000 0.0995089 0.234139 0.258908 0.592556
187000 0.102775 0.221748 0.275851 0.600374
188000 0.0947714 0.245623 0.298603 0.638998
189000 0.100726 0.224398 0.273701 0.598825
190000 0.0957338 0.230312 0.326356 0.652402
191000 0.0968026 0.235876 0.280785 0.613464
192000 0.105691 0.237766 0.303193 0.64665
193000 0.0969311 0.252434 0.311854 0.66122
194000 0.0994496 0.235159 0.281252 0.61586
195000 0.10155 0.247506 0.30678 0.655836
196000 0.0972265 0.268155 0.304542 0.669923
197000 0.105999 0.258946 0.313287 0.678232
198000 0.0931448 0.260978 0.318442 0.672566
199000 0.0889896 0.239326 0.293407 0.621722
200000 0.109411 0.264411 0.319359 0.69318
201000 0.103975 0.252429 0.282165 0.638569
202000 0.0991045 0.259135 0.321315 0.679555
203000 0.0975718 0.259982 0.298874 0.656428
204000 0.0990405 0.251929 0.27874 0.629709
205000 0.114951 0.255362 0.344787 0.7151
206000 0.090479 0.252297 0.293486 0.636262
207000 0.109427 0.25671 0.331646 0.697782
208000 0.11788 0.262979 0.301515 0.682375
209000 0.0938838 0.251932 0.307551 0.653367
210000 0.0935792 0.254679 0.344112 0.69237
211000 0.105342 0.262691 0.309913 0.677947
212000 0.0939737 0.256728 0.340088 0.69079
213000 0.11547 0.27887 0.305517 0.699857
214000 0.101393 0.273088 0.317127 0.691608
215000 0.105625 0.269198 0.333004 0.707827
216000 0.0891249 0.28284 0.299396 0.671362
217000 0.100582 0.267837 0.329922 0.698341
218000 0.120239 0.296467 0.302236 0.718942
219000 0.108461 0.270071 0.334305 0.712837
220000 0.112997 0.266289 0.323213 0.702499
221000 0.111846 0.269029 0.3207 0.701575
222000 0.110221 0.267573 0.32618 0.703973
223000 0.106065 0.276663 0.323735 0.706463
224000 0.116262 0.285173 0.308551 0.709985
225000 0.115713 0.282073 0.316542 0.714328
226000 0.104149 0.289096 0.312132 0.705378
227000 0.117095 0.281866 0.31642 0.715381
228000 0.107466 0.284297 0.315603 0.707366
229000 0.134266 0.291389 0.31217 0.737825
230000 0.0992573 0.267669 0.308593 0.67552
231000 0.110914 0.277064 0.315961 0.703939
232000 0.11521 0.273758 0.318142 0.707111
233000 0.0987496 0.294896 0.331412 0.725058
234000 0.156324 0.287948 0.319894 0.764166
235000 0.128032 0.285462 0.316666 0.73016
236000 0.119638 0.289438 0.319991 0.729067
237000 0.114492 0.274368 0.323056 0.711916
238000 0.111347 0.269105 0.323538 0.70399
239000 0.127044 0.299756 0.31559 0.74239
240000 0.113399 0.283813 0.350092 0.747304
241000 0.117838 0.287945 0.323285 0.729068
242000 0.10682 0.27136 0.32002 0.6982
243000 0.108437 0.289253 0.326998 0.724687
244000 0.112674 0.289036 0.328106 0.729816
245000 0.106978 0.300827 0.323909 0.731713
246000 0.127978 0.314131 0.310347 0.752455
247000 0.11375 0.284699 0.3123 0.71075
248000 0.108019 0.29787 0.330592 0.736481
249000 0.109299 0.295101 0.313495 0.717895
250000 0.110986 0.284532 0.321979 0.717497
251000 0.105656 0.299833 0.324864 0.730352
252000 0.104908 0.287603 0.329002 0.721513
253000 0.107758 0.301886 0.332425 0.742069
254000 0.112609 0.306367 0.333963 0.752939
255000 0.107715 0.29214 0.320108 0.719964
256000 0.132182 0.295625 0.350076 0.777883
257000 0.103599 0.291235 0.330452 0.725286
258000 0.115064 0.313215 0.342461 0.770741
259000 0.121296 0.310119 0.3317 0.763115
260000 0.110428 0.308602 0.330512 0.749542
261000 0.110922 0.306242 0.334709 0.751873
262000 0.119315 0.296261 0.331665 0.747241
263000 0.120924 0.316376 0.337009 0.774309
264000 0.10631 0.306876 0.35095 0.764137
265000 0.109358 0.306475 0.344812 0.760644
266000 0.121885 0.314517 0.352214 0.788616
267000 0.111055 0.311632 0.336442 0.75913
268000 0.120058 0.303923 0.344236 0.768216
269000 0.119588 0.306439 0.336311 0.762337
270000 0.116082 0.307459 0.320576 0.744117
271000 0.129092 0.325083 0.357898 0.812072
272000 0.108685 0.307762 0.343557 0.760004
273000 0.128385 0.319294 0.325823 0.773502
274000 0.121328 0.316012 0.352443 0.789782
275000 0.108927 0.326123 0.347416 0.782466
276000 0.120343 0.315775 0.365606 0.801724
277000 0.120146 0.317516 0.346798 0.784461
278000 0.117704 0.320482 0.343772 0.781958
279000 0.122126 0.318752 0.363922 0.804801
280000 0.123843 0.320112 0.334559 0.778514
281000 0.117602 0.297125 0.363239 0.777965
282000 0.120106 0.307766 0.352535 0.780407
283000 0.129961 0.319787 0.341619 0.791368
284000 0.113799 0.32105 0.371673 0.806521
285000 0.133945 0.342625 0.3425 0.81907
286000 0.118311 0.321717 0.373313 0.813342
287000 0.124815 0.31542 0.35112 0.791355
288000 0.122511 0.31021 0.368074 0.800795
289000 0.132171 0.325286 0.388756 0.846213
290000 0.127723 0.362196 0.333851 0.82377
291000 0.12284 0.323082 0.358842 0.804764
292000 0.133469 0.342192 0.355216 0.830877
293000 0.110793 0.323766 0.346315 0.780874
294000 0.141202 0.317998 0.375753 0.834954
295000 0.126749 0.345325 0.374963 0.847037
296000 0.126889 0.340271 0.373565 0.840725
297000 0.129721 0.342906 0.360545 0.833172
298000 0.117241 0.331593 0.373173 0.822007
299000 0.142718 0.346229 0.383815 0.872763
300000 0.123676 0.318659 0.358828 0.801163
301000 0.117095 0.332014 0.374884 0.823992
302000 0.121336 0.335932 0.369769 0.827038
303000 0.127256 0.334018 0.378865 0.840139
304000 0.126721 0.334716 0.386938 0.848375
305000 0.113162 0.336526 0.370524 0.820211
306000 0.150294 0.343167 0.383364 0.876825
307000 0.126657 0.333629 0.383992 0.844279
308000 0.141296 0.339427 0.367837 0.84856
309000 0.122799 0.336808 0.392479 0.852085
310000 0.12279 0.339975 0.369281 0.832045
311000 0.130151 0.331724 0.3841 0.845976
312000 0.121133 0.341721 0.399381 0.862235
313000 0.129719 0.361268 0.370713 0.8617
314000 0.122902 0.358764 0.406863 0.888529
315000 0.130618 0.341491 0.367646 0.839755
316000 0.13372 0.352741 0.380369 0.866829
317000 0.131894 0.349452 0.397916 0.879262
318000 0.148974 0.353279 0.394103 0.896355
319000 0.133606 0.34532 0.431947 0.910873
320000 0.139576 0.366703 0.399904 0.906183
321000 0.130238 0.382189 0.39645 0.908877
322000 0.125525 0.36044 0.435898 0.921863
323000 0.134836 0.375631 0.410037 0.920504
324000 0.117472 0.359564 0.447929 0.924965
325000 0.143785 0.364459 0.410934 0.919178
326000 0.136602 0.362146 0.428742 0.927491
327000 0.149597 0.380008 0.440419 0.970023
328000 0.127005 0.357358 0.411278 0.895641
329000 0.153403 0.359817 0.446232 0.959452
330000 0.126621 0.369847 0.414863 0.911331
331000 0.142414 0.356495 0.448211 0.947119
332000 0.164613 0.38818 0.42954 0.982333
333000 0.132405 0.377087 0.408982 0.918475
334000 0.13273 0.374934 0.455122 0.962787
335000 0.138984 0.360268 0.42832 0.927572
336000 0.132315 0.374088 0.431858 0.93826
337000 0.138391 0.373754 0.459557 0.971702
338000 0.142044 0.370585 0.427431 0.94006
339000 0.139325 0.363308 0.447711 0.950344
340000 0.130553 0.375662 0.41938 0.925594
341000 0.144432 0.375923 0.431294 0.951649
342000 0.146531 0.373557 0.463567 0.983656
343000 0.139098 0.375084 0.427495 0.941677
344000 0.150238 0.372912 0.439623 0.962773
345000 0.140379 0.364274 0.420423 0.925077
346000 0.142803 0.377338 0.423758 0.943898
347000 0.149757 0.382478 0.462892 0.995127
348000 0.149173 0.384333 0.441205 0.97471
349000 0.141767 0.370837 0.445495 0.958098
350000 0.133977 0.368156 0.429531 0.931663
351000 0.154121 0.375551 0.418902 0.948574
352000 0.139404 0.385594 0.484645 1.00964
353000 0.140345 0.371109 0.428536 0.93999
354000 0.133174 0.386473 0.447269 0.966916
355000 0.140071 0.385337 0.440707 0.966115
356000 0.146355 0.380713 0.418773 0.945841
357000 0.145871 0.389234 0.447231 0.982335
358000 0.140104 0.382047 0.429692 0.951842
359000 0.139897 0.380634 0.435681 0.956213
360000 0.140606 0.370518 0.466645 0.977768
361000 0.148528 0.380443 0.434064 0.963035
362000 0.14732 0.40687 0.445116 0.999306
363000 0.149285 0.385782 0.444756 0.979823
364000 0.152719 0.388134 0.445299 0.986152
365000 0.142678 0.38879 0.45045 0.981917
366000 0.188983 0.416822 0.461222 1.06703
367000 0.149936 0.399831 0.472714 1.02248
368000 0.156919 0.403363 0.516236 1.07652
369000 0.144399 0.393299 0.449327 0.987024
370000 0.129857 0.387651 0.467151 0.984658
371000 0.164676 0.393536 0.486365 1.04458
372000 0.15727 0.401128 0.483027 1.04142
373000 0.153605 0.405364 0.525169 1.08414
374000 0.133687 0.424408 0.467003 1.0251
375000 0.139072 0.401466 0.457072 0.997609
376000 0.152454 0.407546 0.480598 1.0406
377000 0.151202 0.441567 0.471562 1.06433
378000 0.160634 0.424378 0.522435 1.10745
379000 0.14202 0.421243 0.474285 1.03755
380000 0.139561 0.409292 0.498763 1.04762
381000 0.151304 0.417423 0.506946 1.07567
382000 0.14113 0.388305 0.524931 1.05437
383000 0.138856 0.423036 0.541731 1.10362
384000 0.147032 0.422147 0.510113 1.07929
385000 0.147883 0.414125 0.5113 1.07331
386000 0.150536 0.412261 0.497625 1.06042
387000 0.154483 0.401915 0.504045 1.06044
388000 0.152203 0.425905 0.520255 1.09836
389000 0.141094 0.425831 0.499985 1.06691
390000 0.159045 0.424256 0.524521 1.10782
391000 0.145595 0.430991 0.510084 1.08667
392000 0.158779 0.43553 0.515906 1.11022
393000 0.15518 0.438759 0.53625 1.13019
394000 0.157026 0.42301 0.521333 1.10137
395000 0.155399 0.444115 0.542806 1.14232
396000 0.139821 0.442642 0.529164 1.11163
397000 0.142916 0.44979 0.526125 1.11883
398000 0.14207 0.458719 0.555355 1.15614
399000 0.162829 0.460548 0.515919 1.1393
400000 0.149869 0.457132 0.538824 1.14582
401000 0.149565 0.48383 0.542065 1.17546
402000 0.145972 0.466197 0.571274 1.18344
403000 0.158279 0.469515 0.550433 1.17823
404000 0.156905 0.490603 0.509275 1.15678
405000 0.146503 0.48611 0.577061 1.20967
406000 0.1409 0.47435 0.536342 1.15159
407000 0.143855 0.466173 0.53678 1.14681
408000 0.155663 0.464813 0.564512 1.18499
409000 0.138356 0.478271 0.518471 1.1351
410000 0.158217 0.483154 0.539473 1.18084
411000 0.15189 0.46054 0.537547 1.14998
412000 0.151637 0.467025 0.541765 1.16043
413000 0.154673 0.467167 0.54433 1.16617
414000 0.149599 0.469552 0.548918 1.16807
415000 0.154087 0.480842 0.567746 1.20268
416000 0.148465 0.471817 0.53085 1.15113
417000 0.163358 0.480491 0.538592 1.18244
418000 0.144515 0.465391 0.551502 1.16141
419000 0.146458 0.465607 0.530644 1.14271
420000 0.153493 0.458826 0.539409 1.15173
421000 0.15466 0.48486 0.532228 1.17175
422000 0.153939 0.473215 0.560275 1.18743
423000 0.143465 0.467608 0.570046 1.18112
424000 0.159481 0.476148 0.525031 1.16066
425000 0.152822 0.483321 0.575621 1.21176
426000 0.145561 0.479835 0.543011 1.16841
427000 0.142882 0.471333 0.508829 1.12304
428000 0.153285 0.47016 0.547213 1.17066
429000 0.154034 0.486847 0.528633 1.16951
430000 0.150491 0.483726 0.560927 1.19514
431000 0.154979 0.482957 0.516865 1.1548
432000 0.154578 0.502653 0.55208 1.20931
433000 0.147455 0.499946 0.584977 1.23238
434000 0.149936 0.485152 0.53296 1.16805
435000 0.149012 0.480257 0.560483 1.18975
436000 0.156412 0.482765 0.535859 1.17504
437000 0.148049 0.496304 0.527834 1.17219
438000 0.145973 0.475646 0.533112 1.15473
439000 0.15645 0.49553 0.545343 1.19732
440000 0.157584 0.506627 0.519191 1.1834
441000 0.159537 0.505738 0.518295 1.18357
442000 0.145858 0.508426 0.531716 1.186
443000 0.15589 0.491656 0.542349 1.18989
444000 0.151946 0.519524 0.527608 1.19908
445000 0.160312 0.510546 0.540951 1.21181
446000 0.142048 0.517703 0.535895 1.19565
447000 0.165435 0.511481 0.545977 1.22289
448000 0.152917 0.495776 0.547917 1.19661
449000 0.145557 0.523045 0.531712 1.20031
450000 0.153376 0.508269 0.536907 1.19855
451000 0.16886 0.511038 0.534665 1.21456
452000 0.152238 0.512594 0.546935 1.21177
453000 0.156457 0.506992 0.549851 1.2133
454000 0.152108 0.51652 0.546274 1.2149
455000 0.173753 0.513878 0.55008 1.23771
456000 0.155091 0.510629 0.564488 1.23021
457000 0.163923 0.509844 0.563628 1.23739
458000 0.163246 0.492464 0.570711 1.22642
459000 0.160665 0.497087 0.574539 1.23229
460000 0.15568 0.490076 0.54804 1.1938
461000 0.163706 0.511434 0.578385 1.25353
462000 0.16664 0.504807 0.57504 1.24649
463000 0.160423 0.519892 0.546045 1.22636
464000 0.159027 0.520206 0.584352 1.26359
465000 0.155405 0.516227 0.55961 1.23124
466000 0.15941 0.513381 0.563417 1.23621
467000 0.170371 0.534611 0.563957 1.26894
468000 0.154693 0.525339 0.579066 1.2591
469000 0.162193 0.535253 0.597589 1.29503
470000 0.166773 0.523375 0.561612 1.25176
471000 0.166737 0.534843 0.593135 1.29471
472000 0.174609 0.537405 0.596293 1.30831
473000 0.168549 0.541087 0.558064 1.2677
474000 0.163267 0.541262 0.603259 1.30779
475000 0.168854 0.554061 0.555758 1.27867
476000 0.1623 0.551064 0.563328 1.27669
477000 0.184265 0.570125 0.59745 1.35184
478000 0.171966 0.563608 0.569734 1.30531
479000 0.183261 0.577609 0.606707 1.36758
480000 0.171057 0.574627 0.571155 1.31684
481000 0.190831 0.56324 0.580968 1.33504
482000 0.197426 0.56358 0.617603 1.37861
483000 0.182868 0.563595 0.576499 1.32296
484000 0.205776 0.583834 0.614979 1.40459
485000 0.192247 0.57191 0.5956 1.35976
486000 0.169728 0.550267 0.615688 1.33568
487000 0.182485 0.547275 0.607804 1.33756
488000 0.189471 0.573071 0.619363 1.38191
489000 0.193705 0.56758 0.619251 1.38054
490000 0.189217 0.571595 0.584501 1.34531
491000 0.176156 0.555361 0.588366 1.31988
492000 0.189713 0.595297 0.577928 1.36294
493000 0.172126 0.591925 0.589263 1.35331
494000 0.188713 0.59222 0.622893 1.40383
495000 0.178655 0.580344 0.605671 1.36467
496000 0.182552 0.564553 0.617353 1.36446
497000 0.166716 0.56637 0.576777 1.30986
498000 0.176546 0.575696 0.59469 1.34693
499000 0.183767 0.58946 0.604009 1.37724
500000 0.178997 0.616333 0.594254 1.38958
501000 0.179152 0.568485 0.636697 1.38433
502000 0.180227 0.587717 0.581325 1.34927
503000 0.179759 0.586199 0.611896 1.37785
504000 0.182575 0.577744 0.591173 1.35149
505000 0.180032 0.59519 0.614798 1.39002
506000 0.168051 0.604455 0.62685 1.39936
507000 0.17525 0.595301 0.596447 1.367
508000 0.172044 0.600702 0.623909 1.39665
509000 0.188147 0.607278 0.620504 1.41593
510000 0.19754 0.599403 0.61346 1.4104
511000 0.16579 0.583285 0.598147 1.34722
512000 0.184717 0.608783 0.595137 1.38864
513000 0.181214 0.590392 0.643362 1.41497
514000 0.178749 0.588572 0.589939 1.35726
515000 0.178088 0.596194 0.621176 1.39546
516000 0.172696 0.614625 0.59961 1.38693
517000 0.187946 0.613144 0.630089 1.43118
518000 0.196761 0.607435 0.647948 1.45214
519000 0.17071 0.614424 0.625628 1.41076
520000 0.182131 0.591914 0.612837 1.38688
521000 0.212358 0.620306 0.632705 1.46537
522000 0.20101 0.640346 0.634878 1.47623
523000 0.189934 0.624772 0.615737 1.43044
524000 0.184694 0.629679 0.638477 1.45285
525000 0.2047 0.625323 0.64642 1.47644
526000 0.230259 0.634214 0.615874 1.48035
527000 0.187545 0.647662 0.64859 1.4838
528000 0.242095 0.62779 0.646465 1.51635
529000 0.190743 0.626059 0.614586 1.43139
530000 0.189434 0.634482 0.644208 1.46812
531000 0.194422 0.65577 0.642759 1.49295
532000 0.182703 0.636129 0.641053 1.45988
533000 0.226348 0.654505 0.644183 1.52504
534000 0.195268 0.63452 0.628265 1.45805
535000 0.210356 0.654205 0.615682 1.48024
536000 0.185295 0.655219 0.639124 1.47964
537000 0.187744 0.643234 0.615232 1.44621
538000 0.229018 0.658252 0.626657 1.51393
539000 0.206376 0.645456 0.631093 1.48292
540000 0.215587 0.652189 0.620282 1.48806
541000 0.1859 0.637187 0.639122 1.46221
542000 0.184121 0.661805 0.649012 1.49494
543000 0.201424 0.653761 0.632427 1.48761
544000 0.201437 0.6334 0.649077 1.48391
545000 0.196815 0.639455 0.653215 1.48948
546000 0.186395 0.669717 0.640445 1.49656
547000 0.185356 0.652626 0.639737 1.47772
548000 0.19729 0.66092 0.650102 1.50831
549000 0.201354 0.638607 0.637538 1.4775
550000 0.197551 0.650368 0.628161 1.47608
551000 0.18626 0.646541 0.627787 1.46059
552000 0.198721 0.652393 0.621462 1.47258
553000 0.189319 0.662596 0.641335 1.49325
554000 0.180972 0.630928 0.674127 1.48603
555000 0.183665 0.653594 0.641978 1.47924
556000 0.186256 0.644203 0.685491 1.51595
557000 0.197686 0.661602 0.638238 1.49753
558000 0.185442 0.68023 0.646077 1.51175
559000 0.183738 0.654784 0.66167 1.50019
560000 0.195223 0.667443 0.632265 1.49493
561000 0.187022 0.656224 0.672076 1.51532
562000 0.20156 0.669242 0.633661 1.50446
563000 0.185442 0.669034 0.663059 1.51753
564000 0.189933 0.660489 0.638902 1.48932
565000 0.208862 0.637833 0.640369 1.48706
566000 0.219322 0.662266 0.667003 1.54859
567000 0.214497 0.688666 0.64981 1.55297
568000 0.197907 0.674974 0.67141 1.54429
569000 0.19909 0.656205 0.649616 1.50491
570000 0.208766 0.67049 0.684021 1.56328
571000 0.201402 0.655084 0.653274 1.50976
572000 0.217574 0.656706 0.652074 1.52635
573000 0.205936 0.639628 0.683531 1.5291
574000 0.2005 0.645053 0.654466 1.50002
575000 0.227511 0.64828 0.660598 1.53639
576000 0.212983 0.648873 0.657671 1.51953
577000 0.225855 0.645056 0.653485 1.5244
578000 0.20824 0.658778 0.67392 1.54094
579000 0.205832 0.644605 0.649685 1.50012
580000 0.215923 0.651181 0.644346 1.51145
581000 0.225816 0.655179 0.702969 1.58396
582000 0.241968 0.662584 0.654335 1.55889
583000 0.219676 0.642553 0.673259 1.53549
584000 0.217858 0.660413 0.693859 1.57213
585000 0.208845 0.644602 0.653252 1.5067
586000 0.208945 0.650174 0.733229 1.59235
587000 0.221866 0.660066 0.664898 1.54683
588000 0.229316 0.663197 0.65975 1.55226
589000 0.213247 0.649431 0.680025 1.5427
590000 0.227266 0.680391 0.670762 1.57842
591000 0.216275 0.638825 0.672386 1.52749
592000 0.219093 0.680482 0.662146 1.56172
593000 0.224442 0.660872 0.699069 1.58438
594000 0.2554 0.643996 0.678646 1.57804
595000 0.236182 0.644036 0.661874 1.54209
596000 0.213713 0.644455 0.711222 1.56939
597000 0.220954 0.646629 0.669426 1.53701
598000 0.230912 0.645225 0.736435 1.61257
599000 0.239899 0.65965 0.706024 1.60557
600000 0.238748 0.670171 0.713441 1.62236
601000 0.222249 0.651539 0.74222 1.61601
602000 0.231676 0.66437 0.69037 1.58642
603000 0.219147 0.66119 0.742628 1.62296
604000 0.237569 0.654268 0.688087 1.57992
605000 0.211536 0.656086 0.721584 1.58921
606000 0.217624 0.66383 0.70289 1.58434
607000 0.203652 0.645229 0.678623 1.5275
608000 0.225234 0.672359 0.741986 1.63958
609000 0.221181 0.672284 0.675544 1.56901
610000 0.221427 0.65435 0.710764 1.58654
611000 0.21267 0.653328 0.71445 1.58045
612000 0.232449 0.648525 0.686909 1.56788
613000 0.21239 0.661109 0.723011 1.59651
614000 0.223891 0.656743 0.67262 1.55325
615000 0.218905 0.678582 0.731638 1.62912
616000 0.209144 0.68121 0.69895 1.5893
617000 0.214465 0.669088 0.696419 1.57997
618000 0.22396 0.677653 0.733387 1.635
619000 0.219012 0.675306 0.679825 1.57414
620000 0.219484 0.689059 0.728793 1.63734
621000 0.215546 0.68566 0.70472 1.60593
622000 0.223135 0.701656 0.680834 1.60562
623000 0.227892 0.683526 0.73905 1.65047
624000 0.213788 0.688465 0.669708 1.57196
625000 0.237484 0.733079 0.709839 1.6804
626000 0.229711 0.703666 0.682456 1.61583
627000 0.216617 0.747106 0.693776 1.6575
628000 0.230758 0.701873 0.730401 1.66303
629000 0.237513 0.707312 0.677238 1.62206
630000 0.2293 0.715501 0.705432 1.65023
631000 0.204541 0.686623 0.682446 1.57361
632000 0.217126 0.711079 0.723109 1.65131
633000 0.208763 0.692882 0.706355 1.608
634000 0.2063 0.679195 0.66527 1.55076
635000 0.222664 0.69253 0.717067 1.63226
636000 0.226433 0.694907 0.687997 1.60934
637000 0.223415 0.69693 0.665052 1.5854
638000 0.229832 0.711747 0.689863 1.63144
639000 0.228232 0.711338 0.664887 1.60446
640000 0.222424 0.700333 0.695348 1.6181
641000 0.214682 0.711272 0.689519 1.61547
642000 0.239101 0.713558 0.703057 1.65572
643000 0.211053 0.696478 0.698084 1.60561
644000 0.225932 0.727553 0.661685 1.61517
645000 0.228019 0.709821 0.72424 1.66208
646000 0.216585 0.704461 0.678645 1.59969
647000 0.240202 0.695359 0.695456 1.63102
648000 0.218991 0.70288 0.707815 1.62969
649000 0.22208 0.741827 0.693094 1.657
650000 0.222297 0.727982 0.713771 1.66405
651000 0.218742 0.752933 0.676216 1.64789
652000 0.231744 0.73274 0.683175 1.64766
653000 0.217514 0.728486 0.755034 1.70103
654000 0.240284 0.738304 0.703191 1.68178
655000 0.230138 0.725533 0.712829 1.6685
656000 0.224395 0.76384 0.709787 1.69802
657000 0.242971 0.751506 0.686736 1.68121
658000 0.222714 0.761753 0.735305 1.71977
659000 0.242925 0.767122 0.701826 1.71187
660000 0.231929 0.765684 0.743493 1.74111
661000 0.222205 0.791454 0.716256 1.72991
662000 0.230541 0.771362 0.725491 1.72739
663000 0.20566 0.789334 0.706853 1.70185
664000 0.225938 0.804584 0.725122 1.75564
665000 0.233286 0.797412 0.747485 1.77818
666000 0.232719 0.821312 0.71376 1.76779
667000 0.23832 0.789444 0.742099 1.76986
668000 0.25003 0.810119 0.705424 1.76557
669000 0.22637 0.798909 0.705076 1.73036
670000 0.246791 0.805202 0.757396 1.80939
671000 0.234961 0.844094 0.72597 1.80503
672000 0.226681 0.804848 0.719731 1.75126
673000 0.24039 0.802335 0.727251 1.76998
674000 0.227268 0.838908 0.690453 1.75663
675000 0.271661 0.821558 0.767493 1.86071
676000 0.235544 0.819386 0.678035 1.73297
677000 0.238166 0.798666 0.726883 1.76371
678000 0.239473 0.804094 0.714337 1.7579
679000 0.24375 0.782003 0.720127 1.74588
680000 0.255795 0.82831 0.739392 1.8235
681000 0.23081 0.815695 0.705734 1.75224
682000 0.241391 0.823808 0.746545 1.81174
683000 0.236102 0.816369 0.709838 1.76231
684000 0.22093 0.812086 0.731688 1.7647
685000 0.24857 0.825008 0.785478 1.85906
686000 0.228933 0.811488 0.708132 1.74855
687000 0.217484 0.813391 0.768036 1.79891
688000 0.230875 0.825397 0.69604 1.75231
689000 0.233047 0.824419 0.744361 1.80183
690000 0.254156 0.833541 0.781731 1.86943
691000 0.229884 0.819221 0.729854 1.77896
692000 0.24257 0.807766 0.793696 1.84403
693000 0.235473 0.822677 0.701004 1.75915
694000 0.240979 0.8366 0.743908 1.82149
695000 0.251066 0.830991 0.74955 1.83161
696000 0.238391 0.838567 0.736487 1.81344
697000 0.241384 0.840563 0.802885 1.88483
698000 0.237436 0.875033 0.735152 1.84762
699000 0.245899 0.8291 0.773641 1.84864
700000 0.253005 0.833219 0.757958 1.84418
701000 0.236558 0.830626 0.722237 1.78942
702000 0.245611 0.811611 0.813117 1.87034
703000 0.26036 0.843503 0.715959 1.81982
704000 0.241992 0.817137 0.754208 1.81334
705000 0.240907 0.830594 0.784442 1.85594
706000 0.234602 0.834658 0.726231 1.79549
707000 0.234944 0.854926 0.833952 1.92382
708000 0.241647 0.87555 0.754749 1.87195
709000 0.223534 0.831231 0.762293 1.81706
710000 0.25503 0.851011 0.791836 1.89788
711000 0.255469 0.854975 0.727649 1.83809
712000 0.254042 0.871404 0.810944 1.93639
713000 0.243429 0.842929 0.745077 1.83144
714000 0.236787 0.862615 0.755892 1.85529
715000 0.249445 0.857146 0.828357 1.93495
716000 0.262956 0.844145 0.73611 1.84321
717000 0.256455 0.862434 0.784535 1.90342
718000 0.235839 0.841736 0.749974 1.82755
719000 0.244919 0.862704 0.755111 1.86273
720000 0.283472 0.878651 0.785798 1.94792
721000 0.251332 0.870142 0.760993 1.88247
722000 0.261899 0.871365 0.808221 1.94149
723000 0.240512 0.858212 0.75976 1.85848
724000 0.252099 0.863747 0.740874 1.85672
725000 0.253902 0.873056 0.809241 1.9362
726000 0.248602 0.864354 0.745367 1.85832
727000 0.268401 0.902317 0.833018 2.00374
728000 0.252289 0.885103 0.795786 1.93318
729000 0.260492 0.88897 0.768213 1.91767
730000 0.250705 0.898734 0.846705 1.99614
731000 0.242514 0.882456 0.761423 1.88639
732000 0.257967 0.905494 0.85043 2.01389
733000 0.251023 0.909338 0.774106 1.93447
734000 0.264791 0.872943 0.781901 1.91963
735000 0.255345 0.886894 0.810464 1.9527
736000 0.233463 0.886735 0.785864 1.90606
737000 0.245805 0.902696 0.837142 1.98564
738000 0.24458 0.910076 0.770943 1.9256
739000 0.242307 0.894367 0.785309 1.92198
740000 0.235448 0.8915 0.816122 1.94307
741000 0.248311 0.904448 0.772951 1.92571
742000 0.234379 0.891526 0.83165 1.95755
743000 0.2493 0.865241 0.772443 1.88698
744000 0.25626 0.881605 0.792598 1.93046
745000 0.25119 0.915585 0.80827 1.97505
746000 0.254108 0.864657 0.795487 1.91425
747000 0.249999 0.857773 0.854559 1.96233
748000 0.248395 0.856257 0.794579 1.89923
749000 0.252425 0.894049 0.79554 1.94201
750000 0.261279 0.878458 0.825189 1.96493
751000 0.252009 0.860571 0.77142 1.884
752000 0.260064 0.875778 0.845505 1.98135
753000 0.263324 0.875839 0.781917 1.92108
754000 0.26081 0.880623 0.798416 1.93985
755000 0.255347 0.86491 0.844398 1.96466
756000 0.258974 0.898879 0.793863 1.95172
757000 0.268642 0.882821 0.802086 1.95355
758000 0.270795 0.873996 0.807639 1.95243
759000 0.251939 0.889459 0.790709 1.93211
760000 0.251845 0.869051 0.816292 1.93719
761000 0.259104 0.8783 0.782286 1.91969
762000 0.245355 0.872804 0.806786 1.92494
763000 0.27866 0.882476 0.823882 1.98502
764000 0.277362 0.864866 0.785542 1.92777
765000 0.275479 0.896309 0.81525 1.98704
766000 0.250289 0.873702 0.794597 1.91859
767000 0.264664 0.884108 0.866669 2.01544
768000 0.279377 0.884605 0.831225 1.99521
769000 0.260415 0.869164 0.841656 1.97123
770000 0.283663 0.857964 0.845593 1.98722
771000 0.264598 0.856086 0.812788 1.93347
772000 0.246086 0.863368 0.862341 1.9718
773000 0.270201 0.896984 0.830486 1.99767
774000 0.258953 0.874121 0.810288 1.94336
775000 0.259729 0.888878 0.874025 2.02263
776000 0.262716 0.879627 0.81259 1.95493
777000 0.258725 0.900497 0.888101 2.04732
778000 0.25647 0.903143 0.852228 2.01184
779000 0.263226 0.909782 0.822619 1.99563
780000 0.272005 0.915222 0.892463 2.07969
781000 0.271188 0.896121 0.801515 1.96882
782000 0.268279 0.883106 0.888167 2.03955
783000 0.248361 0.909655 0.85807 2.01609
784000 0.252224 0.884936 0.822061 1.95922
785000 0.252258 0.911666 0.924332 2.08826
786000 0.251105 0.915394 0.812863 1.97936
787000 0.255881 0.891763 0.895303 2.04295
788000 0.246527 0.890443 0.870049 2.00702
789000 0.261913 0.921834 0.832422 2.01617
790000 0.252308 0.887055 0.920275 2.05964
791000 0.272346 0.920673 0.829834 2.02285
792000 0.263981 0.928866 0.884027 2.07687
793000 0.27487 0.908043 0.82224 2.00515
794000 0.248308 0.885092 0.83689 1.97029
795000 0.258067 0.865461 0.875005 1.99853
796000 0.281122 0.910126 0.842209 2.03346
797000 0.266579 0.918871 0.891175 2.07662
798000 0.271304 0.894447 0.851915 2.01767
799000 0.250657 0.907267 0.837809 1.99573
800000 0.265286 0.919272 0.855066 2.03962
801000 0.276092 0.907952 0.869961 2.054
802000 0.264841 0.935521 0.868174 2.06854
803000 0.274779 0.880205 0.883217 2.0382
804000 0.261814 0.948641 0.853524 2.06398
805000 0.267381 0.931075 0.884739 2.0832
806000 0.287189 0.920252 0.883025 2.09047
807000 0.263293 0.933894 0.873801 2.07099
808000 0.272683 0.936053 0.913751 2.12249
809000 0.262292 0.945804 0.882994 2.09109
810000 0.263765 0.938586 0.893059 2.09541
811000 0.272676 0.945547 0.886552 2.10477
812000 0.279241 0.950467 0.903902 2.13361
813000 0.271642 0.921696 0.919361 2.1127
814000 0.254017 0.942242 0.906802 2.10306
815000 0.270782 0.939518 0.90857 2.11887
816000 0.273558 0.953796 0.910929 2.13828
817000 0.272293 0.924928 0.896536 2.09376
818000 0.274525 0.949425 0.914048 2.138
819000 0.267773 0.951779 0.899094 2.11865
820000 0.250357 0.961303 0.896114 2.10777
821000 0.266085 0.964363 0.946228 2.17668
822000 0.27444 0.962035 0.866776 2.10325
823000 0.270874 0.980017 0.914568 2.16546
824000 0.255192 0.963367 0.890339 2.1089
825000 0.260632 1.0018 0.885767 2.1482
826000 0.283209 1.00532 0.941668 2.23019
827000 0.265217 0.991679 0.884441 2.14134
828000 0.27355 0.974885 0.981382 2.22982
829000 0.270171 0.987913 0.885976 2.14406
830000 0.266045 0.97031 0.924703 2.16106
831000 0.271466 0.966675 0.922521 2.16066
832000 0.268058 0.982674 0.900101 2.15083
833000 0.288972 0.989423 0.981104 2.2595
834000 0.257894 0.968767 0.875277 2.10194
835000 0.267345 0.969398 0.939016 2.17576
836000 0.269865 0.989278 0.921402 2.18055
837000 0.268812 1.01124 0.903306 2.18336
838000 0.29885 0.981985 0.981223 2.26206
839000 0.264103 0.970918 0.892488 2.12751
840000 0.270323 0.987367 0.942639 2.20033
841000 0.275951 1.00158 0.920971 2.1985
842000 0.261223 1.01384 0.905855 2.18092
843000 0.274912 0.980602 0.953115 2.20863
844000 0.257181 0.954681 0.903976 2.11584
845000 0.285141 0.997868 0.944584 2.22759
846000 0.278998 1.00769 0.943498 2.23019
847000 0.279723 0.996996 0.911573 2.18829
848000 0.29006 0.974846 0.968397 2.2333
849000 0.27068 0.981926 0.925775 2.17838
850000 0.271818 0.997765 0.939728 2.20931
851000 0.276128 0.993605 0.93248 2.20221
852000 0.271034 1.01481 0.914472 2.20032
853000 0.279726 0.992577 0.973863 2.24617
854000 0.27314 0.994576 0.912026 2.17974
855000 0.272462 0.99553 0.914163 2.18216
856000 0.280602 0.98064 0.994893 2.25614
857000 0.280617 1.0251 0.910573 2.21629
858000 0.262047 0.996437 0.937221 2.1957
859000 0.275659 1.03812 0.924196 2.23797
860000 0.261605 0.996513 0.909347 2.16746
861000 0.276207 0.981076 0.947802 2.20508
862000 0.278262 1.00863 0.925122 2.21201
863000 0.269514 0.984898 0.957067 2.21148
864000 0.269042 1.01546 0.901884 2.18639
865000 0.264632 0.988471 0.945989 2.19909
866000 0.281647 1.02493 0.930153 2.23673
867000 0.264725 1.02123 0.924729 2.21069
868000 0.286797 1.03127 0.988327 2.3064
869000 0.268493 1.00774 0.945671 2.2219
870000 0.275499 0.998959 0.963185 2.23764
871000 0.288076 1.03691 0.930294 2.25528
872000 0.2766 1.00365 0.936203 2.21645
873000 0.280457 0.998755 0.92904 2.20825
874000 0.279196 1.02409 0.942046 2.24533
875000 0.271754 0.979646 0.954798 2.2062
876000 0.272879 1.02924 0.939747 2.24186
877000 0.269512 1.00739 0.979581 2.25648
878000 0.277242 0.997885 0.940748 2.21587
879000 0.267294 1.01752 0.957162 2.24198
880000 0.287284 1.01031 0.980469 2.27806
881000 0.266643 1.01776 0.927756 2.21215
882000 0.280985 0.996518 0.951016 2.22852
883000 0.269052 1.01417 0.93704 2.22026
884000 0.26526 1.01532 0.916519 2.1971
885000 0.263034 1.00885 0.949252 2.22114
886000 0.275219 1.01887 0.948821 2.24291
887000 0.285174 1.02156 0.945297 2.25203
888000 0.28628 1.02539 0.952948 2.26462
889000 0.283285 1.02697 0.944474 2.25473
890000 0.281399 1.02221 0.994878 2.29849
891000 0.278803 1.03696 0.95194 2.2677
892000 0.270677 1.02973 0.945884 2.24629
893000 0.290054 1.03065 0.964619 2.28532
894000 0.273644 1.0377 0.941443 2.25279
895000 0.276397 1.02365 0.952303 2.25235
896000 0.291965 1.03402 0.941822 2.26781
897000 0.27048 1.01954 0.965641 2.25566
898000 0.287888 1.05011 0.978431 2.31643
899000 0.282297 1.00349 0.97329 2.25908
900000 0.276148 0.997848 0.944425 2.21842
901000 0.289565 1.02564 0.967285 2.28249
902000 0.265906 1.00981 0.947763 2.22348
903000 0.283192 1.03772 0.946048 2.26696
904000 0.276879 1.00943 0.968656 2.25497
905000 0.281651 1.02191 0.968153 2.27171
906000 0.274695 1.03574 0.957544 2.26798
907000 0.277838 1.02518 0.966686 2.26971
908000 0.284532 1.02491 0.945127 2.25457
909000 0.278228 1.00487 0.952613 2.23571
910000 0.295881 1.04572 0.987354 2.32895
911000 0.286399 1.02925 0.936881 2.25253
912000 0.286706 1.02711 0.963984 2.2778
913000 0.298984 1.02459 0.970927 2.29451
914000 0.289945 1.01657 0.991681 2.29819
915000 0.294609 1.0375 0.96906 2.30116
916000 0.28378 1.02889 0.9747 2.28737
917000 0.281051 1.03237 1.00478 2.3182
918000 0.291719 1.04719 0.964182 2.30309
919000 0.288177 1.01923 0.983167 2.29057
920000 0.288986 1.03437 0.961177 2.28453
921000 0.276882 1.04726 0.949808 2.27395
922000 0.291362 1.04355 0.946772 2.28169
923000 0.296114 1.03628 0.957683 2.29007
924000 0.287612 1.04481 0.957487 2.28991
925000 0.279489 1.00916 0.98849 2.27714
926000 0.285464 1.03853 0.991911 2.3159
927000 0.287909 1.02336 0.967374 2.27865
928000 0.308095 1.0549 0.981918 2.34491
929000 0.290662 1.03644 0.975145 2.30225
930000 0.276764 1.05218 0.965881 2.29483
931000 0.293267 1.04327 0.971563 2.3081
932000 0.285925 1.05965 0.982614 2.32819
933000 0.287887 1.04886 0.984802 2.32155
934000 0.274352 1.01179 0.971906 2.25805
935000 0.289789 1.02357 1.01498 2.32834
936000 0.296747 1.0283 0.968259 2.29331
937000 0.28397 1.02443 0.984103 2.2925
938000 0.287113 1.03901 0.979237 2.30536
939000 0.281297 1.03432 0.983285 2.2989
940000 0.281538 1.0299 1.00198 2.31342
941000 0.284201 1.02601 0.981067 2.29128
942000 0.285348 1.02206 1.00561 2.31302
943000 0.277359 1.04486 1.00168 2.3239
944000 0.279573 1.03412 0.962607 2.2763
945000 0.284766 1.03716 1.00761 2.32955
946000 0.283718 1.03155 0.978661 2.29393
947000 0.290767 1.04436 1.00074 2.33586
948000 0.290114 1.03821 0.972381 2.30071
949000 0.298056 1.04671 0.99354 2.33831
950000 0.302926 1.04085 1.01134 2.35512
951000 0.286921 1.06414 1.00473 2.3558
952000 0.286054 1.05748 1.03055 2.37408
953000 0.288352 1.0468 0.988446 2.32359
954000 0.312242 1.04902 1.00506 2.36632
955000 0.295849 1.03762 1.02017 2.35364
956000 0.29633 1.06765 0.998117 2.3621
957000 0.292736 1.02767 1.05579 2.3762
958000 0.316065 1.06868 0.975165 2.35991
959000 0.290356 1.06406 0.989165 2.34358
960000 0.279877 1.04708 0.999001 2.32596
961000 0.317978 1.05427 0.984912 2.35716
962000 0.295407 1.05184 1.05668 2.40392
963000 0.310473 1.08534 1.01929 2.41511
964000 0.297941 1.07238 1.02072 2.39104
965000 0.30563 1.05524 1.063 2.42387
966000 0.352873 1.08335 0.988373 2.42459
967000 0.303868 1.07456 1.04815 2.42658
968000 0.311658 1.10044 1.00918 2.42128
969000 0.307267 1.06594 1.05294 2.42614
970000 0.304447 1.07145 1.07083 2.44673
971000 0.309282 1.06547 0.995802 2.37055
972000 0.297938 1.04734 1.07004 2.41532
973000 0.288336 1.05834 1.01401 2.36068
974000 0.300088 1.07069 1.03309 2.40387
975000 0.279714 1.10964 1.0384 2.42775
976000 0.289387 1.08378 0.996135 2.3693
977000 0.307296 1.08301 1.05326 2.44356
978000 0.296787 1.04721 1.04245 2.38644
979000 0.303836 1.06247 1.01023 2.37653
980000 0.312838 1.10636 1.08447 2.50367
981000 0.312024 1.08726 1.01688 2.41616
982000 0.306866 1.05747 1.02843 2.39276
983000 0.307979 1.03797 1.04009 2.38604
984000 0.298487 1.07437 1.04272 2.41558
985000 0.314876 1.09795 1.06543 2.47826
986000 0.296945 1.08011 1.0311 2.40816
987000 0.304293 1.08689 1.00584 2.39703
988000 0.304467 1.08955 1.07067 2.46469
989000 0.307837 1.1029 1.02689 2.43762
990000 0.320846 1.08879 1.06707 2.4767
991000 0.315545 1.08551 1.05728 2.45833
992000 0.301558 1.07498 1.05156 2.42809
993000 0.299922 1.08375 1.06187 2.44555
994000 0.316926 1.08022 1.06041 2.45755
995000 0.318909 1.08378 1.03574 2.43842
996000 0.303999 1.08024 1.08268 2.46691
997000 0.303369 1.09757 1.00902 2.40996
998000 0.306107 1.11422 1.05394 2.47427
999000 0.302641 1.10172 1.07844 2.48281
1000000 0.329482 1.09961 1.02751 2.45661
1001000 0.31552 1.1037 1.10529 2.5245
1002000 0.313465 1.08467 1.07225 2.47039
1003000 0.310571 1.08601 1.06175 2.45834
1004000 0.30328 1.11204 1.07986 2.49518
1005000 0.30751 1.11219 1.04372 2.46342
1006000 0.308301 1.11103 1.04925 2.46859
1007000 0.308556 1.11125 1.07508 2.49489
1008000 0.318211 1.09279 1.07414 2.48515
1009000 0.311136 1.08344 1.04728 2.44186
1010000 0.305827 1.12157 1.08352 2.51092
1011000 0.303739 1.0893 1.04719 2.44023
1012000 0.307766 1.09333 1.05211 2.45321
1013000 0.302939 1.11159 1.07182 2.48635
1014000 0.319453 1.09751 1.04957 2.46653
1015000 0.308785 1.1086 1.06998 2.48737
1016000 0.319165 1.13021 1.075 2.52437
1017000 0.342305 1.13319 1.04855 2.52404
1018000 0.319044 1.13127 1.0666 2.51691
1019000 0.329728 1.12942 1.07159 2.53073
1020000 0.324856 1.13346 1.08428 2.54259
1021000 0.318279 1.11709 1.08428 2.51966
1022000 0.323644 1.11405 1.07881 2.51651
1023000 0.329462 1.12581 1.07268 2.52795
1024000 0.32584 1.1486 1.06858 2.54302
1025000 0.33086 1.13789 1.09214 2.56089
1026000 0.332674 1.13993 1.07019 2.54279
1027000 0.32095 1.13714 1.07947 2.53755
1028000 0.30798 1.15111 1.08756 2.54665
1029000 0.316636 1.15889 1.08053 2.55606
1030000 0.339689 1.12053 1.10002 2.56023
