# Time-averaged data for fix 1
# TimeStep c_msd_all[1] c_msd_all[2] c_msd_all[3] c_msd_all[4]
31000 0.079478 0.0753983 0.0620807 0.216957
32000 0.0795695 0.0808849 0.0646009 0.225055
33000 0.0646741 0.0621194 0.0665864 0.19338
34000 0.0773117 0.0737437 0.0608437 0.211899
35000 0.0602651 0.0758114 0.0631297 0.199206
36000 0.0689414 0.0805818 0.0608444 0.210368
37000 0.0771214 0.0738894 0.064448 0.215459
38000 0.0717358 0.0777753 0.0656318 0.215143
39000 0.0700955 0.0760639 0.0613662 0.207526
40000 0.0803851 0.0644367 0.0612233 0.206045
41000 0.0711454 0.0804352 0.0596327 0.211213
42000 0.0719507 0.0711651 0.0641927 0.207309
43000 0.0708306 0.0688237 0.0655342 0.205188
44000 0.0741758 0.0761902 0.0690287 0.219395
45000 0.0727938 0.0665972 0.0653321 0.204723
46000 0.0777038 0.0771931 0.0599642 0.214861
47000 0.0751712 0.0731208 0.0662001 0.214492
48000 0.0731119 0.0671775 0.0618657 0.202155
49000 0.0757714 0.0740937 0.0657061 0.215571
50000 0.0790327 0.0788313 0.0569507 0.214815
51000 0.0695006 0.0912406 0.065389 0.22613
52000 0.0692527 0.078396 0.0695525 0.217201
53000 0.0891515 0.0808188 0.0760982 0.246069
54000 0.0801987 0.0812428 0.0679487 0.22939
55000 0.0852638 0.0907353 0.0606033 0.236602
56000 0.0740332 0.075867 0.0658609 0.215761
57000 0.0906533 0.0756664 0.0707498 0.237069
58000 0.0830989 0.0799137 0.0607546 0.223767
59000 0.0829489 0.0892406 0.0651732 0.237363
60000 0.0842856 0.0750981 0.0644301 0.223814
61000 0.0728736 0.0784381 0.0672611 0.218573
62000 0.0801271 0.080505 0.0654296 0.226062
63000 0.0776416 0.0778104 0.0619308 0.217383
64000 0.0795074 0.0756694 0.0657521 0.220929
65000 0.0880882 0.0853589 0.0691601 0.242607
66000 0.0746121 0.0834762 0.0649115 0.223
67000 0.0887567 0.0863474 0.0685941 0.243698
68000 0.0787934 0.0773147 0.0664491 0.222557
69000 0.0864442 0.0859458 0.0692535 0.241644
70000 0.0803644 0.0806259 0.0653387 0.226329
71000 0.074089 0.0740686 0.0699142 0.218072
72000 0.0891239 0.0854971 0.0698373 0.244458
73000 0.0823747 0.0749474 0.068509 0.225831
74000 0.0876067 0.0839392 0.0739764 0.245522
75000 0.0799317 0.0779725 0.0737087 0.231613
76000 0.0865312 0.0896247 0.0745874 0.250743
77000 0.0781946 0.0816338 0.0751168 0.234945
78000 0.0864539 0.086023 0.075902 0.248379
79000 0.0876876 0.0932208 0.0702238 0.251132
80000 0.0797662 0.0870273 0.0721417 0.238935
81000 0.077912 0.0911652 0.0792169 0.248294
82000 0.0916144 0.0913867 0.0834946 0.266496
83000 0.088132 0.0916636 0.078062 0.257858
84000 0.0920076 0.0936228 0.0769317 0.262562
85000 0.103882 0.101947 0.0789903 0.284819
86000 0.0913656 0.0963402 0.0745632 0.262269
87000 0.0827705 0.101893 0.0754025 0.260066
88000 0.0978424 0.101605 0.0813098 0.280757
89000 0.0900624 0.0980481 0.0800803 0.268191
90000 0.0909346 0.0985125 0.0775981 0.267045
91000 0.0963654 0.100943 0.0818331 0.279141
92000 0.085762 0.0956639 0.0837278 0.265154
93000 0.0964951 0.103662 0.0830208 0.283178
94000 0.0886215 0.101105 0.081222 0.270949
95000 0.0890299 0.103182 0.0754856 0.267697
96000 0.103474 0.0966823 0.0849184 0.285075
97000 0.0889844 0.0941977 0.0858625 0.269045
98000 0.0865252 0.0955474 0.0954307 0.277503
99000 0.114952 0.114801 0.0869508 0.316704
100000 0.0893157 0.10296 0.0878139 0.28009
101000 0.107925 0.105372 0.0795183 0.292815
102000 0.116705 0.108289 0.084589 0.309584
103000 0.0930141 0.0921553 0.0860016 0.271171
104000 0.0916527 0.094655 0.0749123 0.26122
105000 0.102381 0.112114 0.0779286 0.292424
106000 0.0846478 0.0900277 0.0772851 0.251961
107000 0.0993294 0.0973135 0.0804637 0.277107
108000 0.0994126 0.104295 0.0880213 0.291728
109000 0.0870059 0.0935136 0.0852599 0.265779
110000 0.110491 0.105194 0.0816343 0.297319
111000 0.0940215 0.10743 0.0776796 0.279131
112000 0.0823745 0.097654 0.0827605 0.262789
113000 0.0986308 0.104347 0.0753255 0.278303
114000 0.0862757 0.0900218 0.0816261 0.257924
115000 0.0911917 0.0966376 0.0817982 0.269627
116000 0.10402 0.100629 0.076204 0.280853
117000 0.088999 0.101239 0.0812957 0.271534
118000 0.0959411 0.105694 0.0767297 0.278365
119000 0.0925689 0.102987 0.0830386 0.278595
120000 0.0867757 0.105583 0.0773439 0.269703
121000 0.103625 0.105165 0.0893767 0.298166
122000 0.0918687 0.0962639 0.0826216 0.270754
123000 0.0923301 0.100788 0.0905557 0.283674
124000 0.107492 0.106085 0.0885374 0.302114
125000 0.0852576 0.0917668 0.0878111 0.264835
126000 0.0951482 0.102297 0.0815171 0.278963
127000 0.0991488 0.0995225 0.0829109 0.281582
128000 0.0906193 0.103929 0.0786707 0.273219
129000 0.0993325 0.108101 0.0883838 0.295818
130000 0.0938692 0.0956191 0.0820352 0.271524
131000 0.0942135 0.104078 0.0792643 0.277556
132000 0.0964605 0.0949468 0.0831622 0.27457
133000 0.0944723 0.0992265 0.0795967 0.273295
134000 0.0883826 0.0943922 0.0819886 0.264763
135000 0.0990604 0.107585 0.0898706 0.296516
136000 0.0828609 0.104173 0.0841748 0.271208
137000 0.0946907 0.112239 0.0853019 0.292232
138000 0.0942703 0.11061 0.0765512 0.281431
139000 0.0915088 0.113632 0.0800039 0.285145
140000 0.0905164 0.105692 0.0836734 0.279881
141000 0.089161 0.109601 0.0796698 0.278432
142000 0.103409 0.100018 0.0803917 0.283819
143000 0.0930962 0.10228 0.088437 0.283813
144000 0.0954137 0.108904 0.0857726 0.29009
145000 0.09202 0.104344 0.0920076 0.288372
146000 0.0999353 0.115236 0.0884612 0.303633
147000 0.0901162 0.106378 0.0861431 0.282637
148000 0.0877206 0.107618 0.0773274 0.272666
149000 0.095467 0.101317 0.0850637 0.281848
150000 0.092148 0.096819 0.090095 0.279062
151000 0.0910076 0.109938 0.0875333 0.288479
152000 0.0879478 0.0963037 0.0905302 0.274782
153000 0.0925665 0.116043 0.0892485 0.297858
154000 0.100844 0.123236 0.0895876 0.313668
155000 0.0942916 0.109896 0.0775614 0.281749
156000 0.0942626 0.105756 0.0857125 0.285731
157000 0.0953505 0.111817 0.0898028 0.29697
158000 0.102721 0.110665 0.0867722 0.300158
159000 0.103015 0.102775 0.0947737 0.300563
160000 0.100712 0.104488 0.0938216 0.299022
161000 0.112686 0.118846 0.0923917 0.323923
162000 0.0955689 0.109442 0.0869726 0.291984
163000 0.0991793 0.117226 0.0899974 0.306403
164000 0.106578 0.119738 0.0936093 0.319925
165000 0.0899467 0.105784 0.0891505 0.284881
166000 0.11173 0.12208 0.0955598 0.32937
167000 0.100526 0.121444 0.0883867 0.310356
168000 0.10937 0.13246 0.091581 0.333411
169000 0.105758 0.116311 0.0883233 0.310393
170000 0.10054 0.118786 0.100673 0.319999
171000 0.094572 0.107661 0.093991 0.296224
172000 0.116631 0.12274 0.0912241 0.330595
173000 0.0959282 0.118131 0.105296 0.319356
174000 0.118536 0.115013 0.089256 0.322805
175000 0.101455 0.108488 0.0860955 0.296039
176000 0.108643 0.11754 0.0862219 0.312405
177000 0.116969 0.13013 0.0877118 0.334811
178000 0.103985 0.116453 0.086299 0.306736
179000 0.107511 0.114103 0.0891821 0.310797
180000 0.100867 0.110897 0.0860437 0.297808
181000 0.102593 0.100932 0.0958646 0.299389
182000 0.104905 0.115817 0.103799 0.324521
183000 0.101642 0.108801 0.0989201 0.309363
184000 0.11415 0.113102 0.0992909 0.326544
185000 0.105236 0.116217 0.0964812 0.317934
186000 0.110245 0.121289 0.0999671 0.331501
187000 0.108561 0.125357 0.0922082 0.326126
188000 0.10777 0.111027 0.0961273 0.314924
189000 0.0965434 0.120376 0.0875876 0.304507
190000 0.100238 0.107134 0.0942266 0.301598
191000 0.101661 0.107922 0.0966893 0.306272
192000 0.107572 0.113884 0.085774 0.30723
193000 0.0986092 0.11308 0.0996133 0.311303
194000 0.107683 0.108329 0.0967743 0.312787
195000 0.108641 0.120327 0.0914431 0.320411
196000 0.113939 0.115198 0.0913302 0.320468
197000 0.108416 0.109016 0.0941561 0.311588
198000 0.099583 0.116366 0.0913635 0.307313
199000 0.102533 0.112947 0.0970378 0.312518
200000 0.103382 0.10808 0.0901425 0.301605
201000 0.106523 0.120681 0.0969875 0.324191
202000 0.108694 0.113703 0.0916663 0.314064
203000 0.115305 0.105636 0.103295 0.324235
204000 0.101242 0.113621 0.0991006 0.313963
205000 0.107124 0.103875 0.0916208 0.302619
206000 0.107894 0.115304 0.0975934 0.320791
207000 0.110252 0.112347 0.101465 0.324064
208000 0.1112 0.115134 0.0950282 0.321363
209000 0.103175 0.116159 0.0944706 0.313805
210000 0.105735 0.119564 0.0923856 0.317684
211000 0.113981 0.117621 0.0997751 0.331377
212000 0.110774 0.105385 0.089128 0.305287
213000 0.126902 0.126547 0.0985844 0.352034
214000 0.102163 0.11053 0.0992277 0.31192
215000 0.114121 0.124954 0.104694 0.343769
216000 0.119191 0.123261 0.100231 0.342682
217000 0.101069 0.113944 0.0902075 0.30522
218000 0.107062 0.106824 0.0965618 0.310447
219000 0.109473 0.110072 0.105435 0.324979
220000 0.111431 0.120804 0.10551 0.337745
221000 0.117662 0.120483 0.100915 0.339059
222000 0.121358 0.106814 0.0997097 0.327882
223000 0.114011 0.116501 0.109446 0.339959
224000 0.112617 0.122073 0.112003 0.346692
225000 0.116752 0.119056 0.114535 0.350343
226000 0.113608 0.116644 0.108533 0.338786
227000 0.111361 0.119034 0.107794 0.338189
228000 0.108467 0.114849 0.106138 0.329454
229000 0.103265 0.119176 0.104358 0.326799
230000 0.112966 0.120092 0.104252 0.33731
231000 0.103974 0.112093 0.106064 0.322132
232000 0.117716 0.122072 0.108015 0.347803
233000 0.107202 0.113492 0.108976 0.329669
234000 0.108104 0.113947 0.106233 0.328284
235000 0.113076 0.111482 0.099143 0.323701
236000 0.114991 0.116343 0.107693 0.339028
237000 0.120668 0.118847 0.108692 0.348206
238000 0.117993 0.121622 0.108169 0.347784
239000 0.116013 0.134848 0.110676 0.361537
240000 0.119214 0.125246 0.113703 0.358164
241000 0.124186 0.125873 0.113645 0.363704
242000 0.110039 0.128573 0.111639 0.350251
243000 0.103162 0.115313 0.109809 0.328285
244000 0.111791 0.128461 0.111156 0.351408
245000 0.103087 0.118382 0.107806 0.329274
246000 0.116488 0.111879 0.108269 0.336636
247000 0.122086 0.136289 0.111454 0.369828
248000 0.109669 0.135766 0.120297 0.365731
249000 0.11538 0.121577 0.119311 0.356267
250000 0.12019 0.128952 0.115191 0.364333
251000 0.115867 0.116917 0.115427 0.348211
252000 0.124693 0.132824 0.113803 0.37132
253000 0.115487 0.119404 0.112998 0.34789
254000 0.107577 0.111853 0.109532 0.328962
255000 0.132791 0.150588 0.120076 0.403455
256000 0.10438 0.115901 0.112297 0.332579
257000 0.114153 0.124785 0.114491 0.353429
258000 0.12021 0.127635 0.116118 0.363964
259000 0.108072 0.116644 0.115962 0.340679
260000 0.115464 0.124275 0.118078 0.357816
261000 0.125684 0.133056 0.11572 0.37446
262000 0.115877 0.121771 0.116479 0.354127
263000 0.120843 0.123465 0.114193 0.3585
264000 0.114249 0.131237 0.107189 0.352675
265000 0.112228 0.129239 0.107241 0.348708
266000 0.107774 0.11591 0.113921 0.337605
267000 0.118962 0.133574 0.118531 0.371066
268000 0.113146 0.113941 0.117996 0.345082
269000 0.133528 0.144668 0.117964 0.39616
270000 0.110741 0.130032 0.115975 0.356748
271000 0.121589 0.131984 0.11422 0.367794
272000 0.121288 0.12438 0.113134 0.358801
273000 0.117779 0.131074 0.119378 0.368231
274000 0.112743 0.121711 0.114199 0.348652
275000 0.130089 0.143146 0.121869 0.395104
276000 0.116595 0.133811 0.129856 0.380261
277000 0.117215 0.121834 0.11724 0.356289
278000 0.114764 0.132423 0.116285 0.363473
279000 0.113544 0.124799 0.118589 0.356933
280000 0.124121 0.13089 0.121627 0.376638
281000 0.120441 0.136388 0.117022 0.373851
282000 0.122483 0.134912 0.122237 0.379633
283000 0.124504 0.13613 0.124999 0.385633
284000 0.125194 0.142446 0.12163 0.389271
285000 0.106996 0.134535 0.117646 0.359176
286000 0.114302 0.131048 0.127041 0.372391
287000 0.124419 0.134075 0.127387 0.385881
288000 0.131802 0.144557 0.126902 0.403261
289000 0.119298 0.138206 0.126982 0.384486
290000 0.116586 0.139698 0.134456 0.39074
291000 0.12728 0.139949 0.122707 0.389936
292000 0.122229 0.139347 0.124912 0.386489
293000 0.123366 0.136312 0.126063 0.38574
294000 0.111246 0.131138 0.12915 0.371534
295000 0.122464 0.139873 0.134866 0.397204
296000 0.129961 0.141262 0.124179 0.395402
297000 0.131579 0.151255 0.126667 0.409501
298000 0.127835 0.140318 0.133589 0.401742
299000 0.133008 0.143393 0.1228 0.399201
300000 0.120335 0.150527 0.121124 0.391987
301000 0.123405 0.140417 0.129092 0.392914
302000 0.141668 0.14877 0.131391 0.42183
303000 0.125076 0.155872 0.132416 0.413363
304000 0.134978 0.157217 0.132378 0.424574
305000 0.118278 0.137309 0.135099 0.390686
306000 0.132976 0.148211 0.138744 0.419931
307000 0.13429 0.156462 0.143068 0.43382
308000 0.122189 0.141993 0.141741 0.405923
309000 0.1272 0.150973 0.139882 0.418055
310000 0.127178 0.149041 0.126491 0.402711
311000 0.130411 0.1465 0.128952 0.405863
312000 0.134273 0.148991 0.134169 0.417433
313000 0.139616 0.151974 0.140169 0.431759
314000 0.130863 0.155874 0.132472 0.419208
315000 0.136472 0.159956 0.146587 0.443015
316000 0.131074 0.155559 0.145716 0.43235
317000 0.12939 0.15023 0.144429 0.424049
318000 0.134418 0.163643 0.140569 0.438629
319000 0.132386 0.15455 0.147555 0.434491
320000 0.138624 0.180389 0.14787 0.466884
321000 0.14358 0.171783 0.141327 0.456689
322000 0.126233 0.158769 0.136059 0.421061
323000 0.13103 0.159859 0.136142 0.427031
324000 0.138172 0.157688 0.136247 0.432106
325000 0.160618 0.164422 0.153935 0.478975
326000 0.15777 0.167242 0.149821 0.474833
327000 0.155597 0.16942 0.138427 0.463443
328000 0.130874 0.162037 0.138423 0.431335
329000 0.147902 0.166498 0.135453 0.449852
330000 0.14031 0.172122 0.14022 0.452652
331000 0.145212 0.165908 0.152263 0.463383
332000 0.143125 0.160791 0.145924 0.449841
333000 0.151634 0.158257 0.156016 0.465907
334000 0.153538 0.159698 0.154971 0.468207
335000 0.15326 0.15639 0.147136 0.456785
336000 0.144893 0.166346 0.145925 0.457164
337000 0.15308 0.163899 0.154789 0.471768
338000 0.134051 0.161178 0.156773 0.452003
339000 0.140552 0.16282 0.159954 0.463326
340000 0.141646 0.161927 0.150258 0.453832
341000 0.143529 0.172132 0.155246 0.470907
342000 0.154513 0.169759 0.154055 0.478327
343000 0.151621 0.16689 0.146371 0.464882
344000 0.146221 0.152757 0.150031 0.449009
345000 0.152673 0.165153 0.149143 0.46697
346000 0.145155 0.167916 0.154127 0.467199
347000 0.141008 0.158688 0.158748 0.458444
348000 0.150906 0.161868 0.150347 0.46312
349000 0.154552 0.172459 0.156167 0.483178
350000 0.14034 0.161802 0.158056 0.460197
351000 0.149101 0.168142 0.150821 0.468064
352000 0.153021 0.189251 0.144188 0.486461
353000 0.146476 0.158921 0.15465 0.460047
354000 0.151241 0.158818 0.157819 0.467878
355000 0.150445 0.172931 0.146473 0.469849
356000 0.14854 0.163653 0.161309 0.473501
357000 0.150252 0.166811 0.158786 0.475849
358000 0.142954 0.176193 0.164323 0.48347
359000 0.145296 0.161485 0.157039 0.46382
360000 0.160088 0.179962 0.162863 0.502913
361000 0.140523 0.167954 0.162805 0.471282
362000 0.157399 0.174974 0.156082 0.488454
363000 0.153144 0.17468 0.160061 0.487885
364000 0.140584 0.156629 0.165383 0.462596
365000 0.154709 0.162451 0.164708 0.481868
366000 0.145174 0.17631 0.161847 0.483331
367000 0.144407 0.169179 0.162586 0.476171
368000 0.146753 0.167366 0.159488 0.473608
369000 0.143773 0.172666 0.157173 0.473612
370000 0.146501 0.160501 0.171326 0.478328
371000 0.143011 0.176281 0.160855 0.480147
372000 0.144906 0.1602 0.163925 0.469031
373000 0.143702 0.171818 0.160886 0.476406
374000 0.149534 0.177527 0.16133 0.488391
375000 0.145786 0.163452 0.171174 0.480413
376000 0.159614 0.172837 0.173429 0.505879
377000 0.138387 0.162525 0.164461 0.465374
378000 0.152567 0.173474 0.167653 0.493693
379000 0.152362 0.171362 0.159959 0.483684
380000 0.162899 0.174603 0.166445 0.503946
381000 0.142644 0.175537 0.162612 0.480793
382000 0.15643 0.174725 0.158093 0.489248
383000 0.143762 0.170267 0.170731 0.48476
384000 0.141502 0.182033 0.172189 0.495724
385000 0.144184 0.181134 0.172046 0.497364
386000 0.145267 0.168676 0.174539 0.488482
387000 0.136843 0.172686 0.165173 0.474703
388000 0.145983 0.176093 0.169841 0.491917
389000 0.144385 0.177919 0.177678 0.499982
390000 0.148218 0.185685 0.169599 0.503501
391000 0.15844 0.173173 0.169964 0.501577
392000 0.154231 0.174246 0.176314 0.504791
393000 0.157051 0.179969 0.16854 0.505561
394000 0.145338 0.177888 0.17669 0.499915
395000 0.138938 0.168367 0.173585 0.480891
396000 0.151324 0.191445 0.172099 0.514869
397000 0.15273 0.181247 0.175632 0.509609
398000 0.142214 0.177283 0.16766 0.487158
399000 0.163227 0.175819 0.172714 0.51176
400000 0.152733 0.172695 0.171863 0.497291
401000 0.150727 0.182146 0.17888 0.511753
402000 0.154193 0.174254 0.17256 0.501007
403000 0.147894 0.178923 0.172169 0.498986
404000 0.152707 0.174368 0.175343 0.502417
405000 0.165071 0.181301 0.1676 0.513972
406000 0.162897 0.191701 0.170664 0.525261
407000 0.154387 0.164938 0.170562 0.489888
408000 0.162006 0.178117 0.166979 0.507103
409000 0.149328 0.188254 0.169627 0.507209
410000 0.166809 0.173445 0.175954 0.516208
411000 0.189612 0.193874 0.171401 0.554887
412000 0.149688 0.1806 0.174096 0.504383
413000 0.151297 0.177401 0.17258 0.501278
414000 0.166102 0.189395 0.172317 0.527814
415000 0.153186 0.186925 0.175332 0.515442
416000 0.158048 0.167918 0.170424 0.49639
417000 0.160406 0.174406 0.170757 0.505568
418000 0.167765 0.186726 0.16996 0.524451
419000 0.148952 0.179569 0.175762 0.504283
420000 0.169392 0.198875 0.172778 0.541046
421000 0.159534 0.182864 0.17058 0.512978
422000 0.159596 0.181325 0.169945 0.510866
423000 0.158145 0.177856 0.169228 0.505228
424000 0.153586 0.173522 0.17055 0.497658
425000 0.172013 0.186498 0.173056 0.531567
426000 0.153054 0.174611 0.17113 0.498794
427000 0.15699 0.177218 0.172676 0.506884
428000 0.151528 0.186994 0.175442 0.513963
429000 0.166362 0.188547 0.179412 0.534322
430000 0.166864 0.17123 0.187626 0.52572
431000 0.171005 0.187471 0.1812 0.539676
432000 0.161434 0.178808 0.174029 0.514272
433000 0.159405 0.175493 0.175292 0.510189
434000 0.183337 0.192475 0.186239 0.56205
435000 0.170757 0.193544 0.185174 0.549475
436000 0.166658 0.17975 0.180705 0.527113
437000 0.163923 0.180813 0.179668 0.524403
438000 0.162768 0.181432 0.178745 0.522946
439000 0.174271 0.183035 0.181475 0.53878
440000 0.152871 0.171607 0.180214 0.504692
441000 0.17269 0.215103 0.173864 0.561657
442000 0.156131 0.181773 0.184088 0.521993
443000 0.165623 0.19227 0.184978 0.542871
444000 0.171323 0.177946 0.18816 0.537429
445000 0.158089 0.186278 0.177791 0.522158
446000 0.168365 0.186519 0.186277 0.541161
447000 0.167349 0.192616 0.180036 0.540001
448000 0.162854 0.183645 0.181677 0.528176
449000 0.167513 0.186466 0.19229 0.54627
450000 0.166834 0.185555 0.18321 0.5356
451000 0.171034 0.175823 0.186329 0.533187
452000 0.165635 0.186859 0.183641 0.536135
453000 0.160772 0.185274 0.189743 0.535788
454000 0.162991 0.187914 0.186427 0.537331
455000 0.169856 0.194027 0.194165 0.558048
456000 0.165372 0.183178 0.189656 0.538207
457000 0.168416 0.182351 0.191164 0.541932
458000 0.169696 0.175785 0.189368 0.534848
459000 0.165646 0.1762 0.179912 0.521758
460000 0.17243 0.191623 0.185148 0.549201
461000 0.167795 0.190577 0.188067 0.546438
462000 0.164194 0.198622 0.199667 0.562482
463000 0.165832 0.201039 0.184595 0.551467
464000 0.160074 0.186757 0.188605 0.535436
465000 0.164046 0.176976 0.188461 0.529483
466000 0.176394 0.194531 0.183148 0.554073
467000 0.163826 0.187058 0.180959 0.531843
468000 0.161226 0.187314 0.183283 0.531823
469000 0.170085 0.191949 0.187893 0.549927
470000 0.16995 0.186354 0.18919 0.545494
471000 0.160077 0.190057 0.192632 0.542766
472000 0.168308 0.190192 0.190405 0.548905
473000 0.169785 0.185272 0.193251 0.548307
474000 0.165686 0.196657 0.186363 0.548706
475000 0.157711 0.192656 0.197923 0.54829
476000 0.173734 0.191496 0.196537 0.561768
477000 0.176169 0.193329 0.194315 0.563813
478000 0.154343 0.187301 0.185769 0.527413
479000 0.168455 0.19058 0.194755 0.55379
480000 0.172599 0.185077 0.184221 0.541898
481000 0.160702 0.184404 0.190718 0.535824
482000 0.16803 0.185088 0.18801 0.541128
483000 0.176231 0.18522 0.191606 0.553057
484000 0.163812 0.191921 0.190542 0.546275
485000 0.16508 0.19552 0.196209 0.556809
486000 0.183567 0.200369 0.186099 0.570035
487000 0.165964 0.187947 0.189459 0.54337
488000 0.175653 0.183924 0.185142 0.54472
489000 0.172743 0.201361 0.186664 0.560767
490000 0.172629 0.193026 0.191356 0.55701
491000 0.165513 0.184091 0.195824 0.545428
492000 0.170668 0.191214 0.187473 0.549355
493000 0.154611 0.187823 0.181276 0.523709
494000 0.169688 0.18877 0.19831 0.556767
495000 0.159551 0.184435 0.186935 0.530921
496000 0.170345 0.192892 0.192195 0.555432
497000 0.167536 0.192478 0.194222 0.554236
498000 0.161923 0.186898 0.194881 0.543702
499000 0.167565 0.197635 0.195853 0.561053
500000 0.165464 0.188972 0.196871 0.551307
501000 0.168097 0.191749 0.194919 0.554765
502000 0.166994 0.198428 0.189519 0.554941
503000 0.177305 0.186865 0.193516 0.557686
504000 0.166943 0.196849 0.189458 0.553249
505000 0.182137 0.192231 0.203569 0.577937
506000 0.169276 0.197524 0.199499 0.5663
507000 0.166887 0.197052 0.200865 0.564803
508000 0.164142 0.188996 0.200558 0.553696
509000 0.17189 0.209489 0.197673 0.579052
510000 0.184182 0.2074 0.195203 0.586786
511000 0.167057 0.196485 0.195856 0.559398
512000 0.177321 0.212076 0.198512 0.58791
513000 0.171951 0.200366 0.203073 0.575389
514000 0.175967 0.192791 0.200283 0.569041
515000 0.163865 0.193758 0.203038 0.560661
516000 0.185564 0.206004 0.200399 0.591967
517000 0.183854 0.203286 0.204236 0.591376
518000 0.158868 0.196572 0.197553 0.552993
519000 0.188868 0.209676 0.188871 0.587415
520000 0.1767 0.198424 0.202119 0.577243
521000 0.183078 0.205488 0.204389 0.592955
522000 0.167042 0.199278 0.19641 0.56273
523000 0.175217 0.211351 0.202655 0.589223
524000 0.174723 0.195846 0.190381 0.56095
525000 0.168528 0.213394 0.206056 0.587978
526000 0.188604 0.208675 0.201403 0.598681
527000 0.178537 0.196064 0.20388 0.578481
528000 0.182179 0.202538 0.203343 0.58806
529000 0.173021 0.20308 0.202059 0.57816
530000 0.179013 0.195235 0.213123 0.587371
531000 0.189751 0.230203 0.211427 0.631381
532000 0.180312 0.198588 0.207813 0.586713
533000 0.174028 0.199569 0.203546 0.577143
534000 0.180924 0.207751 0.204177 0.592852
535000 0.174531 0.199543 0.205702 0.579777
536000 0.177307 0.216051 0.198221 0.591579
537000 0.183492 0.202977 0.205608 0.592077
538000 0.183913 0.219587 0.205879 0.609379
539000 0.176592 0.202516 0.206802 0.585909
540000 0.178875 0.19703 0.205598 0.581502
541000 0.172305 0.202579 0.203302 0.578186
542000 0.179663 0.219046 0.203792 0.602502
543000 0.174641 0.203665 0.213186 0.591492
544000 0.176445 0.208359 0.211216 0.596019
545000 0.186103 0.211645 0.208756 0.606504
546000 0.179476 0.209989 0.212853 0.602318
547000 0.18565 0.20367 0.207943 0.597262
548000 0.175406 0.213332 0.214292 0.60303
549000 0.172871 0.200105 0.213786 0.586762
550000 0.191397 0.204599 0.214879 0.610875
551000 0.175824 0.222519 0.214443 0.612786
552000 0.180348 0.202481 0.217827 0.600655
553000 0.18186 0.209123 0.213661 0.604644
554000 0.190559 0.214017 0.212725 0.617301
555000 0.184901 0.203598 0.223194 0.611693
556000 0.187753 0.220084 0.218144 0.62598
557000 0.180189 0.225971 0.211726 0.617885
558000 0.195218 0.221523 0.218746 0.635487
559000 0.194913 0.214973 0.216468 0.626354
560000 0.195898 0.222541 0.217455 0.635894
561000 0.1943 0.211837 0.211875 0.618012
562000 0.195526 0.222607 0.198004 0.616137
563000 0.177025 0.219109 0.197072 0.593206
564000 0.188012 0.212592 0.213092 0.613696
565000 0.186061 0.211026 0.213114 0.610201
566000 0.182976 0.214203 0.210577 0.607757
567000 0.189164 0.212709 0.212564 0.614437
568000 0.18271 0.222243 0.216508 0.621461
569000 0.186047 0.203617 0.21246 0.602123
570000 0.188047 0.218163 0.207739 0.613949
571000 0.192739 0.219865 0.221207 0.633811
572000 0.192647 0.216408 0.211391 0.620446
573000 0.186335 0.210728 0.221932 0.618996
574000 0.193717 0.214778 0.214596 0.62309
575000 0.193888 0.225788 0.21938 0.639056
576000 0.180507 0.213058 0.217677 0.611241
577000 0.185195 0.220532 0.209877 0.615604
578000 0.190402 0.222747 0.206718 0.619867
579000 0.19168 0.212389 0.218573 0.622642
580000 0.190153 0.221124 0.221788 0.633065
581000 0.1944 0.208419 0.221823 0.624642
582000 0.19177 0.218283 0.218911 0.628963
583000 0.178788 0.225423 0.216339 0.62055
584000 0.210418 0.23507 0.231349 0.676836
585000 0.18167 0.2231 0.212753 0.617523
586000 0.18943 0.218273 0.217017 0.62472
587000 0.194449 0.2229 0.222922 0.64027
588000 0.177457 0.211873 0.22487 0.6142
589000 0.19366 0.219537 0.220412 0.633609
590000 0.194411 0.220476 0.217994 0.632882
591000 0.192959 0.217893 0.215529 0.626382
592000 0.18932 0.215376 0.227385 0.632081
593000 0.205902 0.232204 0.216548 0.654654
594000 0.182443 0.22291 0.222152 0.627505
595000 0.190512 0.215363 0.224499 0.630373
596000 0.181641 0.215358 0.210326 0.607324
597000 0.192511 0.231566 0.215284 0.639361
598000 0.196217 0.217819 0.228374 0.64241
599000 0.202678 0.218356 0.223081 0.644116
600000 0.194798 0.242743 0.226091 0.663632
601000 0.194928 0.214394 0.219453 0.628775
602000 0.186134 0.21671 0.222484 0.625328
603000 0.190617 0.233614 0.217739 0.64197
604000 0.189769 0.222653 0.229515 0.641937
605000 0.187698 0.218352 0.219715 0.625765
606000 0.195101 0.215194 0.226915 0.63721
607000 0.196649 0.217856 0.219344 0.633849
608000 0.18031 0.229058 0.216006 0.625374
609000 0.191941 0.220527 0.218528 0.630995
610000 0.203922 0.229085 0.229489 0.662495
611000 0.189367 0.209873 0.228943 0.628183
612000 0.190254 0.225761 0.223809 0.639824
613000 0.190837 0.219769 0.212925 0.623531
614000 0.183468 0.213273 0.212142 0.608883
615000 0.184591 0.212543 0.227145 0.624279
616000 0.185078 0.215688 0.219559 0.620325
617000 0.193237 0.224951 0.220486 0.638675
618000 0.197767 0.241777 0.225064 0.664607
619000 0.188843 0.219897 0.213748 0.622489
620000 0.210585 0.226227 0.219382 0.656193
621000 0.193535 0.211113 0.221135 0.625783
622000 0.181468 0.216732 0.224162 0.622362
623000 0.19766 0.233351 0.214994 0.646004
624000 0.182322 0.22274 0.219264 0.624326
625000 0.181318 0.238911 0.219793 0.640022
626000 0.203181 0.22166 0.226171 0.651012
627000 0.192839 0.223211 0.223062 0.639113
628000 0.196002 0.22762 0.216919 0.64054
629000 0.206013 0.22593 0.221344 0.653287
630000 0.193465 0.235758 0.217838 0.64706
631000 0.207346 0.236982 0.221597 0.665925
632000 0.19196 0.219759 0.216353 0.628072
633000 0.199722 0.234442 0.213983 0.648147
634000 0.208963 0.234337 0.21834 0.66164
635000 0.191168 0.222016 0.220261 0.633445
636000 0.207404 0.235913 0.224225 0.667542
637000 0.200824 0.227544 0.224131 0.652499
638000 0.188317 0.233548 0.224435 0.6463
639000 0.198002 0.238972 0.216759 0.653733
640000 0.198333 0.225221 0.219137 0.642691
641000 0.215659 0.238876 0.224705 0.67924
642000 0.205125 0.226171 0.212806 0.644102
643000 0.231099 0.243497 0.21965 0.694246
644000 0.206376 0.238851 0.219322 0.664549
645000 0.207742 0.222126 0.229156 0.659024
646000 0.22044 0.225132 0.229765 0.675336
647000 0.20533 0.246361 0.220242 0.671933
648000 0.211592 0.222129 0.219288 0.653009
649000 0.20844 0.229623 0.219535 0.657597
650000 0.200693 0.247895 0.219564 0.668152
651000 0.220965 0.226632 0.222955 0.670551
652000 0.207452 0.231757 0.217956 0.657165
653000 0.209347 0.235812 0.218303 0.663462
654000 0.216225 0.236589 0.217419 0.670233
655000 0.211315 0.23356 0.226583 0.671458
656000 0.204526 0.239347 0.220688 0.66456
657000 0.237361 0.236694 0.223864 0.697918
658000 0.225924 0.244438 0.225554 0.695916
659000 0.21212 0.236597 0.222084 0.670801
660000 0.206023 0.233401 0.22571 0.665134
661000 0.223007 0.241989 0.226224 0.69122
662000 0.203065 0.238095 0.223194 0.664354
663000 0.217104 0.247163 0.23364 0.697907
664000 0.202832 0.23842 0.225262 0.666514
665000 0.224456 0.250924 0.225843 0.701222
666000 0.215002 0.23347 0.228915 0.677386
667000 0.220376 0.250805 0.235193 0.706374
668000 0.211789 0.262589 0.226155 0.700533
669000 0.218432 0.236867 0.22304 0.678339
670000 0.221222 0.244314 0.224595 0.690131
671000 0.203344 0.24328 0.223277 0.669901
672000 0.221433 0.256011 0.226632 0.704075
673000 0.208603 0.234422 0.233657 0.676682
674000 0.217549 0.240368 0.221761 0.679678
675000 0.207417 0.243805 0.222733 0.673954
676000 0.217448 0.245051 0.226076 0.688576
677000 0.208319 0.2344 0.228191 0.67091
678000 0.213106 0.247145 0.225306 0.685557
679000 0.212546 0.245127 0.222411 0.680083
680000 0.20871 0.253237 0.220632 0.682579
681000 0.21078 0.244462 0.230496 0.685738
682000 0.199147 0.244126 0.239705 0.682979
683000 0.218107 0.24188 0.227781 0.687768
684000 0.198683 0.243544 0.228175 0.670402
685000 0.205748 0.247542 0.228505 0.681794
686000 0.21276 0.253623 0.229535 0.695917
687000 0.219387 0.261244 0.234375 0.715006
688000 0.204453 0.238932 0.233367 0.676752
689000 0.218893 0.242336 0.226928 0.688157
690000 0.230619 0.248978 0.236464 0.716061
691000 0.206165 0.246836 0.236838 0.689839
692000 0.221456 0.247663 0.236872 0.70599
693000 0.209911 0.253614 0.242227 0.705752
694000 0.208185 0.248194 0.238482 0.694862
695000 0.204118 0.238276 0.232856 0.67525
696000 0.208419 0.254123 0.24101 0.703553
697000 0.211086 0.241086 0.240501 0.692674
698000 0.21886 0.246231 0.238926 0.704017
699000 0.210419 0.259381 0.230577 0.700377
700000 0.211574 0.249591 0.228499 0.689663
701000 0.22318 0.260783 0.235813 0.719776
702000 0.208157 0.245517 0.236637 0.690312
703000 0.20519 0.240186 0.231976 0.677352
704000 0.21436 0.250113 0.224208 0.688681
705000 0.203905 0.234139 0.232435 0.670479
706000 0.217882 0.253648 0.227938 0.699467
707000 0.207505 0.252352 0.226393 0.686249
708000 0.20732 0.242357 0.231331 0.681008
709000 0.221125 0.253965 0.226699 0.701788
710000 0.209606 0.241667 0.227102 0.678375
711000 0.205765 0.251947 0.234516 0.692229
712000 0.208098 0.252807 0.234223 0.695128
713000 0.220443 0.237062 0.240372 0.697877
714000 0.219062 0.240283 0.235446 0.69479
715000 0.221625 0.254259 0.247433 0.723316
716000 0.217834 0.251506 0.236157 0.705497
717000 0.229084 0.255902 0.240808 0.725794
718000 0.209179 0.242294 0.242203 0.693676
719000 0.206696 0.245092 0.231626 0.683414
720000 0.211114 0.249269 0.237442 0.697826
721000 0.207913 0.240853 0.236753 0.685519
722000 0.215552 0.251672 0.23431 0.701534
723000 0.221862 0.255305 0.243513 0.72068
724000 0.224509 0.26978 0.242246 0.736535
725000 0.216272 0.24826 0.236508 0.701039
726000 0.218813 0.245542 0.243601 0.707955
727000 0.226264 0.252653 0.235931 0.714848
728000 0.228616 0.239462 0.239216 0.707294
729000 0.215163 0.249456 0.230185 0.694805
730000 0.227147 0.271884 0.234828 0.733858
731000 0.234564 0.256719 0.244241 0.735524
732000 0.214564 0.24344 0.2334 0.691405
733000 0.225018 0.250141 0.240238 0.715397
734000 0.225389 0.249182 0.236667 0.711239
735000 0.213194 0.241413 0.232636 0.687243
736000 0.213851 0.243124 0.230807 0.687782
737000 0.214982 0.257433 0.239145 0.71156
738000 0.226268 0.257182 0.230539 0.713989
739000 0.206376 0.247357 0.237577 0.69131
740000 0.222542 0.252798 0.233151 0.708491
741000 0.216009 0.263245 0.235505 0.714759
742000 0.226939 0.257297 0.233597 0.717832
743000 0.213721 0.250668 0.229973 0.694363
744000 0.220563 0.260007 0.23533 0.715901
745000 0.225619 0.253664 0.23485 0.714132
746000 0.2226 0.243045 0.245809 0.711454
747000 0.229466 0.257563 0.237246 0.724275
748000 0.215293 0.252852 0.2387 0.706845
749000 0.224747 0.252315 0.239921 0.716983
750000 0.242131 0.270044 0.235763 0.747938
751000 0.219969 0.264872 0.23487 0.719711
752000 0.228299 0.271792 0.235726 0.735817
753000 0.224749 0.274228 0.231698 0.730675
754000 0.222446 0.255517 0.234766 0.712729
755000 0.237633 0.280237 0.229281 0.747151
756000 0.223506 0.263246 0.238055 0.724807
757000 0.220175 0.266508 0.231299 0.717982
758000 0.241989 0.258649 0.239746 0.740384
759000 0.223076 0.255083 0.239326 0.717485
760000 0.229724 0.25689 0.239691 0.726305
761000 0.215603 0.257788 0.240501 0.713891
762000 0.229823 0.269193 0.235881 0.734897
763000 0.238332 0.262642 0.235188 0.736162
764000 0.226775 0.256702 0.235002 0.718479
765000 0.219555 0.255953 0.235889 0.711397
766000 0.213465 0.250542 0.236868 0.700874
767000 0.234243 0.265912 0.235316 0.735471
768000 0.221051 0.265306 0.239452 0.725809
769000 0.23368 0.252308 0.238732 0.72472
770000 0.240488 0.285963 0.244904 0.771355
771000 0.222323 0.255727 0.240738 0.718788
772000 0.222856 0.268446 0.23756 0.728862
773000 0.230384 0.268477 0.235234 0.734095
774000 0.23419 0.271871 0.235645 0.741707
775000 0.232965 0.275896 0.245288 0.75415
776000 0.226227 0.270195 0.236958 0.73338
777000 0.212311 0.270608 0.239616 0.722535
778000 0.235387 0.257936 0.236156 0.729478
779000 0.237754 0.263294 0.235547 0.736596
780000 0.220663 0.256391 0.243476 0.72053
781000 0.230265 0.260875 0.230264 0.721404
782000 0.22372 0.25212 0.22336 0.699199
783000 0.229197 0.2775 0.238087 0.744783
784000 0.21342 0.253664 0.239666 0.70675
785000 0.229929 0.27422 0.236262 0.740412
786000 0.231374 0.265354 0.234662 0.73139
787000 0.224511 0.284821 0.241513 0.750844
788000 0.232658 0.264845 0.251667 0.74917
789000 0.220184 0.275476 0.261855 0.757515
790000 0.250315 0.307705 0.255246 0.813266
791000 0.22322 0.272541 0.252505 0.748266
792000 0.218935 0.261797 0.237914 0.718645
793000 0.235822 0.284913 0.255534 0.776269
794000 0.220386 0.27418 0.254952 0.749518
795000 0.236416 0.270746 0.266841 0.774003
796000 0.231591 0.287268 0.253661 0.772519
797000 0.222276 0.275682 0.250732 0.74869
798000 0.233254 0.278031 0.25289 0.764174
799000 0.23804 0.267355 0.253848 0.759242
800000 0.24328 0.281699 0.258304 0.783283
801000 0.232451 0.279927 0.257656 0.770034
802000 0.231947 0.276871 0.253185 0.762003
803000 0.229597 0.269299 0.248504 0.7474
804000 0.249573 0.272585 0.254449 0.776607
805000 0.229468 0.261729 0.255551 0.746747
806000 0.248946 0.283807 0.246604 0.779358
807000 0.232771 0.279766 0.24752 0.760056
808000 0.241682 0.270424 0.251358 0.763464
809000 0.227738 0.281217 0.258863 0.767818
810000 0.221708 0.267276 0.251455 0.740439
811000 0.226815 0.277949 0.252648 0.757412
812000 0.231423 0.267888 0.24874 0.748051
813000 0.23153 0.281653 0.25026 0.763443
814000 0.232766 0.275198 0.246626 0.75459
815000 0.228462 0.262791 0.250792 0.742045
816000 0.241459 0.275983 0.247354 0.764796
817000 0.232358 0.279282 0.246455 0.758096
818000 0.248804 0.289389 0.258658 0.796851
819000 0.241125 0.292234 0.25048 0.78384
820000 0.229171 0.273778 0.250953 0.753902
821000 0.237421 0.285569 0.246318 0.769309
822000 0.237141 0.279897 0.252237 0.769276
823000 0.237942 0.271781 0.25926 0.768983
824000 0.239912 0.280915 0.249832 0.77066
825000 0.229366 0.280507 0.258822 0.768696
826000 0.228577 0.269233 0.253918 0.751728
827000 0.231709 0.27562 0.255387 0.762715
828000 0.238419 0.276352 0.25143 0.766202
829000 0.241981 0.282337 0.257206 0.781524
830000 0.239009 0.274003 0.252996 0.766008
831000 0.24211 0.280816 0.250467 0.773393
832000 0.239143 0.280492 0.249351 0.768986
833000 0.235139 0.270542 0.24947 0.75515
834000 0.242865 0.27491 0.256908 0.774683
835000 0.243464 0.274326 0.241478 0.759267
836000 0.230218 0.270905 0.254038 0.755162
837000 0.244555 0.28047 0.247327 0.772352
838000 0.242958 0.296149 0.254901 0.794008
839000 0.235367 0.27088 0.249317 0.755563
840000 0.229866 0.28255 0.254097 0.766513
841000 0.224841 0.286019 0.253861 0.764721
842000 0.23824 0.278014 0.250155 0.766409
843000 0.230211 0.271945 0.255761 0.757917
844000 0.235565 0.282866 0.259341 0.777772
845000 0.237968 0.277718 0.247486 0.763172
846000 0.236206 0.281235 0.251604 0.769045
847000 0.247579 0.277316 0.258942 0.783837
848000 0.222226 0.270239 0.246655 0.73912
849000 0.232005 0.281629 0.258163 0.771797
850000 0.237563 0.276913 0.255574 0.770051
851000 0.234608 0.28035 0.257074 0.772033
852000 0.241106 0.278734 0.249279 0.769119
853000 0.246272 0.285252 0.251317 0.78284
854000 0.242024 0.268781 0.263163 0.773968
855000 0.226387 0.269532 0.254219 0.750137
856000 0.233059 0.287979 0.256012 0.777049
857000 0.246287 0.286125 0.24909 0.781502
858000 0.230989 0.279222 0.25389 0.764101
859000 0.258545 0.303521 0.259812 0.821877
860000 0.22641 0.27758 0.26651 0.7705
861000 0.243279 0.296854 0.266634 0.806767
862000 0.227803 0.282118 0.259841 0.769762
863000 0.229764 0.279993 0.253148 0.762905
864000 0.244077 0.289646 0.254884 0.788606
865000 0.231722 0.277935 0.263136 0.772793
866000 0.238825 0.285498 0.259693 0.784017
867000 0.240006 0.292641 0.257463 0.79011
868000 0.232525 0.284278 0.260863 0.777666
869000 0.245394 0.304137 0.265374 0.814904
870000 0.23598 0.297087 0.265834 0.798901
871000 0.237634 0.277845 0.270511 0.78599
872000 0.236615 0.29343 0.266473 0.796518
873000 0.237652 0.282868 0.275926 0.796446
874000 0.233607 0.284901 0.253625 0.772133
875000 0.235182 0.29643 0.251423 0.783035
876000 0.242613 0.284917 0.263619 0.791149
877000 0.246268 0.289546 0.25534 0.791154
878000 0.242791 0.298199 0.263619 0.804609
879000 0.232749 0.282603 0.265945 0.781297
880000 0.243383 0.277746 0.270524 0.791653
881000 0.239723 0.280518 0.253305 0.773546
882000 0.239209 0.286746 0.275299 0.801254
883000 0.224994 0.271142 0.263662 0.759799
884000 0.237569 0.278045 0.264778 0.780392
885000 0.227401 0.27525 0.260156 0.762806
886000 0.227087 0.27942 0.262732 0.769238
887000 0.225915 0.288888 0.260409 0.775211
888000 0.237686 0.294855 0.263681 0.796223
889000 0.229503 0.285501 0.261765 0.776769
890000 0.238002 0.291419 0.265611 0.795031
891000 0.22215 0.28079 0.260539 0.763479
892000 0.236761 0.290457 0.271922 0.79914
893000 0.242136 0.29209 0.252824 0.78705
894000 0.242943 0.286482 0.27186 0.801286
895000 0.235506 0.278567 0.261011 0.775085
896000 0.238658 0.277945 0.265736 0.782338
897000 0.234458 0.281653 0.261728 0.777839
898000 0.231197 0.284192 0.266894 0.782282
899000 0.230663 0.281837 0.261812 0.774313
900000 0.237204 0.285384 0.263793 0.786381
901000 0.244812 0.293379 0.266389 0.80458
902000 0.242852 0.294721 0.27106 0.808633
903000 0.232942 0.296748 0.278791 0.808482
904000 0.252133 0.292574 0.273311 0.818018
905000 0.243227 0.277592 0.27386 0.794679
906000 0.242874 0.29538 0.269109 0.807363
907000 0.247465 0.292536 0.267901 0.807902
908000 0.236658 0.296103 0.272264 0.805025
909000 0.245298 0.295512 0.277858 0.818668
910000 0.238127 0.286979 0.270273 0.795379
911000 0.23776 0.283725 0.26993 0.791415
912000 0.249192 0.30161 0.271723 0.822525
913000 0.24587 0.300031 0.266515 0.812416
914000 0.229023 0.28793 0.277413 0.794366
915000 0.264407 0.29617 0.272431 0.833007
916000 0.246023 0.294258 0.279986 0.820267
917000 0.256751 0.298145 0.273981 0.828878
918000 0.243728 0.301796 0.277194 0.822718
919000 0.254063 0.303521 0.269164 0.826748
920000 0.242502 0.294316 0.275633 0.812452
921000 0.267221 0.300822 0.279505 0.847548
922000 0.255224 0.303521 0.28576 0.844506
923000 0.241898 0.285385 0.28197 0.809253
924000 0.244128 0.299675 0.283295 0.827098
925000 0.238877 0.311307 0.275796 0.825981
926000 0.253896 0.290612 0.281174 0.825682
927000 0.241959 0.29904 0.277882 0.818882
928000 0.244067 0.300923 0.286801 0.831791
929000 0.261413 0.302088 0.280334 0.843835
930000 0.242129 0.296539 0.272049 0.810717
931000 0.238734 0.29736 0.280753 0.816848
932000 0.257476 0.313279 0.278127 0.848882
933000 0.239455 0.305578 0.279248 0.824281
934000 0.248661 0.308086 0.280803 0.837551
935000 0.262658 0.302517 0.280191 0.845366
936000 0.236073 0.301999 0.28022 0.818291
937000 0.247739 0.310621 0.275036 0.833397
938000 0.260264 0.304016 0.28947 0.85375
939000 0.256223 0.312005 0.272909 0.841137
940000 0.273981 0.302454 0.278152 0.854587
941000 0.244298 0.29582 0.276375 0.816494
942000 0.250477 0.309652 0.280374 0.840503
943000 0.251923 0.3072 0.282849 0.841972
944000 0.264137 0.303452 0.283872 0.851461
945000 0.255355 0.310639 0.280262 0.846257
946000 0.2658 0.306279 0.291028 0.863107
947000 0.26854 0.309237 0.280814 0.858591
948000 0.252957 0.304198 0.287656 0.84481
949000 0.261931 0.31287 0.278016 0.852816
950000 0.251018 0.316733 0.274389 0.84214
951000 0.256345 0.315908 0.281833 0.854086
952000 0.264444 0.311251 0.279533 0.855228
953000 0.25849 0.314679 0.293646 0.866814
954000 0.267037 0.325842 0.286895 0.879774
955000 0.262299 0.306259 0.282454 0.851011
956000 0.248058 0.310626 0.279948 0.838632
957000 0.257693 0.319131 0.27666 0.853484
958000 0.262631 0.311141 0.277291 0.851063
959000 0.271183 0.311695 0.271608 0.854487
960000 0.254905 0.313653 0.278734 0.847292
961000 0.265665 0.304536 0.282202 0.852403
962000 0.266336 0.3174 0.2827 0.866436
963000 0.248823 0.308929 0.281603 0.839354
964000 0.263973 0.311378 0.28675 0.8621
965000 0.258328 0.302745 0.279174 0.840248
966000 0.263722 0.303557 0.27861 0.845889
967000 0.272433 0.304262 0.291163 0.867857
968000 0.247988 0.302479 0.283345 0.833812
969000 0.256897 0.307922 0.290471 0.85529
970000 0.270412 0.308792 0.281064 0.860269
971000 0.265369 0.313533 0.278804 0.857706
972000 0.271188 0.313218 0.286477 0.870882
973000 0.265101 0.301853 0.28884 0.855794
974000 0.269049 0.30354 0.291431 0.864021
975000 0.2708 0.309987 0.29365 0.874437
976000 0.270461 0.315962 0.29561 0.882033
977000 0.252468 0.303465 0.284029 0.839961
978000 0.264269 0.298261 0.294847 0.857377
979000 0.265065 0.314738 0.293383 0.873185
980000 0.256116 0.311481 0.295509 0.863105
981000 0.272026 0.311623 0.288186 0.871834
982000 0.260899 0.304102 0.288949 0.85395
983000 0.265834 0.311393 0.274255 0.851482
984000 0.265064 0.312175 0.284791 0.862029
985000 0.269428 0.318623 0.287436 0.875487
986000 0.262933 0.318792 0.293404 0.875129
987000 0.269838 0.303929 0.290128 0.863895
988000 0.275366 0.326729 0.292583 0.894678
989000 0.278638 0.322313 0.293313 0.894264
990000 0.269324 0.330342 0.287526 0.887193
991000 0.26314 0.307341 0.285702 0.856183
992000 0.269356 0.311568 0.291755 0.87268
993000 0.275108 0.343427 0.295445 0.913981
994000 0.267141 0.316937 0.292229 0.876306
995000 0.26917 0.324801 0.301611 0.895583
996000 0.276138 0.320264 0.298371 0.894773
997000 0.272962 0.313877 0.305247 0.892086
998000 0.283512 0.319136 0.288367 0.891014
999000 0.276876 0.312032 0.288554 0.877463
1000000 0.27317 0.315366 0.292419 0.880955
1001000 0.277954 0.31912 0.289284 0.886358
1002000 0.271154 0.31487 0.293792 0.879817
1003000 0.27703 0.312945 0.291196 0.881171
1004000 0.282864 0.320026 0.30257 0.90546
1005000 0.277732 0.316204 0.298074 0.89201
1006000 0.271289 0.317652 0.297037 0.885978
1007000 0.279377 0.329519 0.303938 0.912834
1008000 0.284445 0.326889 0.297124 0.908458
1009000 0.286295 0.325703 0.294047 0.906045
1010000 0.279931 0.317821 0.298936 0.896688
1011000 0.287495 0.329249 0.303094 0.919839
1012000 0.272617 0.320608 0.29333 0.886554
1013000 0.260964 0.320826 0.294323 0.876113
1014000 0.280917 0.316557 0.295737 0.89321
1015000 0.279032 0.333616 0.302478 0.915125
1016000 0.279605 0.317059 0.311018 0.907682
1017000 0.285112 0.317545 0.3 0.902658
1018000 0.277166 0.323122 0.281658 0.881947
1019000 0.275751 0.307173 0.296069 0.878993
1020000 0.280032 0.315491 0.287881 0.883404
1021000 0.281314 0.311384 0.304907 0.897605
1022000 0.280514 0.32295 0.288699 0.892164
1023000 0.266383 0.322971 0.297575 0.886929
1024000 0.275968 0.317898 0.302655 0.896522
1025000 0.291142 0.334568 0.299146 0.924855
1026000 0.262161 0.307454 0.302773 0.872388
1027000 0.281904 0.319497 0.299693 0.901094
1028000 0.29084 0.32427 0.300837 0.915946
1029000 0.272744 0.317027 0.305919 0.89569
1030000 0.29359 0.316171 0.303834 0.913594
