# Time-averaged data for fix 1
# TimeStep c_msd_all[1] c_msd_all[2] c_msd_all[3] c_msd_all[4]
31000 0.0875342 0.0832751 0.0681796 0.238989
32000 0.0635591 0.0610211 0.0773609 0.201941
33000 0.0749736 0.0706627 0.0791155 0.224752
34000 0.0744475 0.0693922 0.0833664 0.227206
35000 0.0797072 0.0755797 0.0685763 0.223863
36000 0.072874 0.0734314 0.0696295 0.215935
37000 0.076634 0.0669846 0.0741016 0.21772
38000 0.0747712 0.0722522 0.0667292 0.213753
39000 0.0707265 0.0684045 0.0821899 0.221321
40000 0.0756343 0.0759494 0.0712116 0.222795
41000 0.0669397 0.064977 0.0661348 0.198052
42000 0.0767614 0.0659723 0.0716287 0.214362
43000 0.0706297 0.0620649 0.0691141 0.201809
44000 0.0687156 0.0730177 0.0645363 0.20627
45000 0.0699533 0.0679526 0.0698912 0.207797
46000 0.068423 0.0691161 0.0692413 0.20678
47000 0.0723494 0.0670181 0.0663973 0.205765
48000 0.0729882 0.0652534 0.074086 0.212328
49000 0.0758486 0.0640742 0.0733219 0.213245
50000 0.0819464 0.072606 0.0768627 0.231415
51000 0.0744792 0.0795467 0.0785306 0.232557
52000 0.0719563 0.0739297 0.0770247 0.222911
53000 0.0792896 0.0704477 0.075762 0.225499
54000 0.0818305 0.0754605 0.0754926 0.232784
55000 0.0887043 0.0808675 0.0706737 0.240245
56000 0.079852 0.0648528 0.0715219 0.216227
57000 0.0942535 0.0856731 0.0765858 0.256512
58000 0.0797012 0.0775124 0.0710793 0.228293
59000 0.0888613 0.085515 0.0758524 0.250229
60000 0.0797536 0.082178 0.081201 0.243133
61000 0.075814 0.0768084 0.0755189 0.228141
62000 0.0888565 0.0796273 0.0731889 0.241673
63000 0.08529 0.0729518 0.0758466 0.234088
64000 0.0752523 0.0813894 0.0840819 0.240724
65000 0.0802144 0.0798134 0.0812791 0.241307
66000 0.0861559 0.0740349 0.0922878 0.252479
67000 0.0739274 0.0687421 0.0750813 0.217751
68000 0.0767536 0.0717591 0.0784588 0.226971
69000 0.0863739 0.0771441 0.0750745 0.238593
70000 0.0759501 0.0689281 0.0741366 0.219015
71000 0.0820465 0.0755031 0.0698757 0.227425
72000 0.0865196 0.0785728 0.0807575 0.24585
73000 0.0784556 0.0749893 0.0787225 0.232167
74000 0.0846725 0.0819768 0.0704553 0.237105
75000 0.0773099 0.0800681 0.0696574 0.227035
76000 0.0819762 0.0677713 0.0747828 0.22453
77000 0.0839155 0.0839791 0.0719655 0.23986
78000 0.0845119 0.0759191 0.075476 0.235907
79000 0.0765296 0.0754399 0.0779558 0.229925
80000 0.0750104 0.0741406 0.0808354 0.229986
81000 0.0790127 0.073647 0.0777513 0.230411
82000 0.0778115 0.0784811 0.073512 0.229805
83000 0.0776538 0.0753293 0.0806003 0.233583
84000 0.0778044 0.0785534 0.075823 0.232181
85000 0.0702456 0.0757185 0.0709556 0.21692
86000 0.0836134 0.0870777 0.0630604 0.233751
87000 0.0829039 0.0757284 0.0720921 0.230724
88000 0.0732979 0.0725534 0.0773733 0.223225
89000 0.0823264 0.0793011 0.08102 0.242648
90000 0.0753435 0.0678994 0.0778979 0.221141
91000 0.0840106 0.0892086 0.0859348 0.259154
92000 0.0746507 0.0673369 0.0857813 0.227769
93000 0.0763667 0.0702118 0.0843589 0.230937
94000 0.08003 0.0728193 0.0809111 0.23376
95000 0.0855528 0.0772146 0.0867416 0.249509
96000 0.0824883 0.0702072 0.0832544 0.23595
97000 0.0841602 0.0706726 0.0765177 0.231351
98000 0.0833948 0.0757904 0.0806223 0.239808
99000 0.0786235 0.0708401 0.0813132 0.230777
100000 0.0864244 0.0765246 0.0874351 0.250384
101000 0.0819635 0.08882 0.0856574 0.256441
102000 0.0806845 0.0790947 0.0848542 0.244633
103000 0.0878251 0.0812852 0.0868469 0.255957
104000 0.089202 0.0830454 0.0848013 0.257049
105000 0.0794086 0.0751123 0.0806364 0.235157
106000 0.0838538 0.0798195 0.0856552 0.249329
107000 0.0902946 0.0832854 0.0885087 0.262089
108000 0.080518 0.0773954 0.0839174 0.241831
109000 0.102975 0.094319 0.0799639 0.277258
110000 0.0866805 0.0794084 0.0806634 0.246752
111000 0.0914068 0.0886861 0.091161 0.271254
112000 0.0864138 0.0784401 0.0853831 0.250237
113000 0.100488 0.0876835 0.0894776 0.277649
114000 0.0888169 0.089124 0.0921224 0.270063
115000 0.0952391 0.0918484 0.0860832 0.273171
116000 0.09158 0.0951691 0.0904862 0.277235
117000 0.0879538 0.0807992 0.0848514 0.253604
118000 0.0842219 0.0819082 0.0901349 0.256265
119000 0.0803949 0.0884762 0.0905871 0.259458
120000 0.0804842 0.0826385 0.0857833 0.248906
121000 0.0796822 0.0815064 0.0882542 0.249443
122000 0.090571 0.0796023 0.0866558 0.256829
123000 0.0880056 0.0835813 0.0957149 0.267302
124000 0.0839523 0.0821266 0.0904175 0.256496
125000 0.0863414 0.0830463 0.0820932 0.251481
126000 0.0739821 0.0826707 0.0857504 0.242403
127000 0.0851544 0.0881939 0.0928154 0.266164
128000 0.0894747 0.0919767 0.0858345 0.267286
129000 0.0769537 0.0836746 0.0886242 0.249253
130000 0.0895454 0.0933919 0.0912672 0.274204
131000 0.0871161 0.0860106 0.0923277 0.265454
132000 0.0836866 0.0901686 0.0940284 0.267884
133000 0.0846 0.0837313 0.0875053 0.255837
134000 0.0828045 0.0780424 0.089856 0.250703
135000 0.084761 0.0790052 0.0861894 0.249956
136000 0.0842475 0.0790582 0.0843862 0.247692
137000 0.0841179 0.0854067 0.0845431 0.254068
138000 0.0785963 0.0843195 0.093217 0.256133
139000 0.0917963 0.0925856 0.0934223 0.277804
140000 0.082578 0.0791261 0.0904231 0.252127
141000 0.0897398 0.0899864 0.0927108 0.272437
142000 0.0852516 0.084274 0.0903236 0.259849
143000 0.0954529 0.0911424 0.085615 0.27221
144000 0.0861832 0.0831503 0.0926059 0.261939
145000 0.0864181 0.0877472 0.0955101 0.269675
146000 0.0961433 0.0918494 0.0970462 0.285039
147000 0.0876489 0.0833344 0.090948 0.261931
148000 0.0966261 0.0847523 0.0987895 0.280168
149000 0.0942677 0.0804144 0.0978442 0.272526
150000 0.0924275 0.0850354 0.101734 0.279197
151000 0.0979578 0.0893831 0.103222 0.290563
152000 0.0944869 0.0879052 0.0962992 0.278691
153000 0.0927905 0.0966328 0.0919494 0.281373
154000 0.0963452 0.0857407 0.0919358 0.274022
155000 0.0972135 0.0824016 0.10383 0.283445
156000 0.0980302 0.0919721 0.116333 0.306335
157000 0.0955252 0.0862131 0.10733 0.289068
158000 0.0856459 0.0804838 0.113199 0.279329
159000 0.0922943 0.0899849 0.101802 0.284081
160000 0.083023 0.0789026 0.100471 0.262397
161000 0.0975854 0.0927494 0.111155 0.301489
162000 0.0996663 0.0954958 0.109777 0.304939
163000 0.0965657 0.0880955 0.110827 0.295488
164000 0.0949311 0.0811482 0.106084 0.282164
165000 0.103346 0.0945606 0.103773 0.30168
166000 0.095816 0.0776216 0.114897 0.288335
167000 0.0959834 0.0870556 0.110978 0.294017
168000 0.0868568 0.0886464 0.104481 0.279984
169000 0.0839604 0.0898577 0.110543 0.284361
170000 0.0947773 0.091576 0.11329 0.299643
171000 0.0931505 0.0827926 0.112077 0.28802
172000 0.0939459 0.0844086 0.113952 0.292306
173000 0.0977208 0.088028 0.104967 0.290716
174000 0.0847264 0.0800204 0.106169 0.270916
175000 0.0916243 0.094354 0.102604 0.288583
176000 0.094541 0.094476 0.106587 0.295604
177000 0.0853244 0.0871174 0.106443 0.278884
178000 0.0929265 0.0978967 0.101257 0.292081
179000 0.0948614 0.0858638 0.105323 0.286048
180000 0.0890576 0.080295 0.10859 0.277942
181000 0.0939302 0.0920341 0.111694 0.297658
182000 0.0931264 0.0893957 0.112081 0.294603
183000 0.0905508 0.0898067 0.108549 0.288907
184000 0.0880158 0.0931812 0.10312 0.284317
185000 0.086667 0.0866333 0.0999285 0.273229
186000 0.0913372 0.0944973 0.116711 0.302546
187000 0.0873159 0.0855773 0.11185 0.284744
188000 0.0886903 0.0858383 0.113731 0.28826
189000 0.083464 0.0901219 0.110834 0.28442
190000 0.0919898 0.0929413 0.105194 0.290125
191000 0.0842648 0.0883622 0.102251 0.274879
192000 0.0949143 0.0933468 0.117378 0.305639
193000 0.092803 0.0933345 0.104773 0.29091
194000 0.0904328 0.0988715 0.104577 0.293881
195000 0.0844242 0.0955529 0.113092 0.293069
196000 0.100565 0.102208 0.108955 0.311728
197000 0.0842039 0.0961191 0.10754 0.287863
198000 0.0864039 0.0849204 0.101665 0.27299
199000 0.0959558 0.104593 0.105502 0.30605
200000 0.095974 0.0894368 0.103532 0.288943
201000 0.0853462 0.0877341 0.101085 0.274166
202000 0.0956033 0.0898284 0.105255 0.290687
203000 0.0940026 0.0957309 0.111869 0.301603
204000 0.0857229 0.0868002 0.117183 0.289706
205000 0.0921483 0.09528 0.10672 0.294148
206000 0.0961619 0.10021 0.10297 0.299342
207000 0.0860981 0.0913411 0.114925 0.292364
208000 0.0974691 0.0933528 0.108519 0.299341
209000 0.0935809 0.093731 0.111324 0.298636
210000 0.0906411 0.0893589 0.101276 0.281276
211000 0.0922687 0.0962574 0.113669 0.302195
212000 0.0979488 0.0995516 0.110175 0.307675
213000 0.0926617 0.0926867 0.100838 0.286187
214000 0.0956056 0.0915051 0.108474 0.295585
215000 0.0922847 0.0943066 0.105412 0.292003
216000 0.0971485 0.108326 0.102507 0.307981
217000 0.0886285 0.090332 0.10642 0.28538
218000 0.0963806 0.0986531 0.101895 0.296929
219000 0.102738 0.0956593 0.11429 0.312687
220000 0.0887618 0.100112 0.108114 0.296988
221000 0.0970569 0.0918797 0.116541 0.305477
222000 0.0956095 0.0951147 0.110667 0.301391
223000 0.0872906 0.090442 0.126011 0.303743
224000 0.0910436 0.0917257 0.118402 0.301171
225000 0.0950605 0.0969514 0.117638 0.30965
226000 0.0960361 0.087586 0.106018 0.28964
227000 0.104055 0.101688 0.107138 0.312881
228000 0.0896479 0.0996817 0.115399 0.304728
229000 0.0965237 0.0996202 0.11151 0.307654
230000 0.095794 0.0953553 0.118752 0.309901
231000 0.100672 0.0981467 0.120664 0.319482
232000 0.0849262 0.1024 0.113639 0.300965
233000 0.0937542 0.116104 0.114921 0.324779
234000 0.100499 0.104047 0.115502 0.320048
235000 0.106173 0.110855 0.112738 0.329766
236000 0.0998667 0.110522 0.120053 0.330442
237000 0.102127 0.104691 0.112589 0.319407
238000 0.112716 0.123281 0.125959 0.361956
239000 0.099716 0.10455 0.12009 0.324357
240000 0.0921886 0.0965317 0.113063 0.301783
241000 0.0972763 0.102177 0.1245 0.323953
242000 0.0929197 0.102178 0.121657 0.316754
243000 0.109301 0.106794 0.118888 0.334982
244000 0.0985569 0.106384 0.116012 0.320954
245000 0.091281 0.104026 0.1189 0.314208
246000 0.110252 0.115403 0.116916 0.342571
247000 0.0943189 0.103018 0.117615 0.314952
248000 0.101957 0.10169 0.12734 0.330987
249000 0.106189 0.107861 0.133039 0.34709
250000 0.103273 0.110575 0.124111 0.337959
251000 0.101896 0.107178 0.128104 0.337179
252000 0.0969226 0.112199 0.134875 0.343997
253000 0.102467 0.107974 0.127018 0.33746
254000 0.100987 0.11477 0.129184 0.34494
255000 0.111565 0.11046 0.129435 0.35146
256000 0.109002 0.107374 0.129423 0.345799
257000 0.111358 0.105593 0.131155 0.348105
258000 0.112653 0.109817 0.132222 0.354693
259000 0.101137 0.109899 0.134283 0.345319
260000 0.097412 0.105003 0.126615 0.329029
261000 0.105874 0.104039 0.126107 0.33602
262000 0.0973612 0.110946 0.126897 0.335204
263000 0.101701 0.10346 0.137183 0.342344
264000 0.108684 0.103469 0.138054 0.350206
265000 0.117024 0.114659 0.127422 0.359105
266000 0.109533 0.11488 0.129189 0.353602
267000 0.107039 0.111351 0.13204 0.35043
268000 0.121342 0.125968 0.131161 0.378471
269000 0.108808 0.113125 0.126106 0.348039
270000 0.115951 0.114559 0.125058 0.355568
271000 0.113028 0.115783 0.130815 0.359625
272000 0.103043 0.117762 0.139593 0.360398
273000 0.11242 0.115911 0.129734 0.358065
274000 0.108514 0.120118 0.132866 0.361498
275000 0.116145 0.113849 0.138885 0.368879
276000 0.109991 0.107782 0.128792 0.346565
277000 0.130381 0.11192 0.133479 0.37578
278000 0.118059 0.11267 0.137481 0.36821
279000 0.109872 0.110778 0.127657 0.348307
280000 0.120035 0.119886 0.124763 0.364683
281000 0.107876 0.112572 0.126158 0.346607
282000 0.109827 0.108065 0.128308 0.346199
283000 0.106684 0.110856 0.130676 0.348215
284000 0.116171 0.122736 0.136611 0.375518
285000 0.108123 0.119874 0.134956 0.362953
286000 0.119002 0.123674 0.132587 0.375262
287000 0.104313 0.119473 0.142059 0.365845
288000 0.113675 0.126044 0.139753 0.379472
289000 0.118034 0.126154 0.124031 0.368218
290000 0.109164 0.111579 0.122117 0.342861
291000 0.106712 0.112501 0.13202 0.351233
292000 0.119249 0.119064 0.131084 0.369397
293000 0.105859 0.10899 0.135301 0.35015
294000 0.128299 0.11927 0.138479 0.386049
295000 0.107672 0.115885 0.132798 0.356355
296000 0.115415 0.114472 0.130371 0.360259
297000 0.115452 0.119459 0.137124 0.372035
298000 0.106056 0.113237 0.138123 0.357416
299000 0.113739 0.119835 0.129172 0.362746
300000 0.110809 0.108141 0.133858 0.352808
301000 0.114392 0.10944 0.137439 0.361272
302000 0.112604 0.115042 0.136477 0.364123
303000 0.110072 0.118281 0.135416 0.363769
304000 0.111971 0.11973 0.136429 0.36813
305000 0.114545 0.133797 0.130349 0.378691
306000 0.124797 0.111321 0.128943 0.365062
307000 0.112179 0.108082 0.131234 0.351495
308000 0.105293 0.104961 0.129289 0.339543
309000 0.116211 0.124513 0.131903 0.372628
310000 0.104448 0.118693 0.137752 0.360893
311000 0.116307 0.123789 0.137421 0.377517
312000 0.119285 0.125019 0.134164 0.378469
313000 0.11672 0.122366 0.14308 0.382165
314000 0.123601 0.123301 0.135646 0.382549
315000 0.115311 0.121887 0.129803 0.367001
316000 0.11071 0.12064 0.136898 0.368248
317000 0.114948 0.131938 0.128618 0.375504
318000 0.104927 0.120183 0.130918 0.356028
319000 0.122398 0.130203 0.146771 0.399373
320000 0.111303 0.110244 0.13906 0.360607
321000 0.114024 0.117541 0.137599 0.369164
322000 0.124258 0.128436 0.131178 0.383871
323000 0.107042 0.129381 0.134127 0.37055
324000 0.117589 0.122667 0.128795 0.369051
325000 0.115141 0.117773 0.140014 0.372928
326000 0.123071 0.11627 0.135792 0.375133
327000 0.119807 0.121176 0.142169 0.383152
328000 0.120956 0.141759 0.13386 0.396575
329000 0.121343 0.124768 0.129738 0.375848
330000 0.128197 0.125919 0.133991 0.388107
331000 0.125242 0.129689 0.136795 0.391726
332000 0.11885 0.132013 0.132024 0.382888
333000 0.119679 0.126657 0.133493 0.37983
334000 0.125442 0.133803 0.133046 0.392291
335000 0.116363 0.127254 0.140347 0.383965
336000 0.1188 0.134352 0.137957 0.39111
337000 0.128457 0.130759 0.139666 0.398882
338000 0.126339 0.119552 0.133613 0.379503
339000 0.124645 0.130551 0.136349 0.391545
340000 0.123321 0.129724 0.128565 0.38161
341000 0.125605 0.121596 0.122801 0.370002
342000 0.127314 0.133676 0.137698 0.398688
343000 0.122066 0.131572 0.127551 0.381189
344000 0.121129 0.138015 0.130649 0.389794
345000 0.121823 0.137162 0.13551 0.394494
346000 0.115056 0.12809 0.151583 0.394729
347000 0.11471 0.132843 0.145764 0.393317
348000 0.12054 0.131552 0.136513 0.388605
349000 0.12166 0.131672 0.129956 0.383288
350000 0.114612 0.131855 0.140233 0.3867
351000 0.125662 0.139122 0.142927 0.40771
352000 0.111992 0.130775 0.133475 0.376241
353000 0.126627 0.136141 0.146556 0.409324
354000 0.115641 0.139336 0.140112 0.395088
355000 0.118657 0.132747 0.137549 0.388952
356000 0.114116 0.132415 0.144051 0.390581
357000 0.118794 0.137841 0.155163 0.411799
358000 0.121911 0.141555 0.157042 0.420508
359000 0.127009 0.143167 0.154434 0.42461
360000 0.114448 0.131685 0.149127 0.395259
361000 0.119837 0.137208 0.151935 0.40898
362000 0.11992 0.139351 0.153048 0.412319
363000 0.118442 0.134548 0.14497 0.397959
364000 0.122611 0.152928 0.153107 0.428646
365000 0.115644 0.134043 0.13883 0.388517
366000 0.117871 0.141503 0.137846 0.39722
367000 0.123663 0.13963 0.156487 0.419779
368000 0.121932 0.149712 0.157701 0.429346
369000 0.120546 0.143968 0.154543 0.419057
370000 0.131412 0.142179 0.146966 0.420556
371000 0.121116 0.138276 0.150621 0.410013
372000 0.122525 0.147205 0.146265 0.415994
373000 0.12511 0.150043 0.144064 0.419217
374000 0.125922 0.144874 0.151221 0.422017
375000 0.124674 0.147775 0.14919 0.421638
376000 0.119359 0.134038 0.145359 0.398756
377000 0.117881 0.145313 0.148143 0.411337
378000 0.121875 0.147985 0.153529 0.423389
379000 0.118763 0.141998 0.159438 0.420198
380000 0.130343 0.150601 0.165294 0.446238
381000 0.116014 0.132883 0.15359 0.402487
382000 0.121952 0.142748 0.141372 0.406071
383000 0.136564 0.157544 0.144285 0.438393
384000 0.118021 0.148465 0.141948 0.408434
385000 0.12377 0.150911 0.137644 0.412326
386000 0.129634 0.154012 0.142469 0.426115
387000 0.116682 0.145941 0.150194 0.412817
388000 0.120702 0.156565 0.163961 0.441228
389000 0.119008 0.135853 0.14928 0.40414
390000 0.130377 0.158595 0.151404 0.440376
391000 0.121097 0.141662 0.154118 0.416877
392000 0.122188 0.139087 0.154702 0.415977
393000 0.124408 0.154318 0.144802 0.423528
394000 0.118961 0.152283 0.151856 0.423099
395000 0.127198 0.152597 0.162981 0.442776
396000 0.118752 0.15591 0.158332 0.432993
397000 0.133284 0.149024 0.150883 0.433191
398000 0.118356 0.155307 0.160534 0.434197
399000 0.124247 0.165823 0.149464 0.439534
400000 0.115502 0.170883 0.151206 0.437591
401000 0.12351 0.169383 0.155233 0.448125
402000 0.129684 0.15358 0.147527 0.43079
403000 0.12822 0.162214 0.154549 0.444983
404000 0.122296 0.167927 0.15239 0.442613
405000 0.120677 0.158912 0.159607 0.439196
406000 0.127102 0.16283 0.168011 0.457942
407000 0.11875 0.158004 0.162234 0.438988
408000 0.134634 0.163585 0.152316 0.450536
409000 0.125043 0.153912 0.148385 0.42734
410000 0.121467 0.16598 0.162156 0.449603
411000 0.125901 0.172249 0.158828 0.456978
412000 0.125985 0.169393 0.155047 0.450425
413000 0.122117 0.164998 0.159451 0.446566
414000 0.126847 0.159381 0.168249 0.454478
415000 0.125566 0.162734 0.172354 0.460654
416000 0.128074 0.156386 0.173173 0.457633
417000 0.120926 0.180149 0.167277 0.468352
418000 0.126205 0.168607 0.173555 0.468368
419000 0.133684 0.165525 0.169438 0.468646
420000 0.145623 0.165761 0.178689 0.490073
421000 0.127461 0.167767 0.166741 0.461969
422000 0.139856 0.176848 0.180212 0.496915
423000 0.146939 0.166858 0.190521 0.504318
424000 0.138087 0.159297 0.183395 0.48078
425000 0.139212 0.156951 0.167804 0.463968
426000 0.137331 0.163275 0.167964 0.468571
427000 0.137992 0.159785 0.173463 0.471241
428000 0.134463 0.162692 0.169873 0.467028
429000 0.151072 0.160635 0.170183 0.48189
430000 0.131702 0.157695 0.157548 0.446945
431000 0.150218 0.176864 0.173673 0.500755
432000 0.135574 0.162855 0.171624 0.470053
433000 0.135368 0.153444 0.171882 0.460695
434000 0.138289 0.166773 0.168897 0.473959
435000 0.136654 0.162714 0.169518 0.468885
436000 0.137883 0.162724 0.172876 0.473483
437000 0.133677 0.167643 0.161749 0.463069
438000 0.135915 0.161672 0.167111 0.464698
439000 0.144964 0.166264 0.177677 0.488905
440000 0.137582 0.157421 0.178845 0.473849
441000 0.139363 0.153421 0.175557 0.468341
442000 0.1277 0.162938 0.169153 0.459791
443000 0.142026 0.172928 0.164573 0.479527
444000 0.132745 0.164964 0.174055 0.471763
445000 0.136654 0.166167 0.172615 0.475436
446000 0.128875 0.181062 0.179567 0.489504
447000 0.131285 0.173271 0.178844 0.4834
448000 0.131638 0.168882 0.162099 0.46262
449000 0.132517 0.162064 0.161017 0.455598
450000 0.142501 0.179525 0.169413 0.491438
451000 0.132155 0.165326 0.16603 0.463511
452000 0.130047 0.173775 0.162413 0.466235
453000 0.13074 0.17169 0.174206 0.476636
454000 0.13648 0.174033 0.170712 0.481224
455000 0.129469 0.161679 0.180407 0.471554
456000 0.151482 0.179945 0.169436 0.500863
457000 0.142922 0.171001 0.178374 0.492297
458000 0.128983 0.171268 0.177373 0.477624
459000 0.13257 0.176385 0.174726 0.483681
460000 0.125698 0.160386 0.176907 0.462991
461000 0.13381 0.163907 0.177164 0.474881
462000 0.142477 0.168073 0.174786 0.485336
463000 0.132848 0.169635 0.177228 0.479711
464000 0.129329 0.164807 0.174718 0.468853
465000 0.138593 0.180013 0.176944 0.49555
466000 0.136495 0.17573 0.165442 0.477667
467000 0.14398 0.187711 0.175431 0.507121
468000 0.136903 0.161763 0.168328 0.466994
469000 0.13738 0.167979 0.174648 0.480007
470000 0.134066 0.170809 0.167669 0.472544
471000 0.146065 0.171968 0.179868 0.497901
472000 0.132975 0.166453 0.179839 0.479267
473000 0.135356 0.167624 0.171633 0.474613
474000 0.136304 0.174572 0.171674 0.48255
475000 0.137554 0.176479 0.166682 0.480715
476000 0.135442 0.176117 0.169609 0.481168
477000 0.14152 0.187939 0.186623 0.516082
478000 0.14244 0.173131 0.171765 0.487336
479000 0.14224 0.174946 0.176534 0.493721
480000 0.142872 0.173182 0.172583 0.488637
481000 0.143872 0.164599 0.176171 0.484642
482000 0.144717 0.167948 0.179242 0.491907
483000 0.139925 0.17078 0.178312 0.489017
484000 0.136663 0.16634 0.183574 0.486577
485000 0.147103 0.171439 0.175973 0.494514
486000 0.139803 0.159846 0.180604 0.480252
487000 0.145329 0.185059 0.190062 0.520451
488000 0.144051 0.178154 0.185521 0.507726
489000 0.1405 0.186898 0.186814 0.514211
490000 0.151626 0.178236 0.182357 0.512218
491000 0.14054 0.171089 0.17391 0.485539
492000 0.137513 0.183563 0.177112 0.498188
493000 0.142252 0.172361 0.185328 0.49994
494000 0.147296 0.167723 0.176226 0.491245
495000 0.142805 0.183552 0.176638 0.502995
496000 0.133629 0.169182 0.183231 0.486042
497000 0.147096 0.17045 0.195217 0.512763
498000 0.149561 0.181057 0.186377 0.516995
499000 0.155891 0.165668 0.185705 0.507264
500000 0.155987 0.184163 0.179214 0.519364
501000 0.145761 0.167203 0.181283 0.494247
502000 0.146511 0.182058 0.178259 0.506829
503000 0.140746 0.175675 0.188284 0.504705
504000 0.142603 0.1684 0.186014 0.497017
505000 0.153317 0.18059 0.190025 0.523931
506000 0.147699 0.1781 0.188525 0.514323
507000 0.142221 0.169861 0.18099 0.493072
508000 0.152447 0.182803 0.191441 0.526691
509000 0.14756 0.180082 0.18364 0.511281
510000 0.147571 0.171575 0.1853 0.504446
511000 0.152362 0.169647 0.174191 0.496201
512000 0.152631 0.160423 0.184091 0.497146
513000 0.149147 0.173222 0.185673 0.508043
514000 0.150788 0.178824 0.191947 0.521558
515000 0.157109 0.177714 0.201487 0.53631
516000 0.149155 0.184607 0.200858 0.53462
517000 0.151763 0.180775 0.187555 0.520093
518000 0.153616 0.175824 0.188599 0.518039
519000 0.148684 0.17587 0.19279 0.517344
520000 0.153175 0.180506 0.191055 0.524737
521000 0.154745 0.182574 0.18673 0.524049
522000 0.156914 0.174081 0.188307 0.519301
523000 0.156772 0.181624 0.185489 0.523885
524000 0.157847 0.189992 0.19293 0.540769
525000 0.158255 0.181071 0.190923 0.53025
526000 0.157256 0.182755 0.185285 0.525296
527000 0.159376 0.188843 0.199944 0.548162
528000 0.161878 0.18295 0.195244 0.540072
529000 0.155198 0.177183 0.207199 0.53958
530000 0.165832 0.181783 0.201712 0.549328
531000 0.164123 0.183944 0.201497 0.549565
532000 0.158241 0.182529 0.197102 0.537872
533000 0.170118 0.191235 0.190392 0.551745
534000 0.152134 0.18344 0.201643 0.537217
535000 0.155442 0.182783 0.194077 0.532302
536000 0.155339 0.190293 0.192197 0.537829
537000 0.160662 0.181654 0.197321 0.539637
538000 0.160378 0.18641 0.203619 0.550406
539000 0.157297 0.187493 0.195355 0.540145
540000 0.166375 0.187433 0.193258 0.547066
541000 0.156033 0.177027 0.18891 0.521971
542000 0.176489 0.187899 0.191922 0.55631
543000 0.156864 0.177142 0.201941 0.535947
544000 0.155201 0.178453 0.197568 0.531223
545000 0.161287 0.190432 0.184587 0.536307
546000 0.161441 0.171755 0.193937 0.527134
547000 0.171241 0.187574 0.19543 0.554245
548000 0.166003 0.199163 0.200001 0.565168
549000 0.166439 0.193974 0.197366 0.557779
550000 0.161749 0.201177 0.201037 0.563963
551000 0.162355 0.185321 0.201858 0.549534
552000 0.171074 0.197752 0.198526 0.567352
553000 0.15987 0.191508 0.197033 0.548411
554000 0.153428 0.180768 0.189827 0.524023
555000 0.163616 0.184209 0.199924 0.547749
556000 0.155517 0.202182 0.194647 0.552346
557000 0.154958 0.190883 0.195032 0.540872
558000 0.16745 0.185516 0.205729 0.558695
559000 0.163476 0.193724 0.207363 0.564564
560000 0.163843 0.192246 0.196717 0.552806
561000 0.172217 0.191011 0.202055 0.565283
562000 0.164576 0.195946 0.198126 0.558648
563000 0.162455 0.186444 0.199898 0.548797
564000 0.156046 0.187866 0.201154 0.545066
565000 0.154477 0.191881 0.205161 0.551519
566000 0.161676 0.189505 0.193902 0.545083
567000 0.167038 0.188656 0.206292 0.561986
568000 0.157061 0.184306 0.203436 0.544803
569000 0.158174 0.193017 0.197054 0.548245
570000 0.165037 0.203989 0.200762 0.569788
571000 0.160366 0.195647 0.210915 0.566929
572000 0.161413 0.180941 0.20907 0.551423
573000 0.170807 0.187296 0.202124 0.560227
574000 0.164323 0.190917 0.199198 0.554437
575000 0.158402 0.182225 0.202857 0.543484
576000 0.168418 0.190565 0.214283 0.573266
577000 0.1566 0.185978 0.203288 0.545867
578000 0.159093 0.188149 0.197037 0.544278
579000 0.163401 0.196015 0.197647 0.557062
580000 0.170305 0.207386 0.198538 0.576229
581000 0.165364 0.191798 0.202823 0.559985
582000 0.167546 0.197999 0.193107 0.558652
583000 0.167342 0.195385 0.204134 0.56686
584000 0.162676 0.190435 0.194645 0.547756
585000 0.166455 0.199016 0.205278 0.570748
586000 0.165152 0.192491 0.202134 0.559778
587000 0.158153 0.215589 0.200456 0.574198
588000 0.166924 0.206602 0.206144 0.57967
589000 0.165894 0.190002 0.193784 0.54968
590000 0.176078 0.204413 0.201747 0.582237
591000 0.171608 0.197874 0.203562 0.573045
592000 0.160596 0.200538 0.210716 0.571851
593000 0.169621 0.211354 0.202915 0.583889
594000 0.176276 0.200672 0.206665 0.583613
595000 0.171429 0.200044 0.196345 0.567818
596000 0.175885 0.202579 0.200807 0.579271
597000 0.172071 0.205611 0.198232 0.575913
598000 0.170092 0.199078 0.197195 0.566364
599000 0.166207 0.194806 0.195154 0.556167
600000 0.183344 0.208975 0.201528 0.593847
601000 0.168844 0.194197 0.206611 0.569651
602000 0.188179 0.211953 0.205043 0.605175
603000 0.171933 0.187904 0.207858 0.567695
604000 0.171932 0.202802 0.208952 0.583686
605000 0.172187 0.198169 0.200358 0.570714
606000 0.157944 0.196289 0.20175 0.555982
607000 0.163684 0.192726 0.193862 0.550272
608000 0.17257 0.198973 0.202172 0.573715
609000 0.164612 0.202861 0.19846 0.565933
610000 0.173667 0.204368 0.203066 0.5811
611000 0.178009 0.189422 0.199785 0.567217
612000 0.180903 0.192452 0.194283 0.567638
613000 0.174639 0.194557 0.192899 0.562095
614000 0.18132 0.198941 0.200948 0.581209
615000 0.174636 0.19859 0.212847 0.586074
616000 0.178554 0.198127 0.212991 0.589673
617000 0.174673 0.199328 0.208493 0.582494
618000 0.177559 0.191486 0.20189 0.570935
619000 0.181137 0.192511 0.206151 0.579799
620000 0.17544 0.198299 0.202127 0.575867
621000 0.181406 0.192588 0.201212 0.575205
622000 0.178571 0.204724 0.203898 0.587193
623000 0.188428 0.193914 0.203534 0.585876
624000 0.191693 0.18924 0.203136 0.584069
625000 0.202868 0.209658 0.205916 0.618442
626000 0.17955 0.193599 0.20488 0.578028
627000 0.179838 0.19113 0.20705 0.578018
628000 0.191964 0.200078 0.203639 0.595682
629000 0.178985 0.196994 0.195422 0.571401
630000 0.176882 0.202049 0.205664 0.584595
631000 0.173871 0.200043 0.214934 0.588848
632000 0.183088 0.202449 0.204905 0.590442
633000 0.186719 0.194902 0.201341 0.582963
634000 0.188999 0.201091 0.207378 0.597468
635000 0.173838 0.203648 0.21399 0.591476
636000 0.185077 0.19975 0.202208 0.587035
637000 0.194943 0.201629 0.200666 0.597238
638000 0.187179 0.197578 0.210778 0.595535
639000 0.176999 0.208444 0.210694 0.596137
640000 0.194358 0.196263 0.21711 0.607731
641000 0.181548 0.190246 0.208913 0.580707
642000 0.185952 0.202857 0.197803 0.586611
643000 0.196996 0.211401 0.211928 0.620325
644000 0.183677 0.191814 0.207415 0.582905
645000 0.188094 0.206051 0.215776 0.609921
646000 0.194211 0.210534 0.211516 0.61626
647000 0.190568 0.203153 0.199444 0.593164
648000 0.179225 0.209594 0.211142 0.599961
649000 0.184962 0.197035 0.200391 0.582388
650000 0.189111 0.209316 0.211578 0.610004
651000 0.195726 0.213858 0.208966 0.618549
652000 0.20386 0.213858 0.205377 0.623095
653000 0.19104 0.207196 0.216696 0.614932
654000 0.18841 0.196671 0.212577 0.597658
655000 0.208681 0.217961 0.215648 0.64229
656000 0.19346 0.196249 0.214471 0.604179
657000 0.187091 0.207301 0.220548 0.614939
658000 0.189937 0.205206 0.215289 0.610432
659000 0.197729 0.208151 0.199319 0.6052
660000 0.19254 0.206162 0.200196 0.598898
661000 0.19684 0.210421 0.205085 0.612346
662000 0.189617 0.209511 0.21261 0.611738
663000 0.202263 0.213415 0.209091 0.624768
664000 0.207791 0.223887 0.207078 0.638757
665000 0.194174 0.205857 0.201691 0.601722
666000 0.201289 0.214933 0.207743 0.623965
667000 0.203664 0.212131 0.204917 0.620713
668000 0.195488 0.219722 0.202302 0.617513
669000 0.201107 0.216304 0.199893 0.617304
670000 0.197003 0.208994 0.208698 0.614695
671000 0.193723 0.199961 0.200285 0.593969
672000 0.199323 0.20438 0.200859 0.604562
673000 0.20156 0.207606 0.221358 0.630524
674000 0.203554 0.214082 0.20813 0.625766
675000 0.202434 0.202148 0.217917 0.622499
676000 0.195726 0.216692 0.216247 0.628666
677000 0.190034 0.216778 0.219843 0.626655
678000 0.190481 0.202382 0.229587 0.62245
679000 0.206851 0.220618 0.224574 0.652043
680000 0.19377 0.209717 0.220506 0.623993
681000 0.192029 0.203547 0.213844 0.60942
682000 0.207291 0.20354 0.212843 0.623674
683000 0.196613 0.209396 0.223851 0.62986
684000 0.199824 0.21649 0.219514 0.635828
685000 0.194653 0.212642 0.218695 0.625989
686000 0.195217 0.211335 0.214329 0.620881
687000 0.196442 0.224198 0.218178 0.638818
688000 0.200582 0.207581 0.218245 0.626407
689000 0.190126 0.208855 0.222551 0.621531
690000 0.194552 0.208441 0.216247 0.61924
691000 0.187291 0.212154 0.217589 0.617034
692000 0.190734 0.219557 0.222738 0.633029
693000 0.20217 0.213602 0.23258 0.648352
694000 0.202837 0.215709 0.223868 0.642414
695000 0.203029 0.225501 0.223394 0.651924
696000 0.202141 0.218955 0.21616 0.637256
697000 0.20412 0.229292 0.225157 0.658569
698000 0.210997 0.234912 0.222328 0.668237
699000 0.195907 0.223415 0.218567 0.637889
700000 0.198265 0.237531 0.228504 0.664301
701000 0.198583 0.224671 0.227141 0.650396
702000 0.192292 0.220294 0.229723 0.642308
703000 0.199607 0.229324 0.227261 0.656192
704000 0.202985 0.228414 0.229671 0.66107
705000 0.198562 0.220118 0.230953 0.649633
706000 0.212932 0.230016 0.232509 0.675458
707000 0.211445 0.229149 0.227407 0.668001
708000 0.21895 0.224601 0.225184 0.668734
709000 0.20978 0.227347 0.2301 0.667227
710000 0.205538 0.230381 0.239999 0.675918
711000 0.203014 0.2326 0.231033 0.666647
712000 0.209593 0.242381 0.252528 0.704502
713000 0.211764 0.230555 0.241443 0.683762
714000 0.214982 0.232235 0.24415 0.691367
715000 0.21222 0.233526 0.233027 0.678772
716000 0.205867 0.223835 0.233471 0.663173
717000 0.199236 0.233487 0.234643 0.667366
718000 0.208488 0.231497 0.234542 0.674527
719000 0.211616 0.229541 0.234445 0.675602
720000 0.202682 0.228622 0.238252 0.669556
721000 0.199927 0.22668 0.22982 0.656426
722000 0.211862 0.233483 0.238864 0.684209
723000 0.199909 0.227411 0.23754 0.664859
724000 0.204685 0.218709 0.238943 0.662337
725000 0.201939 0.230055 0.236826 0.66882
726000 0.203688 0.241211 0.225181 0.670081
727000 0.209518 0.232718 0.230518 0.672754
728000 0.195196 0.235798 0.232774 0.663768
729000 0.20793 0.245872 0.226008 0.67981
730000 0.216836 0.234925 0.237853 0.689614
731000 0.206597 0.229545 0.245777 0.681919
732000 0.206599 0.228245 0.229103 0.663947
733000 0.216552 0.235413 0.226638 0.678603
734000 0.216913 0.242408 0.241993 0.701314
735000 0.210367 0.231826 0.237386 0.679578
736000 0.221427 0.237071 0.231115 0.689613
737000 0.213898 0.233628 0.235082 0.682609
738000 0.210482 0.23889 0.225803 0.675174
739000 0.208743 0.226912 0.23055 0.666205
740000 0.210257 0.228869 0.239695 0.678821
741000 0.212939 0.242671 0.233867 0.689477
742000 0.223553 0.240579 0.236109 0.700241
743000 0.210844 0.242833 0.237842 0.691519
744000 0.220054 0.238426 0.23372 0.6922
745000 0.207351 0.246405 0.234114 0.687869
746000 0.211419 0.23501 0.235196 0.681625
747000 0.207435 0.23126 0.231398 0.670092
748000 0.224776 0.228359 0.251253 0.704388
749000 0.21147 0.233084 0.236642 0.681196
750000 0.209094 0.232897 0.245422 0.687413
751000 0.214031 0.250486 0.241676 0.706193
752000 0.206827 0.220328 0.258354 0.685508
753000 0.21137 0.235944 0.265248 0.712562
754000 0.217147 0.234889 0.256156 0.708192
755000 0.216733 0.231802 0.240174 0.688709
756000 0.229056 0.242408 0.241458 0.712922
757000 0.207776 0.23067 0.250741 0.689186
758000 0.215222 0.243981 0.234657 0.693859
759000 0.227866 0.240031 0.236767 0.704664
760000 0.214854 0.241819 0.2405 0.697172
761000 0.217913 0.240604 0.246821 0.705338
762000 0.217721 0.23446 0.240729 0.69291
763000 0.212076 0.241707 0.244036 0.697819
764000 0.205202 0.237699 0.238521 0.681422
765000 0.219152 0.245182 0.245303 0.709637
766000 0.21484 0.241004 0.234621 0.690465
767000 0.221747 0.249586 0.241867 0.713201
768000 0.21823 0.253435 0.249235 0.720901
769000 0.218221 0.242869 0.234385 0.695474
770000 0.216567 0.253899 0.232281 0.702747
771000 0.219536 0.245402 0.241477 0.706415
772000 0.222208 0.251057 0.242621 0.715886
773000 0.220936 0.248243 0.249983 0.719161
774000 0.217585 0.252485 0.239887 0.709956
775000 0.228155 0.254499 0.243335 0.725989
776000 0.22059 0.242532 0.248405 0.711527
777000 0.227265 0.252993 0.252293 0.732551
778000 0.217344 0.241869 0.242574 0.701787
779000 0.236298 0.26705 0.238199 0.741547
780000 0.217649 0.250321 0.236774 0.704744
781000 0.215252 0.245158 0.237072 0.697482
782000 0.225613 0.246443 0.251548 0.723604
783000 0.237815 0.250357 0.260284 0.748455
784000 0.226862 0.239152 0.250182 0.716196
785000 0.22263 0.25237 0.253284 0.728285
786000 0.224722 0.24511 0.250158 0.71999
787000 0.223792 0.251475 0.2374 0.712666
788000 0.228355 0.251123 0.252711 0.732189
789000 0.221908 0.243395 0.251784 0.717087
790000 0.232426 0.243519 0.249211 0.725157
791000 0.227134 0.241439 0.244469 0.713043
792000 0.231815 0.254265 0.250301 0.736381
793000 0.234374 0.256008 0.24071 0.731091
794000 0.225168 0.248004 0.238534 0.711706
795000 0.223398 0.256963 0.229816 0.710178
796000 0.222036 0.246496 0.241652 0.710184
797000 0.221624 0.249438 0.246299 0.717362
798000 0.226181 0.241004 0.237772 0.704957
799000 0.225485 0.235325 0.255057 0.715867
800000 0.233304 0.265049 0.251146 0.749499
801000 0.225182 0.25239 0.252555 0.730127
802000 0.236301 0.258647 0.248602 0.743549
803000 0.236709 0.259969 0.25058 0.747258
804000 0.236181 0.246561 0.254281 0.737023
805000 0.229738 0.243747 0.244003 0.717487
806000 0.249915 0.257453 0.246084 0.753452
807000 0.226717 0.243979 0.247611 0.718307
808000 0.246863 0.259027 0.246155 0.752044
809000 0.243985 0.259245 0.238705 0.741935
810000 0.234916 0.241951 0.250301 0.727168
811000 0.228293 0.252345 0.242691 0.723328
812000 0.232744 0.252791 0.245354 0.730889
813000 0.230986 0.244394 0.257807 0.733187
814000 0.229953 0.257719 0.233605 0.721277
815000 0.238295 0.250062 0.24609 0.734447
816000 0.23459 0.249629 0.25453 0.738749
817000 0.233042 0.2489 0.253752 0.735693
818000 0.237113 0.255691 0.248172 0.740976
819000 0.24254 0.252016 0.245355 0.739911
820000 0.230594 0.246456 0.235961 0.71301
821000 0.227755 0.249356 0.245887 0.722998
822000 0.239806 0.259571 0.259338 0.758715
823000 0.227473 0.238626 0.250053 0.716152
824000 0.236821 0.240703 0.253291 0.730815
825000 0.228959 0.254412 0.242295 0.725665
826000 0.229147 0.252398 0.254046 0.735591
827000 0.24653 0.250492 0.247423 0.744445
828000 0.249794 0.260954 0.248146 0.758893
829000 0.238071 0.245876 0.247719 0.731666
830000 0.247511 0.253531 0.252996 0.754038
831000 0.23633 0.260126 0.258182 0.754639
832000 0.238802 0.247631 0.255352 0.741786
833000 0.239005 0.257889 0.255727 0.752621
834000 0.230108 0.253476 0.252948 0.736532
835000 0.229925 0.254617 0.260667 0.745209
836000 0.229636 0.257215 0.25177 0.738622
837000 0.226549 0.267976 0.256108 0.750632
838000 0.236602 0.267449 0.249992 0.754042
839000 0.236806 0.259231 0.253664 0.749701
840000 0.243897 0.263173 0.248639 0.75571
841000 0.236406 0.258539 0.244479 0.739424
842000 0.220402 0.255617 0.258568 0.734587
843000 0.238539 0.260472 0.268425 0.767436
844000 0.236733 0.25919 0.261865 0.757788
845000 0.227284 0.250968 0.264013 0.742265
846000 0.241655 0.258643 0.261853 0.762151
847000 0.238769 0.255121 0.260715 0.754605
848000 0.233725 0.26066 0.256798 0.751184
849000 0.241939 0.264484 0.251706 0.758129
850000 0.243423 0.2641 0.261973 0.769496
851000 0.238577 0.261064 0.270691 0.770332
852000 0.22616 0.258193 0.272968 0.757322
853000 0.234255 0.263461 0.291545 0.789261
854000 0.237373 0.262719 0.263538 0.76363
855000 0.241303 0.251018 0.257777 0.750097
856000 0.233138 0.24397 0.258935 0.736042
857000 0.241537 0.258146 0.269383 0.769067
858000 0.248805 0.256834 0.272693 0.778332
859000 0.258091 0.263381 0.266074 0.787546
860000 0.237918 0.258976 0.278604 0.775498
861000 0.235223 0.256904 0.26459 0.756717
862000 0.243281 0.272164 0.259149 0.774594
863000 0.228455 0.256538 0.268489 0.753483
864000 0.247251 0.267345 0.260379 0.774975
865000 0.24535 0.265129 0.271891 0.78237
866000 0.249699 0.258025 0.271005 0.778729
867000 0.239865 0.268928 0.275295 0.784087
868000 0.246284 0.266064 0.287563 0.799911
869000 0.237826 0.253865 0.263318 0.755009
870000 0.238998 0.267004 0.271869 0.777871
871000 0.242112 0.265248 0.270714 0.778074
872000 0.246357 0.256191 0.277558 0.780105
873000 0.242978 0.255301 0.275371 0.773649
874000 0.245978 0.262506 0.287612 0.796097
875000 0.245051 0.270001 0.285388 0.800439
876000 0.258792 0.262397 0.276876 0.798065
877000 0.253562 0.268227 0.275248 0.797037
878000 0.252803 0.260433 0.278749 0.791986
879000 0.245231 0.268305 0.280143 0.793678
880000 0.256037 0.270318 0.280731 0.807085
881000 0.248912 0.261877 0.278459 0.789248
882000 0.249849 0.259703 0.279879 0.789431
883000 0.249689 0.260395 0.285056 0.79514
884000 0.245544 0.266008 0.28192 0.793473
885000 0.248117 0.26569 0.281057 0.794864
886000 0.24112 0.259527 0.280853 0.7815
887000 0.252197 0.262134 0.285853 0.800185
888000 0.259519 0.266914 0.275838 0.802271
889000 0.253859 0.26871 0.294692 0.817261
890000 0.250898 0.261885 0.279395 0.792178
891000 0.251407 0.257796 0.273743 0.782947
892000 0.244359 0.26155 0.284196 0.790105
893000 0.231128 0.252628 0.285254 0.76901
894000 0.24955 0.263965 0.279689 0.793204
895000 0.248789 0.267787 0.288695 0.805271
896000 0.24718 0.26781 0.287529 0.80252
897000 0.252363 0.2662 0.286767 0.805329
898000 0.259731 0.272776 0.282583 0.81509
899000 0.253951 0.263898 0.290926 0.808775
900000 0.25245 0.264147 0.276064 0.792662
901000 0.251236 0.257424 0.274228 0.782888
902000 0.249086 0.260187 0.293774 0.803048
903000 0.269818 0.265942 0.292188 0.827949
904000 0.244901 0.252257 0.274834 0.771992
905000 0.253232 0.263367 0.283453 0.800052
906000 0.259265 0.281768 0.286117 0.827151
907000 0.25168 0.264024 0.28509 0.800794
908000 0.26537 0.25834 0.285619 0.809329
909000 0.253739 0.265816 0.287019 0.806574
910000 0.243479 0.261716 0.274206 0.779401
911000 0.247794 0.260271 0.283888 0.791953
912000 0.257807 0.271509 0.288457 0.817773
913000 0.248628 0.258929 0.280974 0.788531
914000 0.253213 0.261197 0.283482 0.797893
915000 0.262887 0.273783 0.292268 0.828938
916000 0.260147 0.269134 0.28396 0.813241
917000 0.257031 0.259759 0.289794 0.806584
918000 0.251963 0.269773 0.297553 0.819289
919000 0.239994 0.265228 0.29423 0.799451
920000 0.253557 0.254974 0.297785 0.806316
921000 0.248535 0.263347 0.279479 0.79136
922000 0.26788 0.263046 0.291976 0.822902
923000 0.255211 0.264934 0.302859 0.823005
924000 0.253633 0.261077 0.281024 0.795734
925000 0.264725 0.265789 0.290074 0.820588
926000 0.252654 0.254631 0.275921 0.783206
927000 0.244691 0.261349 0.300481 0.806521
928000 0.251171 0.268119 0.28469 0.80398
929000 0.251966 0.272018 0.280996 0.80498
930000 0.253314 0.261949 0.293718 0.808981
931000 0.259535 0.265573 0.295422 0.820531
932000 0.265105 0.271186 0.291023 0.827314
933000 0.266762 0.26495 0.283808 0.815521
934000 0.26155 0.263146 0.285938 0.810633
935000 0.269709 0.270822 0.284421 0.824952
936000 0.25308 0.262474 0.291088 0.806642
937000 0.250649 0.258996 0.310901 0.820546
938000 0.26521 0.268983 0.2974 0.831593
939000 0.258707 0.276617 0.298766 0.83409
940000 0.262448 0.260689 0.299465 0.822601
941000 0.259981 0.269548 0.29176 0.821289
942000 0.25185 0.264894 0.294397 0.811141
943000 0.25175 0.26344 0.283179 0.798369
944000 0.261838 0.278116 0.283841 0.823795
945000 0.264507 0.275279 0.291116 0.830902
946000 0.268294 0.27198 0.297176 0.83745
947000 0.268174 0.275191 0.306626 0.84999
948000 0.275411 0.287656 0.307198 0.870264
949000 0.267681 0.277674 0.296267 0.841623
950000 0.263517 0.275192 0.307824 0.846533
951000 0.255053 0.27344 0.30159 0.830083
952000 0.256329 0.267697 0.297207 0.821232
953000 0.248841 0.275674 0.287672 0.812188
954000 0.258456 0.271477 0.281364 0.811297
955000 0.257968 0.26928 0.294871 0.822119
956000 0.265998 0.280096 0.287605 0.833698
957000 0.262374 0.277829 0.286303 0.826506
958000 0.256877 0.265639 0.298955 0.821471
959000 0.269522 0.29152 0.293597 0.854639
960000 0.272532 0.282112 0.290481 0.845125
961000 0.248362 0.262397 0.294889 0.805649
962000 0.251703 0.275314 0.295521 0.822538
963000 0.259088 0.266901 0.301247 0.827236
964000 0.267339 0.274259 0.311062 0.85266
965000 0.270138 0.271749 0.296281 0.838167
966000 0.264084 0.284396 0.304727 0.853207
967000 0.270396 0.273639 0.308008 0.852043
968000 0.266886 0.280792 0.307156 0.854834
969000 0.270332 0.293467 0.315885 0.879684
970000 0.261868 0.282022 0.318639 0.86253
971000 0.270383 0.287301 0.309434 0.867117
972000 0.273972 0.280848 0.297307 0.852128
973000 0.265085 0.286194 0.297153 0.848433
974000 0.267767 0.273674 0.303334 0.844775
975000 0.276381 0.278123 0.298978 0.853482
976000 0.259221 0.292343 0.306578 0.858143
977000 0.269994 0.28343 0.317173 0.870596
978000 0.279418 0.286113 0.308713 0.874244
979000 0.254192 0.287192 0.306192 0.847576
980000 0.272465 0.283967 0.309296 0.865728
981000 0.268458 0.291257 0.323876 0.883591
982000 0.265819 0.294771 0.307569 0.868159
983000 0.264035 0.293002 0.304501 0.861537
984000 0.260511 0.284365 0.311225 0.856101
985000 0.273056 0.28863 0.307879 0.869565
986000 0.258502 0.284504 0.314317 0.857324
987000 0.276358 0.296981 0.293148 0.866486
988000 0.269662 0.290953 0.32415 0.884765
989000 0.267973 0.295952 0.323317 0.887241
990000 0.265879 0.288616 0.301678 0.856173
991000 0.266232 0.310564 0.306211 0.883007
992000 0.265166 0.297068 0.303487 0.865722
993000 0.27843 0.298065 0.319097 0.895592
994000 0.267038 0.300115 0.316491 0.883644
995000 0.26582 0.292072 0.324867 0.88276
996000 0.27223 0.305101 0.319211 0.896543
997000 0.26499 0.305375 0.323297 0.893662
998000 0.27168 0.313792 0.326009 0.911481
999000 0.280181 0.31172 0.316655 0.908557
1000000 0.266741 0.303267 0.320516 0.890525
1001000 0.267461 0.285346 0.316675 0.869482
1002000 0.281128 0.301102 0.324355 0.906585
1003000 0.28025 0.300132 0.320172 0.900554
1004000 0.270117 0.304426 0.328005 0.902549
1005000 0.274753 0.298782 0.321522 0.895057
1006000 0.273634 0.298125 0.317794 0.889554
1007000 0.28645 0.312635 0.320167 0.919252
1008000 0.277315 0.300968 0.317009 0.895291
1009000 0.283188 0.29712 0.32241 0.902718
1010000 0.278858 0.30828 0.314411 0.90155
1011000 0.294766 0.303386 0.31182 0.909972
1012000 0.298655 0.307412 0.318227 0.924294
1013000 0.294149 0.318304 0.337149 0.949602
1014000 0.287972 0.30612 0.332499 0.926592
1015000 0.288591 0.297366 0.31919 0.905147
1016000 0.303818 0.308199 0.327971 0.939989
1017000 0.286473 0.30349 0.328041 0.918003
1018000 0.283933 0.304823 0.32189 0.910646
1019000 0.288855 0.304955 0.320371 0.914181
1020000 0.278212 0.29881 0.330618 0.90764
1021000 0.284258 0.298842 0.324985 0.908085
1022000 0.274201 0.297477 0.317602 0.889281
1023000 0.286464 0.294999 0.330967 0.912431
1024000 0.288026 0.300025 0.315471 0.903522
1025000 0.28161 0.305889 0.326347 0.913847
1026000 0.295252 0.311533 0.331396 0.938182
1027000 0.289677 0.294876 0.316787 0.90134
1028000 0.29277 0.29966 0.324673 0.917103
1029000 0.294653 0.314443 0.328008 0.937105
1030000 0.289833 0.300123 0.321273 0.911229
