# Time-averaged data for fix 1
# TimeStep c_msd_all[1] c_msd_all[2] c_msd_all[3] c_msd_all[4]
31000 0.0583309 0.0756226 0.0619305 0.195884
32000 0.0676452 0.072381 0.0753956 0.215422
33000 0.0641962 0.08611 0.0768359 0.227142
34000 0.070699 0.0722071 0.0734 0.216306
35000 0.0685613 0.0801601 0.0658574 0.214579
36000 0.0679613 0.0673772 0.0730302 0.208369
37000 0.0786388 0.0808037 0.0677713 0.227214
38000 0.0679021 0.093955 0.0798567 0.241714
39000 0.0796704 0.0860016 0.0786557 0.244328
40000 0.0622044 0.0759886 0.0724216 0.210615
41000 0.0706247 0.0781346 0.0740157 0.222775
42000 0.092295 0.0825629 0.0777681 0.252626
43000 0.0709492 0.0983868 0.0833299 0.252666
44000 0.0715149 0.0865767 0.0931144 0.251206
45000 0.0689951 0.100387 0.100049 0.26943
46000 0.0717775 0.098551 0.0945928 0.264921
47000 0.0853836 0.0869838 0.0881697 0.260537
48000 0.0693287 0.0928148 0.104366 0.26651
49000 0.0715465 0.0887454 0.102141 0.262433
50000 0.0792414 0.0947302 0.120325 0.294297
51000 0.0790249 0.0872038 0.102234 0.268463
52000 0.081189 0.091253 0.112711 0.285153
53000 0.0810703 0.0963979 0.111728 0.289197
54000 0.083631 0.0902564 0.110367 0.284254
55000 0.0686033 0.0866883 0.104204 0.259496
56000 0.0680157 0.0862663 0.118809 0.273091
57000 0.067468 0.0862085 0.10458 0.258257
58000 0.0772004 0.101008 0.110074 0.288283
59000 0.0751971 0.0956788 0.117202 0.288078
60000 0.0715154 0.100856 0.12221 0.294582
61000 0.0700228 0.100527 0.124672 0.295222
62000 0.0732849 0.105792 0.12077 0.299847
63000 0.065552 0.0977573 0.122305 0.285614
64000 0.0783868 0.106994 0.120749 0.30613
65000 0.0795144 0.104323 0.118976 0.302814
66000 0.0685622 0.0948762 0.11695 0.280389
67000 0.0835943 0.101358 0.120773 0.305726
68000 0.0829545 0.125226 0.125892 0.334072
69000 0.0817112 0.105519 0.122975 0.310205
70000 0.0785707 0.10371 0.11925 0.30153
71000 0.0746606 0.103786 0.126562 0.305009
72000 0.0796458 0.104253 0.121263 0.305162
73000 0.0724113 0.115419 0.130803 0.318634
74000 0.0816792 0.11441 0.135723 0.331813
75000 0.0766133 0.121898 0.124603 0.323115
76000 0.0840874 0.109388 0.124565 0.31804
77000 0.0739842 0.108927 0.126794 0.309705
78000 0.0748814 0.10821 0.145199 0.32829
79000 0.0749095 0.108175 0.136092 0.319176
80000 0.078869 0.130644 0.140941 0.350454
81000 0.0737774 0.125053 0.131618 0.330449
82000 0.0677336 0.118096 0.134929 0.320758
83000 0.0799724 0.121896 0.140535 0.342404
84000 0.0736371 0.124192 0.145783 0.343612
85000 0.0700988 0.112174 0.1406 0.322873
86000 0.081311 0.124531 0.144175 0.350018
87000 0.0763043 0.110773 0.134793 0.32187
88000 0.0677286 0.118696 0.145859 0.332283
89000 0.0771721 0.119112 0.168808 0.365091
90000 0.0752635 0.130418 0.156879 0.36256
91000 0.0859663 0.143643 0.155911 0.385521
92000 0.0827173 0.128609 0.163089 0.374416
93000 0.0762058 0.139041 0.155284 0.370531
94000 0.0847282 0.134451 0.154178 0.373358
95000 0.081963 0.140456 0.165433 0.387852
96000 0.0825631 0.130998 0.170946 0.384507
97000 0.075094 0.135895 0.164318 0.375307
98000 0.0750474 0.142063 0.163933 0.381043
99000 0.0913475 0.128759 0.154158 0.374265
100000 0.079099 0.148855 0.166825 0.394779
101000 0.083647 0.153883 0.176433 0.413963
102000 0.0867444 0.154504 0.185827 0.427075
103000 0.0880684 0.167721 0.189179 0.444968
104000 0.0917993 0.161909 0.190149 0.443857
105000 0.0914553 0.178007 0.174038 0.4435
106000 0.0901258 0.16757 0.184536 0.442231
107000 0.0894645 0.195217 0.213673 0.498354
108000 0.0932215 0.176321 0.205396 0.474939
109000 0.0981509 0.180677 0.211986 0.490814
110000 0.0947967 0.179251 0.190919 0.464966
111000 0.10164 0.183805 0.210931 0.496376
112000 0.0929247 0.197675 0.202629 0.493229
113000 0.10545 0.185353 0.210567 0.501369
114000 0.0958551 0.18519 0.204976 0.48602
115000 0.0919342 0.191918 0.217897 0.50175
116000 0.100856 0.193569 0.208707 0.503132
117000 0.0914914 0.194216 0.210317 0.496024
118000 0.0951483 0.197253 0.200601 0.493003
119000 0.100929 0.1957 0.208504 0.505133
120000 0.105669 0.190442 0.211217 0.507327
121000 0.101034 0.203899 0.20863 0.513562
122000 0.0967633 0.189507 0.220038 0.506308
123000 0.10157 0.200247 0.217436 0.519253
124000 0.117681 0.205028 0.230353 0.553062
125000 0.108446 0.198536 0.20322 0.510202
126000 0.140616 0.186128 0.214412 0.541156
127000 0.104165 0.195722 0.226276 0.526163
128000 0.115515 0.222785 0.228745 0.567045
129000 0.107228 0.218709 0.232479 0.558417
130000 0.0914088 0.209899 0.22696 0.528268
131000 0.103377 0.196352 0.229636 0.529365
132000 0.097632 0.199953 0.233656 0.531241
133000 0.101493 0.233901 0.214204 0.549598
134000 0.10156 0.209784 0.223367 0.534711
135000 0.0962413 0.210705 0.231789 0.538736
136000 0.0955261 0.203696 0.23027 0.529492
137000 0.099278 0.218432 0.227633 0.545343
138000 0.0961796 0.229734 0.230034 0.555948
139000 0.0913115 0.213354 0.234678 0.539344
140000 0.106744 0.215789 0.213063 0.535596
141000 0.100996 0.219489 0.235177 0.555662
142000 0.108959 0.214767 0.231526 0.555252
143000 0.100143 0.229061 0.226816 0.556019
144000 0.107724 0.242122 0.246679 0.596525
145000 0.105738 0.22523 0.229475 0.560443
146000 0.11526 0.222757 0.228108 0.566124
147000 0.108226 0.218281 0.231581 0.558088
148000 0.10467 0.22181 0.221188 0.547668
149000 0.104787 0.22502 0.230809 0.560616
150000 0.104626 0.234588 0.232504 0.571718
151000 0.108555 0.21954 0.251743 0.579838
152000 0.110693 0.219591 0.243716 0.574
153000 0.102755 0.212068 0.239104 0.553927
154000 0.114996 0.229585 0.224703 0.569284
155000 0.10069 0.224616 0.223592 0.548898
156000 0.10744 0.218758 0.231442 0.55764
157000 0.106814 0.220168 0.232581 0.559563
158000 0.109377 0.229623 0.238714 0.577715
159000 0.113971 0.233798 0.245876 0.593645
160000 0.0972535 0.21885 0.245757 0.56186
161000 0.110177 0.228825 0.251194 0.590196
162000 0.110997 0.219722 0.252088 0.582807
163000 0.111054 0.233247 0.246909 0.59121
164000 0.133552 0.218275 0.244223 0.59605
165000 0.104684 0.228298 0.25287 0.585852
166000 0.106925 0.238122 0.254152 0.599199
167000 0.11043 0.232527 0.248654 0.59161
168000 0.115635 0.253897 0.260984 0.630516
169000 0.11014 0.238781 0.25571 0.604631
170000 0.115043 0.23287 0.264861 0.612773
171000 0.115957 0.227219 0.248203 0.591379
172000 0.109552 0.254139 0.241578 0.605269
173000 0.120001 0.250316 0.246019 0.616337
174000 0.129119 0.239642 0.252385 0.621146
175000 0.114236 0.245458 0.248128 0.607822
176000 0.11645 0.257246 0.24764 0.621337
177000 0.106987 0.24682 0.247552 0.601359
178000 0.112702 0.237812 0.255849 0.606363
179000 0.110372 0.244868 0.236821 0.592061
180000 0.110354 0.262943 0.240981 0.614278
181000 0.113075 0.24574 0.251616 0.610431
182000 0.112851 0.246493 0.24403 0.603374
183000 0.114794 0.254099 0.260442 0.629335
184000 0.108843 0.250671 0.246129 0.605644
185000 0.113141 0.240532 0.270551 0.624225
186000 0.111703 0.250973 0.246604 0.609281
187000 0.109684 0.257571 0.26186 0.629116
188000 0.11849 0.256699 0.270536 0.645726
189000 0.114758 0.256593 0.253777 0.625127
190000 0.112494 0.256322 0.275091 0.643906
191000 0.118991 0.263635 0.268791 0.651417
192000 0.112951 0.270524 0.272628 0.656102
193000 0.111015 0.264504 0.278107 0.653627
194000 0.116729 0.258711 0.261196 0.636636
195000 0.116867 0.253979 0.267774 0.638619
196000 0.107048 0.257259 0.260775 0.625083
197000 0.113424 0.276219 0.261612 0.651256
198000 0.114048 0.275225 0.264378 0.653651
199000 0.112964 0.268064 0.269433 0.650461
200000 0.108189 0.268232 0.27032 0.646741
201000 0.118542 0.292004 0.271058 0.681603
202000 0.121216 0.273363 0.286597 0.681176
203000 0.11041 0.283543 0.275112 0.669065
204000 0.110713 0.291088 0.265657 0.667458
205000 0.125093 0.295337 0.284117 0.704546
206000 0.114323 0.28311 0.276851 0.674284
207000 0.108119 0.271433 0.277522 0.657074
208000 0.117771 0.292395 0.277497 0.687662
209000 0.12662 0.309747 0.266771 0.703138
210000 0.120063 0.310446 0.274602 0.705111
211000 0.115704 0.311977 0.270197 0.697878
212000 0.114018 0.307842 0.269915 0.691775
213000 0.118688 0.299444 0.271735 0.689867
214000 0.117757 0.315095 0.269162 0.702014
215000 0.118944 0.297735 0.280682 0.69736
216000 0.10672 0.306945 0.283049 0.696713
217000 0.118067 0.307653 0.29102 0.71674
218000 0.111904 0.303591 0.278623 0.694119
219000 0.121573 0.322655 0.277579 0.721808
220000 0.116597 0.327648 0.287181 0.731426
221000 0.123727 0.33906 0.288013 0.7508
222000 0.122213 0.299079 0.281279 0.702571
223000 0.125967 0.335795 0.295776 0.757538
224000 0.122186 0.345874 0.293194 0.761254
225000 0.117984 0.341038 0.280198 0.73922
226000 0.121345 0.321901 0.297765 0.741011
227000 0.116997 0.341477 0.282726 0.7412
228000 0.125839 0.335897 0.292741 0.754477
229000 0.126395 0.331222 0.29326 0.750877
230000 0.113172 0.335032 0.296473 0.744677
231000 0.125669 0.347331 0.311263 0.784263
232000 0.117848 0.348037 0.304605 0.77049
233000 0.120773 0.347616 0.298122 0.766511
234000 0.124686 0.363824 0.293663 0.782173
235000 0.124015 0.362658 0.299728 0.786401
236000 0.125712 0.360005 0.314982 0.8007
237000 0.126176 0.367634 0.297456 0.791267
238000 0.134105 0.349218 0.30177 0.785094
239000 0.131678 0.358876 0.291435 0.781988
240000 0.107981 0.370374 0.291412 0.769768
241000 0.123694 0.354979 0.313823 0.792497
242000 0.123755 0.363334 0.296088 0.783176
243000 0.12562 0.384785 0.320732 0.831137
244000 0.128769 0.383309 0.305843 0.817921
245000 0.125562 0.357589 0.314641 0.797791
246000 0.132631 0.365805 0.316326 0.814763
247000 0.11278 0.389714 0.327384 0.829878
248000 0.119225 0.375041 0.33959 0.833856
249000 0.122536 0.387407 0.32849 0.838433
250000 0.118371 0.390369 0.339209 0.847949
251000 0.135912 0.391475 0.347516 0.874903
252000 0.114836 0.389032 0.334984 0.838853
253000 0.136548 0.385403 0.341501 0.863452
254000 0.125986 0.387532 0.347292 0.860811
255000 0.123428 0.386741 0.37302 0.883188
256000 0.124949 0.374863 0.35452 0.854332
257000 0.116097 0.402753 0.363534 0.882384
258000 0.119485 0.41781 0.357438 0.894733
259000 0.11514 0.400412 0.355247 0.870798
260000 0.130055 0.395016 0.378437 0.903508
261000 0.11542 0.395558 0.373746 0.884724
262000 0.130871 0.410069 0.377171 0.918111
263000 0.117775 0.404323 0.381654 0.903753
264000 0.122508 0.412456 0.360732 0.895697
265000 0.123743 0.395357 0.380088 0.899189
266000 0.116843 0.407155 0.369411 0.893409
267000 0.122477 0.40646 0.363893 0.892829
268000 0.130911 0.407871 0.369514 0.908297
269000 0.124071 0.413239 0.358297 0.895607
270000 0.126122 0.404781 0.377168 0.908071
271000 0.118819 0.399486 0.373094 0.891399
272000 0.125598 0.403057 0.378366 0.907021
273000 0.142728 0.411662 0.372329 0.92672
274000 0.128543 0.385169 0.358084 0.871797
275000 0.144166 0.403356 0.392254 0.939776
276000 0.117052 0.430562 0.386319 0.933933
277000 0.112338 0.389101 0.389524 0.890963
278000 0.149281 0.427051 0.386455 0.962787
279000 0.132309 0.435885 0.388194 0.956389
280000 0.154619 0.437307 0.383358 0.975284
281000 0.127195 0.427467 0.381255 0.935918
282000 0.128653 0.432069 0.408661 0.969383
283000 0.132912 0.428256 0.400481 0.961649
284000 0.129866 0.424205 0.3811 0.935172
285000 0.151557 0.431204 0.422161 1.00492
286000 0.13514 0.425095 0.408142 0.968378
287000 0.137725 0.427655 0.407848 0.973228
288000 0.125946 0.40682 0.393113 0.925879
289000 0.129601 0.428474 0.408942 0.967016
290000 0.142907 0.426123 0.41372 0.982751
291000 0.121456 0.438425 0.415176 0.975057
292000 0.135352 0.421627 0.407005 0.963984
293000 0.128615 0.442696 0.395054 0.966365
294000 0.11982 0.427408 0.422861 0.970088
295000 0.13146 0.441275 0.466296 1.03903
296000 0.12398 0.459549 0.432717 1.01625
297000 0.142125 0.466961 0.480423 1.08951
298000 0.137281 0.459046 0.436406 1.03273
299000 0.132505 0.440228 0.41938 0.992113
300000 0.149346 0.451068 0.465039 1.06545
301000 0.135086 0.46227 0.434655 1.03201
302000 0.142279 0.446037 0.455315 1.04363
303000 0.126041 0.461086 0.416573 1.0037
304000 0.138526 0.462931 0.408452 1.00991
305000 0.141867 0.478179 0.449382 1.06943
306000 0.136698 0.461952 0.432505 1.03116
307000 0.136432 0.461006 0.436802 1.03424
308000 0.147361 0.470414 0.408944 1.02672
309000 0.133256 0.455132 0.42087 1.00926
310000 0.144784 0.461154 0.428319 1.03426
311000 0.14747 0.468553 0.427648 1.04367
312000 0.138888 0.479074 0.437279 1.05524
313000 0.143281 0.467754 0.410031 1.02107
314000 0.149927 0.466837 0.426353 1.04312
315000 0.144669 0.469355 0.43675 1.05078
316000 0.135188 0.474912 0.407045 1.01714
317000 0.137774 0.464153 0.425103 1.02703
318000 0.150991 0.473886 0.420631 1.04551
319000 0.145348 0.486013 0.417785 1.04915
320000 0.133993 0.47957 0.433476 1.04704
321000 0.16861 0.507216 0.430754 1.10658
322000 0.143883 0.480367 0.425077 1.04933
323000 0.144167 0.474145 0.439679 1.05799
324000 0.141988 0.496611 0.442889 1.08149
325000 0.142185 0.496509 0.468034 1.10673
326000 0.150524 0.484914 0.451046 1.08648
327000 0.139525 0.501462 0.454797 1.09578
328000 0.148224 0.503347 0.445937 1.09751
329000 0.140363 0.511131 0.448988 1.10048
330000 0.155622 0.50686 0.463891 1.12637
331000 0.138163 0.489354 0.456614 1.08413
332000 0.14435 0.500622 0.456389 1.10136
333000 0.157804 0.505374 0.461015 1.12419
334000 0.143608 0.519536 0.468678 1.13182
335000 0.14373 0.488374 0.465493 1.0976
336000 0.13294 0.506311 0.468429 1.10768
337000 0.141711 0.533265 0.496009 1.17098
338000 0.146904 0.522572 0.481489 1.15097
339000 0.141703 0.547812 0.490374 1.17989
340000 0.146222 0.539806 0.474878 1.16091
341000 0.147335 0.549836 0.488568 1.18574
342000 0.146546 0.536191 0.516311 1.19905
343000 0.148257 0.553471 0.517156 1.21888
344000 0.155458 0.538258 0.496483 1.1902
345000 0.16072 0.530834 0.508556 1.20011
346000 0.157287 0.550481 0.486151 1.19392
347000 0.154235 0.556436 0.511755 1.22243
348000 0.155991 0.580245 0.505788 1.24202
349000 0.154553 0.548433 0.51816 1.22115
350000 0.158399 0.55555 0.507887 1.22184
351000 0.173045 0.563689 0.512561 1.2493
352000 0.15775 0.550478 0.522473 1.2307
353000 0.157693 0.559493 0.513964 1.23115
354000 0.158054 0.575041 0.513595 1.24669
355000 0.167328 0.579408 0.510324 1.25706
356000 0.155064 0.560977 0.502358 1.2184
357000 0.166758 0.558933 0.531085 1.25678
358000 0.160965 0.556413 0.523699 1.24108
359000 0.170787 0.56657 0.522379 1.25974
360000 0.180526 0.592941 0.515143 1.28861
361000 0.159443 0.560532 0.514825 1.2348
362000 0.182318 0.55956 0.536 1.27788
363000 0.165667 0.578737 0.534223 1.27863
364000 0.161828 0.57095 0.532889 1.26567
365000 0.194764 0.570114 0.515714 1.28059
366000 0.16462 0.582521 0.523116 1.27026
367000 0.17139 0.592278 0.534967 1.29863
368000 0.164693 0.5565 0.51344 1.23463
369000 0.154837 0.584355 0.539012 1.2782
370000 0.196945 0.564114 0.533129 1.29419
371000 0.173534 0.582371 0.54712 1.30303
372000 0.172502 0.593974 0.526425 1.2929
373000 0.177909 0.577601 0.530239 1.28575
374000 0.166262 0.584728 0.54339 1.29438
375000 0.193314 0.585725 0.522336 1.30138
376000 0.159319 0.575234 0.537027 1.27158
377000 0.168809 0.56924 0.52792 1.26597
378000 0.171239 0.584263 0.53098 1.28648
379000 0.16562 0.564064 0.510548 1.24023
380000 0.163687 0.573906 0.516329 1.25392
381000 0.160061 0.577841 0.541857 1.27976
382000 0.171422 0.591448 0.533262 1.29613
383000 0.155422 0.577072 0.539884 1.27238
384000 0.168545 0.565445 0.520739 1.25473
385000 0.166824 0.586166 0.533891 1.28688
386000 0.154301 0.589734 0.55043 1.29447
387000 0.180101 0.598051 0.539001 1.31715
388000 0.168993 0.588504 0.534491 1.29199
389000 0.187819 0.577816 0.530668 1.2963
390000 0.160183 0.589192 0.544003 1.29338
391000 0.176726 0.594178 0.555933 1.32684
392000 0.161997 0.603237 0.528718 1.29395
393000 0.173686 0.571582 0.537228 1.2825
394000 0.168029 0.571629 0.531134 1.27079
395000 0.158592 0.590114 0.521678 1.27038
396000 0.172679 0.601394 0.571418 1.34549
397000 0.162619 0.590261 0.54288 1.29576
398000 0.156739 0.586812 0.559989 1.30354
399000 0.163641 0.592 0.552932 1.30857
400000 0.165311 0.576335 0.541695 1.28334
401000 0.171701 0.590818 0.556146 1.31866
402000 0.169653 0.600037 0.553329 1.32302
403000 0.173074 0.597949 0.559342 1.33037
404000 0.163841 0.580022 0.537025 1.28089
405000 0.165558 0.575991 0.549732 1.29128
406000 0.175197 0.601351 0.542704 1.31925
407000 0.16348 0.587236 0.53449 1.28521
408000 0.171654 0.594489 0.549465 1.31561
409000 0.165776 0.602484 0.536387 1.30465
410000 0.165613 0.579428 0.542876 1.28792
411000 0.179457 0.590919 0.536039 1.30641
412000 0.162623 0.59357 0.545067 1.30126
413000 0.17507 0.578318 0.548712 1.3021
414000 0.163625 0.59035 0.545441 1.29942
415000 0.174749 0.588137 0.55689 1.31978
416000 0.176487 0.588787 0.545596 1.31087
417000 0.176134 0.596029 0.551476 1.32364
418000 0.167037 0.575472 0.550713 1.29322
419000 0.163317 0.591161 0.554324 1.3088
420000 0.173192 0.605113 0.55467 1.33298
421000 0.169364 0.582753 0.561943 1.31406
422000 0.176715 0.594175 0.537125 1.30801
423000 0.162747 0.576538 0.567087 1.30637
424000 0.168239 0.594207 0.550143 1.31259
425000 0.172102 0.608207 0.543048 1.32336
426000 0.172543 0.58391 0.54546 1.30191
427000 0.169977 0.588156 0.557769 1.3159
428000 0.169872 0.595418 0.5383 1.30359
429000 0.175985 0.589563 0.559004 1.32455
430000 0.182058 0.589396 0.569429 1.34088
431000 0.170055 0.598991 0.557342 1.32639
432000 0.191845 0.583459 0.56308 1.33838
433000 0.179624 0.608595 0.562458 1.35068
434000 0.192793 0.591282 0.53499 1.31907
435000 0.185183 0.609312 0.577633 1.37213
436000 0.184833 0.598853 0.569926 1.35361
437000 0.187151 0.597138 0.593755 1.37804
438000 0.178517 0.610658 0.564366 1.35354
439000 0.215409 0.621059 0.587032 1.4235
440000 0.189937 0.640934 0.593021 1.42389
441000 0.193577 0.625074 0.583706 1.40236
442000 0.188289 0.607479 0.599113 1.39488
443000 0.182521 0.637569 0.573037 1.39313
444000 0.190931 0.615079 0.584553 1.39056
445000 0.202646 0.633118 0.603851 1.43962
446000 0.226304 0.622734 0.576134 1.42517
447000 0.195111 0.630622 0.610143 1.43588
448000 0.206613 0.621146 0.584938 1.4127
449000 0.184131 0.611889 0.585095 1.38111
450000 0.187933 0.632586 0.584019 1.40454
451000 0.193624 0.618189 0.587029 1.39884
452000 0.177319 0.628457 0.592272 1.39805
453000 0.198538 0.647451 0.607574 1.45356
454000 0.178366 0.630711 0.580515 1.38959
455000 0.20056 0.631182 0.597532 1.42927
456000 0.197828 0.630362 0.593773 1.42196
457000 0.202803 0.645941 0.602317 1.45106
458000 0.200251 0.62591 0.602735 1.4289
459000 0.195713 0.650913 0.604859 1.45149
460000 0.198543 0.653441 0.595712 1.4477
461000 0.201772 0.655835 0.609693 1.4673
462000 0.194953 0.647384 0.600935 1.44327
463000 0.189694 0.646904 0.610634 1.44723
464000 0.1998 0.64731 0.623211 1.47032
465000 0.212215 0.658158 0.598265 1.46864
466000 0.197393 0.666133 0.600499 1.46402
467000 0.185111 0.65016 0.602869 1.43814
468000 0.203349 0.651869 0.620498 1.47572
469000 0.197594 0.662153 0.627339 1.48709
470000 0.189164 0.65722 0.611223 1.45761
471000 0.191754 0.657197 0.624864 1.47381
472000 0.201485 0.657187 0.618294 1.47697
473000 0.194944 0.646575 0.599888 1.44141
474000 0.19846 0.637622 0.620215 1.4563
475000 0.197297 0.653602 0.605947 1.45685
476000 0.193738 0.668628 0.63677 1.49914
477000 0.201433 0.645505 0.617421 1.46436
478000 0.201491 0.677538 0.600711 1.47974
479000 0.202252 0.665048 0.628648 1.49595
480000 0.197072 0.646482 0.629955 1.47351
481000 0.207833 0.667992 0.625617 1.50144
482000 0.192916 0.648855 0.600556 1.44233
483000 0.195108 0.659315 0.635185 1.48961
484000 0.197397 0.656461 0.626048 1.47991
485000 0.199564 0.668022 0.59895 1.46654
486000 0.200428 0.667192 0.625564 1.49318
487000 0.208178 0.661434 0.625929 1.49554
488000 0.198136 0.691013 0.667637 1.55679
489000 0.207637 0.675536 0.627757 1.51093
490000 0.205124 0.688461 0.638401 1.53199
491000 0.189366 0.669633 0.652234 1.51123
492000 0.213878 0.696157 0.638279 1.54831
493000 0.209277 0.705806 0.637203 1.55229
494000 0.229697 0.669108 0.619344 1.51815
495000 0.203574 0.683239 0.635282 1.5221
496000 0.208295 0.701851 0.652389 1.56253
497000 0.209788 0.690076 0.663182 1.56305
498000 0.200844 0.685737 0.684636 1.57122
499000 0.213585 0.689344 0.634755 1.53768
500000 0.215298 0.693142 0.64859 1.55703
501000 0.209777 0.726551 0.672393 1.60872
502000 0.222108 0.695997 0.678575 1.59668
503000 0.210646 0.716074 0.663256 1.58998
504000 0.224349 0.696338 0.666414 1.5871
505000 0.209477 0.698943 0.662332 1.57075
506000 0.217714 0.711859 0.66691 1.59648
507000 0.202896 0.711987 0.671573 1.58646
508000 0.219117 0.729438 0.667503 1.61606
509000 0.223458 0.728479 0.657907 1.60984
510000 0.22307 0.718002 0.671703 1.61277
511000 0.22949 0.730562 0.660202 1.62025
512000 0.224557 0.732501 0.665812 1.62287
513000 0.207526 0.745273 0.659574 1.61237
514000 0.232942 0.712259 0.664235 1.60944
515000 0.218171 0.707746 0.697629 1.62355
516000 0.231553 0.732772 0.690963 1.65529
517000 0.220319 0.745 0.680068 1.64539
518000 0.217739 0.731641 0.658802 1.60818
519000 0.226986 0.741501 0.670159 1.63865
520000 0.225998 0.736019 0.678408 1.64043
521000 0.237074 0.734369 0.678615 1.65006
522000 0.214775 0.742046 0.677523 1.63434
523000 0.233286 0.73321 0.690915 1.65741
524000 0.228838 0.730572 0.670375 1.62979
525000 0.219725 0.736413 0.677904 1.63404
526000 0.224397 0.736397 0.673371 1.63417
527000 0.22694 0.734585 0.701256 1.66278
528000 0.2188 0.735705 0.676475 1.63098
529000 0.226035 0.757616 0.688643 1.6723
530000 0.235349 0.735347 0.689153 1.65985
531000 0.224279 0.751572 0.668383 1.64423
532000 0.225406 0.753075 0.668708 1.64719
533000 0.224334 0.764723 0.663871 1.65293
534000 0.230056 0.761752 0.69783 1.68964
535000 0.223573 0.763301 0.669771 1.65664
536000 0.247073 0.741228 0.681498 1.6698
537000 0.227698 0.765386 0.688588 1.68167
538000 0.249907 0.752139 0.691767 1.69381
539000 0.224319 0.76013 0.695496 1.67995
540000 0.218969 0.742323 0.709123 1.67041
541000 0.23671 0.75329 0.687135 1.67713
542000 0.233631 0.732883 0.709084 1.6756
543000 0.241366 0.772926 0.704228 1.71852
544000 0.24374 0.78522 0.678818 1.70778
545000 0.234863 0.741264 0.699645 1.67577
546000 0.252184 0.776 0.684191 1.71237
547000 0.228324 0.766576 0.704943 1.69984
548000 0.244378 0.765346 0.709998 1.71972
549000 0.228242 0.792217 0.696554 1.71701
550000 0.228656 0.773776 0.723901 1.72633
551000 0.224997 0.780042 0.709114 1.71415
552000 0.231752 0.772404 0.695744 1.6999
553000 0.247978 0.806365 0.687938 1.74228
554000 0.230201 0.76922 0.684412 1.68383
555000 0.231727 0.781121 0.715669 1.72852
556000 0.233992 0.762364 0.69942 1.69578
557000 0.230364 0.809687 0.716072 1.75612
558000 0.24023 0.782841 0.716923 1.73999
559000 0.234136 0.789801 0.690165 1.7141
560000 0.276268 0.793185 0.727047 1.7965
561000 0.244225 0.791988 0.702945 1.73916
562000 0.251242 0.784455 0.697369 1.73307
563000 0.239466 0.787385 0.708091 1.73494
564000 0.236361 0.769623 0.719752 1.72574
565000 0.247581 0.797875 0.743684 1.78914
566000 0.24377 0.816986 0.720716 1.78147
567000 0.233049 0.805836 0.726542 1.76543
568000 0.238415 0.815692 0.71109 1.7652
569000 0.249014 0.790745 0.687308 1.72707
570000 0.225394 0.800397 0.727107 1.7529
571000 0.263083 0.802119 0.705069 1.77027
572000 0.253058 0.823921 0.731883 1.80886
573000 0.250747 0.804847 0.722775 1.77837
574000 0.260781 0.837455 0.722836 1.82107
575000 0.247787 0.821169 0.712208 1.78116
576000 0.239398 0.811667 0.729871 1.78094
577000 0.256235 0.809343 0.73174 1.79732
578000 0.245824 0.831785 0.700883 1.77849
579000 0.23609 0.827553 0.730907 1.79455
580000 0.246553 0.833327 0.745257 1.82514
581000 0.238318 0.834586 0.713412 1.78632
582000 0.24247 0.843603 0.731342 1.81742
583000 0.250047 0.83208 0.730734 1.81286
584000 0.246427 0.84125 0.743208 1.83088
585000 0.244848 0.851398 0.755693 1.85194
586000 0.250575 0.836759 0.741761 1.82909
587000 0.260478 0.837769 0.745864 1.84411
588000 0.254966 0.838949 0.738914 1.83283
589000 0.238265 0.841577 0.72777 1.80761
590000 0.25469 0.849593 0.738517 1.8428
591000 0.271251 0.856312 0.75329 1.88085
592000 0.265971 0.856771 0.736626 1.85937
593000 0.247967 0.858825 0.752291 1.85908
594000 0.247535 0.843355 0.73727 1.82816
595000 0.255742 0.8716 0.752164 1.87951
596000 0.262259 0.879121 0.768788 1.91017
597000 0.246126 0.863006 0.73682 1.84595
598000 0.243597 0.853873 0.756882 1.85435
599000 0.255484 0.855335 0.751285 1.8621
600000 0.252563 0.857365 0.761444 1.87137
601000 0.259779 0.86268 0.761874 1.88433
602000 0.239997 0.849324 0.739806 1.82913
603000 0.241409 0.848279 0.752072 1.84176
604000 0.266896 0.840849 0.758441 1.86619
605000 0.263511 0.857762 0.749312 1.87058
606000 0.271127 0.865894 0.758238 1.89526
607000 0.247288 0.862685 0.755814 1.86579
608000 0.253793 0.878324 0.73977 1.87189
609000 0.24693 0.859365 0.757284 1.86358
610000 0.246543 0.854706 0.757443 1.85869
611000 0.257474 0.868736 0.773253 1.89946
612000 0.25427 0.878858 0.759483 1.89261
613000 0.255749 0.866332 0.73728 1.85936
614000 0.249249 0.871157 0.754428 1.87483
615000 0.246641 0.839851 0.757115 1.84361
616000 0.270165 0.866977 0.762161 1.8993
617000 0.265563 0.861581 0.76603 1.89317
618000 0.297106 0.882273 0.742206 1.92158
619000 0.248145 0.868828 0.774376 1.89135
620000 0.257233 0.867038 0.764708 1.88898
621000 0.245164 0.858087 0.776704 1.87995
622000 0.250241 0.85351 0.7808 1.88455
623000 0.270251 0.874455 0.785355 1.93006
624000 0.249207 0.876555 0.773345 1.89911
625000 0.254285 0.885794 0.783647 1.92373
626000 0.244541 0.846064 0.771515 1.86212
627000 0.248708 0.860913 0.780712 1.89033
628000 0.26534 0.85028 0.818221 1.93384
629000 0.26531 0.886448 0.766634 1.91839
630000 0.258641 0.8812 0.772634 1.91247
631000 0.256225 0.896396 0.765109 1.91773
632000 0.261627 0.873261 0.780122 1.91501
633000 0.260914 0.889558 0.790777 1.94125
634000 0.249679 0.884939 0.777053 1.91167
635000 0.264428 0.878089 0.785415 1.92793
636000 0.247716 0.882016 0.783851 1.91358
637000 0.27441 0.894094 0.787146 1.95565
638000 0.26771 0.88947 0.781659 1.93884
639000 0.25157 0.882256 0.767067 1.90089
640000 0.262076 0.904843 0.776699 1.94362
641000 0.26173 0.899863 0.785322 1.94691
642000 0.257022 0.870176 0.790863 1.91806
643000 0.258553 0.877304 0.780553 1.91641
644000 0.259003 0.877901 0.776201 1.9131
645000 0.276939 0.894787 0.754428 1.92615
646000 0.251143 0.898425 0.788917 1.93848
647000 0.256561 0.89028 0.765793 1.91263
648000 0.256221 0.902814 0.776967 1.936
649000 0.260563 0.897001 0.797311 1.95487
650000 0.261607 0.877894 0.78748 1.92698
651000 0.256075 0.865867 0.75981 1.88175
652000 0.268702 0.892973 0.769887 1.93156
653000 0.264715 0.891728 0.774528 1.93097
654000 0.23755 0.890171 0.782765 1.91049
655000 0.275049 0.893111 0.795615 1.96377
656000 0.255302 0.89676 0.812742 1.9648
657000 0.258419 0.88511 0.791798 1.93533
658000 0.275802 0.894196 0.817002 1.987
659000 0.24974 0.892891 0.776354 1.91899
660000 0.265251 0.903024 0.799294 1.96757
661000 0.250567 0.892206 0.782745 1.92552
662000 0.27716 0.915422 0.780699 1.97328
663000 0.269839 0.936325 0.803103 2.00927
664000 0.25909 0.912243 0.777083 1.94842
665000 0.249724 0.908873 0.812275 1.97087
666000 0.258748 0.923572 0.808919 1.99124
667000 0.250064 0.926046 0.813744 1.98985
668000 0.25872 0.931745 0.823163 2.01363
669000 0.260618 0.925297 0.825516 2.01143
670000 0.25647 0.971117 0.805594 2.03318
671000 0.272629 0.953323 0.815389 2.04134
672000 0.267256 0.95641 0.802101 2.02577
673000 0.253111 0.932715 0.81643 2.00226
674000 0.259808 0.949329 0.823238 2.03238
675000 0.25316 0.948911 0.802171 2.00424
676000 0.265929 0.946519 0.8297 2.04215
677000 0.27181 0.955373 0.827239 2.05442
678000 0.252444 0.961708 0.816225 2.03038
679000 0.264494 0.948348 0.818718 2.03156
680000 0.263049 0.952284 0.805122 2.02045
681000 0.280382 0.946689 0.803705 2.03078
682000 0.249358 0.950123 0.80931 2.00879
683000 0.270585 0.967421 0.812534 2.05054
684000 0.265443 0.980129 0.811873 2.05744
685000 0.26017 0.970209 0.817763 2.04814
686000 0.288611 0.980657 0.822899 2.09217
687000 0.259337 0.969346 0.820842 2.04953
688000 0.289073 0.974883 0.803292 2.06725
689000 0.262466 0.977873 0.815399 2.05574
690000 0.261673 0.962061 0.819129 2.04286
691000 0.299341 0.969725 0.820744 2.08981
692000 0.270163 0.961701 0.798782 2.03065
693000 0.277179 0.974936 0.826708 2.07882
694000 0.254342 0.96334 0.814919 2.0326
695000 0.256852 0.995368 0.798681 2.0509
696000 0.262367 0.98229 0.823339 2.068
697000 0.28199 0.973167 0.817 2.07216
698000 0.262399 0.978103 0.833858 2.07436
699000 0.255319 0.975743 0.819877 2.05094
700000 0.26436 0.991018 0.798694 2.05407
701000 0.269797 0.995681 0.81902 2.0845
702000 0.274551 0.975443 0.805494 2.05549
703000 0.262799 0.990921 0.798318 2.05204
704000 0.270471 0.982165 0.81482 2.06746
705000 0.25922 0.992549 0.819749 2.07152
706000 0.264654 0.992493 0.796622 2.05377
707000 0.27344 0.991968 0.813704 2.07911
708000 0.256184 0.992247 0.80855 2.05698
709000 0.268745 0.988821 0.820947 2.07851
710000 0.263022 0.987483 0.80954 2.06005
711000 0.265977 0.978029 0.802697 2.0467
712000 0.265404 0.949731 0.821606 2.03674
713000 0.25494 0.971847 0.815083 2.04187
714000 0.262302 0.97887 0.821819 2.06299
715000 0.254194 0.974696 0.820566 2.04946
716000 0.267334 0.962598 0.830425 2.06036
717000 0.256411 0.956866 0.827524 2.0408
718000 0.269872 0.971992 0.837871 2.07974
719000 0.26822 0.962206 0.824653 2.05508
720000 0.263916 0.955093 0.792633 2.01164
721000 0.269969 0.9609 0.825461 2.05633
722000 0.300989 0.956425 0.818233 2.07565
723000 0.251826 0.952805 0.827175 2.03181
724000 0.27148 0.956138 0.804931 2.03255
725000 0.267234 0.950362 0.811731 2.02933
726000 0.261272 0.956225 0.840565 2.05806
727000 0.269395 0.960738 0.820098 2.05023
728000 0.270124 0.967235 0.795211 2.03257
729000 0.297117 0.984414 0.809572 2.0911
730000 0.263331 0.949023 0.808223 2.02058
731000 0.265844 0.970275 0.830374 2.06649
732000 0.272589 0.971265 0.806739 2.05059
733000 0.282331 0.972986 0.816615 2.07193
734000 0.277207 0.973538 0.822553 2.0733
735000 0.268215 0.969263 0.833039 2.07052
736000 0.272141 0.951217 0.850145 2.0735
737000 0.26117 0.971867 0.82155 2.05459
738000 0.265668 1.01241 0.843393 2.12147
739000 0.278709 0.984711 0.815879 2.0793
740000 0.272248 0.996252 0.830297 2.0988
741000 0.267407 0.976854 0.852683 2.09694
742000 0.267263 0.969282 0.842909 2.07945
743000 0.274087 1.01995 0.849516 2.14355
744000 0.265656 0.985208 0.836031 2.08689
745000 0.272617 0.972221 0.813638 2.05848
746000 0.271667 0.999103 0.847426 2.1182
747000 0.28364 0.989075 0.828385 2.1011
748000 0.267332 1.00178 0.855902 2.12501
749000 0.268717 1.00318 0.844406 2.1163
750000 0.271866 0.976454 0.822017 2.07034
751000 0.275218 0.981343 0.840288 2.09685
752000 0.271099 1.00712 0.849921 2.12814
753000 0.277888 0.999072 0.809265 2.08622
754000 0.274167 0.97771 0.829361 2.08124
755000 0.261827 0.997793 0.856872 2.11649
756000 0.272554 0.981453 0.845538 2.09955
757000 0.267027 1.00093 0.845725 2.11368
758000 0.284243 1.00137 0.857547 2.14316
759000 0.276402 0.975881 0.839516 2.0918
760000 0.270518 0.990178 0.854688 2.11538
761000 0.264575 0.982382 0.853484 2.10044
762000 0.279879 1.0051 0.849749 2.13473
763000 0.270566 0.998108 0.852008 2.12068
764000 0.268037 0.992309 0.834512 2.09486
765000 0.274779 0.998867 0.857894 2.13154
766000 0.271019 1.03083 0.860192 2.16204
767000 0.277284 1.00168 0.834839 2.1138
768000 0.285666 1.02011 0.847942 2.15372
769000 0.277752 1.02296 0.835104 2.13581
770000 0.279965 1.01617 0.869588 2.16572
771000 0.265356 1.01245 0.852498 2.1303
772000 0.269954 1.00533 0.860212 2.1355
773000 0.260153 0.999128 0.854699 2.11398
774000 0.287543 0.981752 0.840265 2.10956
775000 0.267097 1.01271 0.863308 2.14312
776000 0.285991 1.01769 0.8487 2.15238
777000 0.273167 1.00528 0.850088 2.12854
778000 0.274022 0.986058 0.866784 2.12686
779000 0.284194 1.01132 0.863158 2.15867
780000 0.284139 1.02074 0.869825 2.1747
781000 0.291585 1.02874 0.861768 2.18209
782000 0.28107 1.02115 0.863599 2.16582
783000 0.289796 1.01855 0.868481 2.17683
784000 0.273983 1.01864 0.85015 2.14277
785000 0.289373 1.03856 0.849118 2.17705
786000 0.321532 1.02833 0.856962 2.20683
787000 0.285869 1.02771 0.878616 2.19219
788000 0.300892 1.01203 0.87988 2.19281
789000 0.284335 1.02809 0.888846 2.20127
790000 0.275114 1.04088 0.896959 2.21296
791000 0.2774 1.04106 0.901933 2.2204
792000 0.292021 1.02132 0.887348 2.20069
793000 0.287736 1.03125 0.876648 2.19564
794000 0.278492 1.04366 0.877118 2.19927
795000 0.290636 1.03901 0.878914 2.20856
796000 0.305675 1.02778 0.874558 2.20802
797000 0.278117 1.02722 0.866966 2.17231
798000 0.313362 1.02652 0.855876 2.19576
799000 0.282227 1.01379 0.860735 2.15675
800000 0.270442 1.04562 0.881922 2.19798
801000 0.298347 1.04271 0.882994 2.22405
802000 0.304359 1.04087 0.863777 2.209
803000 0.30858 1.05496 0.870957 2.2345
804000 0.284933 1.02179 0.852879 2.1596
805000 0.276434 1.05293 0.875164 2.20453
806000 0.30437 1.04552 0.866017 2.21591
807000 0.281552 1.03854 0.863294 2.18339
808000 0.301649 1.05852 0.857171 2.21734
809000 0.306295 1.05541 0.862882 2.22459
810000 0.309232 1.07048 0.874521 2.25424
811000 0.305499 1.04831 0.858762 2.21257
812000 0.290294 1.05516 0.858483 2.20394
813000 0.327417 1.04535 0.878719 2.25149
814000 0.288816 1.07064 0.851997 2.21146
815000 0.30005 1.06385 0.850938 2.21484
816000 0.31382 1.07045 0.867199 2.25147
817000 0.304759 1.06217 0.87983 2.24676
818000 0.304391 1.06635 0.880042 2.25078
819000 0.303557 1.05293 0.862522 2.21901
820000 0.297721 1.06104 0.892088 2.25084
821000 0.309024 1.06121 0.873668 2.2439
822000 0.304924 1.07236 0.866527 2.24381
823000 0.310019 1.08258 0.890623 2.28323
824000 0.29226 1.07781 0.8952 2.26527
825000 0.314568 1.05634 0.875034 2.24594
826000 0.313276 1.08674 0.855306 2.25533
827000 0.293311 1.07502 0.870952 2.23928
828000 0.321297 1.08324 0.912767 2.3173
829000 0.296929 1.07854 0.87657 2.25203
830000 0.291415 1.0792 0.886811 2.25742
831000 0.310389 1.07634 0.874282 2.26102
832000 0.295022 1.08252 0.872612 2.25015
833000 0.332353 1.09081 0.878655 2.30182
834000 0.315902 1.10962 0.885022 2.31054
835000 0.313969 1.11953 0.894024 2.32752
836000 0.304849 1.13038 0.890751 2.32598
837000 0.304564 1.10118 0.889857 2.2956
838000 0.335444 1.09181 0.903104 2.33035
839000 0.302131 1.10331 0.879097 2.28454
840000 0.322772 1.09172 0.88773 2.30222
841000 0.3026 1.10015 0.885703 2.28845
842000 0.304512 1.12476 0.919468 2.34874
843000 0.313841 1.13866 0.906063 2.35857
844000 0.2997 1.12579 0.891673 2.31717
845000 0.301729 1.10543 0.907939 2.3151
846000 0.30981 1.13248 0.904859 2.34715
847000 0.302136 1.12619 0.911592 2.33992
848000 0.298413 1.12903 0.917903 2.34535
849000 0.314248 1.12607 0.927082 2.3674
850000 0.306248 1.12439 0.929935 2.36057
851000 0.299658 1.11775 0.915023 2.33243
852000 0.310719 1.12358 0.91384 2.34814
853000 0.319262 1.11232 0.914546 2.34613
854000 0.317007 1.12699 0.911266 2.35526
855000 0.298897 1.13276 0.89792 2.32958
856000 0.306509 1.13287 0.917723 2.3571
857000 0.300559 1.13075 0.896122 2.32743
858000 0.321205 1.12075 0.898227 2.34018
859000 0.319672 1.12728 0.895327 2.34228
860000 0.322011 1.11991 0.908283 2.3502
861000 0.300403 1.1275 0.88576 2.31367
862000 0.326796 1.12092 0.904692 2.3524
863000 0.33158 1.14253 0.887012 2.36113
864000 0.307064 1.12988 0.928617 2.36556
865000 0.324974 1.1354 0.916803 2.37718
866000 0.311269 1.1408 0.924414 2.37648
867000 0.330136 1.12571 0.912145 2.36799
868000 0.3126 1.14164 0.901656 2.35589
869000 0.337066 1.12795 0.913565 2.37858
870000 0.311476 1.12832 0.901345 2.34114
871000 0.320636 1.14526 0.923413 2.38931
872000 0.313169 1.12308 0.921454 2.35771
873000 0.320418 1.13012 0.904539 2.35508
874000 0.319566 1.13225 0.91836 2.37018
875000 0.321052 1.11684 0.90134 2.33923
876000 0.309306 1.13083 0.907058 2.3472
877000 0.315186 1.11648 0.910299 2.34196
878000 0.319805 1.14244 0.913886 2.37613
879000 0.327823 1.11224 0.894571 2.33464
880000 0.310816 1.13823 0.898597 2.34764
881000 0.309838 1.11728 0.912086 2.3392
882000 0.331988 1.15535 0.931908 2.41924
883000 0.325809 1.13072 0.902798 2.35932
884000 0.316666 1.13821 0.91626 2.37114
885000 0.312962 1.14049 0.913647 2.3671
886000 0.33686 1.13162 0.899759 2.36824
887000 0.313648 1.13419 0.905908 2.35374
888000 0.316032 1.13478 0.916401 2.36721
889000 0.321578 1.14169 0.902202 2.36547
890000 0.32994 1.14441 0.905546 2.37989
891000 0.322529 1.12326 0.914939 2.36073
892000 0.313468 1.1279 0.908019 2.34939
893000 0.331815 1.15917 0.90792 2.39891
894000 0.31633 1.13492 0.920106 2.37136
895000 0.314113 1.12352 0.903369 2.34101
896000 0.343713 1.12507 0.913204 2.38198
897000 0.322741 1.14622 0.907142 2.3761
898000 0.348256 1.1529 0.896367 2.39752
899000 0.320686 1.14582 0.91818 2.38468
900000 0.317067 1.12936 0.941806 2.38823
901000 0.349706 1.15236 0.937681 2.43974
902000 0.313109 1.13066 0.940553 2.38432
903000 0.323904 1.13843 0.926996 2.38933
904000 0.322041 1.15264 0.948793 2.42347
905000 0.321636 1.15907 0.946077 2.42678
906000 0.324158 1.14394 0.937356 2.40545
907000 0.308588 1.13269 0.938523 2.3798
908000 0.323896 1.14441 0.923823 2.39212
909000 0.319085 1.14649 0.943379 2.40896
910000 0.31859 1.12882 0.94128 2.38869
911000 0.318524 1.15391 0.950655 2.42309
912000 0.31689 1.15164 0.933192 2.40172
913000 0.323506 1.13523 0.952289 2.41103
914000 0.325357 1.15383 0.976476 2.45567
915000 0.315379 1.13865 0.963146 2.41717
916000 0.326037 1.12485 0.971899 2.42278
917000 0.329922 1.17952 0.966752 2.47619
918000 0.31416 1.14547 0.929615 2.38924
919000 0.325494 1.14891 0.94306 2.41747
920000 0.320506 1.11655 0.93571 2.37277
921000 0.309814 1.11739 0.985388 2.4126
922000 0.33754 1.13333 0.948665 2.41954
923000 0.32537 1.13493 0.983057 2.44336
924000 0.314436 1.11618 0.961871 2.39249
925000 0.351539 1.12578 0.946319 2.42363
926000 0.320848 1.16129 0.944822 2.42696
927000 0.346615 1.14438 0.956343 2.44734
928000 0.309857 1.13299 0.959078 2.40193
929000 0.329687 1.13811 0.981339 2.44914
930000 0.318431 1.15045 0.964667 2.43355
931000 0.324721 1.17936 0.957804 2.46188
932000 0.319585 1.12689 0.937504 2.38398
933000 0.321025 1.15092 0.969511 2.44145
934000 0.323269 1.13564 0.946097 2.405
935000 0.320485 1.14706 0.950915 2.41846
936000 0.322751 1.15928 0.971597 2.45363
937000 0.313547 1.1516 0.958277 2.42343
938000 0.310948 1.1771 0.974319 2.46237
939000 0.356542 1.14949 0.977772 2.4838
940000 0.318838 1.13999 0.959355 2.41819
941000 0.336871 1.16083 0.96268 2.46038
942000 0.311126 1.18114 0.963419 2.45568
943000 0.319386 1.15489 0.958899 2.43317
944000 0.332694 1.13626 0.962902 2.43186
945000 0.32124 1.15496 0.94187 2.41807
946000 0.332694 1.16433 0.951508 2.44853
947000 0.327215 1.17553 0.985582 2.48832
948000 0.336586 1.14624 0.938829 2.42165
949000 0.345098 1.16211 0.965883 2.47309
950000 0.323266 1.15414 0.974473 2.45188
951000 0.322675 1.18007 0.961366 2.46411
952000 0.323014 1.18431 0.992996 2.50032
953000 0.32417 1.16515 0.977454 2.46677
954000 0.33414 1.16759 0.978268 2.48
955000 0.335984 1.16587 0.957248 2.4591
956000 0.326177 1.17484 0.963213 2.46423
957000 0.334732 1.18534 0.98027 2.50034
958000 0.328892 1.16229 0.965351 2.45654
959000 0.320413 1.18453 0.958706 2.46365
960000 0.336935 1.18483 0.982146 2.50391
961000 0.32387 1.20571 0.975068 2.50464
962000 0.330967 1.18036 0.999731 2.51106
963000 0.320485 1.17568 0.963048 2.45922
964000 0.316819 1.1749 0.976522 2.46825
965000 0.335144 1.16652 0.956079 2.45775
966000 0.319748 1.18705 0.958134 2.46493
967000 0.326524 1.20047 1.00037 2.52737
968000 0.332326 1.19359 0.980909 2.50683
969000 0.324387 1.17931 0.977595 2.48129
970000 0.327452 1.18141 0.969529 2.47839
971000 0.332645 1.17471 0.984283 2.49163
972000 0.316874 1.17168 0.980079 2.46863
973000 0.32649 1.20279 0.980978 2.51026
974000 0.338342 1.18995 0.973266 2.50156
975000 0.326733 1.2062 0.99208 2.52501
976000 0.327073 1.21291 0.984204 2.52419
977000 0.321383 1.20159 0.997105 2.52008
978000 0.330795 1.24167 1.00381 2.57627
979000 0.325496 1.22887 0.998461 2.55283
980000 0.326475 1.19932 0.996216 2.52201
981000 0.33661 1.18888 0.977793 2.50329
982000 0.320941 1.19682 0.987163 2.50492
983000 0.347889 1.25047 0.989964 2.58833
984000 0.326406 1.22416 0.971957 2.52252
985000 0.34261 1.2322 1.00847 2.58327
986000 0.352633 1.21826 0.979112 2.55
987000 0.33249 1.24774 1.00785 2.58808
988000 0.330974 1.25473 0.996722 2.58243
989000 0.333526 1.28212 0.9974 2.61305
990000 0.337225 1.23965 0.98687 2.56374
991000 0.328863 1.20744 1.00231 2.53861
992000 0.342686 1.21661 1.00013 2.55942
993000 0.349317 1.26005 0.993527 2.60289
994000 0.329651 1.27267 0.998465 2.60079
995000 0.33628 1.20885 0.984534 2.52967
996000 0.332236 1.22276 1.01045 2.56545
997000 0.325333 1.2386 1.00154 2.56547
998000 0.342692 1.25055 0.980202 2.57345
999000 0.347327 1.2148 1.01506 2.57718
1000000 0.335731 1.22729 1.0022 2.56522
1001000 0.327951 1.22893 1.01678 2.57366
1002000 0.346534 1.25038 1.00748 2.60439
1003000 0.332818 1.23727 0.986573 2.55666
1004000 0.349873 1.24466 0.993045 2.58757
1005000 0.340058 1.27683 1.02425 2.64114
1006000 0.335672 1.29412 0.997557 2.62735
1007000 0.33141 1.26722 1.02732 2.62595
1008000 0.335307 1.23467 1.00429 2.57427
1009000 0.329678 1.25215 1.00306 2.58489
1010000 0.337661 1.25454 1.00384 2.59604
1011000 0.341649 1.26118 1.01999 2.62282
1012000 0.353771 1.28047 1.02088 2.65512
1013000 0.329119 1.24638 1.00121 2.57671
1014000 0.325372 1.26975 0.998086 2.5932
1015000 0.323819 1.23261 0.980982 2.53741
1016000 0.329624 1.23295 0.992678 2.55525
1017000 0.346395 1.29658 1.01693 2.65991
1018000 0.323466 1.33354 1.00252 2.65953
1019000 0.345491 1.29426 1.00858 2.64833
1020000 0.340036 1.25581 1.016 2.61185
1021000 0.338528 1.27698 0.994023 2.60953
1022000 0.349545 1.30089 1.0089 2.65934
1023000 0.342786 1.30511 1.02633 2.67422
1024000 0.34499 1.2944 1.01501 2.6544
1025000 0.339587 1.2791 1.02242 2.6411
1026000 0.334839 1.26116 1.00959 2.60559
1027000 0.342859 1.28059 1.00552 2.62897
1028000 0.334902 1.29518 1.00556 2.63565
1029000 0.332207 1.26999 1.01501 2.6172
1030000 0.328482 1.3104 1.03672 2.6756
