# Time-averaged data for fix 1
# TimeStep c_msd_all[1] c_msd_all[2] c_msd_all[3] c_msd_all[4]
31000 0.0604748 0.063349 0.0566002 0.180424
32000 0.0731221 0.069259 0.0643833 0.206764
33000 0.0668465 0.0667734 0.070217 0.203837
34000 0.0709854 0.0627344 0.0657447 0.199465
35000 0.0744398 0.0700879 0.0639286 0.208456
36000 0.0717769 0.0821977 0.0670967 0.221071
37000 0.0780864 0.0730435 0.0670582 0.218188
38000 0.0721518 0.0712576 0.069404 0.212813
39000 0.0775404 0.0816712 0.0631354 0.222347
40000 0.0728585 0.0778255 0.0650526 0.215737
41000 0.0827123 0.0738565 0.0622951 0.218864
42000 0.0859875 0.0851994 0.060237 0.231424
43000 0.0706103 0.0675851 0.0631488 0.201344
44000 0.0598472 0.0713751 0.0665437 0.197766
45000 0.0706723 0.0807813 0.0632653 0.214719
46000 0.0733501 0.0770758 0.0683564 0.218782
47000 0.0777371 0.0722086 0.0664693 0.216415
48000 0.0903725 0.0800524 0.0715251 0.24195
49000 0.0818702 0.0844391 0.0720338 0.238343
50000 0.0716405 0.0763976 0.0668052 0.214843
51000 0.0690483 0.0813418 0.0711361 0.221526
52000 0.078188 0.0853418 0.0674992 0.231029
53000 0.076509 0.0745421 0.0679424 0.218994
54000 0.0784497 0.0826646 0.0604799 0.221594
55000 0.0759462 0.0762852 0.066705 0.218937
56000 0.0732389 0.0875161 0.0698905 0.230645
57000 0.0864219 0.0804457 0.0804283 0.247296
58000 0.078918 0.0792295 0.0829965 0.241144
59000 0.0709446 0.0824934 0.0791621 0.2326
60000 0.0867284 0.082231 0.0762876 0.245247
61000 0.0798855 0.0832676 0.0729208 0.236074
62000 0.0771612 0.0837925 0.0681388 0.229093
63000 0.0700914 0.0793371 0.067249 0.216677
64000 0.0730379 0.087004 0.0719397 0.231982
65000 0.085408 0.0831184 0.0748756 0.243402
66000 0.0741266 0.081708 0.0756521 0.231487
67000 0.0750264 0.0872273 0.0661568 0.228411
68000 0.0731343 0.0849837 0.0727186 0.230837
69000 0.0756971 0.0807804 0.0731756 0.229653
70000 0.0743856 0.080348 0.0723162 0.22705
71000 0.0883178 0.0921824 0.0791735 0.259674
72000 0.0888467 0.094463 0.0671235 0.250433
73000 0.0746693 0.0898166 0.0692949 0.233781
74000 0.0792792 0.0973603 0.0698696 0.246509
75000 0.0844735 0.100939 0.0676103 0.253023
76000 0.0779988 0.0945253 0.077637 0.250161
77000 0.0785379 0.106764 0.0683747 0.253676
78000 0.0755079 0.0935764 0.0740153 0.2431
79000 0.0759683 0.086834 0.0736939 0.236496
80000 0.0821671 0.0914026 0.0671962 0.240766
81000 0.0689744 0.0864175 0.0700967 0.225489
82000 0.0799106 0.0962422 0.068596 0.244749
83000 0.0800645 0.0937794 0.0761144 0.249958
84000 0.0745776 0.0865153 0.067813 0.228906
85000 0.0813005 0.100153 0.0751287 0.256582
86000 0.0669106 0.0875959 0.0793253 0.233832
87000 0.0806871 0.0880089 0.0781761 0.246872
88000 0.0831871 0.0880027 0.075896 0.247086
89000 0.0789212 0.09458 0.0755543 0.249056
90000 0.0801989 0.0910584 0.0790123 0.25027
91000 0.0865839 0.0930309 0.0716648 0.25128
92000 0.0843267 0.0973019 0.0736232 0.255252
93000 0.0817469 0.0839764 0.07076 0.236483
94000 0.0810468 0.0969354 0.0707207 0.248703
95000 0.0825315 0.091129 0.0794031 0.253064
96000 0.0826426 0.0971454 0.0832074 0.262995
97000 0.084024 0.0902211 0.0814875 0.255733
98000 0.090617 0.0873944 0.0839384 0.26195
99000 0.0833092 0.0963508 0.077784 0.257444
100000 0.0883486 0.0929512 0.0770758 0.258376
101000 0.0908811 0.0917212 0.0739471 0.256549
102000 0.0820171 0.0939283 0.0726056 0.248551
103000 0.084797 0.0901089 0.0804074 0.255313
104000 0.094019 0.0995699 0.0831676 0.276757
105000 0.0879079 0.102257 0.080359 0.270524
106000 0.0932252 0.0924007 0.0789974 0.264623
107000 0.0850208 0.092969 0.076666 0.254656
108000 0.0893018 0.0917146 0.0821948 0.263211
109000 0.088542 0.0886324 0.0839468 0.261121
110000 0.0891963 0.0929257 0.0808746 0.262997
111000 0.0891356 0.0977317 0.0797098 0.266577
112000 0.0860053 0.099741 0.0801418 0.265888
113000 0.0884431 0.0969619 0.075099 0.260504
114000 0.0886907 0.098456 0.0777807 0.264927
115000 0.0910741 0.0886993 0.0900221 0.269795
116000 0.0946736 0.0934228 0.0887913 0.276888
117000 0.0918725 0.0963121 0.083338 0.271523
118000 0.0907798 0.0963298 0.081617 0.268727
119000 0.0931464 0.0961817 0.087946 0.277274
120000 0.0998716 0.0987961 0.0760769 0.274745
121000 0.0993622 0.100997 0.0768625 0.277221
122000 0.0880713 0.0994261 0.080003 0.2675
123000 0.0884781 0.0933536 0.0799305 0.261762
124000 0.0952706 0.0924828 0.0796153 0.267369
125000 0.0987237 0.104153 0.0830845 0.285961
126000 0.0877993 0.101434 0.0878366 0.27707
127000 0.090106 0.0913107 0.0857606 0.267177
128000 0.0934254 0.101762 0.0870857 0.282273
129000 0.0882215 0.0998485 0.0746002 0.26267
130000 0.0866182 0.0916683 0.0690094 0.247296
131000 0.0902633 0.100153 0.0710022 0.261418
132000 0.0885499 0.0921798 0.0783127 0.259042
133000 0.0975044 0.0937076 0.0784783 0.26969
134000 0.0975091 0.100333 0.0846718 0.282514
135000 0.101596 0.091507 0.0829555 0.276059
136000 0.0973275 0.0983041 0.089663 0.285295
137000 0.0948549 0.0932033 0.0791825 0.267241
138000 0.0955817 0.096298 0.0780066 0.269886
139000 0.0876185 0.101366 0.0739192 0.262903
140000 0.0972259 0.0944451 0.0812109 0.272882
141000 0.0957423 0.0929826 0.0952243 0.283949
142000 0.0952599 0.0997501 0.0964036 0.291414
143000 0.0990963 0.0973495 0.0820166 0.278462
144000 0.0887397 0.0973777 0.0793803 0.265498
145000 0.0954934 0.110285 0.0842603 0.290038
146000 0.0896029 0.0910593 0.0817303 0.262393
147000 0.0878198 0.0986315 0.0803287 0.26678
148000 0.097583 0.108361 0.0852852 0.291229
149000 0.0980095 0.101783 0.0882819 0.288075
150000 0.0940469 0.0953161 0.0898544 0.279217
151000 0.0908438 0.100057 0.0918434 0.282744
152000 0.0988109 0.101784 0.0917231 0.292318
153000 0.109263 0.0924077 0.0900655 0.291736
154000 0.102937 0.109175 0.0861574 0.298269
155000 0.0866872 0.101159 0.0839574 0.271803
156000 0.0937166 0.0969277 0.0907851 0.281429
157000 0.0911882 0.0991243 0.0844475 0.27476
158000 0.0955034 0.0997077 0.0891581 0.284369
159000 0.0928798 0.0994884 0.0907474 0.283116
160000 0.0939052 0.101398 0.0925117 0.287814
161000 0.102659 0.100153 0.0939672 0.296779
162000 0.100831 0.102973 0.0919668 0.29577
163000 0.0943669 0.105386 0.0871116 0.286864
164000 0.0932737 0.0989671 0.0911334 0.283374
165000 0.0948933 0.120324 0.091527 0.306744
166000 0.101142 0.103665 0.0966308 0.301437
167000 0.0964305 0.099228 0.101587 0.297246
168000 0.0931747 0.0996158 0.109927 0.302718
169000 0.101949 0.101954 0.109851 0.313754
170000 0.0995999 0.107823 0.101254 0.308676
171000 0.102842 0.106928 0.098118 0.307887
172000 0.103361 0.0984593 0.101714 0.303535
173000 0.104719 0.102118 0.107624 0.314461
174000 0.108042 0.116131 0.102299 0.326472
175000 0.110049 0.109347 0.10205 0.321447
176000 0.115021 0.102885 0.113158 0.331063
177000 0.109676 0.119794 0.104689 0.334159
178000 0.106336 0.113495 0.106487 0.326317
179000 0.10939 0.109557 0.108632 0.327579
180000 0.0986441 0.124278 0.109846 0.332768
181000 0.106078 0.114599 0.112008 0.332685
182000 0.103148 0.120218 0.116472 0.339838
183000 0.105837 0.120446 0.114018 0.340301
184000 0.112337 0.118161 0.111844 0.342341
185000 0.11548 0.118064 0.102597 0.336141
186000 0.12201 0.12142 0.102289 0.345719
187000 0.112371 0.117217 0.104259 0.333847
188000 0.110363 0.125099 0.103328 0.33879
189000 0.107413 0.116463 0.112224 0.3361
190000 0.10201 0.118122 0.106534 0.326666
191000 0.100181 0.135993 0.103563 0.339738
192000 0.117645 0.137513 0.108627 0.363785
193000 0.11673 0.114391 0.103261 0.334382
194000 0.118525 0.126947 0.10174 0.347212
195000 0.126177 0.1401 0.106002 0.372279
196000 0.110625 0.12837 0.112181 0.351177
197000 0.11051 0.124627 0.10441 0.339548
198000 0.111736 0.121195 0.110377 0.343308
199000 0.115246 0.118365 0.107733 0.341344
200000 0.117008 0.128483 0.117939 0.36343
201000 0.11374 0.115049 0.115471 0.344259
202000 0.110842 0.127442 0.120307 0.358591
203000 0.122315 0.120797 0.112742 0.355854
204000 0.108432 0.125265 0.116398 0.350095
205000 0.123965 0.134329 0.122157 0.380451
206000 0.118322 0.125566 0.119646 0.363534
207000 0.115558 0.137888 0.121445 0.374891
208000 0.119991 0.130863 0.118354 0.369208
209000 0.114495 0.126329 0.116155 0.356978
210000 0.119204 0.128244 0.122304 0.369752
211000 0.123658 0.130479 0.114266 0.368403
212000 0.115914 0.129548 0.110895 0.356357
213000 0.11761 0.128423 0.114953 0.360986
214000 0.12293 0.136134 0.110757 0.369821
215000 0.118066 0.137501 0.114141 0.369708
216000 0.123143 0.124571 0.119133 0.366846
217000 0.120951 0.120858 0.116282 0.358091
218000 0.124924 0.131988 0.118621 0.375532
219000 0.121316 0.126467 0.1182 0.365982
220000 0.109153 0.133083 0.121133 0.36337
221000 0.115633 0.129004 0.12258 0.367217
222000 0.12353 0.126879 0.132153 0.382562
223000 0.124698 0.133016 0.125062 0.382776
224000 0.116691 0.134399 0.129143 0.380233
225000 0.11799 0.126934 0.122034 0.366958
226000 0.126219 0.12834 0.114849 0.369407
227000 0.122068 0.1296 0.122645 0.374312
228000 0.122461 0.141908 0.117304 0.381672
229000 0.126918 0.136025 0.126888 0.389831
230000 0.122034 0.128947 0.114289 0.365269
231000 0.120582 0.124648 0.1197 0.36493
232000 0.124568 0.135421 0.122407 0.382396
233000 0.123156 0.135174 0.117907 0.376238
234000 0.112083 0.120416 0.114681 0.34718
235000 0.124711 0.124487 0.115533 0.36473
236000 0.120296 0.134603 0.125476 0.380375
237000 0.118883 0.136549 0.122591 0.378023
238000 0.122911 0.133876 0.120913 0.3777
239000 0.120782 0.144263 0.127661 0.392705
240000 0.132421 0.14155 0.131374 0.405345
241000 0.118406 0.134786 0.11881 0.372003
242000 0.116524 0.135419 0.122107 0.37405
243000 0.121761 0.139647 0.115103 0.376511
244000 0.115364 0.135018 0.128927 0.379309
245000 0.121164 0.13103 0.126469 0.378664
246000 0.118847 0.130452 0.125503 0.374802
247000 0.11951 0.135227 0.128122 0.382859
248000 0.121369 0.138621 0.122744 0.382733
249000 0.122447 0.143495 0.124308 0.39025
250000 0.12359 0.136359 0.119195 0.379144
251000 0.121993 0.133637 0.123109 0.378739
252000 0.121976 0.132995 0.111315 0.366287
253000 0.124665 0.141073 0.124114 0.389851
254000 0.121256 0.133693 0.132762 0.387711
255000 0.118869 0.135174 0.135937 0.389979
256000 0.125464 0.136761 0.130075 0.3923
257000 0.116713 0.134437 0.128835 0.379984
258000 0.118534 0.135221 0.130621 0.384376
259000 0.122783 0.13527 0.118844 0.376897
260000 0.129976 0.131215 0.116648 0.377839
261000 0.117883 0.136801 0.126112 0.380796
262000 0.131824 0.138651 0.12352 0.393994
263000 0.128418 0.141679 0.131909 0.402006
264000 0.129328 0.126945 0.132448 0.38872
265000 0.130727 0.138923 0.128477 0.398127
266000 0.132921 0.150365 0.124589 0.407875
267000 0.139316 0.145971 0.122753 0.40804
268000 0.126209 0.140883 0.123233 0.390325
269000 0.12992 0.143901 0.123441 0.397263
270000 0.124674 0.146062 0.126067 0.396803
271000 0.130215 0.14339 0.121842 0.395446
272000 0.126538 0.136102 0.127263 0.389903
273000 0.131831 0.130537 0.128244 0.390613
274000 0.135252 0.143021 0.123817 0.40209
275000 0.13519 0.144596 0.115442 0.395227
276000 0.127742 0.142956 0.119357 0.390055
277000 0.123303 0.144137 0.118953 0.386393
278000 0.135884 0.146529 0.118571 0.400984
279000 0.134876 0.139234 0.124042 0.398153
280000 0.129251 0.142657 0.121306 0.393214
281000 0.129553 0.13474 0.120409 0.384702
282000 0.136036 0.145648 0.127657 0.409342
283000 0.143539 0.137046 0.119666 0.400251
284000 0.129105 0.148514 0.124006 0.401625
285000 0.135656 0.145674 0.135553 0.416883
286000 0.129577 0.134556 0.130647 0.39478
287000 0.133381 0.152169 0.120136 0.405686
288000 0.136739 0.142814 0.121667 0.40122
289000 0.132701 0.138111 0.116692 0.387504
290000 0.1331 0.137812 0.1213 0.392213
291000 0.120302 0.137777 0.117394 0.375473
292000 0.126986 0.143691 0.117133 0.38781
293000 0.126134 0.145334 0.120702 0.392169
294000 0.127277 0.140434 0.13007 0.397781
295000 0.134359 0.152197 0.1326 0.419157
296000 0.13707 0.143432 0.133525 0.414027
297000 0.12866 0.141956 0.127138 0.397753
298000 0.147561 0.148145 0.13417 0.429875
299000 0.137972 0.144651 0.121768 0.404392
300000 0.139498 0.152737 0.118022 0.410257
301000 0.130757 0.154626 0.119085 0.404468
302000 0.128079 0.147206 0.125746 0.401032
303000 0.127318 0.144527 0.122325 0.39417
304000 0.128505 0.154751 0.124682 0.407939
305000 0.131126 0.147519 0.130868 0.409513
306000 0.136696 0.157368 0.138113 0.432177
307000 0.132526 0.147563 0.126958 0.407047
308000 0.138644 0.14385 0.128815 0.411308
309000 0.144697 0.149668 0.127374 0.421739
310000 0.130275 0.147968 0.117064 0.395307
311000 0.135491 0.148466 0.123532 0.40749
312000 0.133702 0.138814 0.126133 0.398649
313000 0.131352 0.14835 0.124908 0.40461
314000 0.136129 0.142004 0.135941 0.414074
315000 0.134421 0.136757 0.130748 0.401926
316000 0.144864 0.151918 0.13317 0.429952
317000 0.127246 0.148591 0.130908 0.406745
318000 0.134668 0.145808 0.132473 0.412948
319000 0.143904 0.15831 0.125405 0.427619
320000 0.137709 0.143796 0.136063 0.417568
321000 0.13646 0.151319 0.136518 0.424298
322000 0.132898 0.152066 0.136075 0.421039
323000 0.129014 0.14995 0.129054 0.408017
324000 0.136786 0.157484 0.133985 0.428255
325000 0.132472 0.155415 0.13207 0.419956
326000 0.132835 0.158234 0.132607 0.423676
327000 0.136868 0.151221 0.137597 0.425686
328000 0.143933 0.151555 0.13358 0.429068
329000 0.130057 0.159019 0.137861 0.426937
330000 0.131588 0.152658 0.132271 0.416517
331000 0.135783 0.152479 0.139024 0.427286
332000 0.141328 0.155792 0.13329 0.43041
333000 0.136942 0.153879 0.136691 0.427512
334000 0.132595 0.15735 0.130979 0.420925
335000 0.13566 0.149518 0.142704 0.427882
336000 0.146721 0.155018 0.134179 0.435917
337000 0.144437 0.155768 0.135499 0.435704
338000 0.141487 0.151627 0.136196 0.42931
339000 0.137576 0.151232 0.138057 0.426865
340000 0.135698 0.159026 0.146887 0.44161
341000 0.138492 0.149656 0.139027 0.427176
342000 0.14741 0.153948 0.130978 0.432337
343000 0.141421 0.145813 0.129551 0.416784
344000 0.135 0.151619 0.127055 0.413674
345000 0.140925 0.157648 0.129909 0.428482
346000 0.145781 0.156896 0.134315 0.436992
347000 0.14954 0.158917 0.140685 0.449143
348000 0.139029 0.164698 0.152849 0.456575
349000 0.144215 0.160009 0.161595 0.46582
350000 0.144738 0.146729 0.13714 0.428608
351000 0.131068 0.155074 0.138248 0.424389
352000 0.138958 0.152598 0.138022 0.429578
353000 0.153656 0.171448 0.145664 0.470768
354000 0.15084 0.160232 0.138703 0.449775
355000 0.142766 0.151129 0.136638 0.430533
356000 0.141021 0.162438 0.139249 0.442707
357000 0.144154 0.152503 0.139233 0.43589
358000 0.145535 0.147399 0.152176 0.44511
359000 0.155366 0.16363 0.148767 0.467764
360000 0.145127 0.158386 0.137293 0.440805
361000 0.148575 0.156391 0.145026 0.449992
362000 0.144345 0.152113 0.140902 0.437361
363000 0.14723 0.156463 0.145029 0.448723
364000 0.145509 0.152719 0.142559 0.440788
365000 0.147497 0.154553 0.141256 0.443306
366000 0.145188 0.149349 0.142862 0.437399
367000 0.141553 0.160226 0.150198 0.451976
368000 0.138598 0.163318 0.143946 0.445862
369000 0.143546 0.146628 0.146001 0.436175
370000 0.153052 0.150714 0.148144 0.451911
371000 0.148481 0.164365 0.144525 0.457371
372000 0.147957 0.168561 0.147429 0.463947
373000 0.157127 0.153051 0.146552 0.456729
374000 0.153166 0.164106 0.154779 0.472051
375000 0.14702 0.163971 0.149367 0.460358
376000 0.156881 0.165783 0.152107 0.474771
377000 0.15592 0.163059 0.150932 0.469911
378000 0.150504 0.166037 0.158023 0.474564
379000 0.151938 0.166845 0.156611 0.475394
380000 0.152143 0.170205 0.154555 0.476902
381000 0.146857 0.174788 0.150009 0.471654
382000 0.150687 0.17246 0.148177 0.471324
383000 0.153232 0.17323 0.157533 0.483994
384000 0.159908 0.182024 0.162923 0.504855
385000 0.160593 0.172592 0.164506 0.497691
386000 0.156308 0.178274 0.145804 0.480385
387000 0.154379 0.173469 0.154668 0.482515
388000 0.149221 0.171207 0.148305 0.468734
389000 0.155946 0.174088 0.153626 0.48366
390000 0.168645 0.173219 0.15349 0.495354
391000 0.165795 0.171544 0.156865 0.494204
392000 0.15118 0.175911 0.16184 0.488931
393000 0.149295 0.169392 0.151934 0.470621
394000 0.15542 0.173797 0.156075 0.485292
395000 0.153167 0.177209 0.147514 0.47789
396000 0.152884 0.175805 0.154027 0.482716
397000 0.149017 0.1762 0.150578 0.475795
398000 0.158152 0.176932 0.156547 0.491631
399000 0.157989 0.166447 0.152178 0.476615
400000 0.156297 0.163222 0.15672 0.476239
401000 0.15434 0.165074 0.1512 0.470613
402000 0.153352 0.175848 0.155583 0.484783
403000 0.141988 0.165755 0.154773 0.462516
404000 0.156144 0.17015 0.14963 0.475925
405000 0.166047 0.174791 0.150876 0.491714
406000 0.155977 0.17813 0.157142 0.49125
407000 0.170435 0.168836 0.154692 0.493963
408000 0.167432 0.176494 0.152712 0.496638
409000 0.158119 0.166548 0.159731 0.484398
410000 0.15935 0.175972 0.15841 0.493732
411000 0.153759 0.171662 0.163641 0.489062
412000 0.151927 0.173187 0.168521 0.493634
413000 0.156628 0.167644 0.163513 0.487785
414000 0.153777 0.173549 0.150036 0.477363
415000 0.164447 0.177869 0.160261 0.502577
416000 0.17186 0.180491 0.147369 0.49972
417000 0.149917 0.178082 0.155638 0.483637
418000 0.160926 0.1741 0.148251 0.483276
419000 0.164221 0.171964 0.163888 0.500073
420000 0.158867 0.182909 0.157654 0.49943
421000 0.157327 0.177148 0.159626 0.494102
422000 0.17082 0.179227 0.167977 0.518024
423000 0.161849 0.180472 0.180742 0.523063
424000 0.164226 0.17807 0.165198 0.507495
425000 0.16312 0.180715 0.16469 0.508525
426000 0.165896 0.184882 0.160589 0.511368
427000 0.160134 0.184958 0.167565 0.512657
428000 0.157674 0.183795 0.170558 0.512027
429000 0.157454 0.188194 0.165621 0.511268
430000 0.168083 0.196943 0.171177 0.536203
431000 0.174583 0.196294 0.163848 0.534725
432000 0.175043 0.192681 0.175593 0.543317
433000 0.159631 0.186625 0.171779 0.518035
434000 0.167052 0.193889 0.168149 0.529089
435000 0.178598 0.173255 0.16992 0.521773
436000 0.182747 0.182595 0.172357 0.5377
437000 0.172446 0.187058 0.159778 0.519282
438000 0.170383 0.184057 0.172492 0.526931
439000 0.169251 0.177577 0.177373 0.524201
440000 0.164075 0.197439 0.181364 0.542878
441000 0.176494 0.184833 0.169365 0.530692
442000 0.171945 0.182578 0.165299 0.519822
443000 0.165144 0.183736 0.164231 0.513111
444000 0.170514 0.186687 0.171137 0.528338
445000 0.168255 0.194632 0.18146 0.544347
446000 0.169181 0.186325 0.171329 0.526834
447000 0.181527 0.188116 0.169874 0.539516
448000 0.186686 0.185317 0.175248 0.547251
449000 0.17352 0.1934 0.178654 0.545574
450000 0.168669 0.190022 0.182772 0.541463
451000 0.165134 0.187296 0.172405 0.524835
452000 0.164489 0.182273 0.170901 0.517663
453000 0.159827 0.185286 0.170422 0.515536
454000 0.169661 0.1864 0.174613 0.530674
455000 0.175112 0.188457 0.179086 0.542655
456000 0.175563 0.191867 0.179959 0.547389
457000 0.184715 0.189411 0.170707 0.544833
458000 0.183223 0.184057 0.173967 0.541248
459000 0.184486 0.181478 0.172147 0.538111
460000 0.168316 0.191466 0.177487 0.537269
461000 0.182287 0.188261 0.182774 0.553322
462000 0.181169 0.188233 0.173095 0.542496
463000 0.178374 0.187625 0.164231 0.53023
464000 0.186431 0.188474 0.164661 0.539565
465000 0.187317 0.185616 0.16611 0.539043
466000 0.17566 0.183984 0.179381 0.539025
467000 0.173744 0.190914 0.173343 0.538
468000 0.175194 0.185394 0.17988 0.540468
469000 0.174149 0.187673 0.177297 0.539119
470000 0.175494 0.192657 0.184077 0.552228
471000 0.176168 0.189476 0.171069 0.536713
472000 0.178873 0.188658 0.16601 0.533541
473000 0.176271 0.195015 0.165925 0.537211
474000 0.183525 0.201729 0.178707 0.563961
475000 0.178291 0.19172 0.174522 0.544533
476000 0.178059 0.199621 0.175145 0.552824
477000 0.17673 0.192673 0.173144 0.542547
478000 0.177362 0.197579 0.170268 0.545208
479000 0.183013 0.196547 0.182663 0.562223
480000 0.173063 0.188832 0.1733 0.535195
481000 0.176614 0.196777 0.181696 0.555087
482000 0.180336 0.203442 0.174107 0.557885
483000 0.180645 0.211196 0.172117 0.563958
484000 0.184897 0.208924 0.174142 0.567962
485000 0.174087 0.190252 0.173468 0.537807
486000 0.179843 0.200625 0.175542 0.55601
487000 0.181941 0.205715 0.182729 0.570385
488000 0.185218 0.197593 0.175462 0.558273
489000 0.179627 0.191324 0.175727 0.546678
490000 0.182108 0.196682 0.190132 0.568922
491000 0.19575 0.195841 0.17623 0.567821
492000 0.18726 0.211794 0.178387 0.57744
493000 0.193267 0.206639 0.190732 0.590637
494000 0.195345 0.196331 0.185884 0.57756
495000 0.193532 0.213049 0.191351 0.597932
496000 0.182391 0.206479 0.186492 0.575362
497000 0.187595 0.204811 0.18303 0.575436
498000 0.185634 0.2141 0.177129 0.576863
499000 0.180389 0.198057 0.17574 0.554186
500000 0.194518 0.211 0.173265 0.578782
501000 0.197394 0.21029 0.18033 0.588013
502000 0.19478 0.208344 0.173997 0.577121
503000 0.187525 0.207074 0.179938 0.574537
504000 0.181693 0.209719 0.180527 0.571939
505000 0.194268 0.198922 0.173064 0.566254
506000 0.190424 0.213362 0.186244 0.590031
507000 0.190075 0.20707 0.175984 0.573129
508000 0.182782 0.207572 0.191001 0.581355
509000 0.182691 0.202017 0.18523 0.569939
510000 0.207843 0.213885 0.198431 0.620159
511000 0.191613 0.201543 0.184675 0.57783
512000 0.19751 0.211506 0.180488 0.589505
513000 0.207837 0.209898 0.173038 0.590773
514000 0.200882 0.211186 0.188289 0.600356
515000 0.197667 0.215554 0.187456 0.600676
516000 0.190264 0.20157 0.184852 0.576685
517000 0.199382 0.204582 0.176005 0.579968
518000 0.191367 0.208141 0.182846 0.582355
519000 0.204777 0.213995 0.182469 0.601241
520000 0.201365 0.216451 0.192451 0.610266
521000 0.198312 0.206523 0.20435 0.609185
522000 0.203147 0.209513 0.192458 0.605118
523000 0.195048 0.214291 0.191079 0.600418
524000 0.195977 0.212864 0.196916 0.605756
525000 0.184063 0.215334 0.187133 0.586531
526000 0.192352 0.207858 0.18068 0.58089
527000 0.195809 0.205065 0.193847 0.59472
528000 0.194865 0.20651 0.196991 0.598366
529000 0.19908 0.20985 0.18825 0.597181
530000 0.19537 0.212705 0.18668 0.594755
531000 0.197261 0.20641 0.206847 0.610518
532000 0.198714 0.207925 0.19723 0.603869
533000 0.188494 0.215414 0.19416 0.598068
534000 0.205826 0.213032 0.194729 0.613587
535000 0.192648 0.220717 0.190556 0.603921
536000 0.210612 0.213128 0.198932 0.622672
537000 0.204044 0.215662 0.196856 0.616562
538000 0.207048 0.219656 0.204151 0.630855
539000 0.201848 0.221396 0.206167 0.629411
540000 0.200291 0.21263 0.190311 0.603233
541000 0.195523 0.206266 0.192544 0.594333
542000 0.201615 0.208159 0.193046 0.60282
543000 0.202412 0.215575 0.196888 0.614875
544000 0.21005 0.231158 0.202153 0.643361
545000 0.204746 0.207433 0.199953 0.612132
546000 0.205641 0.211278 0.203091 0.620009
547000 0.211147 0.228586 0.199278 0.639011
548000 0.205618 0.213911 0.197042 0.616571
549000 0.202859 0.219452 0.197202 0.619513
550000 0.191042 0.212477 0.198734 0.602253
551000 0.196721 0.217538 0.196951 0.61121
552000 0.201488 0.223532 0.19474 0.61976
553000 0.203161 0.220473 0.195382 0.619017
554000 0.21811 0.223231 0.199918 0.641259
555000 0.212702 0.218072 0.202817 0.633591
556000 0.207729 0.218362 0.203166 0.629257
557000 0.204329 0.236165 0.203432 0.643925
558000 0.206001 0.22704 0.200138 0.633178
559000 0.204148 0.231147 0.211914 0.647209
560000 0.195932 0.231125 0.211015 0.638071
561000 0.205941 0.226344 0.203254 0.635539
562000 0.211094 0.235554 0.208614 0.655262
563000 0.196983 0.21534 0.210378 0.622701
564000 0.204159 0.228712 0.207626 0.640496
565000 0.221137 0.235042 0.203521 0.6597
566000 0.220728 0.23356 0.19395 0.648238
567000 0.212767 0.245256 0.210955 0.668978
568000 0.208104 0.231854 0.205237 0.645195
569000 0.206876 0.223278 0.217749 0.647902
570000 0.200818 0.236704 0.20977 0.647292
571000 0.21133 0.240489 0.214774 0.666594
572000 0.205697 0.244303 0.219726 0.669727
573000 0.206732 0.24183 0.207405 0.655967
574000 0.221098 0.24482 0.220102 0.68602
575000 0.211343 0.232779 0.221042 0.665164
576000 0.217071 0.237124 0.214376 0.668572
577000 0.221564 0.233839 0.212254 0.667657
578000 0.221818 0.24956 0.214642 0.68602
579000 0.203773 0.231731 0.20014 0.635643
580000 0.207988 0.232395 0.207604 0.647987
581000 0.203999 0.233469 0.220518 0.657986
582000 0.202216 0.229856 0.224074 0.656146
583000 0.210395 0.232115 0.220092 0.662602
584000 0.216813 0.230282 0.213486 0.660582
585000 0.221172 0.235196 0.223164 0.679532
586000 0.226854 0.23766 0.213935 0.678449
587000 0.224326 0.23359 0.205159 0.663076
588000 0.205455 0.237189 0.208189 0.650833
589000 0.212247 0.230456 0.213498 0.656201
590000 0.227835 0.247293 0.227104 0.702233
591000 0.212425 0.234694 0.216889 0.664008
592000 0.215298 0.226166 0.206503 0.647967
593000 0.2169 0.244056 0.209175 0.67013
594000 0.223558 0.23848 0.22077 0.682808
595000 0.211533 0.246823 0.215727 0.674082
596000 0.216298 0.248355 0.212893 0.677546
597000 0.228324 0.242191 0.215973 0.686488
598000 0.221578 0.241918 0.221203 0.684699
599000 0.217684 0.247626 0.225215 0.690525
600000 0.22455 0.23654 0.210614 0.671704
601000 0.21734 0.243356 0.212162 0.672858
602000 0.214058 0.246336 0.21366 0.674053
603000 0.220505 0.238939 0.213516 0.672961
604000 0.226285 0.255159 0.215799 0.697243
605000 0.220762 0.235279 0.210176 0.666218
606000 0.223167 0.246207 0.219885 0.68926
607000 0.228058 0.248436 0.221502 0.697996
608000 0.228836 0.251607 0.220009 0.700452
609000 0.227998 0.251058 0.213048 0.692105
610000 0.22744 0.244146 0.207047 0.678633
611000 0.231283 0.253456 0.215585 0.700325
612000 0.227081 0.248996 0.219361 0.695437
613000 0.231429 0.252147 0.214054 0.69763
614000 0.219414 0.25652 0.217146 0.69308
615000 0.225337 0.257321 0.221467 0.704125
616000 0.223702 0.253647 0.216434 0.693783
617000 0.233768 0.253211 0.219324 0.706303
618000 0.216937 0.240776 0.225723 0.683436
619000 0.231322 0.262415 0.22352 0.717258
620000 0.23268 0.248213 0.214661 0.695554
621000 0.229201 0.253013 0.214506 0.69672
622000 0.225243 0.260834 0.210242 0.696318
623000 0.236666 0.259133 0.210489 0.706287
624000 0.225718 0.247608 0.221078 0.694405
625000 0.228134 0.255338 0.225456 0.708928
626000 0.230793 0.244306 0.215763 0.690862
627000 0.2132 0.250316 0.222179 0.685694
628000 0.234109 0.253738 0.211248 0.699094
629000 0.231216 0.245324 0.212492 0.689032
630000 0.230896 0.259577 0.221148 0.711621
631000 0.233936 0.259371 0.231283 0.72459
632000 0.229328 0.272128 0.228914 0.730369
633000 0.2238 0.27248 0.218662 0.714941
634000 0.237001 0.265333 0.224906 0.72724
635000 0.235049 0.265328 0.216991 0.717369
636000 0.230892 0.267192 0.214385 0.712468
637000 0.230954 0.25063 0.22802 0.709604
638000 0.222224 0.264469 0.225362 0.712054
639000 0.226458 0.264164 0.220145 0.710767
640000 0.238061 0.250903 0.231937 0.720901
641000 0.236153 0.28488 0.22171 0.742743
642000 0.227271 0.257656 0.226585 0.711511
643000 0.226019 0.256891 0.234013 0.716923
644000 0.233237 0.270401 0.225963 0.729601
645000 0.237509 0.258866 0.222122 0.718497
646000 0.229461 0.267751 0.228489 0.725702
647000 0.22919 0.272877 0.231271 0.733338
648000 0.239701 0.265137 0.223035 0.727873
649000 0.246181 0.269951 0.227728 0.74386
650000 0.245587 0.258191 0.23032 0.734098
651000 0.235425 0.263588 0.229833 0.728846
652000 0.232399 0.274992 0.221992 0.729383
653000 0.228735 0.263795 0.223344 0.715873
654000 0.236882 0.248563 0.218318 0.703763
655000 0.23909 0.256474 0.222861 0.718425
656000 0.232675 0.260632 0.218698 0.712005
657000 0.235844 0.266211 0.231624 0.733679
658000 0.237192 0.274298 0.231961 0.74345
659000 0.225756 0.265087 0.22723 0.718074
660000 0.230785 0.259799 0.230139 0.720723
661000 0.231371 0.27367 0.227557 0.732598
662000 0.232182 0.272432 0.223352 0.727965
663000 0.233013 0.275247 0.231644 0.739904
664000 0.243682 0.26809 0.228962 0.740734
665000 0.250702 0.273501 0.234717 0.75892
666000 0.243021 0.283741 0.227375 0.754137
667000 0.236452 0.265463 0.223401 0.725316
668000 0.229249 0.273231 0.227799 0.730279
669000 0.231786 0.275632 0.21991 0.727328
670000 0.228131 0.289936 0.233933 0.752
671000 0.246892 0.282012 0.227099 0.756003
672000 0.233438 0.274849 0.226579 0.734866
673000 0.244953 0.27757 0.229969 0.752492
674000 0.237271 0.269889 0.238186 0.745346
675000 0.234795 0.288557 0.244039 0.767391
676000 0.252017 0.273529 0.23512 0.760665
677000 0.236361 0.270182 0.231128 0.737671
678000 0.236095 0.274255 0.233989 0.744339
679000 0.241905 0.267027 0.24009 0.749022
680000 0.237071 0.294798 0.231646 0.763514
681000 0.236092 0.272738 0.22804 0.73687
682000 0.235365 0.257809 0.234231 0.727405
683000 0.231467 0.277859 0.249751 0.759078
684000 0.23808 0.269559 0.240571 0.74821
685000 0.238504 0.280962 0.25558 0.775046
686000 0.23626 0.270741 0.252118 0.759119
687000 0.249371 0.273129 0.256718 0.779219
688000 0.252607 0.286134 0.244096 0.782837
689000 0.244574 0.275554 0.249517 0.769646
690000 0.252109 0.269782 0.257346 0.779238
691000 0.242973 0.272814 0.245836 0.761623
692000 0.239355 0.27626 0.246867 0.762482
693000 0.238425 0.2764 0.259202 0.774027
694000 0.251391 0.280233 0.260871 0.792495
695000 0.244729 0.293227 0.251863 0.789819
696000 0.246867 0.277432 0.254675 0.778973
697000 0.245852 0.27981 0.258055 0.783717
698000 0.256598 0.288195 0.253775 0.798568
699000 0.241835 0.279813 0.252348 0.773997
700000 0.2417 0.269007 0.259971 0.770677
701000 0.248746 0.27544 0.250033 0.774219
702000 0.257878 0.278033 0.251296 0.787206
703000 0.255418 0.27193 0.24709 0.774438
704000 0.246332 0.283161 0.251112 0.780606
705000 0.244544 0.26912 0.25674 0.770404
706000 0.256285 0.280864 0.263832 0.800982
707000 0.248744 0.276362 0.262846 0.787951
708000 0.258847 0.279791 0.255436 0.794074
709000 0.24541 0.272082 0.25563 0.773123
710000 0.24851 0.275838 0.259961 0.784309
711000 0.256251 0.274033 0.264469 0.794753
712000 0.244543 0.269051 0.259987 0.773581
713000 0.251036 0.275028 0.25798 0.784045
714000 0.247854 0.277952 0.254907 0.780714
715000 0.246853 0.281567 0.269457 0.797877
716000 0.250509 0.27891 0.25924 0.788659
717000 0.240632 0.273486 0.269174 0.783292
718000 0.247343 0.274378 0.279159 0.800879
719000 0.252617 0.277321 0.285715 0.815653
720000 0.246629 0.281219 0.290647 0.818495
721000 0.249242 0.273157 0.267969 0.790368
722000 0.265368 0.276278 0.267041 0.808686
723000 0.252934 0.280433 0.274152 0.807518
724000 0.249934 0.277536 0.277621 0.805091
725000 0.248826 0.284183 0.270926 0.803935
726000 0.247733 0.280736 0.270308 0.798777
727000 0.242613 0.281494 0.275951 0.800058
728000 0.247576 0.286124 0.296667 0.830367
729000 0.249674 0.279919 0.28714 0.816733
730000 0.251533 0.27252 0.287783 0.811836
731000 0.249191 0.278203 0.285884 0.813277
732000 0.255165 0.280758 0.283219 0.819142
733000 0.250982 0.287054 0.278711 0.816748
734000 0.260407 0.276842 0.274744 0.811993
735000 0.259855 0.293613 0.276157 0.829625
736000 0.257801 0.2718 0.271709 0.80131
737000 0.249883 0.284078 0.272555 0.806515
738000 0.260066 0.27677 0.272312 0.809147
739000 0.256612 0.28944 0.271604 0.817655
740000 0.258691 0.287853 0.269855 0.8164
741000 0.254061 0.272348 0.275686 0.802095
742000 0.259874 0.281918 0.280464 0.822256
743000 0.261286 0.284688 0.277761 0.823735
744000 0.265958 0.288137 0.281766 0.835861
745000 0.264207 0.288248 0.280471 0.832925
746000 0.258447 0.281578 0.284908 0.824933
747000 0.258851 0.290503 0.287025 0.836379
748000 0.267724 0.280941 0.28118 0.829845
749000 0.26386 0.294441 0.285849 0.84415
750000 0.262428 0.285585 0.2716 0.819613
751000 0.260864 0.287167 0.275601 0.823632
752000 0.269984 0.296838 0.285637 0.852459
753000 0.264577 0.29652 0.286579 0.847676
754000 0.258234 0.292908 0.282389 0.833531
755000 0.25279 0.308059 0.282458 0.843307
756000 0.269839 0.290536 0.291036 0.85141
757000 0.26586 0.308634 0.289007 0.863501
758000 0.265929 0.299397 0.280677 0.846003
759000 0.272442 0.30288 0.278717 0.85404
760000 0.26988 0.286539 0.283794 0.840213
761000 0.272604 0.292758 0.277846 0.843208
762000 0.265624 0.294203 0.292522 0.852349
763000 0.257826 0.295113 0.279054 0.831993
764000 0.270353 0.29471 0.268248 0.833311
765000 0.261472 0.302033 0.293295 0.8568
766000 0.264085 0.299337 0.290981 0.854403
767000 0.270878 0.298306 0.290747 0.85993
768000 0.273641 0.294813 0.277794 0.846248
769000 0.275082 0.297891 0.276408 0.849381
770000 0.284902 0.305801 0.29533 0.886032
771000 0.274376 0.309594 0.290769 0.874739
772000 0.261714 0.304416 0.293264 0.859394
773000 0.27213 0.311318 0.300081 0.88353
774000 0.272381 0.291533 0.284344 0.848259
775000 0.270878 0.292633 0.274935 0.838446
776000 0.278801 0.305949 0.285233 0.869983
777000 0.284831 0.303999 0.288269 0.877099
778000 0.280385 0.310234 0.29514 0.885759
779000 0.280883 0.312233 0.292265 0.885381
780000 0.28093 0.297248 0.29313 0.871308
781000 0.284814 0.305007 0.297619 0.88744
782000 0.29084 0.314672 0.289191 0.894703
783000 0.28377 0.305785 0.285448 0.875002
784000 0.2732 0.311446 0.297487 0.882132
785000 0.277679 0.290235 0.300154 0.868068
786000 0.285281 0.325945 0.299367 0.910593
787000 0.277591 0.321622 0.298829 0.898041
788000 0.282074 0.317669 0.298223 0.897966
789000 0.284519 0.320856 0.29275 0.898125
790000 0.2778 0.322649 0.288528 0.888977
791000 0.284055 0.309263 0.29438 0.887699
792000 0.277225 0.31732 0.305982 0.900528
793000 0.286439 0.299611 0.296873 0.882923
794000 0.280154 0.323666 0.313861 0.917681
795000 0.281986 0.304339 0.296983 0.883308
796000 0.29296 0.304167 0.296895 0.894022
797000 0.298438 0.313783 0.295654 0.907875
798000 0.283329 0.317209 0.303293 0.903831
799000 0.288488 0.318828 0.295305 0.902621
800000 0.303068 0.311582 0.307653 0.922302
801000 0.305788 0.337344 0.300259 0.943391
802000 0.294045 0.315775 0.312883 0.922703
803000 0.287377 0.31689 0.302288 0.906556
804000 0.29425 0.312888 0.304232 0.91137
805000 0.297166 0.312007 0.300034 0.909207
806000 0.280962 0.314736 0.295876 0.891575
807000 0.284865 0.312898 0.305741 0.903503
808000 0.284114 0.315118 0.307838 0.90707
809000 0.2874 0.323205 0.30551 0.916115
810000 0.292336 0.324562 0.307005 0.923903
811000 0.292369 0.316404 0.303044 0.911818
812000 0.297402 0.315331 0.305402 0.918136
813000 0.296574 0.324069 0.297287 0.91793
814000 0.298824 0.332969 0.300917 0.93271
815000 0.277987 0.318227 0.301748 0.897961
816000 0.295606 0.315899 0.321371 0.932877
817000 0.292974 0.308858 0.317538 0.91937
818000 0.30405 0.313231 0.322936 0.940217
819000 0.294299 0.314507 0.308727 0.917534
820000 0.298933 0.313202 0.312888 0.925023
821000 0.288599 0.324368 0.313452 0.926419
822000 0.302055 0.321512 0.306574 0.930141
823000 0.296916 0.332801 0.301657 0.931374
824000 0.290549 0.337841 0.29398 0.922371
825000 0.282465 0.333969 0.309425 0.925859
826000 0.29537 0.327597 0.310379 0.933346
827000 0.304435 0.32192 0.311818 0.938173
828000 0.292261 0.334643 0.305286 0.932189
829000 0.294523 0.320951 0.312019 0.927493
830000 0.292874 0.334693 0.315864 0.943431
831000 0.293942 0.329183 0.310112 0.933237
832000 0.292449 0.329071 0.309748 0.931268
833000 0.305459 0.330354 0.322853 0.958666
834000 0.308906 0.322349 0.311596 0.942851
835000 0.305592 0.337782 0.31798 0.961353
836000 0.311039 0.329126 0.309935 0.9501
837000 0.30314 0.332892 0.323307 0.959338
838000 0.295285 0.340471 0.299502 0.935258
839000 0.29919 0.337756 0.313879 0.950825
840000 0.296958 0.334818 0.314984 0.94676
841000 0.291956 0.325806 0.30326 0.921022
842000 0.294611 0.325702 0.311231 0.931544
843000 0.302454 0.329593 0.311673 0.943721
844000 0.29151 0.327036 0.320744 0.939291
845000 0.287785 0.3295 0.325122 0.942407
846000 0.306597 0.331425 0.323362 0.961384
847000 0.307704 0.324542 0.3231 0.955346
848000 0.302953 0.325443 0.297074 0.92547
849000 0.297998 0.332763 0.308349 0.93911
850000 0.303227 0.328309 0.320244 0.95178
851000 0.298562 0.345809 0.321194 0.965565
852000 0.29881 0.324399 0.332195 0.955404
853000 0.29449 0.336164 0.312334 0.942988
854000 0.28919 0.333775 0.310843 0.933807
855000 0.299063 0.34271 0.311702 0.953475
856000 0.311798 0.333224 0.312627 0.95765
857000 0.301045 0.330972 0.315881 0.947898
858000 0.295607 0.33848 0.310492 0.94458
859000 0.300578 0.336256 0.309501 0.946336
860000 0.299761 0.333546 0.323413 0.95672
861000 0.301381 0.341792 0.309795 0.952969
862000 0.308181 0.338501 0.327175 0.973857
863000 0.300221 0.335088 0.316451 0.95176
864000 0.304775 0.336699 0.312255 0.953728
865000 0.302881 0.329931 0.305527 0.938339
866000 0.310555 0.353055 0.308372 0.971982
867000 0.31117 0.326572 0.317149 0.954891
868000 0.289382 0.330971 0.315539 0.935892
869000 0.295538 0.3374 0.311825 0.944762
870000 0.301189 0.336888 0.308332 0.946409
871000 0.312594 0.358045 0.32419 0.994829
872000 0.300218 0.350611 0.328178 0.979007
873000 0.300294 0.349491 0.328332 0.978118
874000 0.29863 0.345296 0.323363 0.967289
875000 0.291067 0.344137 0.32046 0.955663
876000 0.289238 0.332891 0.306157 0.928285
877000 0.294536 0.343282 0.307705 0.945523
878000 0.304582 0.342753 0.320891 0.968226
879000 0.296653 0.356872 0.306535 0.96006
880000 0.311157 0.338103 0.316699 0.965959
881000 0.308865 0.334675 0.305845 0.949385
882000 0.308503 0.347305 0.316087 0.971895
883000 0.304536 0.342828 0.306185 0.953548
884000 0.293924 0.343719 0.318006 0.955649
885000 0.295961 0.341852 0.314614 0.952427
886000 0.307686 0.347004 0.326078 0.980768
887000 0.307228 0.356936 0.331143 0.995308
888000 0.304123 0.341315 0.321941 0.967379
889000 0.297231 0.351232 0.315128 0.963591
890000 0.307589 0.348552 0.328843 0.984983
891000 0.306718 0.341256 0.319349 0.967323
892000 0.305323 0.348418 0.312334 0.966074
893000 0.30616 0.353168 0.324889 0.984217
894000 0.310186 0.341676 0.321239 0.973101
895000 0.306831 0.347132 0.320664 0.974626
896000 0.294543 0.350144 0.325883 0.97057
897000 0.305559 0.351369 0.327846 0.984773
898000 0.313768 0.341331 0.323449 0.978548
899000 0.300208 0.348308 0.31323 0.961745
900000 0.304894 0.338165 0.327177 0.970236
901000 0.305438 0.352727 0.323672 0.981837
902000 0.301387 0.341831 0.317752 0.96097
903000 0.309315 0.355473 0.325711 0.990499
904000 0.309671 0.336772 0.329404 0.975848
905000 0.307682 0.357108 0.324062 0.988853
906000 0.30899 0.343228 0.324977 0.977196
907000 0.298602 0.347684 0.318773 0.965059
908000 0.314017 0.355538 0.32604 0.995595
909000 0.315672 0.352428 0.33107 0.999171
910000 0.309992 0.367458 0.333951 1.0114
911000 0.320646 0.347957 0.340074 1.00868
912000 0.319867 0.349387 0.335819 1.00507
913000 0.304054 0.354936 0.323183 0.982173
914000 0.312142 0.363194 0.330991 1.00633
915000 0.329901 0.363041 0.337534 1.03048
916000 0.314196 0.347221 0.332117 0.993534
917000 0.31179 0.344916 0.327356 0.984061
918000 0.319963 0.357791 0.329018 1.00677
919000 0.323825 0.355818 0.340308 1.01995
920000 0.308802 0.347779 0.328001 0.984582
921000 0.294241 0.345292 0.324708 0.964241
922000 0.308643 0.354845 0.333047 0.996535
923000 0.30535 0.346406 0.330222 0.981977
924000 0.302904 0.356759 0.329231 0.988894
925000 0.31433 0.357034 0.328992 1.00036
926000 0.317713 0.356605 0.333257 1.00758
927000 0.319906 0.359003 0.335436 1.01435
928000 0.32577 0.352561 0.342269 1.0206
929000 0.308654 0.367657 0.319124 0.995436
930000 0.317369 0.356957 0.326617 1.00094
931000 0.325133 0.367429 0.324896 1.01746
932000 0.313893 0.360351 0.324448 0.998693
933000 0.311854 0.353361 0.324901 0.990117
934000 0.321617 0.375469 0.32864 1.02573
935000 0.309392 0.357341 0.32358 0.990313
936000 0.319562 0.348131 0.335358 1.00305
937000 0.3146 0.355581 0.33368 1.00386
938000 0.315926 0.36127 0.338319 1.01551
939000 0.314486 0.345768 0.334579 0.994833
940000 0.329759 0.345801 0.32559 1.00115
941000 0.322681 0.365531 0.319532 1.00774
942000 0.312282 0.35879 0.325029 0.996101
943000 0.31072 0.353801 0.337069 1.00159
944000 0.313406 0.36027 0.334477 1.00815
945000 0.313275 0.348098 0.336541 0.997914
946000 0.310472 0.355749 0.334763 1.00098
947000 0.303987 0.370826 0.326881 1.00169
948000 0.313388 0.353987 0.336042 1.00342
949000 0.314747 0.358198 0.324893 0.997837
950000 0.320386 0.358365 0.327588 1.00634
951000 0.326497 0.353972 0.333811 1.01428
952000 0.311339 0.364162 0.325281 1.00078
953000 0.315621 0.36059 0.33792 1.01413
954000 0.32139 0.369334 0.339701 1.03043
955000 0.316852 0.371566 0.353354 1.04177
956000 0.318031 0.365233 0.334782 1.01805
957000 0.318782 0.354749 0.330597 1.00413
958000 0.319256 0.356945 0.333632 1.00983
959000 0.312548 0.361799 0.329748 1.00409
960000 0.308259 0.363755 0.330371 1.00239
961000 0.320707 0.359077 0.343635 1.02342
962000 0.320816 0.385409 0.338338 1.04456
963000 0.323693 0.360323 0.334016 1.01803
964000 0.322572 0.363926 0.337261 1.02376
965000 0.327383 0.375265 0.324937 1.02758
966000 0.321323 0.363338 0.336577 1.02124
967000 0.317085 0.37072 0.32477 1.01258
968000 0.311333 0.359965 0.327061 0.998359
969000 0.32613 0.367022 0.340939 1.03409
970000 0.342518 0.360924 0.346269 1.04971
971000 0.331292 0.35869 0.327715 1.0177
972000 0.335679 0.360132 0.346165 1.04198
973000 0.314806 0.362209 0.33332 1.01033
974000 0.311059 0.355432 0.330206 0.996698
975000 0.319202 0.36068 0.331912 1.01179
976000 0.320169 0.35656 0.335746 1.01247
977000 0.312328 0.356288 0.319353 0.98797
978000 0.326428 0.360677 0.336367 1.02347
979000 0.319582 0.380863 0.33863 1.03908
980000 0.318798 0.371184 0.33089 1.02087
981000 0.319051 0.367518 0.319482 1.00605
982000 0.318071 0.361888 0.3303 1.01026
983000 0.327011 0.363037 0.332158 1.02221
984000 0.318459 0.361829 0.351746 1.03203
985000 0.333533 0.357868 0.33503 1.02643
986000 0.310213 0.356312 0.350714 1.01724
987000 0.315447 0.35957 0.347874 1.02289
988000 0.324748 0.354772 0.33524 1.01476
989000 0.338325 0.366725 0.340019 1.04507
990000 0.333639 0.365945 0.331763 1.03135
991000 0.335576 0.360016 0.334148 1.02974
992000 0.324842 0.359056 0.341723 1.02562
993000 0.322729 0.371317 0.340905 1.03495
994000 0.320627 0.370464 0.345909 1.037
995000 0.334735 0.36272 0.343048 1.0405
996000 0.325108 0.375687 0.34506 1.04586
997000 0.333054 0.370218 0.337795 1.04107
998000 0.342331 0.374249 0.339993 1.05657
999000 0.350268 0.369223 0.342197 1.06169
1000000 0.316202 0.37529 0.345936 1.03743
1001000 0.323371 0.376628 0.344451 1.04445
1002000 0.336198 0.378742 0.344859 1.0598
1003000 0.320015 0.368713 0.347089 1.03582
1004000 0.320271 0.369012 0.355899 1.04518
1005000 0.327318 0.375376 0.354194 1.05689
1006000 0.333448 0.367079 0.34267 1.0432
1007000 0.339342 0.377944 0.340916 1.0582
1008000 0.334907 0.392406 0.350683 1.078
1009000 0.346198 0.369615 0.337642 1.05346
1010000 0.330923 0.380608 0.346314 1.05785
1011000 0.335038 0.380663 0.351725 1.06743
1012000 0.341115 0.369909 0.356302 1.06733
1013000 0.326296 0.375892 0.355633 1.05782
1014000 0.33814 0.374504 0.358819 1.07146
1015000 0.358945 0.383328 0.359375 1.10165
1016000 0.34049 0.378889 0.364774 1.08415
1017000 0.351921 0.384671 0.350801 1.08739
1018000 0.34861 0.387239 0.348816 1.08466
1019000 0.338765 0.390652 0.353537 1.08295
1020000 0.361512 0.393984 0.348966 1.10446
1021000 0.367979 0.391432 0.350701 1.11011
1022000 0.353964 0.407692 0.361026 1.12268
1023000 0.344018 0.393556 0.369982 1.10756
1024000 0.351148 0.399641 0.361382 1.11217
1025000 0.342315 0.403487 0.359562 1.10537
1026000 0.357149 0.397566 0.355905 1.11062
1027000 0.359238 0.406133 0.351683 1.11705
1028000 0.350909 0.386404 0.363731 1.10104
1029000 0.346076 0.386152 0.355257 1.08748
1030000 0.350692 0.378475 0.369102 1.09827
