# Time-averaged data for fix 1
# TimeStep c_msd_all[1] c_msd_all[2] c_msd_all[3] c_msd_all[4]
31000 0.071067 0.0588992 0.0601867 0.190153
32000 0.0734111 0.0618047 0.0617758 0.196992
33000 0.0683024 0.0668635 0.0651268 0.200293
34000 0.0683866 0.0623084 0.0589411 0.189636
35000 0.0740534 0.0695864 0.0669566 0.210596
36000 0.0639777 0.0607649 0.0617731 0.186516
37000 0.0652653 0.0662657 0.06471 0.196241
38000 0.0626764 0.0638974 0.0584261 0.185
39000 0.0598987 0.0612775 0.0562398 0.177416
40000 0.0728714 0.0668109 0.0599914 0.199674
41000 0.0672843 0.0629002 0.0570697 0.187254
42000 0.0776168 0.0731125 0.0612616 0.211991
43000 0.0746884 0.0654563 0.0616206 0.201765
44000 0.079945 0.0631119 0.0625641 0.205621
45000 0.0759694 0.0701413 0.0624163 0.208527
46000 0.070099 0.0660249 0.0663392 0.202463
47000 0.0680773 0.0633055 0.063026 0.194409
48000 0.0644209 0.064853 0.0619822 0.191256
49000 0.0724233 0.0707737 0.0577823 0.200979
50000 0.0643514 0.0598673 0.0655365 0.189755
51000 0.0711184 0.0688295 0.0583883 0.198336
52000 0.0696082 0.068744 0.0602483 0.198601
53000 0.072016 0.0625734 0.062025 0.196614
54000 0.0664672 0.0685641 0.0683902 0.203422
55000 0.0692837 0.0716769 0.0690307 0.209991
56000 0.0711763 0.0745972 0.0625687 0.208342
57000 0.0629343 0.066884 0.062587 0.192405
58000 0.0703335 0.0726002 0.0668578 0.209791
59000 0.0646762 0.0620479 0.0621441 0.188868
60000 0.0700525 0.0644974 0.0662509 0.200801
61000 0.0808276 0.069538 0.0633872 0.213753
62000 0.0768274 0.0631116 0.0641272 0.204066
63000 0.0767463 0.0757181 0.0733919 0.225856
64000 0.0747146 0.0811328 0.0740344 0.229882
65000 0.071798 0.0824901 0.0706253 0.224913
66000 0.0738996 0.0713487 0.0659269 0.211175
67000 0.0709125 0.0599918 0.074085 0.204989
68000 0.0709869 0.0716527 0.0736139 0.216253
69000 0.0687139 0.0635893 0.0685203 0.200824
70000 0.0767631 0.0650817 0.0711476 0.212992
71000 0.0680949 0.0685039 0.0705861 0.207185
72000 0.0673921 0.0683838 0.0733875 0.209163
73000 0.0747989 0.0693902 0.0684152 0.212604
74000 0.0656145 0.0698218 0.064662 0.200098
75000 0.0754062 0.0669256 0.0610922 0.203424
76000 0.0798162 0.0694419 0.0637772 0.213035
77000 0.0801691 0.077761 0.0656292 0.223559
78000 0.0749035 0.0752742 0.0644187 0.214596
79000 0.0705313 0.0734647 0.0642101 0.208206
80000 0.0713388 0.0638714 0.0694954 0.204706
81000 0.0772309 0.078183 0.0673798 0.222794
82000 0.0722403 0.0724708 0.0694831 0.214194
83000 0.0757588 0.0678402 0.0637833 0.207382
84000 0.0762607 0.0723955 0.0615764 0.210233
85000 0.0750819 0.0652947 0.0673482 0.207725
86000 0.0760313 0.0737267 0.0729252 0.222683
87000 0.0783266 0.0704886 0.0715738 0.220389
88000 0.0693147 0.0666229 0.0713519 0.207289
89000 0.0758705 0.0722369 0.0678423 0.21595
90000 0.0738787 0.0638452 0.0719075 0.209631
91000 0.077662 0.0736881 0.0692984 0.220648
92000 0.0761604 0.0738462 0.0659124 0.215919
93000 0.0709912 0.0723914 0.0665194 0.209902
94000 0.0859853 0.0742229 0.0757907 0.235999
95000 0.0800311 0.0672228 0.0802867 0.227541
96000 0.0724378 0.0696264 0.0741616 0.216226
97000 0.0685434 0.0673993 0.0662973 0.20224
98000 0.0842357 0.0736102 0.0672704 0.225116
99000 0.0829094 0.0722986 0.0694334 0.224641
100000 0.0775927 0.0723205 0.0685593 0.218472
101000 0.0834775 0.0720121 0.0707771 0.226267
102000 0.0829135 0.0787576 0.0730325 0.234703
103000 0.0758285 0.0744866 0.0757206 0.226036
104000 0.0767896 0.0673428 0.072214 0.216346
105000 0.0752322 0.0694661 0.0721659 0.216864
106000 0.0894708 0.0722233 0.065647 0.227341
107000 0.0761184 0.0693655 0.075522 0.221006
108000 0.072241 0.0713918 0.0676309 0.211264
109000 0.0813429 0.0754981 0.0696809 0.226522
110000 0.0742786 0.0732931 0.0695606 0.217132
111000 0.0878088 0.083655 0.0736676 0.245131
112000 0.0829697 0.0742765 0.0734205 0.230667
113000 0.0801512 0.0831544 0.0720925 0.235398
114000 0.0934474 0.0767882 0.0701014 0.240337
115000 0.0910502 0.0728649 0.0756719 0.239587
116000 0.0846251 0.0733985 0.0719583 0.229982
117000 0.0705197 0.0739048 0.0688657 0.21329
118000 0.0854676 0.0728507 0.0709082 0.229226
119000 0.0901468 0.0795901 0.0702189 0.239956
120000 0.0810483 0.0701384 0.0710879 0.222275
121000 0.0867423 0.072079 0.0711132 0.229935
122000 0.0817528 0.0718069 0.0693101 0.22287
123000 0.0960394 0.083328 0.0713187 0.250686
124000 0.0833142 0.0724817 0.0666801 0.222476
125000 0.0800656 0.0772829 0.0675706 0.224919
126000 0.0879685 0.0767771 0.0664864 0.231232
127000 0.0962858 0.0751279 0.0695259 0.24094
128000 0.0862432 0.0740102 0.0750161 0.235269
129000 0.086249 0.0673033 0.0691751 0.222727
130000 0.092351 0.073129 0.073957 0.239437
131000 0.0979656 0.0778972 0.0678242 0.243687
132000 0.0880957 0.0737135 0.0635942 0.225403
133000 0.0847212 0.0764982 0.0659761 0.227195
134000 0.0862198 0.0706878 0.0629942 0.219902
135000 0.090453 0.0771549 0.0672029 0.234811
136000 0.0786443 0.0662458 0.0662545 0.211145
137000 0.0919339 0.0770044 0.0650028 0.233941
138000 0.0904013 0.0780624 0.070807 0.239271
139000 0.0832637 0.0693929 0.0673451 0.220002
140000 0.099558 0.0719368 0.0674568 0.238952
141000 0.0957706 0.0746599 0.0673703 0.237801
142000 0.0917648 0.076085 0.0670753 0.234925
143000 0.0876445 0.0741689 0.0728849 0.234698
144000 0.0908225 0.0762304 0.0661597 0.233213
145000 0.0795538 0.0697079 0.0732074 0.222469
146000 0.0905165 0.0753493 0.0690696 0.234935
147000 0.0972522 0.0806397 0.0764666 0.254359
148000 0.0924851 0.0796928 0.0746032 0.246781
149000 0.0923266 0.0736309 0.0719496 0.237907
150000 0.0934681 0.0784248 0.0710604 0.242953
151000 0.0856976 0.0703384 0.0667303 0.222766
152000 0.0976275 0.0751763 0.0659724 0.238776
153000 0.0878455 0.0720945 0.0731029 0.233043
154000 0.0961295 0.0760184 0.0717001 0.243848
155000 0.0938373 0.0794462 0.0694295 0.242713
156000 0.0932579 0.0735697 0.0712595 0.238087
157000 0.0892563 0.0716193 0.0732151 0.234091
158000 0.0893156 0.0810962 0.06962 0.240032
159000 0.0934437 0.0760075 0.0724323 0.241883
160000 0.105451 0.074865 0.0699974 0.250313
161000 0.0913373 0.0763676 0.0656048 0.23331
162000 0.0937114 0.0748456 0.0702557 0.238813
163000 0.105109 0.0833665 0.0709477 0.259423
164000 0.0919147 0.0882794 0.0765999 0.256794
165000 0.0957954 0.0861531 0.077692 0.25964
166000 0.100611 0.0856456 0.0850362 0.271292
167000 0.108339 0.0912185 0.0827509 0.282308
168000 0.10447 0.0818769 0.0806954 0.267043
169000 0.0999219 0.0839283 0.0846081 0.268458
170000 0.099227 0.07566 0.0744262 0.249313
171000 0.100159 0.0778226 0.0713633 0.249345
172000 0.104927 0.0824859 0.0781825 0.265595
173000 0.0918953 0.0758924 0.0719972 0.239785
174000 0.112585 0.0842181 0.0790788 0.275882
175000 0.0947192 0.0840384 0.0759308 0.254688
176000 0.0956807 0.0752448 0.075139 0.246064
177000 0.0915486 0.086117 0.0773343 0.255
178000 0.100485 0.0922178 0.0913872 0.28409
179000 0.0907255 0.0803518 0.0765618 0.247639
180000 0.101701 0.0840369 0.0789015 0.26464
181000 0.0955212 0.0779164 0.0810903 0.254528
182000 0.100171 0.0813003 0.075438 0.25691
183000 0.104885 0.0850725 0.0832964 0.273253
184000 0.0934024 0.078847 0.0830664 0.255316
185000 0.0953989 0.0731852 0.0742881 0.242872
186000 0.0937093 0.0813971 0.074254 0.24936
187000 0.107361 0.0836346 0.0803711 0.271367
188000 0.0966685 0.0865764 0.078579 0.261824
189000 0.103314 0.0894845 0.0770847 0.269883
190000 0.106172 0.0889356 0.0804598 0.275568
191000 0.10487 0.0892349 0.0738143 0.267919
192000 0.105169 0.0815435 0.078393 0.265105
193000 0.11601 0.0897238 0.08371 0.289444
194000 0.101071 0.0819631 0.0876949 0.270729
195000 0.0982328 0.0791407 0.082685 0.260058
196000 0.11123 0.0926593 0.0840867 0.287976
197000 0.110249 0.0824354 0.0833641 0.276049
198000 0.106172 0.0819558 0.0798818 0.26801
199000 0.10881 0.0865319 0.0842722 0.279614
200000 0.106734 0.0838356 0.0830081 0.273578
201000 0.111882 0.0938704 0.084593 0.290345
202000 0.112858 0.0903638 0.0882292 0.291451
203000 0.107139 0.0842411 0.0901394 0.28152
204000 0.105753 0.0838257 0.0794034 0.268982
205000 0.110822 0.0835589 0.0887403 0.283121
206000 0.116553 0.0858221 0.0936682 0.296043
207000 0.110964 0.0836772 0.0855894 0.28023
208000 0.11634 0.0932132 0.0901124 0.299665
209000 0.110442 0.0909075 0.0889408 0.290291
210000 0.115368 0.0926361 0.0853016 0.293305
211000 0.117991 0.0882132 0.0899088 0.296113
212000 0.113894 0.0865472 0.0845575 0.284999
213000 0.112069 0.0914842 0.0871575 0.290711
214000 0.110275 0.0899808 0.0849422 0.285198
215000 0.100886 0.09076 0.0955931 0.287239
216000 0.10929 0.0869927 0.0889495 0.285232
217000 0.117698 0.0905516 0.0904652 0.298715
218000 0.114441 0.0926724 0.094372 0.301486
219000 0.117003 0.090583 0.0889322 0.296518
220000 0.1119 0.0919247 0.0868864 0.290711
221000 0.10347 0.0875088 0.0858059 0.276785
222000 0.119982 0.085692 0.0877357 0.29341
223000 0.10496 0.0960287 0.0887927 0.289781
224000 0.112091 0.0893091 0.0924841 0.293884
225000 0.105938 0.0927165 0.0920701 0.290725
226000 0.109158 0.106087 0.0920442 0.307289
227000 0.124518 0.0885913 0.0880345 0.301144
228000 0.107356 0.0923382 0.0855682 0.285263
229000 0.114444 0.0990047 0.0882892 0.301738
230000 0.117576 0.0984652 0.0860608 0.302102
231000 0.115085 0.0957544 0.0838425 0.294681
232000 0.110075 0.0897376 0.0849782 0.284791
233000 0.127062 0.0935578 0.08863 0.30925
234000 0.113355 0.0942531 0.0868101 0.294419
235000 0.0992884 0.0886015 0.0929925 0.280882
236000 0.113702 0.0886059 0.0938154 0.296123
237000 0.118582 0.0911047 0.0903314 0.300018
238000 0.112241 0.0861514 0.0948332 0.293226
239000 0.12508 0.0925028 0.0969178 0.314501
240000 0.11697 0.0932204 0.0958614 0.306052
241000 0.114614 0.095385 0.0957445 0.305743
242000 0.114327 0.0962194 0.0941437 0.30469
243000 0.129046 0.101342 0.0954364 0.325825
244000 0.110185 0.0977864 0.105166 0.313137
245000 0.116597 0.101401 0.094449 0.312447
246000 0.111463 0.08571 0.0947485 0.291921
247000 0.119638 0.0964341 0.0936601 0.309732
248000 0.124497 0.0982309 0.0881311 0.310859
249000 0.123058 0.0981746 0.0875832 0.308816
250000 0.119197 0.0906897 0.0911286 0.301015
251000 0.126346 0.0956468 0.0952355 0.317229
252000 0.115483 0.0994286 0.0940868 0.308998
253000 0.125616 0.0934819 0.0904593 0.309557
254000 0.125146 0.100034 0.0987277 0.323908
255000 0.116104 0.1004 0.098533 0.315037
256000 0.120649 0.0995159 0.094871 0.315036
257000 0.140834 0.0996174 0.091541 0.331992
258000 0.137822 0.0955947 0.0970953 0.330512
259000 0.144212 0.0963495 0.0964149 0.336976
260000 0.132981 0.0909782 0.101224 0.325183
261000 0.142679 0.0996245 0.108325 0.350629
262000 0.13209 0.104454 0.0975503 0.334095
263000 0.135955 0.1045 0.100121 0.340576
264000 0.130505 0.117545 0.105488 0.353538
265000 0.129155 0.110383 0.114471 0.354009
266000 0.133748 0.109783 0.11139 0.354922
267000 0.138967 0.106179 0.115393 0.360538
268000 0.138321 0.103195 0.100616 0.342131
269000 0.133655 0.110126 0.107081 0.350863
270000 0.128893 0.103793 0.107238 0.339924
271000 0.130154 0.103821 0.105173 0.339148
272000 0.130575 0.107394 0.109282 0.347251
273000 0.123218 0.10284 0.110771 0.336829
274000 0.153579 0.128669 0.105961 0.388209
275000 0.121661 0.106865 0.104696 0.333222
276000 0.139168 0.108501 0.106669 0.354338
277000 0.1415 0.110639 0.104163 0.356303
278000 0.120267 0.102295 0.10869 0.331252
279000 0.142205 0.119219 0.099934 0.361358
280000 0.134279 0.109857 0.105325 0.349461
281000 0.142255 0.111435 0.109793 0.363482
282000 0.131102 0.113802 0.109804 0.354708
283000 0.133115 0.111019 0.113197 0.357331
284000 0.128855 0.115768 0.103757 0.34838
285000 0.122792 0.107829 0.105388 0.336009
286000 0.130487 0.112112 0.114099 0.356698
287000 0.122261 0.10921 0.114239 0.34571
288000 0.146266 0.119449 0.115346 0.381061
289000 0.133783 0.118441 0.120326 0.37255
290000 0.134379 0.107066 0.116153 0.357598
291000 0.132853 0.110523 0.108844 0.35222
292000 0.133774 0.113826 0.110301 0.357901
293000 0.130119 0.112966 0.11855 0.361635
294000 0.131621 0.10563 0.114855 0.352105
295000 0.142157 0.125907 0.114339 0.382402
296000 0.130075 0.122286 0.124281 0.376641
297000 0.146439 0.119712 0.120281 0.386431
298000 0.139342 0.119775 0.114876 0.373993
299000 0.132874 0.11634 0.116694 0.365908
300000 0.144574 0.118989 0.112076 0.375638
301000 0.145829 0.123522 0.123207 0.392558
302000 0.141271 0.11927 0.116824 0.377365
303000 0.147212 0.125831 0.112551 0.385594
304000 0.147191 0.128648 0.116297 0.392136
305000 0.136495 0.119253 0.121749 0.377497
306000 0.134975 0.106692 0.115215 0.356882
307000 0.133744 0.120214 0.112113 0.366072
308000 0.131299 0.110903 0.11331 0.355512
309000 0.138332 0.120697 0.120006 0.379035
310000 0.144733 0.11771 0.123028 0.385471
311000 0.134452 0.114193 0.120464 0.369108
312000 0.140719 0.130054 0.122544 0.393317
313000 0.150422 0.121702 0.129266 0.40139
314000 0.149195 0.117589 0.12565 0.392435
315000 0.143668 0.119065 0.12012 0.382852
316000 0.135514 0.120337 0.118589 0.37444
317000 0.14224 0.132067 0.125309 0.399616
318000 0.132173 0.117558 0.12451 0.374241
319000 0.159487 0.139332 0.120922 0.41974
320000 0.147046 0.132424 0.122174 0.401644
321000 0.149378 0.125291 0.121993 0.396662
322000 0.150777 0.122821 0.120413 0.39401
323000 0.135832 0.123301 0.121482 0.380615
324000 0.143084 0.121734 0.127255 0.392073
325000 0.142697 0.115615 0.127936 0.386248
326000 0.149168 0.124459 0.123293 0.39692
327000 0.150691 0.127434 0.124171 0.402296
328000 0.143036 0.119297 0.122951 0.385284
329000 0.140633 0.127859 0.122456 0.390948
330000 0.143551 0.115726 0.125349 0.384626
331000 0.143797 0.123528 0.115087 0.382412
332000 0.147942 0.11699 0.122006 0.386938
333000 0.143436 0.119216 0.124072 0.386723
334000 0.141506 0.113584 0.129032 0.384123
335000 0.158341 0.125193 0.121284 0.404817
336000 0.148126 0.11693 0.124944 0.39
337000 0.151142 0.119342 0.115607 0.386091
338000 0.15408 0.118081 0.121792 0.393953
339000 0.149236 0.11729 0.12079 0.387316
340000 0.144513 0.128146 0.121857 0.394515
341000 0.133207 0.126251 0.119751 0.379208
342000 0.157672 0.122574 0.125179 0.405425
343000 0.150349 0.124667 0.120601 0.395617
344000 0.147721 0.11907 0.117304 0.384095
345000 0.145617 0.126411 0.121838 0.393866
346000 0.145497 0.117607 0.11986 0.382965
347000 0.150336 0.1116 0.12061 0.382546
348000 0.156657 0.114892 0.121949 0.393498
349000 0.153937 0.129521 0.11816 0.401617
350000 0.154559 0.12846 0.124926 0.407944
351000 0.158621 0.120334 0.124385 0.403339
352000 0.149147 0.137955 0.127592 0.414694
353000 0.153992 0.140963 0.118334 0.413289
354000 0.154315 0.115988 0.116294 0.386597
355000 0.147147 0.122397 0.116708 0.386253
356000 0.156934 0.130488 0.122604 0.410026
357000 0.167232 0.121814 0.125237 0.414283
358000 0.166907 0.140795 0.126656 0.434358
359000 0.145621 0.128565 0.118154 0.392341
360000 0.161457 0.126765 0.125891 0.414114
361000 0.170887 0.127754 0.125167 0.423808
362000 0.159931 0.123235 0.120765 0.40393
363000 0.18009 0.145062 0.121365 0.446517
364000 0.154362 0.132966 0.1253 0.412628
365000 0.165522 0.125914 0.12843 0.419866
366000 0.172261 0.141784 0.124685 0.43873
367000 0.157657 0.129685 0.13017 0.417512
368000 0.171753 0.133537 0.136324 0.441614
369000 0.153822 0.122003 0.126342 0.402167
370000 0.163476 0.129989 0.125465 0.41893
371000 0.16451 0.128919 0.127548 0.420977
372000 0.159485 0.128292 0.129221 0.416997
373000 0.16487 0.131836 0.120331 0.417036
374000 0.162835 0.130559 0.127798 0.421191
375000 0.164135 0.143273 0.133054 0.440463
376000 0.162762 0.1382 0.134712 0.435675
377000 0.166723 0.134269 0.127231 0.428222
378000 0.166785 0.131333 0.127614 0.425732
379000 0.155638 0.121443 0.128053 0.405134
380000 0.152598 0.122749 0.127762 0.40311
381000 0.16449 0.13043 0.136515 0.431435
382000 0.158913 0.123571 0.127692 0.410176
383000 0.166609 0.134525 0.128966 0.4301
384000 0.174943 0.133391 0.128167 0.436502
385000 0.154277 0.120153 0.125179 0.399609
386000 0.161959 0.131006 0.134577 0.427541
387000 0.160287 0.123788 0.132024 0.416099
388000 0.168458 0.125078 0.132367 0.425903
389000 0.160207 0.119709 0.130825 0.410741
390000 0.156193 0.124593 0.131914 0.4127
391000 0.169256 0.127656 0.128995 0.425907
392000 0.157574 0.128315 0.128001 0.41389
393000 0.160553 0.127436 0.12588 0.41387
394000 0.168002 0.126655 0.127411 0.422067
395000 0.164067 0.140546 0.128903 0.433516
396000 0.171783 0.131891 0.130308 0.433981
397000 0.164833 0.130425 0.132657 0.427914
398000 0.165667 0.124678 0.141193 0.431538
399000 0.172811 0.131031 0.132038 0.43588
400000 0.166007 0.133137 0.131991 0.431134
401000 0.155462 0.134511 0.12991 0.419883
402000 0.167427 0.137985 0.140763 0.446174
403000 0.17935 0.12729 0.138132 0.444772
404000 0.179316 0.12665 0.131754 0.437719
405000 0.159642 0.134667 0.130699 0.425008
406000 0.170596 0.120321 0.136756 0.427673
407000 0.172901 0.132009 0.131573 0.436483
408000 0.164126 0.125736 0.13769 0.427552
409000 0.173076 0.13165 0.131679 0.436404
410000 0.173228 0.125102 0.13075 0.42908
411000 0.165418 0.124679 0.131891 0.421989
412000 0.167719 0.123288 0.138751 0.429759
413000 0.169345 0.120982 0.1325 0.422827
414000 0.169616 0.130655 0.130456 0.430728
415000 0.172793 0.133861 0.13491 0.441563
416000 0.187824 0.144513 0.136973 0.469309
417000 0.179016 0.122365 0.13498 0.436362
418000 0.172665 0.133633 0.140837 0.447135
419000 0.167128 0.12976 0.133547 0.430436
420000 0.174498 0.136755 0.132781 0.444035
421000 0.166142 0.135279 0.137519 0.438941
422000 0.179904 0.14508 0.133311 0.458294
423000 0.179658 0.14379 0.144363 0.467811
424000 0.176286 0.137614 0.133867 0.447767
425000 0.178734 0.141076 0.141919 0.461729
426000 0.175223 0.154574 0.146343 0.47614
427000 0.179112 0.139061 0.152177 0.470349
428000 0.18007 0.142555 0.139518 0.462144
429000 0.17779 0.133568 0.136826 0.448184
430000 0.175034 0.136984 0.140354 0.452372
431000 0.178887 0.14145 0.145463 0.4658
432000 0.187622 0.134665 0.145855 0.468141
433000 0.176983 0.136672 0.143948 0.457603
434000 0.167977 0.132106 0.13593 0.436014
435000 0.187166 0.149198 0.138499 0.474862
436000 0.179782 0.155075 0.142639 0.477496
437000 0.179871 0.133544 0.139391 0.452806
438000 0.171225 0.13881 0.144658 0.454692
439000 0.176277 0.140257 0.142656 0.459189
440000 0.158731 0.136285 0.140182 0.435199
441000 0.166713 0.137559 0.150438 0.45471
442000 0.171946 0.136126 0.144048 0.45212
443000 0.173513 0.134348 0.157139 0.465
444000 0.173382 0.152578 0.138586 0.464546
445000 0.179905 0.150668 0.145821 0.476394
446000 0.169982 0.141736 0.139399 0.451116
447000 0.164183 0.134923 0.138886 0.437991
448000 0.170417 0.13909 0.143221 0.452729
449000 0.171066 0.144819 0.140918 0.456803
450000 0.177408 0.148327 0.151243 0.476978
451000 0.193494 0.153512 0.137376 0.484382
452000 0.174879 0.13656 0.142548 0.453986
453000 0.177864 0.146051 0.1491 0.473015
454000 0.181812 0.142725 0.158966 0.483503
455000 0.183196 0.14324 0.157007 0.483443
456000 0.185184 0.13928 0.144807 0.469271
457000 0.181722 0.143927 0.140887 0.466536
458000 0.172145 0.142319 0.151052 0.465516
459000 0.184911 0.137458 0.153739 0.476108
460000 0.180626 0.144503 0.156472 0.481601
461000 0.177614 0.135967 0.145501 0.459083
462000 0.1651 0.140503 0.154286 0.45989
463000 0.180568 0.155224 0.149224 0.485016
464000 0.173608 0.146964 0.151708 0.47228
465000 0.171003 0.141617 0.152303 0.464922
466000 0.175831 0.137601 0.150718 0.46415
467000 0.176399 0.135384 0.152041 0.463824
468000 0.171079 0.142031 0.149971 0.463082
469000 0.185953 0.154865 0.156845 0.497662
470000 0.178005 0.13945 0.157376 0.474831
471000 0.177014 0.138447 0.148986 0.464446
472000 0.18002 0.144966 0.15636 0.481347
473000 0.17703 0.14654 0.149968 0.473538
474000 0.175865 0.144707 0.157926 0.478498
475000 0.185401 0.137911 0.154477 0.477789
476000 0.182698 0.13881 0.151355 0.472863
477000 0.189486 0.150983 0.151141 0.491609
478000 0.189793 0.147647 0.155902 0.493342
479000 0.200593 0.167454 0.156154 0.524201
480000 0.173119 0.142898 0.161155 0.477172
481000 0.176926 0.144138 0.162367 0.483431
482000 0.187059 0.158205 0.15703 0.502294
483000 0.185582 0.140031 0.152429 0.478042
484000 0.18309 0.141003 0.158859 0.482952
485000 0.192965 0.145196 0.162077 0.500238
486000 0.200367 0.157346 0.155846 0.513559
487000 0.189526 0.148393 0.163433 0.501352
488000 0.19218 0.149756 0.155587 0.497524
489000 0.200009 0.1528 0.165067 0.517876
490000 0.175818 0.143782 0.156751 0.476351
491000 0.199728 0.154851 0.157456 0.512035
492000 0.187495 0.149448 0.158495 0.495437
493000 0.185743 0.149554 0.159827 0.495124
494000 0.193874 0.147351 0.160318 0.501543
495000 0.1784 0.14483 0.156368 0.479598
496000 0.202391 0.160452 0.162459 0.525302
497000 0.194629 0.148191 0.163982 0.506802
498000 0.197684 0.15651 0.163586 0.51778
499000 0.182881 0.148578 0.15856 0.490019
500000 0.196425 0.147629 0.159609 0.503664
501000 0.192084 0.151028 0.153174 0.496286
502000 0.184723 0.147901 0.154921 0.487546
503000 0.193091 0.142839 0.161254 0.497183
504000 0.189939 0.153973 0.163423 0.507335
505000 0.181512 0.139879 0.154567 0.475958
506000 0.195607 0.140227 0.157877 0.49371
507000 0.191542 0.151072 0.168524 0.511139
508000 0.193546 0.141934 0.1633 0.49878
509000 0.193317 0.149356 0.155497 0.498171
510000 0.196568 0.151413 0.162702 0.510684
511000 0.183894 0.146488 0.158422 0.488805
512000 0.197407 0.157782 0.162262 0.517451
513000 0.183036 0.134782 0.166344 0.484161
514000 0.192817 0.152991 0.170445 0.516253
515000 0.192423 0.151753 0.171667 0.515843
516000 0.195807 0.139745 0.159758 0.495311
517000 0.187723 0.147149 0.165319 0.50019
518000 0.182654 0.150565 0.155393 0.488611
519000 0.187489 0.154459 0.158705 0.500653
520000 0.189282 0.147546 0.156637 0.493465
521000 0.185187 0.158207 0.153856 0.49725
522000 0.184716 0.150918 0.174555 0.510189
523000 0.193343 0.15694 0.158917 0.509201
524000 0.179742 0.157439 0.168322 0.505504
525000 0.177648 0.15399 0.163383 0.49502
526000 0.184316 0.15793 0.165079 0.507325
527000 0.178927 0.159219 0.161791 0.499936
528000 0.179915 0.157072 0.157768 0.494755
529000 0.181626 0.153821 0.164182 0.499629
530000 0.186437 0.160697 0.177867 0.525001
531000 0.195688 0.164551 0.168993 0.529232
532000 0.181558 0.162166 0.160755 0.50448
533000 0.185801 0.168763 0.160767 0.515331
534000 0.178654 0.16327 0.16085 0.502774
535000 0.182422 0.163238 0.161585 0.507245
536000 0.184964 0.159781 0.159439 0.504184
537000 0.195376 0.169979 0.166596 0.531951
538000 0.187991 0.15822 0.158629 0.50484
539000 0.180713 0.157563 0.163958 0.502234
540000 0.19393 0.151959 0.167515 0.513405
541000 0.18997 0.160543 0.163369 0.513882
542000 0.196108 0.161789 0.166628 0.524526
543000 0.199828 0.175796 0.161255 0.536878
544000 0.198041 0.164553 0.159688 0.522282
545000 0.195535 0.156447 0.165448 0.51743
546000 0.195736 0.159244 0.159266 0.514245
547000 0.19243 0.154179 0.164954 0.511563
548000 0.200257 0.161632 0.162586 0.524475
549000 0.192998 0.158066 0.159276 0.51034
550000 0.193402 0.162941 0.158897 0.51524
551000 0.186237 0.157337 0.156064 0.499638
552000 0.204964 0.165425 0.168417 0.538806
553000 0.192688 0.171671 0.163925 0.528285
554000 0.195061 0.165549 0.165236 0.525845
555000 0.200233 0.167659 0.165008 0.532899
556000 0.18961 0.160253 0.160665 0.510527
557000 0.193198 0.156435 0.161196 0.510829
558000 0.188165 0.144614 0.164699 0.497477
559000 0.201329 0.153422 0.155268 0.510018
560000 0.197448 0.158726 0.158186 0.51436
561000 0.201787 0.160261 0.160634 0.522682
562000 0.210882 0.15839 0.153853 0.523125
563000 0.203873 0.164952 0.152605 0.521429
564000 0.199416 0.155594 0.16097 0.51598
565000 0.211548 0.165352 0.164342 0.541243
566000 0.195457 0.162848 0.157755 0.51606
567000 0.195915 0.156197 0.160014 0.512127
568000 0.194054 0.158682 0.165897 0.518634
569000 0.201163 0.161919 0.161565 0.524647
570000 0.202699 0.168614 0.161402 0.532716
571000 0.203094 0.164655 0.160328 0.528076
572000 0.208085 0.165207 0.15751 0.530802
573000 0.206443 0.16534 0.15784 0.529623
574000 0.214206 0.158525 0.169473 0.542204
575000 0.217499 0.168456 0.16661 0.552566
576000 0.214416 0.165438 0.167738 0.547592
577000 0.215196 0.166759 0.167703 0.549658
578000 0.209599 0.161662 0.170649 0.54191
579000 0.207575 0.169581 0.163666 0.540823
580000 0.204191 0.167294 0.166815 0.5383
581000 0.219502 0.168313 0.177452 0.565267
582000 0.209956 0.172798 0.177382 0.560136
583000 0.20601 0.165538 0.173412 0.544959
584000 0.20524 0.166424 0.177161 0.548825
585000 0.207789 0.171041 0.179292 0.558122
586000 0.207036 0.172336 0.170422 0.549795
587000 0.216589 0.17354 0.173198 0.563327
588000 0.222194 0.17451 0.167906 0.56461
589000 0.216523 0.18059 0.173094 0.570207
590000 0.215619 0.17221 0.170109 0.557938
591000 0.218037 0.173516 0.179763 0.571316
592000 0.214281 0.168056 0.172411 0.554748
593000 0.217236 0.168734 0.18252 0.568491
594000 0.222796 0.175079 0.174223 0.572097
595000 0.213114 0.177366 0.180648 0.571128
596000 0.21743 0.167523 0.171865 0.556817
597000 0.219317 0.174868 0.173315 0.5675
598000 0.215078 0.178856 0.171214 0.565148
599000 0.220893 0.171417 0.17569 0.567999
600000 0.205701 0.173674 0.172476 0.551852
601000 0.215453 0.189532 0.171194 0.576179
602000 0.210872 0.177255 0.170382 0.558509
603000 0.242588 0.184834 0.178415 0.605837
604000 0.22623 0.184086 0.176672 0.586988
605000 0.229616 0.183792 0.168883 0.582291
606000 0.215489 0.167988 0.175208 0.558685
607000 0.225185 0.177878 0.183248 0.586311
608000 0.22715 0.181217 0.178717 0.587085
609000 0.21322 0.194191 0.177098 0.584509
610000 0.225489 0.187113 0.176241 0.588842
611000 0.231417 0.1887 0.179878 0.599995
612000 0.241906 0.196743 0.174886 0.613534
613000 0.209005 0.187952 0.176412 0.573369
614000 0.215413 0.184859 0.178361 0.578633
615000 0.231802 0.191113 0.18159 0.604505
616000 0.218091 0.182762 0.192026 0.592878
617000 0.227218 0.194938 0.184422 0.606578
618000 0.225741 0.184971 0.178861 0.589573
619000 0.234877 0.194784 0.175726 0.605387
620000 0.219559 0.184932 0.190656 0.595147
621000 0.219099 0.173899 0.177579 0.570577
622000 0.222591 0.188813 0.188406 0.59981
623000 0.221059 0.19626 0.176319 0.593638
624000 0.209472 0.183598 0.180099 0.57317
625000 0.217592 0.186326 0.171301 0.575219
626000 0.225373 0.18421 0.176974 0.586558
627000 0.216511 0.185739 0.18293 0.58518
628000 0.23195 0.192208 0.174887 0.599045
629000 0.225217 0.182519 0.177632 0.585367
630000 0.218904 0.178625 0.180979 0.578508
631000 0.213092 0.184662 0.200614 0.598368
632000 0.216474 0.197952 0.189457 0.603884
633000 0.214215 0.193821 0.193032 0.601068
634000 0.220958 0.188266 0.189017 0.59824
635000 0.220507 0.194601 0.196474 0.611582
636000 0.231626 0.202051 0.189119 0.622796
637000 0.221884 0.198434 0.187392 0.60771
638000 0.217576 0.187971 0.195045 0.600591
639000 0.230774 0.198588 0.18978 0.619142
640000 0.221628 0.200677 0.187032 0.609337
641000 0.207976 0.182123 0.190239 0.580338
642000 0.223114 0.19064 0.188665 0.602419
643000 0.217008 0.187141 0.188457 0.592606
644000 0.214393 0.189997 0.186867 0.591257
645000 0.217143 0.190119 0.187391 0.594653
646000 0.226696 0.190001 0.196389 0.613087
647000 0.235479 0.190375 0.192765 0.618619
648000 0.220287 0.192449 0.19528 0.608016
649000 0.226373 0.193225 0.197155 0.616753
650000 0.222133 0.191963 0.199127 0.613224
651000 0.215323 0.191455 0.184533 0.591312
652000 0.214229 0.186181 0.187921 0.588332
653000 0.226443 0.199207 0.188547 0.614196
654000 0.23053 0.205137 0.188872 0.624539
655000 0.221613 0.194202 0.199939 0.615753
656000 0.220791 0.186588 0.201975 0.609354
657000 0.236083 0.202366 0.206577 0.645025
658000 0.217558 0.194122 0.199264 0.610944
659000 0.22015 0.192658 0.189859 0.602667
660000 0.226708 0.210332 0.200773 0.637813
661000 0.218128 0.199567 0.198807 0.616503
662000 0.217248 0.189898 0.197549 0.604694
663000 0.239049 0.202408 0.206702 0.648159
664000 0.230403 0.197157 0.205738 0.633299
665000 0.228682 0.200153 0.195718 0.624554
666000 0.225119 0.199211 0.199282 0.623612
667000 0.229304 0.204095 0.197052 0.630451
668000 0.229412 0.194543 0.206405 0.630361
669000 0.224654 0.193798 0.197503 0.615955
670000 0.234502 0.200973 0.194695 0.63017
671000 0.228029 0.191571 0.201737 0.621336
672000 0.231172 0.208107 0.194238 0.633517
673000 0.230953 0.207095 0.195407 0.633455
674000 0.234316 0.19899 0.193236 0.626542
675000 0.256598 0.216383 0.195585 0.668566
676000 0.245262 0.206824 0.193153 0.645239
677000 0.232695 0.202009 0.202785 0.63749
678000 0.235681 0.202188 0.203543 0.641412
679000 0.244789 0.202792 0.206776 0.654357
680000 0.228938 0.203795 0.200418 0.633151
681000 0.22377 0.197858 0.204671 0.626299
682000 0.229258 0.190367 0.196967 0.616592
683000 0.226453 0.202681 0.19687 0.626004
684000 0.239606 0.190328 0.204026 0.63396
685000 0.231554 0.205384 0.207808 0.644746
686000 0.240515 0.213198 0.19601 0.649722
687000 0.246284 0.192953 0.198006 0.637243
688000 0.229233 0.200703 0.209188 0.639124
689000 0.234263 0.197365 0.198207 0.629835
690000 0.231298 0.210499 0.195483 0.63728
691000 0.237238 0.193384 0.19551 0.626132
692000 0.234999 0.198413 0.204971 0.638382
693000 0.233086 0.207097 0.203378 0.643561
694000 0.237141 0.215243 0.194774 0.647158
695000 0.23644 0.216036 0.202384 0.654861
696000 0.242345 0.211556 0.19518 0.649081
697000 0.224638 0.196867 0.20226 0.623765
698000 0.230784 0.195922 0.204513 0.631219
699000 0.24311 0.201382 0.197909 0.6424
700000 0.236243 0.197775 0.196606 0.630624
701000 0.227715 0.201463 0.199142 0.62832
702000 0.237609 0.206597 0.204499 0.648705
703000 0.240913 0.207339 0.203101 0.651353
704000 0.248767 0.21178 0.197473 0.658021
705000 0.244222 0.208391 0.196825 0.649438
706000 0.237906 0.208647 0.202237 0.64879
707000 0.240983 0.211628 0.205789 0.6584
708000 0.253876 0.202866 0.203735 0.660477
709000 0.248733 0.206527 0.201869 0.657129
710000 0.250835 0.201654 0.205035 0.657525
711000 0.252773 0.211828 0.214248 0.678849
712000 0.249338 0.206866 0.20362 0.659824
713000 0.24309 0.214896 0.209225 0.667212
714000 0.244269 0.20654 0.206912 0.657721
715000 0.255889 0.220812 0.202395 0.679096
716000 0.242031 0.215441 0.214323 0.671794
717000 0.242067 0.207785 0.221021 0.670874
718000 0.250542 0.215987 0.205553 0.672082
719000 0.237649 0.21671 0.215238 0.669598
720000 0.244173 0.213953 0.201289 0.659415
721000 0.250572 0.227256 0.204906 0.682734
722000 0.247171 0.212451 0.199158 0.65878
723000 0.248296 0.223503 0.208164 0.679963
724000 0.240034 0.212909 0.21261 0.665553
725000 0.244984 0.223104 0.203807 0.671895
726000 0.236581 0.223009 0.219329 0.678919
727000 0.239187 0.217564 0.203467 0.660218
728000 0.247637 0.212601 0.209351 0.669589
729000 0.252306 0.220424 0.207027 0.679757
730000 0.253881 0.213687 0.205356 0.672925
731000 0.257549 0.21524 0.204558 0.677348
732000 0.248604 0.216036 0.205995 0.670635
733000 0.239031 0.212164 0.208057 0.659252
734000 0.252503 0.223831 0.217171 0.693505
735000 0.249844 0.223075 0.209588 0.682507
736000 0.244224 0.216691 0.202636 0.663551
737000 0.241037 0.214341 0.210848 0.666226
738000 0.252248 0.209469 0.20795 0.669668
739000 0.243133 0.229984 0.211782 0.684899
740000 0.240292 0.215142 0.210694 0.666128
741000 0.25218 0.213388 0.209338 0.674906
742000 0.242762 0.216486 0.202835 0.662082
743000 0.246328 0.227493 0.206737 0.680558
744000 0.251689 0.230025 0.20209 0.683805
745000 0.256228 0.226057 0.202291 0.684576
746000 0.240608 0.215848 0.213221 0.669677
747000 0.251141 0.211314 0.207902 0.670356
748000 0.25149 0.224065 0.208477 0.684032
749000 0.265328 0.222726 0.214418 0.702472
750000 0.246731 0.219515 0.2002 0.666445
751000 0.243909 0.214338 0.206562 0.664809
752000 0.246402 0.22884 0.207757 0.682998
753000 0.245497 0.227258 0.19898 0.671735
754000 0.241638 0.222256 0.208979 0.672873
755000 0.248303 0.213202 0.21016 0.671665
756000 0.25639 0.215321 0.209236 0.680947
757000 0.243609 0.226568 0.212773 0.68295
758000 0.252081 0.223001 0.212685 0.687767
759000 0.259912 0.226242 0.213057 0.699211
760000 0.250316 0.229448 0.207567 0.687331
761000 0.252448 0.216758 0.210619 0.679825
762000 0.25186 0.230832 0.215003 0.697695
763000 0.254901 0.224111 0.2295 0.708512
764000 0.240638 0.222141 0.22124 0.68402
765000 0.25373 0.225242 0.22458 0.703552
766000 0.255848 0.223293 0.221518 0.700659
767000 0.252424 0.227173 0.213103 0.6927
768000 0.246993 0.232643 0.223374 0.703011
769000 0.243828 0.223527 0.217274 0.684628
770000 0.246116 0.234787 0.216901 0.697804
771000 0.237011 0.222807 0.21839 0.678209
772000 0.242825 0.225483 0.214275 0.682583
773000 0.254441 0.232712 0.222708 0.709861
774000 0.245625 0.214976 0.207852 0.668452
775000 0.245629 0.231353 0.218493 0.695475
776000 0.258693 0.220203 0.211092 0.689988
777000 0.245503 0.232445 0.221132 0.69908
778000 0.253193 0.242883 0.236797 0.732873
779000 0.249348 0.219707 0.214495 0.68355
780000 0.255186 0.228837 0.217995 0.702018
781000 0.254737 0.233572 0.222571 0.71088
782000 0.244974 0.230792 0.212886 0.688652
783000 0.244906 0.225394 0.207868 0.678168
784000 0.263632 0.234167 0.215402 0.713201
785000 0.252783 0.238079 0.221823 0.712685
786000 0.246753 0.222196 0.220317 0.689266
787000 0.248441 0.231323 0.226433 0.706198
788000 0.250968 0.230618 0.23284 0.714426
789000 0.250138 0.225479 0.227257 0.702874
790000 0.258302 0.239722 0.230227 0.728251
791000 0.246138 0.230817 0.230829 0.707785
792000 0.24536 0.229605 0.22773 0.702695
793000 0.254722 0.241947 0.229716 0.726384
794000 0.243832 0.229411 0.234616 0.707859
795000 0.257864 0.240308 0.212281 0.710453
796000 0.246765 0.230704 0.216321 0.69379
797000 0.253269 0.237243 0.227982 0.718493
798000 0.252719 0.229321 0.220015 0.702055
799000 0.261663 0.235479 0.223607 0.720749
800000 0.241844 0.24032 0.22788 0.710044
801000 0.253905 0.228864 0.227316 0.710086
802000 0.243764 0.227108 0.224478 0.69535
803000 0.259237 0.226386 0.231926 0.71755
804000 0.246569 0.227761 0.233687 0.708017
805000 0.246349 0.23196 0.219763 0.698073
806000 0.246722 0.229439 0.222554 0.698714
807000 0.263028 0.225489 0.221936 0.710453
808000 0.251333 0.230604 0.228621 0.710558
809000 0.245382 0.230539 0.229099 0.70502
810000 0.24726 0.233903 0.226782 0.707945
811000 0.245222 0.22299 0.244725 0.712938
812000 0.2502 0.217153 0.229571 0.696924
813000 0.250059 0.221744 0.225273 0.697076
814000 0.265282 0.236995 0.225639 0.727916
815000 0.247725 0.231188 0.219201 0.698113
816000 0.262333 0.238405 0.226931 0.727669
817000 0.259629 0.227529 0.2306 0.717758
818000 0.264605 0.235344 0.222597 0.722546
819000 0.252821 0.236403 0.228233 0.717457
820000 0.261038 0.229663 0.236059 0.72676
821000 0.240959 0.23202 0.233107 0.706085
822000 0.263077 0.238052 0.228495 0.729623
823000 0.251138 0.242275 0.222237 0.71565
824000 0.253229 0.232397 0.22441 0.710036
825000 0.265107 0.229701 0.231724 0.726532
826000 0.267925 0.234616 0.229472 0.732013
827000 0.25937 0.231098 0.22431 0.714777
828000 0.255096 0.227761 0.218919 0.701776
829000 0.253793 0.234878 0.228895 0.717565
830000 0.246358 0.2353 0.229993 0.711651
831000 0.24338 0.238001 0.224525 0.705907
832000 0.252351 0.233989 0.228473 0.714813
833000 0.251813 0.229456 0.226412 0.707681
834000 0.261158 0.241155 0.223014 0.725326
835000 0.243919 0.237847 0.223831 0.705597
836000 0.248093 0.239637 0.232579 0.720309
837000 0.256921 0.238552 0.227478 0.722951
838000 0.254783 0.231064 0.235149 0.720996
839000 0.260581 0.248745 0.240987 0.750313
840000 0.25348 0.242586 0.237644 0.73371
841000 0.262553 0.232987 0.234277 0.729816
842000 0.256047 0.235345 0.232607 0.723998
843000 0.25814 0.234286 0.228381 0.720807
844000 0.263124 0.233274 0.229835 0.726233
845000 0.237687 0.235151 0.227473 0.700312
846000 0.262635 0.238996 0.227471 0.729102
847000 0.249071 0.229649 0.239003 0.717723
848000 0.251842 0.242157 0.230852 0.724851
849000 0.263527 0.243325 0.230537 0.73739
850000 0.259481 0.242483 0.225994 0.727958
851000 0.259009 0.242823 0.225901 0.727733
852000 0.257568 0.237389 0.233473 0.728431
853000 0.246112 0.230452 0.231043 0.707607
854000 0.256651 0.243611 0.235494 0.735756
855000 0.254516 0.236794 0.235025 0.726334
856000 0.25732 0.239264 0.23508 0.731663
857000 0.266245 0.247318 0.236079 0.749642
858000 0.259923 0.242352 0.233733 0.736008
859000 0.265897 0.236738 0.242565 0.7452
860000 0.256871 0.240638 0.245159 0.742668
861000 0.271638 0.248359 0.234531 0.754527
862000 0.26863 0.233756 0.246586 0.748972
863000 0.267426 0.241322 0.249152 0.7579
864000 0.265139 0.234765 0.238618 0.738522
865000 0.260453 0.236753 0.247437 0.744643
866000 0.267085 0.24087 0.237772 0.745728
867000 0.271292 0.236782 0.244761 0.752836
868000 0.273588 0.234207 0.245541 0.753336
869000 0.274447 0.232473 0.253601 0.760522
870000 0.267121 0.234277 0.253539 0.754938
871000 0.250855 0.243149 0.239881 0.733885
872000 0.264514 0.236931 0.246482 0.747927
873000 0.267187 0.239574 0.252356 0.759117
874000 0.279778 0.239189 0.252391 0.771359
875000 0.280823 0.245023 0.251865 0.777711
876000 0.271399 0.24524 0.244341 0.76098
877000 0.269245 0.241963 0.249276 0.760484
878000 0.257411 0.2438 0.24902 0.750232
879000 0.266055 0.236662 0.240934 0.743651
880000 0.26567 0.22869 0.245328 0.739688
881000 0.262478 0.233896 0.253755 0.750129
882000 0.266174 0.238025 0.252285 0.756484
883000 0.258507 0.23437 0.241398 0.734275
884000 0.258743 0.244964 0.243016 0.746723
885000 0.262338 0.237708 0.249078 0.749124
886000 0.271226 0.245246 0.241343 0.757814
887000 0.264378 0.241639 0.246714 0.752731
888000 0.268427 0.24751 0.244986 0.760924
889000 0.260414 0.229326 0.238044 0.727784
890000 0.257986 0.232964 0.247126 0.738076
891000 0.266603 0.239284 0.241586 0.747473
892000 0.268065 0.247325 0.243869 0.759259
893000 0.266368 0.245416 0.242946 0.754729
894000 0.26362 0.245584 0.245035 0.754238
895000 0.268655 0.241771 0.247748 0.758175
896000 0.270747 0.255571 0.249804 0.776122
897000 0.265824 0.239552 0.250755 0.756131
898000 0.277853 0.252647 0.247565 0.778065
899000 0.26898 0.247732 0.251913 0.768624
900000 0.270545 0.241293 0.247389 0.759227
901000 0.270812 0.245462 0.241901 0.758174
902000 0.280681 0.245501 0.250482 0.776664
903000 0.272206 0.235204 0.252999 0.76041
904000 0.27692 0.248926 0.261877 0.787723
905000 0.283249 0.251487 0.257951 0.792688
906000 0.270196 0.252648 0.241937 0.764781
907000 0.281937 0.249994 0.248568 0.780499
908000 0.285133 0.247821 0.258235 0.791189
909000 0.261595 0.24472 0.25836 0.764675
910000 0.282539 0.24335 0.25049 0.776378
911000 0.2692 0.252597 0.250514 0.772311
912000 0.278866 0.237604 0.254399 0.770869
913000 0.28004 0.244326 0.2507 0.775067
914000 0.281111 0.251318 0.253771 0.7862
915000 0.275576 0.237658 0.241661 0.754895
916000 0.274824 0.244948 0.255314 0.775087
917000 0.26385 0.243568 0.249575 0.756993
918000 0.262971 0.241809 0.251074 0.755854
919000 0.267541 0.245114 0.251055 0.76371
920000 0.263348 0.251658 0.255764 0.770769
921000 0.27629 0.246247 0.256403 0.778941
922000 0.278225 0.237605 0.249372 0.765202
923000 0.269507 0.247825 0.254345 0.771677
924000 0.285067 0.241602 0.253156 0.779826
925000 0.266133 0.24374 0.251636 0.761509
926000 0.26611 0.239037 0.240664 0.745811
927000 0.274612 0.264605 0.242938 0.782154
928000 0.273542 0.24205 0.243438 0.75903
929000 0.271844 0.238621 0.252179 0.762644
930000 0.273052 0.244753 0.254208 0.772013
931000 0.273068 0.241181 0.252288 0.766537
932000 0.281321 0.260395 0.250917 0.792634
933000 0.276674 0.242985 0.255356 0.775015
934000 0.278491 0.254203 0.252604 0.785298
935000 0.276278 0.241246 0.256237 0.773761
936000 0.268279 0.24611 0.242572 0.756961
937000 0.28591 0.24222 0.259038 0.787169
938000 0.273383 0.237419 0.255581 0.766384
939000 0.288972 0.256464 0.252706 0.798142
940000 0.284746 0.247109 0.251388 0.783243
941000 0.291561 0.237695 0.252659 0.781915
942000 0.292724 0.263436 0.243598 0.799758
943000 0.272803 0.245925 0.260748 0.779476
944000 0.279986 0.247679 0.24988 0.777544
945000 0.276706 0.243424 0.25631 0.776441
946000 0.279721 0.242807 0.24404 0.766568
947000 0.282877 0.247273 0.251984 0.782134
948000 0.267038 0.241923 0.247591 0.756552
949000 0.273057 0.2537 0.252478 0.779235
950000 0.285892 0.247203 0.249897 0.782992
951000 0.285219 0.256306 0.253742 0.795267
952000 0.285062 0.271 0.244159 0.80022
953000 0.275164 0.261709 0.242796 0.779669
954000 0.28729 0.266372 0.261248 0.81491
955000 0.290395 0.248726 0.245426 0.784546
956000 0.278587 0.252174 0.260468 0.791229
957000 0.303334 0.269774 0.261119 0.834227
958000 0.286691 0.248958 0.265555 0.801204
959000 0.279106 0.252933 0.250398 0.782437
960000 0.279317 0.249036 0.258673 0.787026
961000 0.280738 0.256927 0.253508 0.791174
962000 0.277023 0.261543 0.26348 0.802046
963000 0.27988 0.269333 0.254621 0.803834
964000 0.278973 0.266318 0.257851 0.803143
965000 0.291365 0.263214 0.258062 0.812641
966000 0.285238 0.276477 0.262787 0.824501
967000 0.293192 0.266312 0.257396 0.8169
968000 0.288755 0.283201 0.265329 0.837284
969000 0.289863 0.270521 0.258391 0.818775
970000 0.277951 0.258753 0.269306 0.806009
971000 0.29602 0.281248 0.273205 0.850473
972000 0.29109 0.272689 0.266624 0.830402
973000 0.284496 0.282006 0.271921 0.838422
974000 0.278245 0.270746 0.268083 0.817074
975000 0.285247 0.27351 0.263215 0.821972
976000 0.284011 0.278124 0.267434 0.829569
977000 0.290012 0.265385 0.257039 0.812436
978000 0.289834 0.27324 0.276141 0.839214
979000 0.28803 0.266686 0.274474 0.82919
980000 0.276231 0.275679 0.274038 0.825947
981000 0.283603 0.27012 0.26286 0.816584
982000 0.283783 0.263883 0.262262 0.809928
983000 0.293365 0.262524 0.263017 0.818906
984000 0.285162 0.276526 0.261349 0.823038
985000 0.277536 0.257967 0.267639 0.803142
986000 0.30698 0.271441 0.276061 0.854482
987000 0.280568 0.260383 0.262109 0.80306
988000 0.294747 0.266381 0.266288 0.827416
989000 0.299194 0.293313 0.273913 0.866419
990000 0.286868 0.269542 0.262373 0.818783
991000 0.283169 0.272045 0.262885 0.8181
992000 0.288878 0.264681 0.250406 0.803964
993000 0.292337 0.255223 0.278248 0.825808
994000 0.29244 0.262934 0.276673 0.832048
995000 0.298822 0.269898 0.275931 0.844651
996000 0.299136 0.268657 0.273221 0.841014
997000 0.288511 0.283973 0.270244 0.842729
998000 0.298138 0.274973 0.276286 0.849397
999000 0.295653 0.273887 0.285753 0.855293
1000000 0.285502 0.263018 0.26676 0.81528
1001000 0.292209 0.272131 0.264164 0.828505
1002000 0.306505 0.275062 0.266474 0.848041
1003000 0.312749 0.272765 0.27731 0.862824
1004000 0.288614 0.25611 0.267701 0.812426
1005000 0.29929 0.278921 0.268638 0.846849
1006000 0.290838 0.282249 0.26545 0.838538
1007000 0.288094 0.274864 0.265663 0.828622
1008000 0.304891 0.271568 0.263274 0.839733
1009000 0.286156 0.270285 0.265075 0.821516
1010000 0.286006 0.26452 0.260522 0.811049
1011000 0.295711 0.273479 0.264513 0.833703
1012000 0.296416 0.276736 0.268349 0.841501
1013000 0.299917 0.280336 0.269091 0.849344
1014000 0.302263 0.270034 0.262544 0.834841
1015000 0.300459 0.26497 0.27057 0.835998
1016000 0.296235 0.273008 0.270001 0.839244
1017000 0.296044 0.271946 0.261153 0.829144
1018000 0.292467 0.275151 0.26727 0.834888
1019000 0.296157 0.287298 0.261495 0.844951
1020000 0.296866 0.273831 0.269728 0.840426
1021000 0.291558 0.276581 0.27278 0.840918
1022000 0.305367 0.276502 0.28476 0.866629
1023000 0.29749 0.270677 0.272522 0.840689
1024000 0.288927 0.276229 0.26659 0.831745
1025000 0.294093 0.26598 0.268661 0.828733
1026000 0.300741 0.281757 0.268047 0.850546
1027000 0.295413 0.286853 0.26346 0.845727
1028000 0.306179 0.271089 0.272725 0.849993
1029000 0.311716 0.271711 0.272192 0.85562
1030000 0.294763 0.267208 0.26468 0.826652
