# Time-averaged data for fix 1
# TimeStep c_msd_all[1] c_msd_all[2] c_msd_all[3] c_msd_all[4]
31000 0.104093 0.0828731 0.0822198 0.269186
32000 0.0713013 0.0746274 0.0660488 0.211977
33000 0.083528 0.0814314 0.0794454 0.244405
34000 0.0836489 0.0887135 0.0813607 0.253723
35000 0.0591577 0.0771112 0.0726809 0.20895
36000 0.0832009 0.0762529 0.0839667 0.243421
37000 0.0602285 0.0678828 0.0719804 0.200092
38000 0.0897434 0.0826945 0.0926662 0.265104
39000 0.0649327 0.0724653 0.0611129 0.198511
40000 0.0679783 0.0743659 0.0650609 0.207405
41000 0.0711181 0.0855783 0.083757 0.240453
42000 0.0673291 0.0847244 0.0769172 0.228971
43000 0.0850592 0.088963 0.0944521 0.268474
44000 0.0818298 0.0909722 0.0766303 0.249432
45000 0.0708693 0.0953116 0.0756147 0.241795
46000 0.0907417 0.0835041 0.104905 0.279151
47000 0.0737766 0.107899 0.0857695 0.267445
48000 0.0790523 0.0943784 0.0990423 0.272473
49000 0.0686071 0.095753 0.08994 0.2543
50000 0.079342 0.104801 0.0896991 0.273842
51000 0.0776098 0.101292 0.104543 0.283445
52000 0.08275 0.10641 0.093546 0.282706
53000 0.0808623 0.0955896 0.0950513 0.271503
54000 0.0804261 0.0898659 0.102948 0.27324
55000 0.0832766 0.11152 0.0900057 0.284802
56000 0.0604437 0.109692 0.0926827 0.262818
57000 0.0857856 0.115488 0.0932349 0.294509
58000 0.0712923 0.0995537 0.106378 0.277224
59000 0.0792185 0.103455 0.101559 0.284233
60000 0.0815759 0.123852 0.110044 0.315472
61000 0.0708616 0.109858 0.103177 0.283896
62000 0.089285 0.120557 0.104368 0.31421
63000 0.0710754 0.110261 0.116583 0.29792
64000 0.10089 0.128421 0.106365 0.335677
65000 0.0779337 0.124248 0.106333 0.308514
66000 0.0922778 0.123268 0.105445 0.320991
67000 0.098323 0.118047 0.104186 0.320556
68000 0.0883013 0.129322 0.12244 0.340064
69000 0.0857991 0.130064 0.113451 0.329313
70000 0.0989355 0.128115 0.108005 0.335056
71000 0.0976981 0.122743 0.135953 0.356394
72000 0.0962917 0.149363 0.116981 0.362635
73000 0.0863306 0.139513 0.126443 0.352286
74000 0.098537 0.141178 0.129723 0.369438
75000 0.0963402 0.133675 0.123959 0.353974
76000 0.0954634 0.143544 0.16278 0.401787
77000 0.0906872 0.139 0.127652 0.357339
78000 0.0867589 0.136542 0.123994 0.347295
79000 0.0922404 0.145354 0.154839 0.392433
80000 0.0870151 0.131228 0.130932 0.349175
81000 0.0965356 0.135409 0.15703 0.388975
82000 0.0982005 0.148715 0.12372 0.370636
83000 0.0818249 0.155868 0.130619 0.368312
84000 0.104842 0.145439 0.142393 0.392675
85000 0.0914674 0.159762 0.151009 0.402238
86000 0.0948436 0.160805 0.17915 0.434798
87000 0.100884 0.158303 0.127059 0.386246
88000 0.0885713 0.151754 0.133884 0.374209
89000 0.110712 0.158616 0.157623 0.426951
90000 0.0886599 0.178986 0.140453 0.408099
91000 0.113405 0.15763 0.171561 0.442596
92000 0.0997391 0.177781 0.145985 0.423505
93000 0.0937739 0.159171 0.140633 0.393578
94000 0.0999558 0.15443 0.148456 0.402842
95000 0.0982198 0.180004 0.146734 0.424958
96000 0.0993634 0.17405 0.144047 0.41746
97000 0.0943028 0.165583 0.137853 0.397739
98000 0.108174 0.157119 0.146408 0.411701
99000 0.101795 0.168358 0.150747 0.4209
100000 0.109701 0.171887 0.142645 0.424234
101000 0.102391 0.168353 0.143994 0.414738
102000 0.0982931 0.167367 0.158168 0.423828
103000 0.0967301 0.166541 0.138894 0.402165
104000 0.1056 0.170288 0.156869 0.432757
105000 0.0957178 0.152791 0.151162 0.399671
106000 0.0972325 0.1633 0.160856 0.421388
107000 0.0934058 0.180837 0.156031 0.430274
108000 0.104932 0.193965 0.158402 0.457299
109000 0.106183 0.173263 0.167193 0.446639
110000 0.0888639 0.158647 0.165945 0.413456
111000 0.103498 0.181172 0.172439 0.457109
112000 0.0919017 0.190476 0.169339 0.451717
113000 0.0999005 0.183858 0.16625 0.450009
114000 0.108433 0.183519 0.156154 0.448107
115000 0.0931941 0.175176 0.165652 0.434022
116000 0.10587 0.183976 0.168809 0.458656
117000 0.110093 0.203586 0.169417 0.483096
118000 0.105288 0.182191 0.170492 0.457972
119000 0.110222 0.200871 0.181088 0.49218
120000 0.0895439 0.185564 0.163376 0.438484
121000 0.124752 0.197084 0.188067 0.509903
122000 0.0884202 0.166917 0.170983 0.42632
123000 0.102175 0.175984 0.16681 0.444969
124000 0.108893 0.190754 0.187381 0.487029
125000 0.0995842 0.182591 0.181952 0.464128
126000 0.119884 0.21093 0.203152 0.533967
127000 0.0903744 0.184203 0.179144 0.453721
128000 0.10093 0.183063 0.18993 0.473923
129000 0.102238 0.209605 0.1945 0.506343
130000 0.10146 0.188405 0.187277 0.477142
131000 0.103815 0.212953 0.208244 0.525012
132000 0.112392 0.179619 0.185432 0.477442
133000 0.108007 0.187614 0.201767 0.497389
134000 0.117079 0.221624 0.200191 0.538894
135000 0.0923478 0.193071 0.196179 0.481597
136000 0.111204 0.191346 0.229314 0.531864
137000 0.0936908 0.19501 0.20546 0.49416
138000 0.0993792 0.194269 0.204503 0.498151
139000 0.128479 0.205006 0.235388 0.568873
140000 0.0989412 0.196613 0.211927 0.507482
141000 0.105307 0.191504 0.234716 0.531527
142000 0.100907 0.217209 0.204417 0.522533
143000 0.0929755 0.194153 0.20177 0.488898
144000 0.0994117 0.195382 0.221919 0.516713
145000 0.0959819 0.211147 0.213903 0.521032
146000 0.116513 0.215261 0.271219 0.602993
147000 0.0986511 0.220226 0.223868 0.542745
148000 0.10268 0.210438 0.217812 0.530929
149000 0.106774 0.217377 0.225063 0.549214
150000 0.100735 0.219917 0.202324 0.522977
151000 0.124136 0.224081 0.233247 0.581463
152000 0.0959568 0.224325 0.204251 0.524533
153000 0.114972 0.219685 0.220995 0.555652
154000 0.112122 0.217875 0.198662 0.528659
155000 0.0907207 0.215476 0.199587 0.505783
156000 0.118671 0.224675 0.245956 0.589303
157000 0.0998702 0.227983 0.216435 0.544288
158000 0.115499 0.240822 0.224326 0.580647
159000 0.10063 0.22894 0.22322 0.55279
160000 0.0939092 0.237631 0.209228 0.540768
161000 0.123224 0.25484 0.253844 0.631908
162000 0.0967206 0.25385 0.217298 0.567869
163000 0.112962 0.245292 0.2233 0.581554
164000 0.100432 0.242283 0.24865 0.591365
165000 0.0972947 0.254645 0.209482 0.561421
166000 0.118234 0.268079 0.235722 0.622035
167000 0.102853 0.263372 0.221132 0.587357
168000 0.106954 0.242001 0.241388 0.590344
169000 0.0901701 0.242424 0.23329 0.565884
170000 0.113216 0.276305 0.23465 0.624171
171000 0.103223 0.264359 0.223546 0.591128
172000 0.0914866 0.260374 0.223298 0.575159
173000 0.149182 0.260657 0.21325 0.623089
174000 0.0959831 0.245183 0.233783 0.574949
175000 0.0973674 0.269125 0.225469 0.591961
176000 0.107224 0.253046 0.219424 0.579693
177000 0.106417 0.259536 0.220876 0.586828
178000 0.10997 0.250828 0.215424 0.576222
179000 0.104992 0.263031 0.24751 0.615533
180000 0.104676 0.252114 0.22307 0.57986
181000 0.106506 0.262371 0.223828 0.592705
182000 0.101651 0.260742 0.238236 0.600629
183000 0.0952351 0.25327 0.232695 0.581201
184000 0.138579 0.26202 0.252095 0.652694
185000 0.107047 0.280868 0.237072 0.624987
186000 0.101375 0.270632 0.238275 0.610283
187000 0.106591 0.305602 0.239901 0.652094
188000 0.101582 0.283258 0.2415 0.62634
189000 0.101978 0.288235 0.248606 0.63882
190000 0.099629 0.302128 0.232333 0.63409
191000 0.112683 0.293265 0.23786 0.643809
192000 0.114167 0.298237 0.24549 0.657894
193000 0.112696 0.272701 0.235505 0.620902
194000 0.109775 0.282649 0.248287 0.640711
195000 0.112172 0.317775 0.241541 0.671488
196000 0.115486 0.30598 0.248795 0.670261
197000 0.107649 0.308082 0.268647 0.684378
198000 0.0997639 0.281716 0.242139 0.623619
199000 0.115788 0.287432 0.241354 0.644575
200000 0.110522 0.306144 0.267907 0.684573
201000 0.119907 0.291972 0.244181 0.65606
202000 0.10222 0.281243 0.254335 0.637798
203000 0.10061 0.283818 0.2321 0.616528
204000 0.134916 0.314167 0.244363 0.693446
205000 0.105814 0.293409 0.252434 0.651658
206000 0.124235 0.298516 0.236023 0.658774
207000 0.0988901 0.302212 0.260753 0.661855
208000 0.119434 0.296377 0.251612 0.667423
209000 0.117831 0.288032 0.249316 0.655179
210000 0.111079 0.305772 0.256798 0.673649
211000 0.152581 0.316037 0.255316 0.723934
212000 0.0951603 0.295438 0.256745 0.647342
213000 0.116926 0.310301 0.241212 0.668439
214000 0.116698 0.299185 0.233698 0.649581
215000 0.100025 0.292585 0.262106 0.654716
216000 0.154165 0.326284 0.25113 0.73158
217000 0.106848 0.299067 0.269212 0.675126
218000 0.122977 0.343634 0.271161 0.737772
219000 0.105431 0.286635 0.257082 0.649147
220000 0.107918 0.278462 0.260101 0.646481
221000 0.108314 0.288416 0.251895 0.648626
222000 0.106641 0.282251 0.26211 0.651002
223000 0.121139 0.278475 0.266812 0.666426
224000 0.11198 0.288268 0.275325 0.675572
225000 0.128187 0.277522 0.26524 0.67095
226000 0.113232 0.282954 0.268323 0.664509
227000 0.106463 0.290238 0.298199 0.694901
228000 0.121212 0.292359 0.257447 0.671018
229000 0.098545 0.268598 0.277334 0.644478
230000 0.107377 0.282529 0.254233 0.644139
231000 0.111301 0.290103 0.26484 0.666245
232000 0.111423 0.302725 0.299347 0.713495
233000 0.129871 0.301411 0.271324 0.702607
234000 0.101529 0.295328 0.290508 0.687365
235000 0.130318 0.297505 0.280822 0.708645
236000 0.112266 0.302315 0.268693 0.683273
237000 0.114354 0.298932 0.296095 0.709381
238000 0.129076 0.307637 0.282752 0.719464
239000 0.107636 0.29707 0.277791 0.682496
240000 0.117985 0.297034 0.269746 0.684765
241000 0.123182 0.297231 0.267044 0.687457
242000 0.126766 0.304321 0.281585 0.712671
243000 0.113453 0.298106 0.280478 0.692037
244000 0.126551 0.312731 0.272759 0.712041
245000 0.120599 0.30647 0.27843 0.705499
246000 0.128228 0.317843 0.281788 0.727858
247000 0.129261 0.313091 0.287792 0.730144
248000 0.13119 0.333564 0.278163 0.742917
249000 0.148329 0.325561 0.300977 0.774867
250000 0.124059 0.312022 0.278026 0.714107
251000 0.125669 0.29892 0.280406 0.704995
252000 0.128282 0.318197 0.289833 0.736312
253000 0.118984 0.331524 0.277776 0.728285
254000 0.152358 0.319158 0.281907 0.753423
255000 0.134061 0.30026 0.279497 0.713818
256000 0.132118 0.308854 0.282058 0.72303
257000 0.131439 0.327086 0.289259 0.747785
258000 0.113749 0.32209 0.279939 0.715779
259000 0.120861 0.310438 0.281165 0.712465
260000 0.115508 0.316223 0.288768 0.720499
261000 0.125715 0.310854 0.280255 0.716824
262000 0.138585 0.331507 0.33841 0.808502
263000 0.118038 0.325156 0.283514 0.726708
264000 0.130306 0.321843 0.285799 0.737947
265000 0.127183 0.305044 0.316096 0.748323
266000 0.121051 0.306316 0.291546 0.718912
267000 0.13643 0.314035 0.355003 0.805469
268000 0.126772 0.312159 0.291513 0.730445
269000 0.126174 0.311966 0.277084 0.715224
270000 0.127429 0.318583 0.301971 0.747984
271000 0.126363 0.325655 0.28722 0.739238
272000 0.122878 0.327993 0.292027 0.742898
273000 0.127175 0.338528 0.29963 0.765332
274000 0.120706 0.311468 0.286916 0.719089
275000 0.164435 0.333313 0.309897 0.807645
276000 0.127004 0.337175 0.29905 0.763228
277000 0.144621 0.365614 0.334475 0.84471
278000 0.122288 0.358535 0.300788 0.781611
279000 0.13266 0.338779 0.285402 0.756841
280000 0.151506 0.343674 0.311566 0.806746
281000 0.126752 0.347451 0.294479 0.768682
282000 0.148361 0.367928 0.334989 0.851278
283000 0.11798 0.336745 0.302933 0.757658
284000 0.128526 0.335028 0.311692 0.775246
285000 0.12882 0.337751 0.297581 0.764152
286000 0.117469 0.339534 0.290155 0.747157
287000 0.157544 0.361051 0.318674 0.837269
288000 0.112821 0.346809 0.293144 0.752774
289000 0.134755 0.342944 0.325662 0.803361
290000 0.138425 0.352242 0.303779 0.794447
291000 0.120063 0.344861 0.301844 0.766767
292000 0.161344 0.349639 0.305974 0.816957
293000 0.119156 0.33598 0.297758 0.752895
294000 0.137551 0.362245 0.325146 0.824942
295000 0.137391 0.348266 0.307935 0.793592
296000 0.144145 0.363899 0.323676 0.831719
297000 0.140648 0.365937 0.301924 0.808509
298000 0.129915 0.358175 0.305079 0.793169
299000 0.136691 0.356224 0.328748 0.821663
300000 0.147198 0.377985 0.296805 0.821988
301000 0.14843 0.379442 0.304792 0.832664
302000 0.142121 0.3666 0.30859 0.81731
303000 0.141874 0.361235 0.290906 0.794015
304000 0.138673 0.347185 0.32352 0.809378
305000 0.145117 0.367044 0.298431 0.810591
306000 0.132297 0.347459 0.312853 0.792608
307000 0.145901 0.335337 0.307536 0.788774
308000 0.141643 0.361313 0.302684 0.805641
309000 0.13809 0.360632 0.319962 0.818685
310000 0.133488 0.378892 0.303345 0.815725
311000 0.134546 0.372361 0.307079 0.813986
312000 0.138517 0.347558 0.309959 0.796034
313000 0.141374 0.346566 0.299586 0.787526
314000 0.13565 0.353823 0.303088 0.792561
315000 0.136665 0.357079 0.317286 0.811029
316000 0.132761 0.357823 0.318465 0.809049
317000 0.14506 0.369707 0.3425 0.857267
318000 0.129484 0.356527 0.301098 0.787109
319000 0.135075 0.358152 0.310823 0.80405
320000 0.151273 0.357737 0.315647 0.824658
321000 0.136262 0.352169 0.302294 0.790725
322000 0.153313 0.372169 0.352614 0.878096
323000 0.125572 0.364906 0.331615 0.822093
324000 0.145515 0.354278 0.335824 0.835618
325000 0.13611 0.360547 0.313418 0.810075
326000 0.138773 0.359246 0.313466 0.811486
327000 0.139415 0.385836 0.342854 0.868105
328000 0.134131 0.375285 0.315257 0.824673
329000 0.123363 0.368016 0.318119 0.809498
330000 0.145133 0.377569 0.304329 0.827031
331000 0.133924 0.362407 0.323045 0.819375
332000 0.134422 0.371036 0.332502 0.837961
333000 0.141338 0.365888 0.314384 0.82161
334000 0.140253 0.367514 0.314183 0.82195
335000 0.144969 0.391022 0.306539 0.842529
336000 0.126152 0.376358 0.305058 0.807568
337000 0.146132 0.368245 0.348003 0.86238
338000 0.142412 0.35585 0.317213 0.815476
339000 0.134582 0.376864 0.326662 0.838108
340000 0.147251 0.382955 0.320992 0.851198
341000 0.142212 0.36164 0.322656 0.826508
342000 0.144911 0.382893 0.345232 0.873035
343000 0.136336 0.371029 0.317454 0.824819
344000 0.130669 0.370195 0.325196 0.82606
345000 0.130582 0.371133 0.327466 0.829181
346000 0.147597 0.373716 0.316834 0.838148
347000 0.133428 0.372295 0.350686 0.856409
348000 0.13583 0.369565 0.314264 0.81966
349000 0.129745 0.352819 0.331933 0.814498
350000 0.148024 0.376291 0.326142 0.850457
351000 0.141382 0.38608 0.312717 0.840179
352000 0.128387 0.3809 0.338087 0.847373
353000 0.142702 0.356836 0.314524 0.814062
354000 0.128405 0.356386 0.334532 0.819324
355000 0.144123 0.375935 0.315712 0.83577
356000 0.143364 0.378551 0.317948 0.839863
357000 0.134209 0.379835 0.347887 0.861931
358000 0.163052 0.391837 0.326811 0.8817
359000 0.135112 0.373854 0.356451 0.865417
360000 0.149773 0.385808 0.325435 0.861016
361000 0.142975 0.378179 0.318299 0.839454
362000 0.124504 0.392307 0.357822 0.874634
363000 0.148141 0.384189 0.325646 0.857976
364000 0.127717 0.371767 0.355111 0.854596
365000 0.149421 0.395021 0.333846 0.878289
366000 0.132273 0.384401 0.335708 0.852382
367000 0.129186 0.376235 0.330473 0.835894
368000 0.159622 0.406412 0.331538 0.897572
369000 0.121708 0.368553 0.336088 0.826348
370000 0.153345 0.371559 0.336537 0.861441
371000 0.131871 0.387686 0.332093 0.85165
372000 0.145614 0.398489 0.344015 0.888118
373000 0.135044 0.380022 0.336464 0.85153
374000 0.130304 0.369815 0.351696 0.851815
375000 0.140194 0.384074 0.340319 0.864587
376000 0.138787 0.382086 0.344456 0.86533
377000 0.139765 0.38162 0.34824 0.869625
378000 0.133905 0.38247 0.348125 0.8645
379000 0.149476 0.405043 0.356984 0.911503
380000 0.134898 0.379276 0.333837 0.848011
381000 0.134103 0.377223 0.344172 0.855498
382000 0.142088 0.389069 0.366253 0.897409
383000 0.125565 0.397289 0.350128 0.872982
384000 0.147854 0.392687 0.366354 0.906895
385000 0.136386 0.38928 0.350306 0.875973
386000 0.135928 0.386604 0.364908 0.88744
387000 0.142682 0.394514 0.363361 0.900557
388000 0.151292 0.383036 0.3473 0.881628
389000 0.159836 0.408104 0.35696 0.9249
390000 0.143766 0.398172 0.346958 0.888896
391000 0.140778 0.401026 0.379622 0.921427
392000 0.146778 0.413743 0.360239 0.920761
393000 0.124719 0.406323 0.360015 0.891058
394000 0.155865 0.442534 0.368716 0.967115
395000 0.151353 0.402505 0.364143 0.918001
396000 0.150995 0.409394 0.360282 0.92067
397000 0.184672 0.407837 0.348875 0.941385
398000 0.142368 0.41212 0.355532 0.910021
399000 0.178093 0.418728 0.351237 0.948058
400000 0.135135 0.412879 0.364285 0.912299
401000 0.139545 0.424496 0.365627 0.929668
402000 0.175584 0.428939 0.358397 0.96292
403000 0.135938 0.402021 0.367165 0.905124
404000 0.156827 0.421856 0.371781 0.950465
405000 0.138873 0.419503 0.392072 0.950449
406000 0.153823 0.432364 0.378598 0.964784
407000 0.157426 0.424756 0.376741 0.958924
408000 0.138508 0.414262 0.381076 0.933846
409000 0.148974 0.444648 0.368123 0.961744
410000 0.143312 0.420767 0.41123 0.975308
411000 0.149717 0.422439 0.380212 0.952367
412000 0.151976 0.433245 0.395966 0.981187
413000 0.142769 0.441974 0.40007 0.984813
414000 0.159401 0.453548 0.385969 0.998918
415000 0.138194 0.442693 0.422111 1.003
416000 0.151312 0.444221 0.392979 0.988512
417000 0.13569 0.42843 0.394656 0.958776
418000 0.153376 0.458082 0.38915 1.00061
419000 0.14765 0.448288 0.380567 0.976505
420000 0.137405 0.443828 0.401228 0.982462
421000 0.16814 0.447853 0.379819 0.995813
422000 0.145099 0.425278 0.396191 0.966568
423000 0.186202 0.458879 0.381247 1.02633
424000 0.144005 0.444296 0.383205 0.971505
425000 0.147882 0.430162 0.415179 0.993223
426000 0.15959 0.447071 0.383371 0.990031
427000 0.139799 0.448798 0.42235 1.01095
428000 0.174346 0.45555 0.390918 1.02081
429000 0.1533 0.458171 0.399372 1.01084
430000 0.158815 0.455196 0.411521 1.02553
431000 0.169715 0.44829 0.378715 0.99672
432000 0.150429 0.447482 0.416014 1.01393
433000 0.202979 0.459407 0.404523 1.06691
434000 0.141181 0.453474 0.402274 0.996929
435000 0.1649 0.46225 0.410531 1.03768
436000 0.150954 0.456608 0.406528 1.01409
437000 0.144576 0.470511 0.425842 1.04093
438000 0.174754 0.473075 0.407872 1.0557
439000 0.144424 0.484782 0.408259 1.03747
440000 0.171693 0.482407 0.405458 1.05956
441000 0.147374 0.470436 0.425301 1.04311
442000 0.159504 0.453603 0.418805 1.03191
443000 0.149736 0.449345 0.434874 1.03396
444000 0.151274 0.474135 0.415953 1.04136
445000 0.16599 0.472819 0.406695 1.0455
446000 0.152065 0.454205 0.43561 1.04188
447000 0.176052 0.471903 0.419461 1.06742
448000 0.145011 0.462403 0.438097 1.04551
449000 0.158313 0.458399 0.421291 1.038
450000 0.156128 0.470464 0.429903 1.0565
451000 0.15077 0.465872 0.423881 1.04052
452000 0.174902 0.489616 0.423585 1.0881
453000 0.138895 0.469631 0.419823 1.02835
454000 0.148365 0.477868 0.409022 1.03526
455000 0.159553 0.498302 0.437969 1.09582
456000 0.14972 0.492752 0.426944 1.06942
457000 0.167753 0.492981 0.438445 1.09918
458000 0.150447 0.485113 0.433818 1.06938
459000 0.167262 0.489699 0.439203 1.09616
460000 0.16487 0.475583 0.424954 1.06541
461000 0.164659 0.491822 0.427981 1.08446
462000 0.17245 0.482451 0.433372 1.08827
463000 0.166121 0.474364 0.417153 1.05764
464000 0.159307 0.482696 0.441435 1.08344
465000 0.15493 0.477946 0.42605 1.05893
466000 0.156394 0.468066 0.427093 1.05155
467000 0.157541 0.496511 0.43493 1.08898
468000 0.161608 0.502488 0.429946 1.09404
469000 0.170027 0.502447 0.475496 1.14797
470000 0.157897 0.488618 0.448987 1.0955
471000 0.160558 0.495375 0.427561 1.08349
472000 0.167816 0.505797 0.447719 1.12133
473000 0.173003 0.500634 0.444581 1.11822
474000 0.166663 0.490715 0.440891 1.09827
475000 0.163849 0.4664 0.454209 1.08446
476000 0.166542 0.503996 0.440143 1.11068
477000 0.169428 0.500986 0.459927 1.13034
478000 0.173277 0.488594 0.445496 1.10737
479000 0.170533 0.499666 0.455932 1.12613
480000 0.168078 0.514188 0.449341 1.13161
481000 0.172933 0.513328 0.446598 1.13286
482000 0.175787 0.509017 0.453579 1.13838
483000 0.178303 0.501713 0.454452 1.13447
484000 0.179329 0.502928 0.464319 1.14658
485000 0.163886 0.502157 0.459482 1.12552
486000 0.172467 0.493694 0.484401 1.15056
487000 0.178586 0.52402 0.493747 1.19635
488000 0.154059 0.523792 0.466081 1.14393
489000 0.175058 0.512945 0.487623 1.17562
490000 0.166204 0.514537 0.466765 1.1475
491000 0.169212 0.534993 0.465484 1.16969
492000 0.185824 0.525582 0.481885 1.19329
493000 0.17136 0.529173 0.470924 1.17146
494000 0.176969 0.53926 0.483491 1.19972
495000 0.177578 0.519574 0.498782 1.19593
496000 0.185022 0.520044 0.464858 1.16992
497000 0.17474 0.549735 0.504916 1.22939
498000 0.1739 0.542568 0.471494 1.18796
499000 0.190084 0.535844 0.498184 1.22411
500000 0.172133 0.523093 0.491375 1.1866
501000 0.226995 0.548103 0.482047 1.25714
502000 0.157273 0.543628 0.518725 1.21963
503000 0.173726 0.533545 0.485353 1.19262
504000 0.176616 0.529649 0.485886 1.19215
505000 0.170121 0.536916 0.502667 1.2097
506000 0.178791 0.538503 0.486838 1.20413
507000 0.170574 0.532886 0.53591 1.23937
508000 0.181241 0.552129 0.484921 1.21829
509000 0.168107 0.550372 0.556756 1.27523
510000 0.206026 0.555164 0.497149 1.25834
511000 0.177994 0.545873 0.484981 1.20885
512000 0.175641 0.563973 0.540404 1.28002
513000 0.188545 0.561753 0.502134 1.25243
514000 0.163738 0.548155 0.554835 1.26673
515000 0.181914 0.55574 0.498957 1.23661
516000 0.178491 0.567472 0.506043 1.25201
517000 0.187398 0.561454 0.518491 1.26734
518000 0.188197 0.561514 0.502222 1.25193
519000 0.179907 0.570491 0.541567 1.29196
520000 0.207404 0.568367 0.504616 1.28039
521000 0.178447 0.578125 0.512463 1.26904
522000 0.187329 0.570523 0.526491 1.28434
523000 0.198872 0.584068 0.503785 1.28672
524000 0.17801 0.582584 0.521508 1.2821
525000 0.19937 0.574625 0.513931 1.28793
526000 0.175391 0.602222 0.507627 1.28524
527000 0.179862 0.593084 0.5485 1.32145
528000 0.183142 0.571899 0.516183 1.27122
529000 0.176271 0.578569 0.55181 1.30665
530000 0.211889 0.577208 0.505659 1.29476
531000 0.179662 0.564555 0.511842 1.25606
532000 0.199546 0.579784 0.525854 1.30518
533000 0.193645 0.579799 0.509561 1.283
534000 0.184411 0.56355 0.564719 1.31268
535000 0.213863 0.582091 0.51321 1.30916
536000 0.180024 0.580897 0.543149 1.30407
537000 0.199746 0.594212 0.526247 1.32021
538000 0.193339 0.585164 0.520428 1.29893
539000 0.192242 0.583509 0.562846 1.3386
540000 0.196419 0.58009 0.521971 1.29848
541000 0.201772 0.582719 0.55029 1.33478
542000 0.198087 0.59398 0.53322 1.32529
543000 0.195707 0.576969 0.524767 1.29744
544000 0.193663 0.578811 0.54242 1.31489
545000 0.193808 0.594446 0.53533 1.32358
546000 0.18337 0.59123 0.532545 1.30714
547000 0.18214 0.603091 0.533789 1.31902
548000 0.217409 0.573828 0.51871 1.30995
549000 0.175373 0.572797 0.53107 1.27924
550000 0.203478 0.569931 0.516802 1.29021
551000 0.18455 0.58592 0.553713 1.32418
552000 0.200838 0.574372 0.521649 1.29686
553000 0.218082 0.576634 0.522046 1.31676
554000 0.195509 0.585519 0.539544 1.32057
555000 0.208445 0.574505 0.522072 1.30502
556000 0.182181 0.575002 0.54519 1.30237
557000 0.203309 0.584542 0.529585 1.31744
558000 0.208851 0.598241 0.521797 1.32889
559000 0.179172 0.600055 0.566424 1.34565
560000 0.23392 0.613838 0.534494 1.38225
561000 0.192418 0.582248 0.528807 1.30347
562000 0.199587 0.62812 0.542543 1.37025
563000 0.201872 0.622411 0.536068 1.36035
564000 0.181945 0.588609 0.551496 1.32205
565000 0.218216 0.611382 0.529258 1.35886
566000 0.210034 0.623865 0.531291 1.36519
567000 0.200557 0.623893 0.550459 1.37491
568000 0.220385 0.597191 0.527656 1.34523
569000 0.193549 0.630087 0.588683 1.41232
570000 0.21817 0.616294 0.549851 1.38432
571000 0.191992 0.610448 0.564755 1.36719
572000 0.201233 0.606564 0.55672 1.36452
573000 0.202049 0.634609 0.543175 1.37983
574000 0.197392 0.613292 0.586189 1.39687
575000 0.220766 0.614271 0.542138 1.37717
576000 0.201027 0.613013 0.574573 1.38861
577000 0.19455 0.633145 0.562687 1.39038
578000 0.215813 0.657748 0.550187 1.42375
579000 0.196509 0.62923 0.604192 1.42993
580000 0.212087 0.622826 0.570341 1.40525
581000 0.196926 0.652449 0.615315 1.46469
582000 0.203782 0.635008 0.56152 1.40031
583000 0.2035 0.620198 0.575954 1.39965
584000 0.191264 0.620677 0.582974 1.39491
585000 0.244249 0.630868 0.573991 1.44911
586000 0.201968 0.633804 0.617982 1.45375
587000 0.243619 0.634091 0.561815 1.43952
588000 0.19005 0.599174 0.555557 1.34478
589000 0.215288 0.648903 0.588875 1.45307
590000 0.219059 0.629115 0.561905 1.41008
591000 0.191519 0.629739 0.609142 1.4304
592000 0.229096 0.62792 0.567311 1.42433
593000 0.195842 0.629045 0.581037 1.40592
594000 0.259169 0.6152 0.580776 1.45515
595000 0.194742 0.640099 0.557446 1.39229
596000 0.199957 0.622876 0.579556 1.40239
597000 0.230818 0.661137 0.579803 1.47176
598000 0.189372 0.62932 0.555222 1.37391
599000 0.23096 0.654195 0.618148 1.5033
600000 0.201997 0.606983 0.581708 1.39069
601000 0.194697 0.625888 0.582556 1.40314
602000 0.230039 0.626982 0.562927 1.41995
603000 0.193268 0.618837 0.55398 1.36608
604000 0.210729 0.626825 0.611908 1.44946
605000 0.209168 0.630113 0.5674 1.40668
606000 0.207095 0.629197 0.588866 1.42516
607000 0.225956 0.643692 0.587911 1.45756
608000 0.198524 0.619162 0.569058 1.38674
609000 0.236676 0.629609 0.59528 1.46156
610000 0.208841 0.626119 0.584182 1.41914
611000 0.206693 0.625273 0.580921 1.41289
612000 0.223655 0.635586 0.59881 1.45805
613000 0.207127 0.641505 0.559892 1.40852
614000 0.23216 0.62924 0.602888 1.46429
615000 0.202467 0.631391 0.576219 1.41008
616000 0.214121 0.614516 0.567058 1.3957
617000 0.217369 0.623576 0.573439 1.41438
618000 0.214115 0.613045 0.566102 1.39326
619000 0.232766 0.625423 0.599731 1.45792
620000 0.202383 0.63018 0.569528 1.40209
621000 0.21005 0.636613 0.573203 1.41987
622000 0.218401 0.636956 0.590258 1.44561
623000 0.214541 0.641717 0.564897 1.42115
624000 0.226633 0.641882 0.58019 1.44871
625000 0.204171 0.621206 0.570973 1.39635
626000 0.201891 0.636645 0.588943 1.42748
627000 0.23524 0.641985 0.569983 1.44721
628000 0.199367 0.630234 0.571725 1.40133
629000 0.232441 0.661897 0.587165 1.4815
630000 0.2011 0.621045 0.578651 1.4008
631000 0.208105 0.630543 0.607886 1.44653
632000 0.195823 0.625343 0.586072 1.40724
633000 0.208242 0.63428 0.571147 1.41367
634000 0.200785 0.612077 0.583374 1.39624
635000 0.208614 0.63189 0.582021 1.42252
636000 0.209712 0.653716 0.607697 1.47113
637000 0.209587 0.64116 0.590105 1.44085
638000 0.236822 0.643868 0.60209 1.48278
639000 0.222228 0.638722 0.604015 1.46497
640000 0.210219 0.644318 0.599856 1.45439
641000 0.208506 0.641153 0.593762 1.44342
642000 0.221792 0.669704 0.597977 1.48947
643000 0.206701 0.65153 0.572167 1.4304
644000 0.217641 0.659985 0.598521 1.47615
645000 0.20814 0.642536 0.601043 1.45172
646000 0.230072 0.64831 0.580565 1.45895
647000 0.207761 0.639679 0.59586 1.4433
648000 0.24591 0.654826 0.584903 1.48564
649000 0.2083 0.644627 0.608336 1.46126
650000 0.204543 0.673528 0.622628 1.5007
651000 0.214002 0.649934 0.594284 1.45822
652000 0.216955 0.63801 0.616833 1.4718
653000 0.22568 0.667559 0.584092 1.47733
654000 0.21197 0.666168 0.612617 1.49075
655000 0.240875 0.662757 0.619502 1.52313
656000 0.220508 0.651059 0.6032 1.47477
657000 0.217441 0.643878 0.622496 1.48381
658000 0.238925 0.664769 0.593167 1.49686
659000 0.206162 0.640942 0.593572 1.44068
660000 0.245966 0.664155 0.611413 1.52153
661000 0.214824 0.666571 0.593451 1.47485
662000 0.218364 0.66061 0.629958 1.50893
663000 0.245422 0.6826 0.603846 1.53187
664000 0.221196 0.679956 0.597463 1.49862
665000 0.244069 0.671137 0.625856 1.54106
666000 0.215398 0.681702 0.592321 1.48942
667000 0.217306 0.682348 0.605099 1.50475
668000 0.224452 0.663086 0.621947 1.50949
669000 0.219851 0.664701 0.586291 1.47084
670000 0.239229 0.678554 0.61608 1.53386
671000 0.220544 0.67805 0.606318 1.50491
672000 0.23348 0.653175 0.610024 1.49668
673000 0.227413 0.64833 0.632639 1.50838
674000 0.239483 0.654415 0.614889 1.50879
675000 0.218411 0.662367 0.628781 1.50956
676000 0.242075 0.64845 0.597704 1.48823
677000 0.232381 0.669907 0.627314 1.5296
678000 0.228768 0.659001 0.627991 1.51576
679000 0.250558 0.670854 0.605604 1.52702
680000 0.223347 0.662546 0.61858 1.50447
681000 0.277743 0.677185 0.621121 1.57605
682000 0.227055 0.669467 0.61705 1.51357
683000 0.232512 0.684592 0.620956 1.53806
684000 0.223179 0.658466 0.590177 1.47182
685000 0.214286 0.663537 0.616882 1.49471
686000 0.235639 0.682647 0.618972 1.53726
687000 0.229852 0.692124 0.608249 1.53023
688000 0.238165 0.688952 0.626027 1.55314
689000 0.228345 0.676012 0.606204 1.51056
690000 0.233126 0.691199 0.626386 1.55071
691000 0.233691 0.672833 0.606596 1.51312
692000 0.230681 0.680112 0.619074 1.52987
693000 0.245152 0.683708 0.610537 1.5394
694000 0.229613 0.67804 0.621211 1.52886
695000 0.224622 0.676989 0.617137 1.51875
696000 0.252868 0.675725 0.613361 1.54195
697000 0.233917 0.676077 0.633012 1.54301
698000 0.268658 0.677701 0.623849 1.57021
699000 0.218606 0.678501 0.601662 1.49877
700000 0.227082 0.692838 0.651396 1.57132
701000 0.264066 0.720687 0.621657 1.60641
702000 0.225105 0.667466 0.640898 1.53347
703000 0.23704 0.689326 0.636621 1.56299
704000 0.245343 0.690964 0.613224 1.54953
705000 0.221102 0.707517 0.636427 1.56505
706000 0.279834 0.707376 0.607049 1.59426
707000 0.229615 0.682621 0.633027 1.54526
708000 0.242274 0.709173 0.63883 1.59028
709000 0.241642 0.714673 0.64357 1.59989
710000 0.230659 0.701859 0.64294 1.57546
711000 0.25702 0.717367 0.634446 1.60883
712000 0.241569 0.697217 0.635637 1.57442
713000 0.259383 0.706772 0.632318 1.59847
714000 0.231127 0.694415 0.621996 1.54754
715000 0.25421 0.723973 0.66528 1.64346
716000 0.245205 0.720178 0.623091 1.58847
717000 0.236063 0.707393 0.641622 1.58508
718000 0.276816 0.703413 0.63231 1.61254
719000 0.23495 0.69381 0.618158 1.54692
720000 0.277003 0.725156 0.641786 1.64395
721000 0.236867 0.733168 0.645579 1.61561
722000 0.238116 0.679602 0.659902 1.57762
723000 0.246751 0.721658 0.637448 1.60586
724000 0.238509 0.71687 0.643368 1.59875
725000 0.241641 0.727649 0.648896 1.61819
726000 0.242457 0.727797 0.652493 1.62275
727000 0.232734 0.721468 0.640822 1.59502
728000 0.266687 0.728803 0.62727 1.62276
729000 0.253622 0.743825 0.673242 1.67069
730000 0.24566 0.757054 0.652065 1.65478
731000 0.237786 0.726614 0.647218 1.61162
732000 0.262537 0.719987 0.650429 1.63295
733000 0.268755 0.742845 0.65112 1.66272
734000 0.24504 0.733118 0.662167 1.64033
735000 0.285003 0.739772 0.646994 1.67177
736000 0.233609 0.744396 0.647153 1.62516
737000 0.267428 0.746486 0.655779 1.66969
738000 0.243803 0.726022 0.662975 1.6328
739000 0.241909 0.737611 0.650082 1.6296
740000 0.268192 0.746291 0.643746 1.65823
741000 0.241946 0.748517 0.661508 1.65197
742000 0.292345 0.736676 0.644564 1.67359
743000 0.240458 0.73428 0.652471 1.62721
744000 0.269465 0.761331 0.66022 1.69102
745000 0.231236 0.736588 0.655022 1.62285
746000 0.253847 0.740489 0.635588 1.62992
747000 0.26263 0.746734 0.669467 1.67883
748000 0.245837 0.720511 0.635541 1.60189
749000 0.24505 0.747072 0.65817 1.65029
750000 0.248129 0.756811 0.658553 1.66349
751000 0.240286 0.733332 0.649461 1.62308
752000 0.261323 0.736028 0.668605 1.66596
753000 0.248075 0.733761 0.642353 1.62419
754000 0.262543 0.72235 0.666551 1.65144
755000 0.244839 0.755162 0.668968 1.66897
756000 0.252999 0.73344 0.658391 1.64483
757000 0.251218 0.735536 0.674715 1.66147
758000 0.235994 0.725036 0.638317 1.59935
759000 0.272865 0.737536 0.636469 1.64687
760000 0.236816 0.737106 0.644155 1.61808
761000 0.27446 0.748975 0.637961 1.6614
762000 0.242566 0.731316 0.679511 1.65339
763000 0.266577 0.741586 0.637362 1.64552
764000 0.270418 0.739294 0.669997 1.67971
765000 0.251741 0.74457 0.666788 1.6631
766000 0.301318 0.731476 0.658133 1.69093
767000 0.248168 0.772665 0.649226 1.67006
768000 0.262772 0.723439 0.635276 1.62149
769000 0.254006 0.734394 0.70247 1.69087
770000 0.256596 0.736331 0.653955 1.64688
771000 0.284772 0.743617 0.672773 1.70116
772000 0.259941 0.748918 0.685867 1.69473
773000 0.274879 0.757246 0.687043 1.71917
774000 0.25158 0.759625 0.683248 1.69445
775000 0.247876 0.755018 0.658123 1.66102
776000 0.276479 0.738547 0.685017 1.70004
777000 0.242864 0.751032 0.709499 1.7034
778000 0.290911 0.751052 0.66473 1.70669
779000 0.251895 0.779704 0.725164 1.75676
780000 0.254391 0.758613 0.670931 1.68394
781000 0.251252 0.75118 0.694162 1.69659
782000 0.263089 0.758268 0.699642 1.721
783000 0.26156 0.759585 0.68195 1.70309
784000 0.258806 0.763241 0.728054 1.7501
785000 0.265135 0.790851 0.698608 1.75459
786000 0.256652 0.770199 0.712047 1.7389
787000 0.258018 0.764895 0.721444 1.74436
788000 0.266266 0.772423 0.688269 1.72696
789000 0.270783 0.776725 0.73403 1.78154
790000 0.264823 0.786754 0.699717 1.75129
791000 0.258191 0.782532 0.681526 1.72225
792000 0.269968 0.781111 0.713689 1.76477
793000 0.258624 0.774685 0.687688 1.721
794000 0.270742 0.769731 0.74092 1.78139
795000 0.255561 0.791616 0.689945 1.73712
796000 0.259841 0.775861 0.707089 1.74279
797000 0.266461 0.795632 0.746506 1.8086
798000 0.254837 0.784928 0.697078 1.73684
799000 0.280636 0.788462 0.739144 1.80824
800000 0.260428 0.786324 0.705271 1.75202
801000 0.273131 0.797634 0.702073 1.77284
802000 0.265653 0.808049 0.726478 1.80018
803000 0.268 0.787452 0.703782 1.75923
804000 0.283098 0.809317 0.758575 1.85099
805000 0.284317 0.775147 0.703778 1.76324
806000 0.27031 0.789593 0.707531 1.76743
807000 0.274974 0.779588 0.715257 1.76982
808000 0.274273 0.78468 0.702532 1.76148
809000 0.272758 0.783974 0.757244 1.81398
810000 0.282492 0.781803 0.730259 1.79455
811000 0.265064 0.781943 0.737424 1.78443
812000 0.26757 0.781504 0.739805 1.78888
813000 0.271765 0.777058 0.728001 1.77682
814000 0.273113 0.791878 0.742268 1.80726
815000 0.276611 0.802863 0.734189 1.81366
816000 0.28235 0.827052 0.73978 1.84918
817000 0.278517 0.794961 0.732016 1.80549
818000 0.268701 0.779628 0.745224 1.79355
819000 0.287648 0.795329 0.739547 1.82252
820000 0.269278 0.795892 0.729625 1.7948
821000 0.275899 0.791733 0.759763 1.8274
822000 0.275317 0.802215 0.723474 1.80101
823000 0.259134 0.799645 0.747268 1.80605
824000 0.265212 0.790179 0.729605 1.785
825000 0.270403 0.810681 0.744281 1.82537
826000 0.290982 0.827699 0.756958 1.87564
827000 0.264698 0.803884 0.747012 1.81559
828000 0.269088 0.795747 0.783995 1.84883
829000 0.272553 0.809079 0.728399 1.81003
830000 0.263542 0.813777 0.752966 1.83029
831000 0.268538 0.788513 0.752128 1.80918
832000 0.252734 0.802197 0.750663 1.80559
833000 0.295125 0.815874 0.781865 1.89286
834000 0.264706 0.824658 0.761515 1.85088
835000 0.271147 0.808941 0.771903 1.85199
836000 0.286361 0.817978 0.758469 1.86281
837000 0.282351 0.836713 0.754116 1.87318
838000 0.303676 0.864576 0.785237 1.95349
839000 0.265955 0.801254 0.756064 1.82327
840000 0.304978 0.799343 0.774028 1.87835
841000 0.275729 0.799669 0.76321 1.83861
842000 0.259646 0.825164 0.767105 1.85192
843000 0.313694 0.843052 0.808691 1.96544
844000 0.269294 0.828166 0.768754 1.86622
845000 0.286782 0.818391 0.784048 1.88922
846000 0.260269 0.823373 0.769495 1.85314
847000 0.270846 0.833366 0.76442 1.86863
848000 0.282328 0.841371 0.783069 1.90677
849000 0.27251 0.821764 0.764198 1.85847
850000 0.265455 0.810214 0.774237 1.84991
851000 0.284185 0.825057 0.763057 1.8723
852000 0.26566 0.81972 0.737208 1.82259
853000 0.307941 0.843744 0.808754 1.96044
854000 0.263922 0.833447 0.756131 1.8535
855000 0.301049 0.835616 0.798336 1.935
856000 0.288805 0.823137 0.777984 1.88993
857000 0.268032 0.831218 0.766917 1.86617
858000 0.296071 0.832529 0.828612 1.95721
859000 0.286839 0.834011 0.770502 1.89135
860000 0.322401 0.840678 0.786579 1.94966
861000 0.268304 0.833386 0.785588 1.88728
862000 0.281113 0.832101 0.76939 1.8826
863000 0.299717 0.843783 0.793201 1.9367
864000 0.272324 0.815195 0.785585 1.8731
865000 0.316559 0.83089 0.785667 1.93312
866000 0.27018 0.826159 0.806472 1.90281
867000 0.290065 0.822583 0.796984 1.90963
868000 0.273625 0.839726 0.835211 1.94856
869000 0.291679 0.846362 0.816648 1.95469
870000 0.30203 0.837282 0.813134 1.95245
871000 0.284386 0.849097 0.813252 1.94673
872000 0.260178 0.812643 0.79304 1.86586
873000 0.303311 0.844968 0.841274 1.98955
874000 0.287901 0.876788 0.816459 1.98115
875000 0.288008 0.869402 0.842758 2.00017
876000 0.30197 0.859033 0.818545 1.97955
877000 0.27925 0.852452 0.826204 1.95791
878000 0.293015 0.86652 0.866561 2.0261
879000 0.274231 0.864163 0.815416 1.95381
880000 0.290639 0.861984 0.836944 1.98957
881000 0.288311 0.86433 0.814859 1.9675
882000 0.284342 0.872975 0.81843 1.97575
883000 0.282573 0.855494 0.834802 1.97287
884000 0.28131 0.825349 0.80703 1.91369
885000 0.269073 0.870194 0.852624 1.99189
886000 0.281393 0.847417 0.812566 1.94138
887000 0.280944 0.876952 0.832918 1.99081
888000 0.290159 0.854224 0.858321 2.0027
889000 0.28442 0.874847 0.848482 2.00775
890000 0.286352 0.872468 0.886294 2.04511
891000 0.290526 0.866263 0.830475 1.98726
892000 0.29466 0.852374 0.844157 1.99119
893000 0.284082 0.884032 0.868392 2.03651
894000 0.32397 0.894568 0.850472 2.06901
895000 0.283811 0.878149 0.877409 2.03937
896000 0.294538 0.87557 0.828337 1.99844
897000 0.306771 0.885982 0.848836 2.04159
898000 0.286158 0.900341 0.84109 2.02759
899000 0.293304 0.880334 0.820765 1.9944
900000 0.299822 0.871095 0.828872 1.99979
901000 0.295513 0.886482 0.819653 2.00165
902000 0.307439 0.896073 0.856392 2.0599
903000 0.286739 0.87427 0.868812 2.02982
904000 0.300995 0.875591 0.879663 2.05625
905000 0.28463 0.860011 0.865656 2.0103
906000 0.285228 0.890749 0.854438 2.03041
907000 0.289375 0.884676 0.882121 2.05617
908000 0.282225 0.869373 0.873793 2.02539
909000 0.314808 0.872285 0.867397 2.05449
910000 0.28428 0.872874 0.869069 2.02622
911000 0.317648 0.877969 0.870811 2.06643
912000 0.280564 0.885097 0.873656 2.03932
913000 0.290083 0.887898 0.880149 2.05813
914000 0.309845 0.894054 0.863337 2.06724
915000 0.280583 0.879914 0.884141 2.04464
916000 0.294091 0.891275 0.875626 2.06099
917000 0.291369 0.903833 0.875212 2.07041
918000 0.293365 0.877989 0.88077 2.05212
919000 0.297505 0.882121 0.867483 2.04711
920000 0.282148 0.910465 0.868283 2.0609
921000 0.304006 0.9163 0.888528 2.10883
922000 0.301414 0.885813 0.857266 2.04449
923000 0.292872 0.881942 0.860004 2.03482
924000 0.316832 0.898029 0.861308 2.07617
925000 0.291212 0.88348 0.871979 2.04667
926000 0.301582 0.885861 0.871388 2.05883
927000 0.284482 0.905389 0.887391 2.07726
928000 0.294142 0.90789 0.873294 2.07533
929000 0.294708 0.906424 0.886885 2.08802
930000 0.308164 0.890216 0.878016 2.0764
931000 0.306075 0.892652 0.900811 2.09954
932000 0.286277 0.913418 0.872273 2.07197
933000 0.294984 0.918702 0.885774 2.09946
934000 0.30683 0.896072 0.864909 2.06781
935000 0.286473 0.876176 0.866272 2.02892
936000 0.309979 0.886231 0.888502 2.08471
937000 0.303872 0.904264 0.897248 2.10538
938000 0.300433 0.920475 0.874486 2.09539
939000 0.313639 0.898229 0.871335 2.0832
940000 0.299643 0.917494 0.891105 2.10824
941000 0.294856 0.921728 0.876608 2.09319
942000 0.312862 0.917139 0.90178 2.13178
943000 0.299168 0.923659 0.864162 2.08699
944000 0.312224 0.93349 0.906558 2.15227
945000 0.311042 0.92678 0.887868 2.12569
946000 0.307678 0.905328 0.881415 2.09442
947000 0.318603 0.90254 0.883673 2.10482
948000 0.295084 0.913087 0.901909 2.11008
949000 0.311808 0.905457 0.867711 2.08498
950000 0.306009 0.912568 0.907196 2.12577
951000 0.298376 0.891606 0.883975 2.07396
952000 0.312853 0.906617 0.881298 2.10077
953000 0.304559 0.902299 0.878108 2.08497
954000 0.343215 0.926692 0.878562 2.14847
955000 0.306298 0.911069 0.865967 2.08333
956000 0.342481 0.903566 0.871065 2.11711
957000 0.312786 0.914938 0.897319 2.12504
958000 0.318847 0.89924 0.895123 2.11321
959000 0.335735 0.905225 0.900525 2.14148
960000 0.316314 0.920343 0.904062 2.14072
961000 0.341132 0.903892 0.891592 2.13662
962000 0.305876 0.936488 0.902139 2.1445
963000 0.305932 0.934238 0.898879 2.13905
964000 0.306466 0.928287 0.891843 2.1266
965000 0.305467 0.962757 0.893341 2.16156
966000 0.338001 0.939238 0.886662 2.1639
967000 0.318744 0.939434 0.920551 2.17873
968000 0.31583 0.942385 0.913979 2.17219
969000 0.318127 0.920101 0.912091 2.15032
970000 0.318377 0.947858 0.903635 2.16987
971000 0.32039 0.907734 0.898219 2.12634
972000 0.302735 0.948772 0.905277 2.15679
973000 0.313274 0.931244 0.91383 2.15835
974000 0.313384 0.897154 0.900528 2.11107
975000 0.331035 0.932421 0.91896 2.18242
976000 0.31518 0.931399 0.913848 2.16043
977000 0.312115 0.92404 0.92199 2.15814
978000 0.335647 0.951244 0.884107 2.171
979000 0.302862 0.936499 0.893339 2.1327
980000 0.326499 0.964267 0.906814 2.19758
981000 0.315478 0.93577 0.908869 2.16012
982000 0.307615 0.984108 0.905432 2.19715
983000 0.34304 0.949616 0.933792 2.22645
984000 0.301137 0.960739 0.899068 2.16094
985000 0.326779 0.930677 0.917141 2.1746
986000 0.322729 0.940168 0.898634 2.16153
987000 0.313757 0.988946 0.941126 2.24383
988000 0.329161 0.935287 0.912301 2.17675
989000 0.324272 0.960457 0.918395 2.20312
990000 0.348311 0.962339 0.927827 2.23848
991000 0.313471 0.931773 0.917547 2.16279
992000 0.329776 0.963038 0.939442 2.23226
993000 0.32113 0.939737 0.920411 2.18128
994000 0.324337 0.949448 0.920629 2.19441
995000 0.320698 0.942149 0.930235 2.19308
996000 0.31247 0.945589 0.905996 2.16406
997000 0.34253 0.941489 0.917892 2.20191
998000 0.313169 0.954096 0.923525 2.19079
999000 0.338936 0.94686 0.895599 2.18139
1000000 0.309089 0.94919 0.914059 2.17234
1001000 0.353189 0.947822 0.905003 2.20601
1002000 0.316597 0.91733 0.929058 2.16299
1003000 0.332172 0.952985 0.939856 2.22501
1004000 0.320716 0.944596 0.92225 2.18756
1005000 0.320812 0.938706 0.934952 2.19447
1006000 0.318088 0.962036 0.92106 2.20118
1007000 0.31477 0.952344 0.919439 2.18655
1008000 0.322931 0.951135 0.930049 2.20411
1009000 0.312857 0.950083 0.932285 2.19523
1010000 0.316431 0.961281 0.933171 2.21088
1011000 0.324778 0.966278 0.945159 2.23621
1012000 0.342626 0.9552 0.944912 2.24274
1013000 0.340648 0.972397 0.933331 2.24638
1014000 0.327672 0.97315 0.93952 2.24034
1015000 0.346114 0.970346 0.949391 2.26585
1016000 0.322952 0.967605 0.958892 2.24945
1017000 0.329881 0.95991 0.955803 2.24559
1018000 0.334843 0.980854 0.954705 2.2704
1019000 0.316946 0.980869 0.971233 2.26905
1020000 0.343842 0.972799 0.946011 2.26265
1021000 0.312093 0.970814 0.986729 2.26964
1022000 0.346639 1.00092 0.963389 2.31095
1023000 0.326121 0.983626 0.96491 2.27466
1024000 0.34876 0.997662 0.979946 2.32637
1025000 0.331538 0.981602 0.981279 2.29442
1026000 0.331527 1.00263 0.993518 2.32767
1027000 0.352459 1.0049 0.983235 2.34059
1028000 0.318093 0.992793 0.964761 2.27565
1029000 0.345344 0.994009 1.00733 2.34668
1030000 0.330211 0.968962 0.991524 2.2907
