Spec eventId                          1
Original eventId                1231676
Refinement step                       0
event label            :        1147324        794112        974955
energy barrier         :       1.85350099
initial energy          :   -142.63939565
FINAL energy            :   -142.62749311
rate constant prefactor :  0.72876757E-18
rate htst prefactor     :  0.00000000E+00
rate of event           :  0.72876757E-18
delr initial-SADDLE     :      2.80708783
delr initial-FINAL      :      5.29000025
delr main atom (normalized) :       0.99238218     -0.03726947      0.11742487
npar initial-SADDLE     :            33
npar initial-FINAL      :            33
active atom label       :            18
ncluster                :            32
cluster atoms           :
            33
             8
             4
            19
             3
             2
            10
            15
            31
            16
            12
            29
            13
            25
             9
             7
            23
            22
            32
            28
            30
            18
            24
            20
            26
            11
            27
            21
             5
            17
             1
             6
             0
             0
             0
             0
             0
             0
             0
             0
             0
             0
             0
             0
             0
             0
             0
             0
             0
             0
             0
             0
             0
             0
             0
             0
             0
             0
             0
             0
             0
             0
             0
             0
             0
             0
             0
             0
             0
             0
             0
             0
             0
             0
             0
             0
             0
             0
             0
             0
             0
             0
             0
             0
             0
             0
             0
             0
             0
             0
             0
             0
             0
             0
             0
             0
             0
             0
             0
             0
             0
             0
             0
             0
             0
             0
             0
             0
             0
             0
             0
             0
             0
             0
             0
             0
             0
             0
             0
             0
             0
             0
             0
             0
             0
             0
             0
             0
             0
             0
             0
             0
             0
             0
             0
             0
             0
             0
             0
             0
             0
             0
             0
             0
             0
             0
             0
             0
             0
             0
             0
             0
             0
             0
             0
             0
             0
             0
             0
             0
             0
             0
             0
             0
             0
             0
             0
             0
             0
             0
             0
             0
             0
             0
             0
             0
             0
             0
             0
             0
             0
             0
             0
             0
             0
             0
             0
             0
             0
             0
             0
             0
             0
             0
             0
             0
             0
             0
             0
             0
             0
             0
             0
             0
             0
             0
             0
             0
             0
             0
             0
             0
             0
             0
             0
             0
             0
             0
             0
             0
             0
             0
             0
             0
             0
             0
             0
             0
             0
             0
             0
             0
             0
             0
             0
             0
             0
             0
             0
             0
             0
             0
             0
             0
             0
             0
             0
             0
             0
             0
             0
             0
             0
             0
             0
             0
             0
             0
             0
             0
             0
             0
             0
             0
             0
             0
             0
             0
             0
             0
             0
             0
             0
             0
             0
             0
             0
             0
             0
             0
             0
             0
             0
             0
             0
             0
             0
             0
             0
             0
             0
             0
             0
             0
             0
             0
             0
             0
             0
             0
             0
             0
             0
             0
             0
             0
             0
             0
             0
             0
             0
             0
             0
             0
             0
             0
             0
             0
             0
             0
             0
             0
             0
             0
             0
             0
             0
             0
             0
             0
             0
             0
             0
             0
             0
             0
             0
             0
             0
             0
             0
             0
             0
             0
             0
             0
             0
             0
             0
             0
             0
             0
             0
             0
             0
             0
             0
             0
             0
             0
             0
             0
             0
             0
             0
             0
             0
             0
             0
             0
             0
             0
             0
             0
             0
             0
             0
             0
             0
             0
             0
             0
             0
             0
             0
             0
             0
             0
             0
             0
             0
             0
             0
             0
             0
             0
             0
             0
             0
             0
             0
             0
             0
             0
             0
             0
             0
             0
             0
             0
             0
             0
             0
             0
             0
             0
             0
             0
             0
             0
             0
             0
             0
             0
             0
             0
             0
             0
             0
             0
             0
             0
             0
             0
             0
             0
             0
             0
             0
             0
             0
             0
             0
             0
             0
             0
             0
             0
             0
             0
             0
             0
             0
             0
             0
             0
             0
             0
             0
             0
             0
             0
             0
             0
             0
             0
             0
             0
             0
             0
             0
             0
             0
             0
             0
             0
             0
             0
             0
             0
             0
             0
             0
             0
             0
             0
             0
             0
             0
             0
             0
             0
             0
             0
             0
             0
             0
             0
             0
             0
             0
             0
             0
             0
             0
             0
             0
             0
             0
             0
             0
             0

  Initial pos 

   1.9984014443252818E-015  -3.5963812297415747        1.9094096726979171        2.2127489821488906        3.5963812153560486        1.9094096726979153       -2.2127489677633632        3.5963812153560495        1.9094096726979153       -8.8817841970012523E-016  -1.3836322475926854        1.9094096726979153       -1.9984014443252818E-015   1.3836322475926899        1.9094096726979135       -8.8817841970012523E-016   3.5963812153560495      -0.30333929506545054       -8.8817841970012523E-016   3.5963812153560495       -3.0706037902508205       -3.5963812153560504        1.7594834945461653       -1.6869715426581351       -3.5963812153560504       -1.7594834945461648       -1.6869715426581351        1.9094096870834421        3.5963812153560504       -1.6869715426581351       -1.9094096726979162        3.5963812153560504       -1.6869715426581351        1.7672196911257549       -1.8291615386158209       -3.5161330812739560        1.7672196911257549        1.8291615242302957       -3.5161330812739546       -1.7672196911257558       -1.8291615386158195       -3.5161330812739546       -1.7672196911257569        1.8291615242302948       -3.5161330812739546       -3.5963812153560504        1.6869715426581351        1.9094096726979153       -3.5963812153560504       -1.6869715426581355        1.9094096726979153       -3.5963812153560504        0.0000000000000000        7.2511951888029280E-002   1.8368977351954119        0.0000000000000000       -1.6869715426581351       -1.8368977208098860        0.0000000000000000       -1.6869715426581351       -3.5963812153560513        0.0000000000000000       -3.4464550372042990        0.0000000000000000        0.0000000000000000        0.0000000000000000        1.9094096870834403        0.0000000000000000        1.9094096726979153       -1.9094096726979153        0.0000000000000000        1.9094096726979153        0.0000000000000000        0.0000000000000000       -3.3739430853162706        0.0000000000000000        1.6869715426581351       -1.6869715426581351        0.0000000000000000       -1.6869715426581355       -1.6869715426581351        1.7672196911257549       -1.8291615386158209       0.14218998157215967        1.7672196911257563        1.8291615242302948       0.14218998157215879       -1.7672196911257558       -1.8291615386158195       0.14218998157215967       -1.7672196911257569        1.8291615242302939       0.14218998157215879       -3.5963812153560504        3.5963812153560504        0.0000000000000000     

 SADDLE  pos 

   4.7930938766337361E-002   3.5704302898591394        2.4641516726202486        2.2800025581591461       -3.3174011480611791        2.0120989223593098       -2.1627439063615705       -3.1856793389194218        1.8875058206735069        2.1591376888214109E-002  -1.4475204688040479        1.7219177047451621      -0.15768023418424582        1.3455556027408013        1.6705879822282839      -0.40256070382439746        3.4941247741953085       0.10869696264194673       0.11752781122842570       -3.5626591854382759       -2.3753443436716006       -3.4869012840354481        1.5498066905243402       -2.5794454661878650        3.4145373260793130       -1.7742309465059787       -1.4218673446627870        2.2047767797699933        3.0583678140762380       -1.6204207008053801       -2.0612384398114152        3.4623981810582647       -1.6301126102495846        1.5074866054934699       -1.9281786051752574       -3.4176197699283484        1.5099131577504690        2.0452048318815894        3.5200921950669999       -1.4307750173036859       -1.9867398430016761       -3.3920902256250951       -1.4623680783990198        2.1041364894363648        3.5839347342271206       -3.5030747580982977        1.8226613802775766        2.0945508810728981        3.3559941664108432       -1.4305048770121944        1.1731091109461378        3.3050822771568988       0.52309898695648815      -0.22339742003553642        1.8941328666921147       0.10248439039423030       -2.1603084933153225       -1.9517249896168103       -2.6273526279885218E-002  -1.8128624023268340       -3.5088454300824461      -0.77162683255747400        3.5953414524679976       0.98317151195712094       -7.1249470807150495E-002   8.1119901048509746E-002   1.9160385965951987       0.10190060948542268        2.2663303413909999       -1.9892501428231331      -0.10076695553175252        1.9427799869356353      -0.12893056227305721        6.3999185908734546E-002  -3.5067029657796027        2.0134850804116589E-003   1.4885458012663744       -1.4559893390765968        1.4858473230128233E-004  -1.3828915816182521       -1.5564614030263808        1.5378189825819624       -2.4162358076128387       -7.2043304882593695E-002   1.6668128843090104        2.1720592083297801       0.52328676230966931       -1.7671841884184551       -1.6577248341654429       -5.1048098341777148E-003  -1.8816849475098953        1.6177306304217387        8.5497813856308724E-002  -3.5157747775342347        3.4405953971070877       0.13553451428175389     

  FINAL pos

  0.15963693278791324       -3.3862071543462742        2.3155597352368655        2.6995961975566791       -3.3032718746472627        2.3746311285464543       -2.1531626194820968       -2.6783323479643557        1.8570965334675176      -0.13291764339376511       -1.1413911632978646        1.6881456639755932      -0.21947290906579786        1.3720321040699721        1.6359199510455440      -0.77266317181492106        3.2747359079484686       0.23969607617982369       -9.7475978721022205E-003  -3.4665367849523365       -2.0130591901576205        3.5751566773928873        1.6363279183441195       -3.5290970194196998        2.7871063841060302       -1.6869701616998274       -1.3859086516213406        2.2107044889409817        2.7679949574476215       -1.5476303082061689       -2.1916818516579397        2.2998687874675809       -1.3474972800600531        1.2507920211525987       -1.8578018844185351       -3.4078058856494393        1.2222671929598887        2.2310124792859067        3.5761737242018299       -1.2627838749497429       -1.9085736416211758       -3.3196043871843819       -1.3385880034694329        2.4063522297744120        3.5692537691871422       -2.6591790161117670        2.1011930627201529        1.4418062421946463        3.4102462445335604       -1.1701051033780212       0.95454515723761979        3.4130201145969012       0.88065990849984033      -0.37350337076513718        2.0175372398770959       0.32843183183515468       -2.2775307560397868       -2.2960984287321438        2.4834867154030604E-002  -2.2014013672092201        3.4947324049730613       -1.2283081938598182        3.4937610340607672        1.3361997305687618       -5.0181724809906569E-002  0.15810751982383753        1.9672550405043785       0.24301865599175088        2.4017874102557002       -2.1228054387003734        3.2525386882464424E-002   2.4307795471019258      -0.13847785343315633       0.24735086081134039       -3.4018768290072998        8.3335440312248599E-002   1.4462586794474488       -1.2446317022557514        7.8042442305441995E-002  -1.1144478964358528       -1.4183021988950220        1.2784473247342525       -2.5889912187998299       0.24307335867953039        1.7954161727075648        2.2630444396389287       0.86306243412493089       -1.9919382771148955       -2.1008922108643344      -0.87924378427307381       -1.5256899111724149       0.11857864318397304        7.8429413206556831E-002   3.5872001470049026       -3.4779510750475100        6.5849939741887020E-002
