Spec eventId                          1
Original eventId                1074071
Refinement step                       0
event label            :         152453        285982        974955
energy barrier         :       2.44703403
initial energy          :   -142.63939565
FINAL energy            :   -142.62742379
rate constant prefactor :  0.77926287E-28
rate htst prefactor     :  0.00000000E+00
rate of event           :  0.77926287E-28
delr initial-SADDLE     :      3.00921757
delr initial-FINAL      :      5.83559120
delr main atom (normalized) :       0.01328694     -0.99195965     -0.12585508
npar initial-SADDLE     :            31
npar initial-FINAL      :            33
active atom label       :             9
ncluster                :            32
cluster atoms           :
            33
            19
             8
             2
             3
             4
            10
            32
            22
            31
            18
            24
            23
            27
             6
            16
            28
            30
            15
             9
            26
            20
             7
            11
            14
            12
            25
            13
             1
            29
            17
             5
             0
             0
             0
             0
             0
             0
             0
             0
             0
             0
             0
             0
             0
             0
             0
             0
             0
             0
             0
             0
             0
             0
             0
             0
             0
             0
             0
             0
             0
             0
             0
             0
             0
             0
             0
             0
             0
             0
             0
             0
             0
             0
             0
             0
             0
             0
             0
             0
             0
             0
             0
             0
             0
             0
             0
             0
             0
             0
             0
             0
             0
             0
             0
             0
             0
             0
             0
             0
             0
             0
             0
             0
             0
             0
             0
             0
             0
             0
             0
             0
             0
             0
             0
             0
             0
             0
             0
             0
             0
             0
             0
             0
             0
             0
             0
             0
             0
             0
             0
             0
             0
             0
             0
             0
             0
             0
             0
             0
             0
             0
             0
             0
             0
             0
             0
             0
             0
             0
             0
             0
             0
             0
             0
             0
             0
             0
             0
             0
             0
             0
             0
             0
             0
             0
             0
             0
             0
             0
             0
             0
             0
             0
             0
             0
             0
             0
             0
             0
             0
             0
             0
             0
             0
             0
             0
             0
             0
             0
             0
             0
             0
             0
             0
             0
             0
             0
             0
             0
             0
             0
             0
             0
             0
             0
             0
             0
             0
             0
             0
             0
             0
             0
             0
             0
             0
             0
             0
             0
             0
             0
             0
             0
             0
             0
             0
             0
             0
             0
             0
             0
             0
             0
             0
             0
             0
             0
             0
             0
             0
             0
             0
             0
             0
             0
             0
             0
             0
             0
             0
             0
             0
             0
             0
             0
             0
             0
             0
             0
             0
             0
             0
             0
             0
             0
             0
             0
             0
             0
             0
             0
             0
             0
             0
             0
             0
             0
             0
             0
             0
             0
             0
             0
             0
             0
             0
             0
             0
             0
             0
             0
             0
             0
             0
             0
             0
             0
             0
             0
             0
             0
             0
             0
             0
             0
             0
             0
             0
             0
             0
             0
             0
             0
             0
             0
             0
             0
             0
             0
             0
             0
             0
             0
             0
             0
             0
             0
             0
             0
             0
             0
             0
             0
             0
             0
             0
             0
             0
             0
             0
             0
             0
             0
             0
             0
             0
             0
             0
             0
             0
             0
             0
             0
             0
             0
             0
             0
             0
             0
             0
             0
             0
             0
             0
             0
             0
             0
             0
             0
             0
             0
             0
             0
             0
             0
             0
             0
             0
             0
             0
             0
             0
             0
             0
             0
             0
             0
             0
             0
             0
             0
             0
             0
             0
             0
             0
             0
             0
             0
             0
             0
             0
             0
             0
             0
             0
             0
             0
             0
             0
             0
             0
             0
             0
             0
             0
             0
             0
             0
             0
             0
             0
             0
             0
             0
             0
             0
             0
             0
             0
             0
             0
             0
             0
             0
             0
             0
             0
             0
             0
             0
             0
             0
             0
             0
             0
             0
             0
             0
             0
             0
             0
             0
             0
             0
             0
             0
             0
             0
             0
             0
             0
             0
             0
             0
             0
             0
             0
             0
             0
             0
             0
             0
             0
             0
             0
             0
             0
             0
             0
             0
             0
             0
             0
             0
             0
             0
             0
             0
             0
             0
             0
             0
             0
             0
             0
             0
             0
             0
             0
             0
             0
             0
             0
             0
             0
             0
             0
             0
             0
             0

  Initial pos 

   1.7672196911257589        1.7672196911257569       -1.7672196911257543        1.7672196911257561       -3.2127937718229802       -1.7672196911257563       -3.2127937718229793        1.7672196911257538       -1.7672196911257563        1.7672196911257561        1.7672196911257549        3.2127937862085041        1.7672196911257549      -0.44552927663760489       -1.7672196911257583      -0.44552927663760666        1.7672196911257549       -1.7672196911257563        1.7672196911257561        1.7672196911257549       0.44552929102313410       -3.5886450187764578       -1.8291615242302948        1.8291615386158195       -1.8291615242302939       -1.8291615242302948        3.5886450331619839       -1.8291615242302939       -3.5886450187764596        1.8291615386158195        1.7672196911257569       -1.8291615242302948        3.5161330812739546       -3.5161330668884294       -1.8291615242302948       -1.7672196911257563       -1.8291615242302939       -3.5161330668884303       -1.7672196911257563        1.7672196911257569       -3.5161330668884303        1.8291615386158195       -1.8291615242302939        1.7672196911257558        3.5161330812739546       -3.5161330668884276        1.7672196911257558        1.8291615386158195       -6.9678029684129505E-002  -1.8291615242302948        1.8291615386158195       -1.8291615242302948       -1.8291615242302948        6.9678044069655609E-002  -1.8291615242302939       -6.9678029684129505E-002   1.8291615386158195        0.0000000000000000        0.0000000000000000        0.0000000000000000        1.7672196911257569       -1.8291615242302948       0.14218999595768400      -0.14218998157215879       -1.8291615242302948       -1.7672196911257563       -1.8291615242302939      -0.14218998157215967       -1.7672196911257563        1.7672196911257569      -0.14218998157215967        1.8291615386158195       -1.8291615242302939        1.7672196911257558       0.14218999595768489      -0.14218998157215967        1.7672196911257558        1.8291615386158195        9.9920072216264089E-016   3.5344393822515121        0.0000000000000000        3.5344393822515117        9.9920072216264089E-016   0.0000000000000000        0.0000000000000000       -9.9920072216264089E-016  -3.5344393822515130        3.5344393822515117        3.5344393822515108       -1.3322676295501878E-015   9.9920072216264089E-016   3.5344393822515121       -3.5344393822515121        3.5344393822515130        0.0000000000000000       -3.5344393822515130     

 SADDLE  pos 

   1.9727164066586449        2.0236346839983201       -1.9077204482919266        2.0582490742075050       -2.8584127725562345       -1.8888213451946503       -3.0215714716495663        1.5120742102558000       -1.8215947529530636        1.8643719851542326        1.3561087550489328        3.0888618099412133        1.1699014815353972      -0.14173307520001810       -1.2622600299966185      -0.33215314091535397        1.7133534345092567       -1.7237846776156398        1.7132426397286835        1.6921575521537653       0.37022381370161517        3.5345550800098637       -1.7892903602398542        2.0250478699654133       -2.0762680986559143       -1.8702363985625965       -3.4176617151994515       -1.8086370598656121       -3.4057640282933423        1.5916900912321337        1.8384737764947627       -1.1849540017632867        3.5949956289553526        3.3873121878135559      -0.89906466773258398       -1.8502011526456668       -1.8197322104170102       -3.5533410440093323       -1.6740891525352977        1.8273006661522857       -3.5685919594128643        1.8722706206371900       -1.7051486657638995        2.1618545157409543        3.4929331711789340       -3.4415338139778640        2.0149610501031510        1.7988731229478354       -5.7091368711696511E-002  -2.0931068215159021        2.4412269633516122       -2.5925266014461164       -1.9281447569262786      -0.10422535489363360       -1.6120999083945629      -0.19070713039784426        1.6250319390202490      -0.30705026129327340       -1.5061017860153290       0.14518821619055133        2.0822623454288647       -1.8930578639630822       0.17594124405882861       -6.6452111647564926E-002  -1.9767725212180878       -2.1895571734758725       -1.5458384328843824      -0.26278010288133835       -1.4546006257244302        1.1228729424153354      -0.22242713098425160        1.5173728380470957       -1.7395568575896840        1.7795235494854083       0.14389419376674839      -0.10768959602675210        1.9526094082099337        1.8132732862076528       0.28103903310250705        3.4800835999538635      -0.22552869170931000        3.4993762000735766       0.16201375706442953       0.31427473468423894      -0.27887850909548950       0.12441760870261893       -3.5528637776670395        3.4152037470455126        3.2390541377594637      -0.20687936898800841       0.44277762209899224        3.2340033047198777       -3.3679569111053498       -3.2074707751746008       0.22487595956721196        3.3449110501112891     

  FINAL pos

   2.1967109625890981        1.9290944113924864       -1.5806203156322498        2.2787310881646139       -2.7265067584000588       -1.5202211668199817       -2.7515808814340899        1.6341604833850070       -2.2057703227691459        1.6654544118190848       0.99249125535366389        3.5380593962612474       0.80094714790924271       0.42789361136956039      -0.32923518855585998      -0.23943000029940098        1.5473670725061077       -2.2595701886632309        2.1154613817753773        1.7598745491327783        1.2855029171931198       -3.2989434591813773       -2.6383795171213817        1.9113229845974677       -2.7812088697531863       -2.0135408797402574       -2.9408638519161290       -1.2822293386290244       -3.4074930456278612        1.0210526145502241        2.1025874622842755       -1.8372077802694724        3.3634355344956886        2.9021557190424931      -0.38628670146245003       -2.0365334144338534       -1.3699794627072395       -3.4620828278262694       -1.4904923223836333        1.1555203253961970       -3.2125921101920181        1.7503440661671537       -1.6647714554281823        3.1068480861779837        3.4575993342367717       -2.7242017425590159        1.8441879402830357        1.8813448177297731      -0.72849756577256208       -2.0120498970294651        2.9250496023609909       -2.8414855116180844       -1.9316656971183210      -0.40345408216575107       -1.5893530526758326      -0.53606299073299635        1.0973447336048316        2.4788155177681421E-002  -1.8506025499782781      -0.23479557324207612        2.2771209448299974       -1.3993763735358984       0.53230014163484274       0.48923965384570423      -0.89033517976729915       -2.4543755377205754       -1.5790795795715189      -0.35523363693559595       -1.4634932722626726       0.68671708991986957      -0.42151988199614099        1.9473915896469336       -1.3587821888882621        1.6240739185072930       -9.8119882512948564E-002 -0.16264306879733059        1.8554745208532430        2.0624551210952919       0.62047120824758828        2.9890340518473484      -0.31807917461182322       -3.5197101208945716       0.50481804612608594       -2.1210846251540350E-002  -1.4944289864612952       0.24045678734828385        3.3758135517964796       -3.4656328228696713        3.0161637494595426      -0.10931423342183022       0.65023070154981188        3.5640723932705982       -3.0290888421132030        3.4787302731112151      -0.22509109027634666        2.4158529128028547     
