Spec eventId                          1
Original eventId                1231676
Refinement step                       0
event label            :        1147324        794112        974955
energy barrier         :       1.85357889
initial energy          :   -142.63939565
FINAL energy            :   -142.62749352
rate constant prefactor :  0.72657476E-18
rate htst prefactor     :  0.00000000E+00
rate of event           :  0.72657476E-18
delr initial-SADDLE     :      2.80954237
delr initial-FINAL      :      5.29000015
delr main atom (normalized) :       0.11742528      0.99238203     -0.03727209
npar initial-SADDLE     :            33
npar initial-FINAL      :            33
active atom label       :            12
ncluster                :            32
cluster atoms           :
            33
            19
             3
            10
             2
             4
             8
            22
            30
            23
             7
            29
            21
            13
             5
            18
            26
            28
            31
            15
            32
            12
            27
            11
            16
             6
            14
            25
            17
             9
             1
            20
             0
             0
             0
             0
             0
             0
             0
             0
             0
             0
             0
             0
             0
             0
             0
             0
             0
             0
             0
             0
             0
             0
             0
             0
             0
             0
             0
             0
             0
             0
             0
             0
             0
             0
             0
             0
             0
             0
             0
             0
             0
             0
             0
             0
             0
             0
             0
             0
             0
             0
             0
             0
             0
             0
             0
             0
             0
             0
             0
             0
             0
             0
             0
             0
             0
             0
             0
             0
             0
             0
             0
             0
             0
             0
             0
             0
             0
             0
             0
             0
             0
             0
             0
             0
             0
             0
             0
             0
             0
             0
             0
             0
             0
             0
             0
             0
             0
             0
             0
             0
             0
             0
             0
             0
             0
             0
             0
             0
             0
             0
             0
             0
             0
             0
             0
             0
             0
             0
             0
             0
             0
             0
             0
             0
             0
             0
             0
             0
             0
             0
             0
             0
             0
             0
             0
             0
             0
             0
             0
             0
             0
             0
             0
             0
             0
             0
             0
             0
             0
             0
             0
             0
             0
             0
             0
             0
             0
             0
             0
             0
             0
             0
             0
             0
             0
             0
             0
             0
             0
             0
             0
             0
             0
             0
             0
             0
             0
             0
             0
             0
             0
             0
             0
             0
             0
             0
             0
             0
             0
             0
             0
             0
             0
             0
             0
             0
             0
             0
             0
             0
             0
             0
             0
             0
             0
             0
             0
             0
             0
             0
             0
             0
             0
             0
             0
             0
             0
             0
             0
             0
             0
             0
             0
             0
             0
             0
             0
             0
             0
             0
             0
             0
             0
             0
             0
             0
             0
             0
             0
             0
             0
             0
             0
             0
             0
             0
             0
             0
             0
             0
             0
             0
             0
             0
             0
             0
             0
             0
             0
             0
             0
             0
             0
             0
             0
             0
             0
             0
             0
             0
             0
             0
             0
             0
             0
             0
             0
             0
             0
             0
             0
             0
             0
             0
             0
             0
             0
             0
             0
             0
             0
             0
             0
             0
             0
             0
             0
             0
             0
             0
             0
             0
             0
             0
             0
             0
             0
             0
             0
             0
             0
             0
             0
             0
             0
             0
             0
             0
             0
             0
             0
             0
             0
             0
             0
             0
             0
             0
             0
             0
             0
             0
             0
             0
             0
             0
             0
             0
             0
             0
             0
             0
             0
             0
             0
             0
             0
             0
             0
             0
             0
             0
             0
             0
             0
             0
             0
             0
             0
             0
             0
             0
             0
             0
             0
             0
             0
             0
             0
             0
             0
             0
             0
             0
             0
             0
             0
             0
             0
             0
             0
             0
             0
             0
             0
             0
             0
             0
             0
             0
             0
             0
             0
             0
             0
             0
             0
             0
             0
             0
             0
             0
             0
             0
             0
             0
             0
             0
             0
             0
             0
             0
             0
             0
             0
             0
             0
             0
             0
             0
             0
             0
             0
             0
             0
             0
             0
             0
             0
             0
             0
             0
             0
             0
             0
             0
             0
             0
             0
             0
             0
             0
             0
             0
             0
             0
             0
             0
             0
             0
             0
             0
             0
             0
             0
             0
             0
             0
             0
             0
             0
             0
             0
             0
             0
             0
             0
             0
             0
             0
             0
             0
             0
             0
             0
             0
             0
             0
             0
             0

  Initial pos 

   1.9094096726979188        1.1102230246251565E-015  -3.5963812297415738        1.9094096726979153        2.2127489821488906        3.5963812153560504        1.9094096726979144       -2.2127489677633605        3.5963812153560486        1.9094096726979153       -8.8817841970012523E-016  -1.3836322475926854        1.9094096726979153       -8.8817841970012523E-016   1.3836322475926845      -0.30333929506544699       -8.8817841970012523E-016   3.5963812153560504       -3.0706037902508196       -1.9984014443252818E-015   3.5963812153560504       -1.6869715426581342       -3.5963812153560504        1.7594834945461644       -1.6869715426581351       -3.5963812153560504       -1.7594834945461639       -1.6869715426581342        1.9094096870834403        3.5963812153560504       -1.6869715426581342       -1.9094096726979153        3.5963812153560504       -3.5161330812739551        1.7672196911257549       -1.8291615386158209       -3.5161330812739551        1.7672196911257549        1.8291615242302948       -3.5161330812739551       -1.7672196911257549       -1.8291615386158195       -3.5161330812739537       -1.7672196911257558        1.8291615242302939        1.9094096726979162       -3.5963812153560504        1.6869715426581351        1.9094096726979162       -3.5963812153560504       -1.6869715426581355        7.2511951888030168E-002  -3.5963812153560504        0.0000000000000000       -1.6869715426581342        1.8368977351954110        0.0000000000000000       -1.6869715426581342       -1.8368977208098851        0.0000000000000000       -3.4464550372042981       -3.5963812153560504        0.0000000000000000        0.0000000000000000        0.0000000000000000        0.0000000000000000        1.9094096726979162        1.9094096870834403        0.0000000000000000        1.9094096726979162       -1.9094096726979153        0.0000000000000000       -3.3739430853162680        0.0000000000000000        0.0000000000000000       -1.6869715426581342        0.0000000000000000        1.6869715426581351       -1.6869715426581342        0.0000000000000000       -1.6869715426581346       0.14218998157216056        1.7672196911257563       -1.8291615386158195       0.14218998157216056        1.7672196911257563        1.8291615242302948       0.14218998157215967       -1.7672196911257558       -1.8291615386158195       0.14218998157215967       -1.7672196911257569        1.8291615242302939        8.8817841970012523E-016  -3.5963812153560504        3.5963812153560504     

 SADDLE  pos 

   2.4666149493409879        4.6902734983365280E-002   3.5709245281340269        2.0116391243681218        2.2781628215168226       -3.3185408641806458        1.8873418309204384       -2.1624514641740324       -3.1849043343929448        1.7213984066840702        2.1572166389471681E-002  -1.4480004112098639        1.6704366523588927      -0.15661221609270259        1.3461708551964318       0.11017157142719114      -0.40304726321095474        3.4947045715445935       -2.3723859298920695       0.11749711671129415       -3.5623257251485247       -2.5818569280741022       -3.4876961103760893        1.5492004969117517       -1.4226300242888872        3.4149315441538963       -1.7743828104080936       -1.6219491864127100        2.2069290457694217        3.0600145442866626       -1.6302198596269681       -2.0621943843936910        3.4607188746532387       -3.4171128497460024        1.5076353950600849       -1.9287671352093061        3.5211960460557865        1.5084794343794441        2.0451138838564242       -3.3910293404245189       -1.4307043030202271       -1.9870013694684094        3.5840812152822594       -1.4621697899078612        2.1034964054930843        2.0937350263111867       -3.5036107447116489        1.8228779269934083        1.1739854449532174        3.3551109843245532       -1.4309657111341609      -0.22395414824582449        3.3062896818862217       0.52211755997304188       -2.1602294312804160        1.8942183713742879       0.10204790572788536       -1.8131724980883739       -1.9516602065038073       -2.5121931794180874E-002   3.5950723816606169       -3.5082667726464862      -0.77159403869855581        8.1888353655013013E-002  0.98497429809383763       -7.1776940157802116E-002   2.2674013180284902        1.9161139734936043       0.10217587262840677        1.9420084472799592       -1.9890287306311087      -0.10059058425893230       -3.5070947531725336      -0.12890886414279534        6.3602508450177453E-002  -1.4551473322410962        2.2248083092886173E-003   1.4879273083985076       -1.5559218391020604       -3.9191846936681429E-006  -1.3815821682460179       -7.3062763728580116E-002   1.5378989388454432       -2.4165717114141789       0.52027944891185474        1.6669993064581814        2.1719870832927786       -5.7513968804610016E-003  -1.7681881796756946       -1.6576305131387894        8.6669304011222081E-002  -1.8817837392014285        1.6184248089719082       0.13605352719750297       -3.5158561029846771        3.4415438003245127     

  FINAL pos

   2.3155563828229013       0.15964074804102513       -3.3862078165445144        2.3746243053587239        2.6995958052370463       -3.3032601551084322        1.8570969107139543       -2.1531632265496423       -2.6783356158059783        1.6881383497926032      -0.13292016258167827       -1.1413946435316866        1.6359252584921116      -0.21946836832479000        1.3720297158143655       0.23969868394425742      -0.77266809364613831        3.2747270057403854       -2.0130584409607044       -9.7519266947665439E-003  -3.4665378384044798       -3.5290945810003400        3.5751568060322692        1.6363301531916621       -1.3859052660853122        2.7871070561939089       -1.6869683017140118       -1.5476297570398971        2.2107029578244353        2.7679958405217038       -1.3475054707165990       -2.1916791102975557        2.2998690443005190       -3.4077983361579340        1.2507875012053822       -1.8578034142613777        3.5761726117072503        1.2222702216774903        2.2310132638990448       -3.3196045583669869       -1.2627835905604023       -1.9085748633563346        3.5692493855076100       -1.3385863921013954        2.4063543324161243        1.4418108377016328       -2.6591835911047648        2.1011909928147778       0.95454174527644042        3.4102533216207043       -1.1701008288442090      -0.37350421833191749        3.4130203240751582       0.88066901530508535       -2.2775316292199124        2.0175389156986769       0.32842990061035771       -2.2014001766870797       -2.2961033586969464        2.4830820268356923E-002   3.4937583739449338        3.4947289789470268       -1.2283079617184089       0.15810874697913668        1.3362052967191798       -5.0185478383029114E-002   2.4017894098030013        1.9672518599228324       0.24301425970185431        2.4307802538914434       -2.1228026533399635        3.2523400841311556E-002  -3.4018727372807129      -0.13847809204052819       0.24734955571440143       -1.2446324645831428        8.3343616680386035E-002   1.4462597471263043       -1.4182962451111809        7.8036556046437333E-002  -1.1144454245314064       0.24306316252495996        1.2784437165141000       -2.5889985440017989       0.86306884717953025        1.7954194813763886        2.2630434631601597      -0.87923851429330924       -1.9919373244099383       -2.1008920372652566        7.8427246513538940E-002  -1.5256894786253268       0.11859062040335822        6.5847379043216137E-002   3.5872028668717011       -3.4779530416438842     
