Spec eventId                          1
Original eventId                 185263
Refinement step                       0
event label            :        1147324        129596        974955
energy barrier         :       1.87108635
initial energy          :   -142.63939565
FINAL energy            :   -142.62708863
rate constant prefactor :  0.36912060E-18
rate htst prefactor     :  0.00000000E+00
rate of event           :  0.36912060E-18
delr initial-SADDLE     :      2.67955274
delr initial-FINAL      :      5.29444452
delr main atom (normalized) :       0.14891888      0.92743437      0.34305781
npar initial-SADDLE     :            32
npar initial-FINAL      :            33
active atom label       :            14
ncluster                :            32
cluster atoms           :
            33
            19
             3
             8
             4
            10
             2
            28
            32
            27
            11
            21
            17
             5
             1
            20
            24
            30
            31
            15
            22
            14
            23
             7
             6
            12
            16
            29
            25
            13
             9
            26
             0
             0
             0
             0
             0
             0
             0
             0
             0
             0
             0
             0
             0
             0
             0
             0
             0
             0
             0
             0
             0
             0
             0
             0
             0
             0
             0
             0
             0
             0
             0
             0
             0
             0
             0
             0
             0
             0
             0
             0
             0
             0
             0
             0
             0
             0
             0
             0
             0
             0
             0
             0
             0
             0
             0
             0
             0
             0
             0
             0
             0
             0
             0
             0
             0
             0
             0
             0
             0
             0
             0
             0
             0
             0
             0
             0
             0
             0
             0
             0
             0
             0
             0
             0
             0
             0
             0
             0
             0
             0
             0
             0
             0
             0
             0
             0
             0
             0
             0
             0
             0
             0
             0
             0
             0
             0
             0
             0
             0
             0
             0
             0
             0
             0
             0
             0
             0
             0
             0
             0
             0
             0
             0
             0
             0
             0
             0
             0
             0
             0
             0
             0
             0
             0
             0
             0
             0
             0
             0
             0
             0
             0
             0
             0
             0
             0
             0
             0
             0
             0
             0
             0
             0
             0
             0
             0
             0
             0
             0
             0
             0
             0
             0
             0
             0
             0
             0
             0
             0
             0
             0
             0
             0
             0
             0
             0
             0
             0
             0
             0
             0
             0
             0
             0
             0
             0
             0
             0
             0
             0
             0
             0
             0
             0
             0
             0
             0
             0
             0
             0
             0
             0
             0
             0
             0
             0
             0
             0
             0
             0
             0
             0
             0
             0
             0
             0
             0
             0
             0
             0
             0
             0
             0
             0
             0
             0
             0
             0
             0
             0
             0
             0
             0
             0
             0
             0
             0
             0
             0
             0
             0
             0
             0
             0
             0
             0
             0
             0
             0
             0
             0
             0
             0
             0
             0
             0
             0
             0
             0
             0
             0
             0
             0
             0
             0
             0
             0
             0
             0
             0
             0
             0
             0
             0
             0
             0
             0
             0
             0
             0
             0
             0
             0
             0
             0
             0
             0
             0
             0
             0
             0
             0
             0
             0
             0
             0
             0
             0
             0
             0
             0
             0
             0
             0
             0
             0
             0
             0
             0
             0
             0
             0
             0
             0
             0
             0
             0
             0
             0
             0
             0
             0
             0
             0
             0
             0
             0
             0
             0
             0
             0
             0
             0
             0
             0
             0
             0
             0
             0
             0
             0
             0
             0
             0
             0
             0
             0
             0
             0
             0
             0
             0
             0
             0
             0
             0
             0
             0
             0
             0
             0
             0
             0
             0
             0
             0
             0
             0
             0
             0
             0
             0
             0
             0
             0
             0
             0
             0
             0
             0
             0
             0
             0
             0
             0
             0
             0
             0
             0
             0
             0
             0
             0
             0
             0
             0
             0
             0
             0
             0
             0
             0
             0
             0
             0
             0
             0
             0
             0
             0
             0
             0
             0
             0
             0
             0
             0
             0
             0
             0
             0
             0
             0
             0
             0
             0
             0
             0
             0
             0
             0
             0
             0
             0
             0
             0
             0
             0
             0
             0
             0
             0
             0
             0
             0
             0
             0
             0
             0
             0
             0
             0
             0
             0
             0
             0
             0
             0
             0
             0
             0
             0
             0
             0
             0
             0
             0
             0
             0
             0
             0
             0
             0
             0
             0
             0
             0
             0
             0
             0

  Initial pos 

  -3.5963812297415738        1.1102230246251565E-015  -1.9094096870834392        3.5963812153560495        2.2127489821488906       -1.9094096870834412        3.5963812153560486       -2.2127489677633605       -1.9094096870834432       -1.3836322475926854       -1.9984014443252818E-015  -1.9094096870834412        1.3836322475926872       -8.8817841970012523E-016  -1.9094096870834412        3.5963812153560495       -8.8817841970012523E-016  0.30333929506544921        3.5963812153560495       -8.8817841970012523E-016   3.0706037902508192        1.7594834945461644       -3.5963812153560504        1.6869715426581346       -1.7594834945461639       -3.5963812153560504        1.6869715426581346        3.5963812153560504        1.9094096870834403        1.6869715426581346        3.5963812153560504       -1.9094096726979153        1.6869715426581346       -1.8291615386158209        1.7672196911257549        3.5161330668884294        1.8291615242302948        1.7672196911257563        3.5161330668884294       -1.8291615386158195       -1.7672196911257558        3.5161330668884285        1.8291615242302939       -1.7672196911257569        3.5161330668884285        1.6869715426581351       -3.5963812153560504       -1.9094096870834412       -1.6869715426581355       -3.5963812153560504       -1.9094096870834412       -8.8817841970012523E-016  -3.5963812153560504       -7.2511951888029280E-002   0.0000000000000000        1.8368977351954110        1.6869715426581346        0.0000000000000000       -1.8368977208098851        1.6869715426581346        0.0000000000000000       -3.5963812153560504        3.4464550372042990        0.0000000000000000        0.0000000000000000        0.0000000000000000        0.0000000000000000        1.9094096870834403       -1.9094096870834412        0.0000000000000000       -1.9094096726979153       -1.9094096870834412        0.0000000000000000        0.0000000000000000        3.3739430853162697        1.6869715426581342        0.0000000000000000        1.6869715426581346       -1.6869715426581338        0.0000000000000000        1.6869715426581346       -1.8291615386158209        1.7672196911257549      -0.14218999595768622        1.8291615242302948        1.7672196911257563      -0.14218999595768489       -1.8291615386158209       -1.7672196911257549      -0.14218999595768489        1.8291615242302939       -1.7672196911257558      -0.14218999595768489        3.5963812153560504       -3.5963812153560504       -8.8817841970012523E-016

 SADDLE  pos 

  -3.1291233659326525        5.3975390627636344E-003  -1.7995423505850845        3.3609245865785451        2.2169941579848151       -2.1470812260225132        3.3944067560025628       -2.1754736233786263       -1.8731588133003763      -0.80760085875066423       -5.7527939713296616E-002  -1.7184035704887279        1.7281703729634739       0.19492761172339335       -2.2030240045436171       -3.4619760669033135      -0.32236433823845467       0.47012625183484902        3.5729467507451984      -0.28301381096646305        3.1050287465869437        1.5091998540250895        3.0844091132250071        1.3192402946073387       -1.9079406768738347       -2.9270216002235783        1.7816407794061262       -3.3340188884455824        1.8206433091873937        1.8135370514769140        2.8529015029801448       -2.1564873987036410        1.5123021684466544       -1.9183868181683410        1.4270008990375700       -3.3660983632528851        1.7343717536054486        1.9531378425858732        3.3372532008454887       -1.7790830595984981       -1.6031608169687808       -3.3693277835225373        1.7047792890357041       -1.8290378800164253        3.5787186407108638        1.7062683590109069        3.5746560166223968       -1.0807075300681106       -1.8422730196235237        3.5248239133360926       -2.0682922306224016      -0.48099484109858004        3.4207040367087602       -3.4294014417266983E-002 -0.72366792826337889        2.0081740529716363        1.8931258194446756       0.27360333570688145       -1.8711026849426462        1.4811727211139227       -6.0064683016021192E-002  -3.4762510972300431        3.3295309860149067       0.21254621341107072       0.79188087133273766       0.13538918679212486       0.12397932309694593        2.0832418810624915       -2.0353138652451555        8.4627475434772670E-002  -2.1753344424098389       -1.8904754037333940        5.7026680268399410E-002   2.4324999076222209E-002   3.3193829638503769        1.7501876580266034       0.14146498011835340        1.7435863812113417       -1.5372631075614387      -0.26415901175557299        1.6600331188508028       -2.0337240444759606        1.5547258708227580      -0.33798975450451207        2.4324209437703193        1.4535347048238381      -0.19453227344595359       -1.7824923975210836       -1.7549057430653312      -0.37767873953886966        1.6472874174971208       -1.2297560302289652      -0.36029754431409122       -3.3217455719831457        3.5126693482714746       -1.1682570739993459E-002

  FINAL pos

  -3.1963378756404590      -0.21497636224300232       -1.7399981581093114        3.3233243468426070        2.2286962380405759       -2.1273992285266736        3.3712263999137084       -2.4558153574455446       -2.0478898813011872      -0.32175534422157615      -0.12937574740301327       -1.9300120369360951        1.9337476874259734       0.32892981763456342       -2.6907665092989230       -3.1285309282213829      -0.28355275117344014       0.79175313244897216        3.5516243920200399      -0.90636396918286133        3.1279518105858855        1.3015524835951879        2.7041664085141743        1.4978019414881278       -2.0224750826892217       -2.3601571749165062        1.5812514057632394        3.1291660565736557        1.5048430672015922        2.6096665348471331        2.6369205797026005       -2.4300202539092464        1.5145906459217771       -1.9533551229061024        1.1773342570596272       -3.2508097446818711        1.7642653675084432        3.4690568125675316       -3.4419119073375328       -1.6344156064747715       -1.6908708073406349       -3.1682980675455727       0.81910871639997485       -1.4949466016012072        3.2990160809513003        1.8493712187245430       -3.5346394844011400      -0.56272677614725497       -1.7056666977596375        3.3406542787896134       -2.0560559071459137      -0.59362975421016184        3.2695545071206293       0.10568318863709969       -1.8338625746239576        1.9561752905780307        1.6654847889913964       0.30127663628400736       -1.9145317903721866       0.88854943711352918      -0.51218812752270715        3.5863535201086236        2.9716716380667170       0.13032627982590395       0.81164371893619847       0.30022686426899492       0.46109500738081266        2.1462459036179276       -1.8085999466205072       0.27142225921173058       -2.4882902332767598       -1.8342437073687938       0.32834840601338744        1.3058033181464015        3.1044159827544937        1.7493757082701578      -0.11416045215287252        1.6821195196540697       -1.0720405817922636      -0.29749650696349272        2.1279368860997550       -1.9281936335981218        1.3649122818887169      -0.69279903870744919        2.5426990511102900        1.3335819196250858      -0.11839289531230213       -1.7135507489453081       -1.7376686865988675      -0.66055310795980215        1.9186134870590088       -1.0027302856024183      -0.63200741076137401       -3.1016871120290492        3.3502253745651602        5.8066919098882952E-002
