Spec eventId                          1
Original eventId                1133896
Refinement step                       0
event label            :         152453        806517        974955
energy barrier         :       1.85222693
initial energy          :   -142.63939565
FINAL energy            :   -142.62742702
rate constant prefactor :  0.76558295E-18
rate htst prefactor     :  0.00000000E+00
rate of event           :  0.76558295E-18
delr initial-SADDLE     :      2.57460287
delr initial-FINAL      :      5.39713106
delr main atom (normalized) :       0.12937816      0.24938212     -0.95972384
npar initial-SADDLE     :            33
npar initial-FINAL      :            33
active atom label       :            17
ncluster                :            32
cluster atoms           :
            33
            10
             8
             3
             2
             4
            19
            32
            15
            30
            11
            16
            14
            26
             7
            24
            28
            31
            22
            17
            27
            12
             6
            18
            23
            20
            25
            21
             1
            29
             9
             5
             0
             0
             0
             0
             0
             0
             0
             0
             0
             0
             0
             0
             0
             0
             0
             0
             0
             0
             0
             0
             0
             0
             0
             0
             0
             0
             0
             0
             0
             0
             0
             0
             0
             0
             0
             0
             0
             0
             0
             0
             0
             0
             0
             0
             0
             0
             0
             0
             0
             0
             0
             0
             0
             0
             0
             0
             0
             0
             0
             0
             0
             0
             0
             0
             0
             0
             0
             0
             0
             0
             0
             0
             0
             0
             0
             0
             0
             0
             0
             0
             0
             0
             0
             0
             0
             0
             0
             0
             0
             0
             0
             0
             0
             0
             0
             0
             0
             0
             0
             0
             0
             0
             0
             0
             0
             0
             0
             0
             0
             0
             0
             0
             0
             0
             0
             0
             0
             0
             0
             0
             0
             0
             0
             0
             0
             0
             0
             0
             0
             0
             0
             0
             0
             0
             0
             0
             0
             0
             0
             0
             0
             0
             0
             0
             0
             0
             0
             0
             0
             0
             0
             0
             0
             0
             0
             0
             0
             0
             0
             0
             0
             0
             0
             0
             0
             0
             0
             0
             0
             0
             0
             0
             0
             0
             0
             0
             0
             0
             0
             0
             0
             0
             0
             0
             0
             0
             0
             0
             0
             0
             0
             0
             0
             0
             0
             0
             0
             0
             0
             0
             0
             0
             0
             0
             0
             0
             0
             0
             0
             0
             0
             0
             0
             0
             0
             0
             0
             0
             0
             0
             0
             0
             0
             0
             0
             0
             0
             0
             0
             0
             0
             0
             0
             0
             0
             0
             0
             0
             0
             0
             0
             0
             0
             0
             0
             0
             0
             0
             0
             0
             0
             0
             0
             0
             0
             0
             0
             0
             0
             0
             0
             0
             0
             0
             0
             0
             0
             0
             0
             0
             0
             0
             0
             0
             0
             0
             0
             0
             0
             0
             0
             0
             0
             0
             0
             0
             0
             0
             0
             0
             0
             0
             0
             0
             0
             0
             0
             0
             0
             0
             0
             0
             0
             0
             0
             0
             0
             0
             0
             0
             0
             0
             0
             0
             0
             0
             0
             0
             0
             0
             0
             0
             0
             0
             0
             0
             0
             0
             0
             0
             0
             0
             0
             0
             0
             0
             0
             0
             0
             0
             0
             0
             0
             0
             0
             0
             0
             0
             0
             0
             0
             0
             0
             0
             0
             0
             0
             0
             0
             0
             0
             0
             0
             0
             0
             0
             0
             0
             0
             0
             0
             0
             0
             0
             0
             0
             0
             0
             0
             0
             0
             0
             0
             0
             0
             0
             0
             0
             0
             0
             0
             0
             0
             0
             0
             0
             0
             0
             0
             0
             0
             0
             0
             0
             0
             0
             0
             0
             0
             0
             0
             0
             0
             0
             0
             0
             0
             0
             0
             0
             0
             0
             0
             0
             0
             0
             0
             0
             0
             0
             0
             0
             0
             0
             0
             0
             0
             0
             0
             0
             0
             0
             0
             0
             0
             0
             0
             0
             0
             0
             0
             0
             0
             0
             0
             0
             0
             0
             0
             0
             0
             0
             0
             0
             0
             0
             0
             0
             0
             0
             0
             0
             0
             0
             0
             0
             0
             0
             0
             0

  Initial pos 

   1.7672196911257578       -1.7672196911257552        1.7672196911257578        1.7672196911257549       -1.7672196911257572       -3.2127937718229802       -3.2127937718229802       -1.7672196911257583        1.7672196911257558        1.7672196911257538        3.2127937862085094        1.7672196911257538        1.7672196911257549       -1.7672196911257572      -0.44552927663761022      -0.44552927663760755       -1.7672196911257572        1.7672196911257558        1.7672196911257549       0.44552929102313410        1.7672196911257558       -3.5886450187764587        1.8291615386158195       -1.8291615242302948       -1.8291615242302948        3.5886450331619848       -1.8291615242302948       -1.8291615242302957        1.8291615386158195       -3.5886450187764587        1.7672196911257558        3.5161330812739546       -1.8291615242302948       -3.5161330668884285       -1.7672196911257563       -1.8291615242302948       -1.8291615242302948       -1.7672196911257563       -3.5161330668884294        1.7672196911257558        1.8291615386158195       -3.5161330668884303       -1.8291615242302948        3.5161330812739546        1.7672196911257558       -3.5161330668884303        1.8291615386158195        1.7672196911257558       -6.9678029684130394E-002   1.8291615386158195       -1.8291615242302948       -1.8291615242302948        6.9678044069654721E-002  -1.8291615242302948       -1.8291615242302948        1.8291615386158195       -6.9678029684130394E-002   0.0000000000000000        0.0000000000000000        0.0000000000000000        1.7672196911257558       0.14218999595768400       -1.8291615242302948      -0.14218998157216056       -1.7672196911257563       -1.8291615242302948       -1.8291615242302948       -1.7672196911257563      -0.14218998157215967        1.7672196911257558        1.8291615386158195      -0.14218998157215967       -1.8291615242302948       0.14218999595768400        1.7672196911257558      -0.14218998157215967        1.8291615386158195        1.7672196911257558        0.0000000000000000        0.0000000000000000        3.5344393822515121        3.5344393822515108       -1.3322676295501878E-015   0.0000000000000000       -9.9920072216264089E-016  -3.5344393822515130       -9.9920072216264089E-016   3.5344393822515108       -1.3322676295501878E-015   3.5344393822515108       -9.9920072216264089E-016  -3.5344393822515121        3.5344393822515121        3.5344393822515121       -3.5344393822515121       -9.9920072216264089E-016

 SADDLE  pos 

   2.0348124427866634       -2.0753066470115251        1.8243883035104804        1.6060800162073343       -1.5565231947989515       -3.1589356922772733       -2.8715844086587570       -1.9486238907325291        1.6228663531301599        1.5594446399002022        2.8510272857577101        1.8767030477267450        1.6856271678575634       -1.5932596085042288      -0.40923853560952317      -0.26843152904463796       -1.6454478938474495        1.7926375506446868        1.4829127939283753       0.23523454299309110        1.8843224390416280       -3.4949300515387516        2.2702351793775106       -1.9765206039420384       -1.8841897395638316       -3.4465020430321367      -0.93997239653833553       -1.7544303714979446        2.0767888161309820        3.5780343261116094        1.7507799523244427       -3.5544302433401826       -1.8406388034037953       -3.5126974932870860       -1.9538651798142521       -1.7482743149255970       -1.8327937549403401       -1.9484011327170074       -3.4930812138516574        1.6991537250098354        1.6977749795049881       -3.3032273741501412       -1.6521444471713016        3.3295192219411147        1.5626667081300056       -3.5840236140358464        1.7842893589756317        1.9423735799751756      -0.24293470663977246        2.2453326173747543       -1.7462692044423020       -2.1399556274585514       0.14000716888121367       -2.1455613890873666       -2.2375199999166790        1.4934117800083628      -0.12929915531085800       0.20115731756210103       0.14596103646151937      -0.90990008702468594        2.5661654721018796       0.15079009060297999       -1.7886481548979729      -0.23166310494867304       -2.0272861592190590       -1.8188146977514785       -1.6584093616731499       -1.1091545176009268      -0.15569211792638260        1.8993143982031386        1.7493820521739778      -0.22364368346942065       -1.7885881762951028       0.17476595099896342        2.0148164394406369      -0.20730101339910334        1.5561963147604603        1.0119627609405553      -0.11860862391644215        9.1407574232735822E-002  -3.4164025968760008        3.3668196915608490      -0.16150078835940862       0.45539511213480538       0.28214353720040991       -3.4015192736426956       0.14653382079829746        3.4496373652484102      -0.31088666829127387        3.2298216215069102        7.7904858691644360E-002  -3.4792823608650063        3.4442118208022245        3.2311585067809974       -3.5397374942486062       0.21627029192369690     

  FINAL pos

   1.5621403572892421       -1.7658871057725822        1.8545673007352410        1.4616768911352827      -0.99674900990325543       -3.0585636359585155       -2.4820133333256713       -2.5193095251156796        1.6933006830089372        1.3924978698118793        2.5652974692797557        1.7751478741750395        1.4718905652696972       -1.1695075630942138      -0.49785541219476137      -0.66074208542804058       -1.3034246009900317        2.8074258896333673        2.3209590476914848       0.48830073460412482        2.3054732450038649       -3.5205892769898357        2.6772889580912089       -1.6430478696694317       -1.9453252098925882       -3.4538627271555109      -0.38046683946928006       -2.9863280881042584        1.6892459090923087        3.4803079770473122        1.6861303063332118       -3.1550799134505523       -1.8553286089774410       -3.3448997752785763       -1.9568034779874233       -1.6378518393848402       -2.0240121025769646       -3.2851473628178987       -3.2495157045186591        1.7688018816669739        1.8822697451877408       -2.9809810047201291       -1.1482048630551160        2.6226412281302336        1.6935795080052465       -3.4875226565066568        2.1065513652438268        1.0693084083530906      -0.41773930341264975        2.6486518095034119       -1.8524772678961909       -1.8621764840384509      -0.12753572625849063       -2.4987700599250040       -1.8648958759588528        1.1981719393050492      -0.44307438377371611       0.21025635705623813       0.40527839580670344       -1.5596761563542130        3.0774132243826098       0.32258458485091923       -1.7339911744906740      -0.47077851188345310       -2.0306683077841883       -1.9394621414073505       -1.2389795394891916       -1.1402817577881827        7.7746033164689088E-002   1.6858524965181971        1.9296916637229975      -0.46780695059849897       -2.0385108504862508       0.31310159511579894        1.8680822881599306       0.26927564317865293       0.49059620959447869       0.97804098663371930      -0.24378470461519300        1.1100301110409294        3.3178292773471005        3.5413794022350564      -0.63101844078107039       0.48845424174183699       0.29881112476293881       -3.1593436743379089       0.24735788540870357       -3.4552474040469368       -1.0999679834252460        3.2809259511693725       0.32935936992655884       -3.3691638997775692        3.3523279996622808        2.8119496801844157       -3.0725245144469602       0.29588661854691228     
