Spec eventId                          1
Original eventId                 741100
Refinement step                       1
event label            :         974955         24118        281007
energy barrier         :       0.33128519
initial energy          :   -142.62733178
FINAL energy            :   -142.41332972
rate constant prefactor :  0.27205709E+08
rate htst prefactor     :  0.00000000E+00
rate of event           :  0.27205709E+08
delr initial-SADDLE     :      1.54128374
delr initial-FINAL      :      2.48042058
delr main atom (normalized) :      -0.83440620      0.37760430     -0.40147389
npar initial-SADDLE     :            26
npar initial-FINAL      :            29
active atom label       :            10
ncluster                :            33
cluster atoms           :
            30
            10
             3
            31
            12
            17
             6
            25
             2
            22
            19
            32
             9
             4
            21
            15
            14
            33
            24
            28
            27
            18
            26
            13
            23
            16
             1
            20
            29
            11
             7
             8
             5
             0
             0
             0
             0
             0
             0
             0
             0
             0
             0
             0
             0
             0
             0
             0
             0
             0
             0
             0
             0
             0
             0
             0
             0
             0
             0
             0
             0
             0
             0
             0
             0
             0
             0
             0
             0
             0
             0
             0
             0
             0
             0
             0
             0
             0
             0
             0
             0
             0
             0
             0
             0
             0
             0
             0
             0
             0
             0
             0
             0
             0
             0
             0
             0
             0
             0
             0
             0
             0
             0
             0
             0
             0
             0
             0
             0
             0
             0
             0
             0
             0
             0
             0
             0
             0
             0
             0
             0
             0
             0
             0
             0
             0
             0
             0
             0
             0
             0
             0
             0
             0
             0
             0
             0
             0
             0
             0
             0
             0
             0
             0
             0
             0
             0
             0
             0
             0
             0
             0
             0
             0
             0
             0
             0
             0
             0
             0
             0
             0
             0
             0
             0
             0
             0
             0
             0
             0
             0
             0
             0
             0
             0
             0
             0
             0
             0
             0
             0
             0
             0
             0
             0
             0
             0
             0
             0
             0
             0
             0
             0
             0
             0
             0
             0
             0
             0
             0
             0
             0
             0
             0
             0
             0
             0
             0
             0
             0
             0
             0
             0
             0
             0
             0
             0
             0
             0
             0
             0
             0
             0
             0
             0
             0
             0
             0
             0
             0
             0
             0
             0
             0
             0
             0
             0
             0
             0
             0
             0
             0
             0
             0
             0
             0
             0
             0
             0
             0
             0
             0
             0
             0
             0
             0
             0
             0
             0
             0
             0
             0
             0
             0
             0
             0
             0
             0
             0
             0
             0
             0
             0
             0
             0
             0
             0
             0
             0
             0
             0
             0
             0
             0
             0
             0
             0
             0
             0
             0
             0
             0
             0
             0
             0
             0
             0
             0
             0
             0
             0
             0
             0
             0
             0
             0
             0
             0
             0
             0
             0
             0
             0
             0
             0
             0
             0
             0
             0
             0
             0
             0
             0
             0
             0
             0
             0
             0
             0
             0
             0
             0
             0
             0
             0
             0
             0
             0
             0
             0
             0
             0
             0
             0
             0
             0
             0
             0
             0
             0
             0
             0
             0
             0
             0
             0
             0
             0
             0
             0
             0
             0
             0
             0
             0
             0
             0
             0
             0
             0
             0
             0
             0
             0
             0
             0
             0
             0
             0
             0
             0
             0
             0
             0
             0
             0
             0
             0
             0
             0
             0
             0
             0
             0
             0
             0
             0
             0
             0
             0
             0
             0
             0
             0
             0
             0
             0
             0
             0
             0
             0
             0
             0
             0
             0
             0
             0
             0
             0
             0
             0
             0
             0
             0
             0
             0
             0
             0
             0
             0
             0
             0
             0
             0
             0
             0
             0
             0
             0
             0
             0
             0
             0
             0
             0
             0
             0
             0
             0
             0
             0
             0
             0
             0
             0
             0
             0
             0
             0
             0
             0
             0
             0
             0
             0
             0
             0
             0
             0
             0
             0
             0
             0
             0
             0
             0
             0
             0
             0
             0
             0
             0
             0
             0
             0
             0
             0
             0
             0
             0
             0
             0
             0
             0
             0
             0
             0
             0
             0
             0
             0
             0
             0
             0
             0
             0
             0
             0
             0
             0
             0
             0

  Initial pos 

   2.3785348248786637       -3.0085268154402192      -0.62727482322506445        0.0000000000000000        0.0000000000000000        0.0000000000000000      -0.62406336481770674       -2.3785193473850992       -3.0074373825269110        3.0240031351260419        2.7440872180343314        2.1565373094242588       -2.7809770919015833       0.63688423823322959        1.4366607467470347       -2.0642963723832866        2.0263976824395069        3.5449900242621442        3.0198704549367084       0.63408090997861888        3.5503796793442461        3.3259454027130637        2.1190441558870776       -8.4903522722640012E-002 -0.54007273392470223       0.94022889477187555        2.0687879856706086       -2.6895427966655827       -2.9247619773551206        3.2401459808267408       0.48564207513514734        2.9872731229607252       -1.8023083347573632        1.1750821002745844       -1.8924425213579266        1.1971896403290740       -1.8233213811312907       -1.2096404102775471       -1.1127651899501090       -2.8130763864656547       0.85253172102492369       -1.6612797078961523        1.0401379497668937        1.9929622119740089        3.3319374095759722        3.2366191331301191       -1.3462361871175519        2.1887545537327560        3.1404383662835369      -0.75395441152070597      -0.16951921095190858      -0.45702561051385859       0.75767708251980559       -2.2559548253060813        1.6291318884412176       -2.8425466241637940        3.4237947559624349       -2.7567516829112684       -2.9954304343737466       0.70525613993208758       -1.3337276968854332        2.0550126402221092       -8.1545993515002024E-003 -0.61115310281058544        3.4752142550000471        2.1324631126224523      -0.44241774863845085       -2.8270129399802384      -0.18061880931499541       0.97405822167129053       -1.4068336164585260       -1.5987441006431089        2.9425487122385152        2.7933056452420946       -2.5251943453972472        1.9013158680449513       0.55754908070324016        1.3917192316998905       -2.0180488126867324      -0.48352828791154889       -3.5659963265152381       -2.2394458389215597        3.5724579217029095       -1.6314492789831512        1.0043883863324785        2.5647763783855608       0.60918679845705270       -1.2344993522710599       -1.3803314116988270        1.6192238845312836        3.2532584546682251       -1.5305155863211279       -2.4462170464854909        1.8197627047521272       0.87217729126960419       -1.4813253994560545       0.85992478130855154      -0.56379174751019223        3.3146857820681248     

 SADDLE  pos 

   2.7640661799269544       -3.0365562589347794      -0.74987629154735158      -0.39646012919645068        7.5030633716864026E-002 -0.15990113795436711      -0.57116927308831333       -2.3344180520495863       -2.9216661293907076        2.9460329326413643        2.9899550276277704        2.0626593391492003       -2.6501431689877499       0.34079426011247316        1.3042276461799744       -2.2085944753644555        2.0549291076845995        3.2530175468509537        3.0336634677956478       0.73082749340664277        3.3088314658787041        3.2193850606171059        1.9351104056247075       -1.0964393456370125E-002 -0.50301626574516289       0.94413783388873851        2.1133760965084285       -2.7046236793924248       -2.8258528652897068        3.4224205280974127       0.71278788353134148        3.1230417341420882       -1.7413387094148982        1.3607154714440011       -2.2598205268920735        1.1158041629080815       -2.0565984928548438       -1.4396643962812530       -1.2229121085180221       -2.8231282346508735       0.82226055491775885       -1.6811226251946083        1.0906296485343137        2.0680091724965624        3.3082797603159317        3.1768211364766228       -1.3609554292591630        2.2236879385144785        3.0739415734371076      -0.74435238873308807      -0.18308243392092116      -0.55363020110362182        1.1201757269023678       -2.3556015505615120        1.6458655370244868       -2.7800604144867620        3.5272819751617104       -2.6646582069543889       -2.8238187914072537       0.85848454953301534       -1.5381257968257183        2.1984558718119658       0.32459540511685692      -0.54678586054739120        3.4939667859715717        2.2451637042801300      -0.51364744245949967       -2.8391386869312623      -0.14535767005925493       0.99615542529114842       -1.4716190321697411       -1.3543333588978426        3.0277271969466555        2.7275097900850476       -2.5778702695317834        1.6586034438473312       0.33998936754584830        1.3084570035213812       -1.9947907434185417      -0.44022082212736979       -3.5707724128704696       -2.0027130191264728        3.2494077155444820       -1.7185495562486057       0.93031019346442267        2.4811751226140255       0.58370084165974045      -0.85341302697028709       -1.3951100091171131        1.7875808754400202        3.0935390410788721       -1.2519783861762273       -2.5169164674998554        1.7537839430284774       0.83102722992624312       -1.6056532776954113       0.87971236837370803      -0.48464964268687460        3.5209196853490883     

  FINAL pos

   3.0525702040331777       -3.1125227653330709      -0.74510772788820079      -0.54268062887653690       0.24558607055426540      -0.26111035687541584      -0.54623334327044382       -2.3200977926604764       -2.8779378287629855        3.0514378414643768        3.0863735668716803        2.0039860395130029       -2.5565863098058230       0.13660767629043358        1.2275089194170938       -2.2321946451536911        2.1075730410165860        3.2210714636433417        3.0519707503812898       0.76825721362618093        3.1391083679821268        3.0509580836262220        1.7399519935729422        8.0591521881910211E-002 -0.54580729502388370       0.99687819226697316        2.1245577842228727       -2.7433470256014552       -2.7741121990419444        3.5416623732301629       0.82316347149019142        3.1566855788646064       -1.7133954031877998        1.4716556120090178       -2.5127358578796324        1.0123898706272083       -2.0796764953527425       -1.4721086766532987       -1.2438030544196801       -2.8093058901105188       0.82013124744464028       -1.6554841212998195        1.1419918433711116        2.1066346761234520        3.2198238252955602        3.0509314708201605       -1.3581696261254956        2.2647060289986038        3.0497362291372139      -0.79318583912767759      -0.18081915996474640      -0.54525663331295804        1.2105531785637313       -2.4731093999551521        1.6513310874374394       -2.7740806144940162        3.5409512803940886       -2.5608495443385753       -2.5120030088239851        1.0137901949031045       -1.8588746027429297        2.3476594101412753       0.56610337786448461      -0.54535563514041940        3.5519792839855917        2.2915885987664089      -0.54523490002591668       -2.8915084254269656      -0.13262708518241784       0.99006044854870101       -1.4751798575147703       -1.2461426919429042        3.0504839795009429        2.6741096512717273       -2.5981942892492551        1.4678693904208862       0.13963042582042395        1.2311060934204168       -1.9810107123686262      -0.44497194632611381        3.5726717772884888       -1.9145222583741361        3.1573416021492609       -1.7126022914220598       0.76745931522047339        2.3479256025709194       0.56550566472299035      -0.54350310456108919       -1.3330274372503395        1.7633373488613913        3.0515510389332214       -1.1570071220038018       -2.5133774887931173        1.7189111541462974       0.81920183826634618       -1.6552815160728458       0.89059959029238600      -0.44478094926194289        3.5738644607839012     
