Spec eventId                          1
Original eventId                1133896
Refinement step                       0
event label            :         152453        806517        974955
energy barrier         :       1.85318574
initial energy          :   -142.63939565
FINAL energy            :   -142.62733657
rate constant prefactor :  0.73770872E-18
rate htst prefactor     :  0.00000000E+00
rate of event           :  0.73770872E-18
delr initial-SADDLE     :      2.57725916
delr initial-FINAL      :      5.39350075
delr main atom (normalized) :       0.25154152     -0.95941205      0.12749662
npar initial-SADDLE     :            33
npar initial-FINAL      :            33
active atom label       :             5
ncluster                :            32
cluster atoms           :
            33
            19
            10
             4
             3
             2
             8
            30
            28
            31
            20
            26
            27
            23
            12
            14
            22
            32
            15
             5
            24
            18
            11
             7
            16
             6
            21
            13
             1
            29
            17
             9
             0
             0
             0
             0
             0
             0
             0
             0
             0
             0
             0
             0
             0
             0
             0
             0
             0
             0
             0
             0
             0
             0
             0
             0
             0
             0
             0
             0
             0
             0
             0
             0
             0
             0
             0
             0
             0
             0
             0
             0
             0
             0
             0
             0
             0
             0
             0
             0
             0
             0
             0
             0
             0
             0
             0
             0
             0
             0
             0
             0
             0
             0
             0
             0
             0
             0
             0
             0
             0
             0
             0
             0
             0
             0
             0
             0
             0
             0
             0
             0
             0
             0
             0
             0
             0
             0
             0
             0
             0
             0
             0
             0
             0
             0
             0
             0
             0
             0
             0
             0
             0
             0
             0
             0
             0
             0
             0
             0
             0
             0
             0
             0
             0
             0
             0
             0
             0
             0
             0
             0
             0
             0
             0
             0
             0
             0
             0
             0
             0
             0
             0
             0
             0
             0
             0
             0
             0
             0
             0
             0
             0
             0
             0
             0
             0
             0
             0
             0
             0
             0
             0
             0
             0
             0
             0
             0
             0
             0
             0
             0
             0
             0
             0
             0
             0
             0
             0
             0
             0
             0
             0
             0
             0
             0
             0
             0
             0
             0
             0
             0
             0
             0
             0
             0
             0
             0
             0
             0
             0
             0
             0
             0
             0
             0
             0
             0
             0
             0
             0
             0
             0
             0
             0
             0
             0
             0
             0
             0
             0
             0
             0
             0
             0
             0
             0
             0
             0
             0
             0
             0
             0
             0
             0
             0
             0
             0
             0
             0
             0
             0
             0
             0
             0
             0
             0
             0
             0
             0
             0
             0
             0
             0
             0
             0
             0
             0
             0
             0
             0
             0
             0
             0
             0
             0
             0
             0
             0
             0
             0
             0
             0
             0
             0
             0
             0
             0
             0
             0
             0
             0
             0
             0
             0
             0
             0
             0
             0
             0
             0
             0
             0
             0
             0
             0
             0
             0
             0
             0
             0
             0
             0
             0
             0
             0
             0
             0
             0
             0
             0
             0
             0
             0
             0
             0
             0
             0
             0
             0
             0
             0
             0
             0
             0
             0
             0
             0
             0
             0
             0
             0
             0
             0
             0
             0
             0
             0
             0
             0
             0
             0
             0
             0
             0
             0
             0
             0
             0
             0
             0
             0
             0
             0
             0
             0
             0
             0
             0
             0
             0
             0
             0
             0
             0
             0
             0
             0
             0
             0
             0
             0
             0
             0
             0
             0
             0
             0
             0
             0
             0
             0
             0
             0
             0
             0
             0
             0
             0
             0
             0
             0
             0
             0
             0
             0
             0
             0
             0
             0
             0
             0
             0
             0
             0
             0
             0
             0
             0
             0
             0
             0
             0
             0
             0
             0
             0
             0
             0
             0
             0
             0
             0
             0
             0
             0
             0
             0
             0
             0
             0
             0
             0
             0
             0
             0
             0
             0
             0
             0
             0
             0
             0
             0
             0
             0
             0
             0
             0
             0
             0
             0
             0
             0
             0
             0
             0
             0
             0
             0
             0
             0
             0
             0
             0
             0
             0
             0
             0
             0
             0
             0
             0
             0
             0
             0
             0
             0
             0
             0
             0
             0
             0
             0
             0
             0
             0
             0
             0
             0
             0
             0

  Initial pos 

  -1.7672196911257543        1.7672196911257569        1.7672196911257589       -1.7672196911257572       -3.2127937718229802        1.7672196911257569       -1.7672196911257572        1.7672196911257549       -3.2127937718229793        3.2127937862085068        1.7672196911257549        1.7672196911257569       -1.7672196911257583      -0.44552927663760489        1.7672196911257549       -1.7672196911257572        1.7672196911257549      -0.44552927663760933       0.44552929102313410        1.7672196911257538        1.7672196911257569        1.8291615386158186       -1.8291615242302948       -3.5886450187764578        3.5886450331619839       -1.8291615242302948       -1.8291615242302939        1.8291615386158195       -3.5886450187764596       -1.8291615242302939        3.5161330812739546       -1.8291615242302948        1.7672196911257569       -1.7672196911257563       -1.8291615242302948       -3.5161330668884294       -1.7672196911257563       -3.5161330668884303       -1.8291615242302939        1.8291615386158195       -3.5161330668884303        1.7672196911257569        3.5161330812739537        1.7672196911257558       -1.8291615242302939        1.8291615386158195        1.7672196911257558       -3.5161330668884285        1.8291615386158195       -1.8291615242302948       -6.9678029684129505E-002   6.9678044069655609E-002  -1.8291615242302948       -1.8291615242302939        1.8291615386158195       -6.9678029684129505E-002  -1.8291615242302939        0.0000000000000000        0.0000000000000000        0.0000000000000000       0.14218999595768400       -1.8291615242302948        1.7672196911257569       -1.7672196911257563       -1.8291615242302948      -0.14218998157215879       -1.7672196911257563      -0.14218998157215967       -1.8291615242302939        1.8291615386158195      -0.14218998157215967        1.7672196911257569       0.14218999595768578        1.7672196911257558       -1.8291615242302939        1.8291615386158195        1.7672196911257558      -0.14218998157215879       -1.3322676295501878E-015   3.5344393822515108        9.9920072216264089E-016  -1.3322676295501878E-015   9.9920072216264089E-016   3.5344393822515130       -3.5344393822515130       -9.9920072216264089E-016   0.0000000000000000       -1.3322676295501878E-015   3.5344393822515108        3.5344393822515117       -3.5344393822515121        3.5344393822515121        9.9920072216264089E-016  -3.5344393822515130        0.0000000000000000        3.5344393822515130     

 SADDLE  pos 

  -2.0747819723418979        1.8219036639815698        2.0417659291820485       -1.5574708339390808       -3.1651022507661857        1.5995385600516474       -1.9523532005005790        1.6180761055582766       -2.8663982875569669        2.8537514452566040        1.8766982197091113        1.5616545322615591       -1.5870663686261595      -0.40755650608998284        1.6769233608102474       -1.6455507467585133        1.7995956730153910      -0.26229365646226377       0.23461214965411292        1.8848720838401887        1.4937218519137323        2.2718505487653626       -1.9647079207771379       -3.4973377254162781       -3.4413065493519959      -0.93081996289460633       -1.8868934991063124        2.0739858211079749        3.5818376811396035       -1.7658948490915396       -3.5498932144887902       -1.8396491131930910        1.7482924127781716       -1.9520980469821771       -1.7453729329123089       -3.5163858117808817       -1.9501725274485355       -3.4933318827967828       -1.8357389668636674        1.7038907154277272       -3.3041829660538213        1.7030509284619730        3.3236115232638248        1.5654706733446515       -1.6514470904162115        1.7802410737583001        1.9346680957460423       -3.5846665689328421        2.2540933914424039       -1.7488964062226602      -0.24652110225860291       0.13647472295371665       -2.1441428051569593       -2.1420726805058186        1.4914436968627625      -0.12970473756772893       -2.2246588985110467       0.15384955535499190      -0.91900314209339784       0.19747319484003409       0.15039983284313907       -1.7946413437736863        2.5599617658600597       -2.0275767809954623       -1.8211505029953328      -0.23413096678239853       -1.1069679420248435      -0.15181657183757924       -1.6473624317776245        1.7472242262727073      -0.22342535399780594        1.8971158726817703       0.17195599083182067        2.0160345746120472       -1.7896131400780595        1.5509214392042994        1.0219269363840189      -0.20194219906410282        9.9837135663565224E-002  -3.4198724412593742      -0.11834855542911790      -0.16472757994177067       0.44457638451922388        3.3734954848613490       -3.4021854361632435       0.14907689164835383       0.28061987380646519      -0.31790132185038633        3.2297556017177453        3.4516849065227371       -3.4847034173353006        3.4412755447140255        7.2389284294839346E-002  -3.5395780655297946       0.21509097985711079        3.2259489568648636     

  FINAL pos

  -1.7629086101324385        1.8558836864099952        1.5687313569708721      -0.98818050221751674       -3.0594450948867520        1.4548923527678295       -2.5122290468507744        1.6863981505347427       -2.4866457552528081        2.5569997610082851        1.7715153200763889        1.3822932226267408       -1.1702652849875679      -0.50179233054499495        1.4737075833298374       -1.3089967815569485        2.8004786472118854      -0.66026712138634736       0.49158666802453865        2.3157162846402506        2.3283204301872469        2.6822852698706141       -1.6448198114113648       -3.5211146279542569       -3.4595178704937481      -0.37806227238183165       -1.9425392835873634        1.6897386580048863        3.4880834939195426       -2.9712327991348602       -3.1505691278246211       -1.8622079063926886        1.6916859768734496       -1.9530267963220300       -1.6250606891715105       -3.3378628695031729       -3.2741241086622268       -3.2523394947105224       -2.0256295965344595        1.8835555418342862       -2.9793996169679158        1.7675580693082480        2.6244858128814164        1.7006704604480414       -1.1523298727404159        2.1090475737371408        1.0774867588447472       -3.4888970820134362        2.6489037238036923       -1.8581042725410706      -0.42033450783624726      -0.13542760688992006       -2.5000268360782050       -1.8585218569207047        1.1991805141711804      -0.44392484721635128       -1.8718312674377833       0.40732970371546484       -1.5536084040322626       0.20645958460204780       0.32443183871590220       -1.7380371742807004        3.0804086653941773       -2.0338694918402545       -1.9389447849023851      -0.46647232261669469       -1.1369349619734295        6.8601409490247178E-002  -1.2484291005095631        1.9308301950219642      -0.46998639983266521        1.6863389519736109       0.31003357103803353        1.8696618725929437       -2.0399367624282547       0.47970347134033453       0.98085567767115689       0.27260495500106607        1.1029992989655630        3.3175010189529788      -0.24120832676531773      -0.62044580678657413       0.49019314552967769        3.5337660370949937       -3.1540999190175993       0.24967465613459705       0.29825684292383059       -1.1090042583730058        3.2884240178516415       -3.4589695551135802       -3.3692365425580073        3.3506950801354800       0.33243191930503391       -3.0752658783062290       0.29539104817816397        2.8085342899236587     
