Spec eventId                          1
Original eventId                1231676
Refinement step                       0
event label            :        1147324        794112        974955
energy barrier         :       1.85357962
initial energy          :   -142.63939565
FINAL energy            :   -142.62749353
rate constant prefactor :  0.72655440E-18
rate htst prefactor     :  0.00000000E+00
rate of event           :  0.72655440E-18
delr initial-SADDLE     :      2.80974222
delr initial-FINAL      :      5.29000071
delr main atom (normalized) :       0.11742522     -0.03727223      0.99238203
npar initial-SADDLE     :            33
npar initial-FINAL      :            33
active atom label       :            20
ncluster                :            32
cluster atoms           :
            33
            10
             2
            19
             3
             4
             8
            15
            31
            14
             6
            29
            13
            21
             5
            11
            27
            28
            30
            22
            32
            20
            26
            18
            24
             7
            23
            25
             9
            17
             1
            12
             0
             0
             0
             0
             0
             0
             0
             0
             0
             0
             0
             0
             0
             0
             0
             0
             0
             0
             0
             0
             0
             0
             0
             0
             0
             0
             0
             0
             0
             0
             0
             0
             0
             0
             0
             0
             0
             0
             0
             0
             0
             0
             0
             0
             0
             0
             0
             0
             0
             0
             0
             0
             0
             0
             0
             0
             0
             0
             0
             0
             0
             0
             0
             0
             0
             0
             0
             0
             0
             0
             0
             0
             0
             0
             0
             0
             0
             0
             0
             0
             0
             0
             0
             0
             0
             0
             0
             0
             0
             0
             0
             0
             0
             0
             0
             0
             0
             0
             0
             0
             0
             0
             0
             0
             0
             0
             0
             0
             0
             0
             0
             0
             0
             0
             0
             0
             0
             0
             0
             0
             0
             0
             0
             0
             0
             0
             0
             0
             0
             0
             0
             0
             0
             0
             0
             0
             0
             0
             0
             0
             0
             0
             0
             0
             0
             0
             0
             0
             0
             0
             0
             0
             0
             0
             0
             0
             0
             0
             0
             0
             0
             0
             0
             0
             0
             0
             0
             0
             0
             0
             0
             0
             0
             0
             0
             0
             0
             0
             0
             0
             0
             0
             0
             0
             0
             0
             0
             0
             0
             0
             0
             0
             0
             0
             0
             0
             0
             0
             0
             0
             0
             0
             0
             0
             0
             0
             0
             0
             0
             0
             0
             0
             0
             0
             0
             0
             0
             0
             0
             0
             0
             0
             0
             0
             0
             0
             0
             0
             0
             0
             0
             0
             0
             0
             0
             0
             0
             0
             0
             0
             0
             0
             0
             0
             0
             0
             0
             0
             0
             0
             0
             0
             0
             0
             0
             0
             0
             0
             0
             0
             0
             0
             0
             0
             0
             0
             0
             0
             0
             0
             0
             0
             0
             0
             0
             0
             0
             0
             0
             0
             0
             0
             0
             0
             0
             0
             0
             0
             0
             0
             0
             0
             0
             0
             0
             0
             0
             0
             0
             0
             0
             0
             0
             0
             0
             0
             0
             0
             0
             0
             0
             0
             0
             0
             0
             0
             0
             0
             0
             0
             0
             0
             0
             0
             0
             0
             0
             0
             0
             0
             0
             0
             0
             0
             0
             0
             0
             0
             0
             0
             0
             0
             0
             0
             0
             0
             0
             0
             0
             0
             0
             0
             0
             0
             0
             0
             0
             0
             0
             0
             0
             0
             0
             0
             0
             0
             0
             0
             0
             0
             0
             0
             0
             0
             0
             0
             0
             0
             0
             0
             0
             0
             0
             0
             0
             0
             0
             0
             0
             0
             0
             0
             0
             0
             0
             0
             0
             0
             0
             0
             0
             0
             0
             0
             0
             0
             0
             0
             0
             0
             0
             0
             0
             0
             0
             0
             0
             0
             0
             0
             0
             0
             0
             0
             0
             0
             0
             0
             0
             0
             0
             0
             0
             0
             0
             0
             0
             0
             0
             0
             0
             0
             0
             0
             0
             0
             0
             0
             0
             0
             0
             0
             0
             0
             0
             0
             0
             0
             0
             0
             0
             0
             0
             0
             0
             0
             0
             0
             0
             0
             0
             0
             0
             0
             0
             0
             0
             0
             0
             0

  Initial pos 

   1.9094096726979171       -3.5963812297415747        1.9984014443252818E-015   1.9094096726979144        3.5963812153560495        2.2127489821488906        1.9094096726979144        3.5963812153560495       -2.2127489677633658        1.9094096726979144       -1.3836322475926854        0.0000000000000000        1.9094096726979135        1.3836322475926899       -1.9984014443252818E-015 -0.30333929506544788        3.5963812153560495        0.0000000000000000       -3.0706037902508205        3.5963812153560486        0.0000000000000000       -1.6869715426581351        1.7594834945461653       -3.5963812153560504       -1.6869715426581351       -1.7594834945461648       -3.5963812153560504       -1.6869715426581351        3.5963812153560504        1.9094096870834412       -1.6869715426581351        3.5963812153560504       -1.9094096726979153       -3.5161330812739560       -1.8291615386158209        1.7672196911257549       -3.5161330812739560        1.8291615242302957        1.7672196911257563       -3.5161330812739560       -1.8291615386158209       -1.7672196911257558       -3.5161330812739546        1.8291615242302948       -1.7672196911257569        1.9094096726979153        1.6869715426581351       -3.5963812153560504        1.9094096726979153       -1.6869715426581355       -3.5963812153560504        7.2511951888029280E-002   0.0000000000000000       -3.5963812153560504       -1.6869715426581360        0.0000000000000000        1.8368977351954119       -1.6869715426581351        0.0000000000000000       -1.8368977208098860       -3.4464550372042990        0.0000000000000000       -3.5963812153560504        0.0000000000000000        0.0000000000000000        0.0000000000000000        1.9094096726979153        0.0000000000000000        1.9094096870834403        1.9094096726979153        0.0000000000000000       -1.9094096726979153       -3.3739430853162706        0.0000000000000000        0.0000000000000000       -1.6869715426581351        1.6869715426581351        0.0000000000000000       -1.6869715426581351       -1.6869715426581355        0.0000000000000000       0.14218998157215967       -1.8291615386158195        1.7672196911257563       0.14218998157215879        1.8291615242302948        1.7672196911257563       0.14218998157215967       -1.8291615386158195       -1.7672196911257558       0.14218998157215879        1.8291615242302939       -1.7672196911257569       -8.8817841970012523E-016   3.5963812153560504       -3.5963812153560504     

 SADDLE  pos 

   2.4664641107199596        3.5708982123977187        4.6947782550888828E-002   2.0116553433309603       -3.3184159717581494        2.2782602633525597        1.8873790722156603       -3.1848319206659732       -2.1624987031658129        1.7214285804355862       -1.4479470673132000        2.1566382467870016E-002   1.6704546343529172        1.3460844882147889      -0.15665119344268819       0.11011112250731969        3.4947098586805678      -0.40309749510837678       -2.3725105913288758       -3.5623501811267575       0.11753865644490480       -2.5819400189352741        1.5491555667374772       -3.4876591083042880       -1.4225842632410615       -1.7743961084655280        3.4149195030949064       -1.6218291737380630        3.0597842329062681        2.2068573764464672       -1.6302278462929110        3.4607342570608655       -2.0621494644152003       -3.4171382433273272       -1.9287407744011782        1.5075866344536462        3.5211255705233526        2.0451482297259531        1.5085412074371585       -3.3910377491296453       -1.9869991830430900       -1.4306919003821679        3.5840443235102954        2.1035495855435675       -1.4621504920796664        2.0937120138983811        1.8229125039968892       -3.5035894826587430        1.1738822403560025       -1.4308802939080145        3.3551136997757522      -0.22400382680767272       0.52225712052679185        3.3062281788240728       -2.1602459185436347       0.10206026419690151        1.8942283713402663       -1.8132142225452172       -2.5154755211004520E-002  -1.9516591359725384        3.5950793513497019      -0.77173184856927968       -3.5083221832496259        8.1862171708348974E-002  -7.1770535346225017E-002  0.98497473016352788        2.2673914329840787       0.10218456270663356        1.9161429760044715        1.9421446211774622      -0.10059151119220999       -1.9890700267053205       -3.5070392746743684        6.3626203802843229E-002 -0.12888661605628915       -1.4551409855207336        1.4879487731347929        2.2259334284679966E-003  -1.5559261298665330       -1.3816298333856611        6.2597224033122956E-006  -7.3046021325421151E-002  -2.4166095155020275        1.5378796335390656       0.52048810076225305        2.1720349140532988        1.6669471960758859       -5.7084165180327773E-003  -1.6575391491124245       -1.7681440425080586        8.6682851193093491E-002   1.6183461633173071       -1.8817574083432451       0.13603875402102705        3.4415157757154820       -3.5158272926055441     

  FINAL pos

   2.3155564626347473       -3.3862075434703067       0.15964121089448180        2.3746239120943553       -3.3032597142933828        2.6995955200090931        1.8570968482841890       -2.6783356106029497       -2.1531629795955753        1.6881380345903931       -1.1413946202318552      -0.13292033831087635        1.6359254897852571        1.3720295920934573      -0.21946833659651044       0.23969894074081211        3.2747266286545038      -0.77266808688229793       -2.0130580268889515       -3.4665378231906656       -9.7514060019219251E-003  -3.5290952112175660        1.6363302307722583        3.5751569679927675       -1.3859053709030507       -1.6869680774745226        2.7871074032797329       -1.5476296435401169        2.7679952150984253        2.2107033061507337       -1.3475054971318681        2.2998690007122882       -2.1916790183214792       -3.4077980042721459       -1.8578031666257546        1.2507876909992450        3.5761727165246615        2.2310132102532521        1.2222702019822311       -3.3196044339631330       -1.9085752186226537       -1.2627837567843785        3.5692494147707485        2.4063548578435334       -1.3385862151492014        1.4418108167199932        2.1011909790710934       -2.6591835198483347       0.95454165919408940       -1.1701006425196967        3.4102535650970003      -0.37350401759750884       0.88066916147907559        3.4130202708326314       -2.2775316722613992       0.32843011394642918        2.0175390850891821       -2.2014000509842573        2.4830627567665076E-002  -2.2961039385528270        3.4937579443684652       -1.2283077849789761        3.4947290132702280       0.15810869479562406       -5.0185673923896168E-002   1.3362054884845811        2.4017894362610477       0.24301424926086135        1.9672515009574780        2.4307802333602062        3.2523288286205876E-002  -2.1228024682295077       -3.4018725242911572       0.24734951385480208      -0.13847838846141070       -1.2446320793063750        1.4462596742047333        8.3343675302952835E-002  -1.4182961258068856       -1.1144454190614859        7.8036416641224848E-002  0.24306260715002015       -2.5889986206521849        1.2784435482836682       0.86306882215767722        2.2630435830729070        1.7954191088108609      -0.87923843529803314       -2.1008924737631882       -1.9919372219513631        7.8427219505939227E-002  0.11859067989042593       -1.5256896601257857        6.5847548798284805E-002  -3.4779530681481550        3.5872025901752176     
