Spec eventId                          1
Original eventId                1231676
Refinement step                       0
event label            :        1147324        794112        974955
energy barrier         :       1.85368241
initial energy          :   -142.63939565
FINAL energy            :   -142.62749294
rate constant prefactor :  0.72367122E-18
rate htst prefactor     :  0.00000000E+00
rate of event           :  0.72367122E-18
delr initial-SADDLE     :      2.80652211
delr initial-FINAL      :      5.29000842
delr main atom (normalized) :      -0.03726983      0.11742536      0.99238211
npar initial-SADDLE     :            33
npar initial-FINAL      :            33
active atom label       :             7
ncluster                :            32
cluster atoms           :
            33
            10
             2
             8
             4
             3
            19
            28
            32
            26
            18
            29
            25
            21
            17
            12
            16
            15
            30
            22
            31
             7
            14
             6
            23
            20
            24
            13
             9
             5
             1
            11
             0
             0
             0
             0
             0
             0
             0
             0
             0
             0
             0
             0
             0
             0
             0
             0
             0
             0
             0
             0
             0
             0
             0
             0
             0
             0
             0
             0
             0
             0
             0
             0
             0
             0
             0
             0
             0
             0
             0
             0
             0
             0
             0
             0
             0
             0
             0
             0
             0
             0
             0
             0
             0
             0
             0
             0
             0
             0
             0
             0
             0
             0
             0
             0
             0
             0
             0
             0
             0
             0
             0
             0
             0
             0
             0
             0
             0
             0
             0
             0
             0
             0
             0
             0
             0
             0
             0
             0
             0
             0
             0
             0
             0
             0
             0
             0
             0
             0
             0
             0
             0
             0
             0
             0
             0
             0
             0
             0
             0
             0
             0
             0
             0
             0
             0
             0
             0
             0
             0
             0
             0
             0
             0
             0
             0
             0
             0
             0
             0
             0
             0
             0
             0
             0
             0
             0
             0
             0
             0
             0
             0
             0
             0
             0
             0
             0
             0
             0
             0
             0
             0
             0
             0
             0
             0
             0
             0
             0
             0
             0
             0
             0
             0
             0
             0
             0
             0
             0
             0
             0
             0
             0
             0
             0
             0
             0
             0
             0
             0
             0
             0
             0
             0
             0
             0
             0
             0
             0
             0
             0
             0
             0
             0
             0
             0
             0
             0
             0
             0
             0
             0
             0
             0
             0
             0
             0
             0
             0
             0
             0
             0
             0
             0
             0
             0
             0
             0
             0
             0
             0
             0
             0
             0
             0
             0
             0
             0
             0
             0
             0
             0
             0
             0
             0
             0
             0
             0
             0
             0
             0
             0
             0
             0
             0
             0
             0
             0
             0
             0
             0
             0
             0
             0
             0
             0
             0
             0
             0
             0
             0
             0
             0
             0
             0
             0
             0
             0
             0
             0
             0
             0
             0
             0
             0
             0
             0
             0
             0
             0
             0
             0
             0
             0
             0
             0
             0
             0
             0
             0
             0
             0
             0
             0
             0
             0
             0
             0
             0
             0
             0
             0
             0
             0
             0
             0
             0
             0
             0
             0
             0
             0
             0
             0
             0
             0
             0
             0
             0
             0
             0
             0
             0
             0
             0
             0
             0
             0
             0
             0
             0
             0
             0
             0
             0
             0
             0
             0
             0
             0
             0
             0
             0
             0
             0
             0
             0
             0
             0
             0
             0
             0
             0
             0
             0
             0
             0
             0
             0
             0
             0
             0
             0
             0
             0
             0
             0
             0
             0
             0
             0
             0
             0
             0
             0
             0
             0
             0
             0
             0
             0
             0
             0
             0
             0
             0
             0
             0
             0
             0
             0
             0
             0
             0
             0
             0
             0
             0
             0
             0
             0
             0
             0
             0
             0
             0
             0
             0
             0
             0
             0
             0
             0
             0
             0
             0
             0
             0
             0
             0
             0
             0
             0
             0
             0
             0
             0
             0
             0
             0
             0
             0
             0
             0
             0
             0
             0
             0
             0
             0
             0
             0
             0
             0
             0
             0
             0
             0
             0
             0
             0
             0
             0
             0
             0
             0
             0
             0
             0
             0
             0
             0
             0
             0
             0
             0
             0
             0
             0
             0
             0
             0
             0
             0
             0
             0
             0
             0
             0
             0
             0

  Initial pos 

  -3.5963812297415738        1.9094096726979171        1.9984014443252818E-015   3.5963812153560495        1.9094096726979144        2.2127489821488906        3.5963812153560495        1.9094096726979144       -2.2127489677633658       -1.3836322475926854        1.9094096726979135        0.0000000000000000        1.3836322475926872        1.9094096726979144        0.0000000000000000        3.5963812153560486      -0.30333929506544521       -1.9984014443252818E-015   3.5963812153560495       -3.0706037902508205        0.0000000000000000        1.7594834945461644       -1.6869715426581351       -3.5963812153560504       -1.7594834945461639       -1.6869715426581351       -3.5963812153560504        3.5963812153560504       -1.6869715426581351        1.9094096870834403        3.5963812153560504       -1.6869715426581351       -1.9094096726979153       -1.8291615386158209       -3.5161330812739560        1.7672196911257549        1.8291615242302948       -3.5161330812739546        1.7672196911257563       -1.8291615386158209       -3.5161330812739560       -1.7672196911257558        1.8291615242302948       -3.5161330812739546       -1.7672196911257558        1.6869715426581342        1.9094096726979153       -3.5963812153560504       -1.6869715426581338        1.9094096726979153       -3.5963812153560504        0.0000000000000000        7.2511951888030168E-002  -3.5963812153560504       -8.8817841970012523E-016  -1.6869715426581351        1.8368977351954119        0.0000000000000000       -1.6869715426581351       -1.8368977208098860        0.0000000000000000       -3.4464550372042999       -3.5963812153560504        0.0000000000000000        0.0000000000000000        0.0000000000000000        0.0000000000000000        1.9094096726979153        1.9094096870834412        0.0000000000000000        1.9094096726979153       -1.9094096726979153        0.0000000000000000       -3.3739430853162706        0.0000000000000000        1.6869715426581351       -1.6869715426581351        0.0000000000000000       -1.6869715426581355       -1.6869715426581351        0.0000000000000000       -1.8291615386158209       0.14218998157216056        1.7672196911257563        1.8291615242302939       0.14218998157215967        1.7672196911257563       -1.8291615386158195       0.14218998157215967       -1.7672196911257569        1.8291615242302939       0.14218998157215879       -1.7672196911257569        3.5963812153560504        0.0000000000000000       -3.5963812153560504     

 SADDLE  pos 

   3.5701803576023718        2.4643870043520337        4.7132670168088531E-002  -3.3172324273562035        2.0117562801193323        2.2783708924117256       -3.1877299573886684        1.8870619592159343       -2.1628757079556484       -1.4478853448976832        1.7214996063608439        2.1729148150647637E-002   1.3448184215754670        1.6700249290485978      -0.15584247507965721        3.4952760444409829       0.10827646894562726      -0.40098130741770999       -3.5633766994624345       -2.3751139031677226       0.11685903226180461        1.5495258251958246       -2.5816898815403766       -3.4873219573903729       -1.7738023464886634       -1.4229716326230601        3.4155348106013594        3.0584795796723938       -1.6215729027797501        2.2050819244296971        3.4606348717043396       -1.6304442554266414       -2.0618912768623403       -1.9286030795121465       -3.4163376705574526        1.5076358310296556        2.0450486769114971        3.5201413947027516        1.5088959467801708       -1.9870645997251639       -3.3921740319245339       -1.4312047457102259        2.1033084959446109        3.5824882528312401       -1.4626864032210092        1.8226718066497503        2.0940749672429506       -3.5050001903192864       -1.4303678717443011        1.1743126921125819        3.3558601207147207       0.52248554415221626      -0.22413274780932646        3.3070800403408231       0.10275655826683305       -2.1602603612506615        1.8938170444728464       -2.4429844655459831E-002  -1.8107371053629207       -1.9514539321471478      -0.77035278731827539        3.5956225988145789       -3.5078160404902823       -7.2286322834498762E-002   8.1455623112785425E-002  0.98608905633272470       0.10107261560985936        2.2679379756117228        1.9157613760080505      -0.10000120874528839        1.9417077263805727       -1.9890506911331496        6.3728900493951635E-002  -3.5061506551532577      -0.12964779981339936        1.4881248586019167       -1.4536453862180805        1.5851899837973082E-003  -1.3829994353395820       -1.5557407400909957       -6.9017681941807574E-004  -2.4158666970905602       -7.3537332872957606E-002   1.5392300218399682        2.1715443024540306       0.52180010114267539        1.6680348752664795       -1.6590475068202082       -4.8408484156414744E-003  -1.7681911137484829        1.6216438650610812        8.9484985064994582E-002  -1.8826927632072552        3.4428648418992891       0.13507328474391045       -3.5169033591147292     

  FINAL pos

  -3.3862114185445202        2.3155591338574260       0.15963498351315586       -3.3032708675650655        2.3746356941500029        2.6995985980455099       -2.6783297563212289        1.8570978835763459       -2.1531654873971613       -1.1413955270758684        1.6881469015333295      -0.13291607694817720        1.3720358166936020        1.6359138227705525      -0.21947412477050854        3.2747495721144340       0.23969371883527213      -0.77266487772311621       -3.4665365434575159       -2.0130598403291575       -9.7492753244636798E-003   1.6363277094107245       -3.5291051589908391        3.5751534558344273       -1.6869723193359052       -1.3859101476747799        2.7871006919004992        2.7679942647251154       -1.5476237652021414        2.2107058778391702        2.2998727101112610       -1.3474908602486009       -2.1916837446670216       -1.8578016569736429       -3.4078058306217480        1.2507876586233431        2.2310142633117103        3.5761791653339281        1.2222652365042348       -1.9085707568826020       -3.3196024244063387       -1.2627806989608472        2.4063459454539968        3.5692556938386075       -1.3385891682327746        2.1011969203099961        1.4417990541796009       -2.6591723477336995       -1.1701106451910332       0.95454938561791369        3.4102406407852772       0.88065095089297785      -0.37350204952689481        3.4130227197932363       0.32843192586987069       -2.2775329423377526        2.0175377997886388        2.4843192365766598E-002  -2.2014047045773086       -2.2960943043387214       -1.2283095856745438        3.4937638651822387        3.4947333273899579       -5.0182083055831939E-002  0.15810776072640920        1.3361961551695491       0.24301760550949059        2.4017876818054162        1.9672546424341075        3.2524584433526904E-002   2.4307761032026027       -2.1228037840332181       0.24735021631422516       -3.4018812934102165      -0.13847432703094142        1.4462605970626958       -1.2446294876046116        8.3334902369391228E-002  -1.1144455377290798       -1.4183036077023496        7.8039560893089499E-002  -2.5889947905120048       0.24307203831913782        1.2784466101539251        2.2630397180710586       0.86307147386623662        1.7954266337486697       -2.1008892795464988      -0.87925369303100886       -1.9919428137812625       0.11857253956359948        7.8429085866925874E-002  -1.5256866784355949       -3.4779460539044020        6.5851220039953695E-002   3.5872004588596296     
