Spec eventId                          1
Original eventId                1039407
Refinement step                       1
event label            :         974955        908534        292539
energy barrier         :       0.52067795
initial energy          :   -142.62733178
FINAL energy            :   -142.40950703
rate constant prefactor :  0.17906278E+05
rate htst prefactor     :  0.00000000E+00
rate of event           :  0.17906278E+05
delr initial-SADDLE     :      1.80013204
delr initial-FINAL      :      3.82695144
delr main atom (normalized) :      -0.85097537      0.39803979      0.34264447
npar initial-SADDLE     :            31
npar initial-FINAL      :            33
active atom label       :             8
ncluster                :            33
cluster atoms           :
            30
            10
             3
            31
            12
            17
             6
            25
             2
            22
            19
            32
             9
             4
            21
            15
            14
            33
            24
            28
            27
            18
            26
            13
            23
            16
             1
            20
            29
            11
             7
             8
             5
             0
             0
             0
             0
             0
             0
             0
             0
             0
             0
             0
             0
             0
             0
             0
             0
             0
             0
             0
             0
             0
             0
             0
             0
             0
             0
             0
             0
             0
             0
             0
             0
             0
             0
             0
             0
             0
             0
             0
             0
             0
             0
             0
             0
             0
             0
             0
             0
             0
             0
             0
             0
             0
             0
             0
             0
             0
             0
             0
             0
             0
             0
             0
             0
             0
             0
             0
             0
             0
             0
             0
             0
             0
             0
             0
             0
             0
             0
             0
             0
             0
             0
             0
             0
             0
             0
             0
             0
             0
             0
             0
             0
             0
             0
             0
             0
             0
             0
             0
             0
             0
             0
             0
             0
             0
             0
             0
             0
             0
             0
             0
             0
             0
             0
             0
             0
             0
             0
             0
             0
             0
             0
             0
             0
             0
             0
             0
             0
             0
             0
             0
             0
             0
             0
             0
             0
             0
             0
             0
             0
             0
             0
             0
             0
             0
             0
             0
             0
             0
             0
             0
             0
             0
             0
             0
             0
             0
             0
             0
             0
             0
             0
             0
             0
             0
             0
             0
             0
             0
             0
             0
             0
             0
             0
             0
             0
             0
             0
             0
             0
             0
             0
             0
             0
             0
             0
             0
             0
             0
             0
             0
             0
             0
             0
             0
             0
             0
             0
             0
             0
             0
             0
             0
             0
             0
             0
             0
             0
             0
             0
             0
             0
             0
             0
             0
             0
             0
             0
             0
             0
             0
             0
             0
             0
             0
             0
             0
             0
             0
             0
             0
             0
             0
             0
             0
             0
             0
             0
             0
             0
             0
             0
             0
             0
             0
             0
             0
             0
             0
             0
             0
             0
             0
             0
             0
             0
             0
             0
             0
             0
             0
             0
             0
             0
             0
             0
             0
             0
             0
             0
             0
             0
             0
             0
             0
             0
             0
             0
             0
             0
             0
             0
             0
             0
             0
             0
             0
             0
             0
             0
             0
             0
             0
             0
             0
             0
             0
             0
             0
             0
             0
             0
             0
             0
             0
             0
             0
             0
             0
             0
             0
             0
             0
             0
             0
             0
             0
             0
             0
             0
             0
             0
             0
             0
             0
             0
             0
             0
             0
             0
             0
             0
             0
             0
             0
             0
             0
             0
             0
             0
             0
             0
             0
             0
             0
             0
             0
             0
             0
             0
             0
             0
             0
             0
             0
             0
             0
             0
             0
             0
             0
             0
             0
             0
             0
             0
             0
             0
             0
             0
             0
             0
             0
             0
             0
             0
             0
             0
             0
             0
             0
             0
             0
             0
             0
             0
             0
             0
             0
             0
             0
             0
             0
             0
             0
             0
             0
             0
             0
             0
             0
             0
             0
             0
             0
             0
             0
             0
             0
             0
             0
             0
             0
             0
             0
             0
             0
             0
             0
             0
             0
             0
             0
             0
             0
             0
             0
             0
             0
             0
             0
             0
             0
             0
             0
             0
             0
             0
             0
             0
             0
             0
             0
             0
             0
             0
             0
             0
             0
             0
             0
             0
             0
             0
             0
             0
             0
             0
             0
             0
             0
             0
             0
             0
             0
             0
             0
             0
             0
             0
             0
             0
             0
             0
             0
             0
             0
             0
             0

  Initial pos 

  0.55877212012653654        3.3120583383878031       0.85405057623099001       -1.8197627047521272      -0.87217729126960419        1.4813253994560545       -2.4438260695698339       -3.2506966386547034       -1.5261119830708565        1.2042404303739147        1.8719099267647272       -3.5548997362173131        2.5920226484439155      -0.23529305303637460        2.9179861462030892        3.3087033679622126        1.1542203911699027       -2.1664470213794278        1.2001077501845812      -0.23809638129098532       -2.1610573662973263        1.5061826979609370        1.2468668646174734        1.3964218767334144       -2.3598354386768294        6.8051603502271352E-002   3.5501133851266631        2.6834569436799161        3.3958231764729017       -2.4712910648148316       -1.3341206296169799        2.1150958316911210      -0.32098293530130872      -0.64468060447754283       -2.7646198126275312        2.6785150397851285        3.5496783592142087       -2.0818177015471515       0.36856020950594548        2.5599233538798449       -1.9645570244680499E-002 -0.17995430844009785      -0.77962475498523354        1.1207849207044047       -2.3794996360655998        1.4168564283779919       -2.2184134783871556       -3.5226824919088160        1.3206756615314097       -1.6261317027903102        1.3118061885041459       -2.2767883152659856      -0.11450020874979860      -0.77462942585002703      -0.19063081631090961        3.4780385296642282       -2.2876422896791371        2.6162480574342313        3.3251547194542757        2.1865815393881420       -3.1534904016375602        1.1828353489525050        1.4731708001045543       -2.4309158075627124        2.6030369637304429       -3.5789739330191197       -2.2621804533905783        3.4935722138477838        1.3007065901410590      -0.84570448308083668       -2.2790109077281300      -0.11741870118705444        1.1227860074863880        1.9211283539724904       -1.0438689459411927        8.1553163292824138E-002 -0.31462821056636403        2.8730446311559450        3.3549509276587672       -1.3557055791811532       -2.0846709270591837        3.1335539014239391        2.7002806304333054      -0.15012387952709672      -0.81537431841964869        1.6925990871159566        2.0905121979131072       -3.0542620570231871       -2.2525087029684308        3.1005492839873381        1.4334957499160979       -2.4026928775907326      -0.96489164702943642        0.0000000000000000        0.0000000000000000        0.0000000000000000      -0.95983792344357566       -1.4359690387797963       -2.3967512635734471     

 SADDLE  pos 

  0.77023774526202526        3.4910880415674899       0.96884401326255487       -2.2808511421738276      -0.97796834770908192        1.3781702369915561       -2.3964270080874122       -3.0479162372793152       -1.5475632912040196        1.4162049746440584        1.6282938854631803       -3.4440437913662998        2.7029371292393858      -0.31294662519740712        2.7658144221363865        3.3484782468222245        1.0692221848633086       -2.1055508603810824        1.1290798568731981      -0.24295869634458422       -1.6034683648309382        1.5499103331722104        1.2772266627532103        1.3763808839432286       -2.3001187478207408       -7.4353026447720794E-002   3.5904810685975650        2.7210437652437367        3.3579823076137969       -2.4369114309707367       -1.7014915381586229        2.0870377020770694      -0.56252247639400688      -0.66112941975045736       -2.4896422180484823        2.4806336624288696        3.2427034867440332       -2.3098980751951030       0.24904435105847300        2.9401373741113455        3.8376354009921343E-002   2.2403035469598542E-002 -0.70342060412850049        1.0306483717326609       -2.4028150398390329        1.4645111047173351       -2.2363242743633354        3.4943488085991521        1.2306553995796339       -1.3364562850452790        1.0700946103419944       -2.1772773243060755      -0.37712096544072216       -1.0240086041036263      -0.21847925757337583        3.3450024635320497       -2.6998359954166138        2.7557528744575368        3.1933226662891481        2.2788726584720469       -2.9267318804867024        1.2999724712324512        1.6213557962797407       -2.4357350648508778        2.5018742180396614       -3.4481314505549050       -2.2374288663261526        3.5668859721782256        1.2183673715407748      -0.78745269552538000       -2.1444723942481665       -6.0851900399090830E-002  0.94112605789422865        2.0622427735764650      -0.96357568022348272        8.2699390996872069E-002 -0.21225136137374490        2.8294905793436684        3.1407103695877883       -1.3631443078344829       -2.1095958327869040        3.1090359373904732        2.5565812904096892      -0.14309224575111035      -0.62494932198024200        2.0281705205225662        2.2876866331761394       -2.9731227996146146       -2.3739377403646351        3.2506626374216672        1.2453186970976793       -2.6043195743060679       -1.1404670470716749      -0.39133714874960646       0.32676674756929769       0.38435120156405489      -0.70241713356701174       -1.5374347591633841       -2.4803592063619839     

  FINAL pos

   1.3413043824689783       -3.4248207585478432        1.3578038071242005       -2.2551304185136201       -1.1453931688871513        1.3428476774463642       -2.2576076038782409       -2.9363690875712578       -1.7049864773833046        1.3397715694254186        1.4210365152488387       -3.4038653412644302        2.8106880499221161      -0.17808562854094934        2.6469271083759138        3.5319191620972514        1.0431860554559482       -2.4281548937427195        1.3406304639644953       0.37683428779905270       -1.2129912275367190        1.3414043066737111        1.2187850406735787        1.2053289331370363       -2.2560374993393184      -0.71015998694513538       -3.4658227977025455        2.6768567078338190        3.3682581611783617       -2.6321668409305676       -2.2537464949356334        1.9176230202343905      -0.71083835110962790      -0.93475212673072727       -2.5261315152814063        2.7431539922324082        3.3507043084066517       -2.3090838789027499        9.9776936991545551E-002   3.2937022974131676       0.28614571662015020       0.24581664728238506      -0.85072263811824467        1.0423916652438314       -2.4288411555322051        1.3405292260267476       -2.0704531664490879        3.3476211992662530        1.3384992555251642       -1.1239017590436435       0.89118436738881712       -2.2555053437812975      -0.62715456140098036       -1.0949195477982894        3.6930832300470229E-003   3.3685708355400323       -2.6343665477709211        3.0209806530281060        2.3653721469500657        2.3081419886318115       -2.2570638029980339        1.0650418988061090        1.9472981767741575       -2.2553461339985406        2.7399128750295474       -3.4841337121012992       -2.2589601678556051        3.3865466509630768        1.1222581483087795      -0.67162196252750528       -2.3144879493212134        9.8756768817989560E-002   4.6585782111306706E-002   2.5457158690147543      -0.36794794618392501      -0.13058729284698334      -0.17737779711536605        2.6473723527565087        2.9193975245374766       -1.3057159444176671       -2.2072194299337373        2.6412607278606686        2.5485792229756679      -0.36366581164044831      -0.34137267738808497        2.3653072738040142        2.3033765637275700       -3.5764111871798558       -2.5258005772987193        2.7454136171453469        1.3404570761309644       -2.6374691927811291       -1.0511815904646082      -0.61259340828520692       0.28653773219080403       0.24666018870791140      -0.23875302754504357       -1.3066526952528910       -2.2071904951453591     
