Spec eventId                          1
Original eventId                1133895
Refinement step                       0
event label            :         152453        806517        974955
energy barrier         :       1.85171135
initial energy          :   -142.63939565
FINAL energy            :   -142.62734872
rate constant prefactor :  0.78100465E-18
rate htst prefactor     :  0.00000000E+00
rate of event           :  0.78100465E-18
delr initial-SADDLE     :      2.57568180
delr initial-FINAL      :      5.39189215
delr main atom (normalized) :       0.25133999     -0.12751691      0.95946216
npar initial-SADDLE     :            33
npar initial-FINAL      :            33
active atom label       :            29
ncluster                :            32
cluster atoms           :
            33
             4
             3
             2
             8
            19
            10
            15
            22
            28
             6
             7
            20
            12
            18
            11
            31
            30
            32
            29
            14
            23
            24
            16
            26
            27
            25
            13
            21
             9
            17
             5
             0
             0
             0
             0
             0
             0
             0
             0
             0
             0
             0
             0
             0
             0
             0
             0
             0
             0
             0
             0
             0
             0
             0
             0
             0
             0
             0
             0
             0
             0
             0
             0
             0
             0
             0
             0
             0
             0
             0
             0
             0
             0
             0
             0
             0
             0
             0
             0
             0
             0
             0
             0
             0
             0
             0
             0
             0
             0
             0
             0
             0
             0
             0
             0
             0
             0
             0
             0
             0
             0
             0
             0
             0
             0
             0
             0
             0
             0
             0
             0
             0
             0
             0
             0
             0
             0
             0
             0
             0
             0
             0
             0
             0
             0
             0
             0
             0
             0
             0
             0
             0
             0
             0
             0
             0
             0
             0
             0
             0
             0
             0
             0
             0
             0
             0
             0
             0
             0
             0
             0
             0
             0
             0
             0
             0
             0
             0
             0
             0
             0
             0
             0
             0
             0
             0
             0
             0
             0
             0
             0
             0
             0
             0
             0
             0
             0
             0
             0
             0
             0
             0
             0
             0
             0
             0
             0
             0
             0
             0
             0
             0
             0
             0
             0
             0
             0
             0
             0
             0
             0
             0
             0
             0
             0
             0
             0
             0
             0
             0
             0
             0
             0
             0
             0
             0
             0
             0
             0
             0
             0
             0
             0
             0
             0
             0
             0
             0
             0
             0
             0
             0
             0
             0
             0
             0
             0
             0
             0
             0
             0
             0
             0
             0
             0
             0
             0
             0
             0
             0
             0
             0
             0
             0
             0
             0
             0
             0
             0
             0
             0
             0
             0
             0
             0
             0
             0
             0
             0
             0
             0
             0
             0
             0
             0
             0
             0
             0
             0
             0
             0
             0
             0
             0
             0
             0
             0
             0
             0
             0
             0
             0
             0
             0
             0
             0
             0
             0
             0
             0
             0
             0
             0
             0
             0
             0
             0
             0
             0
             0
             0
             0
             0
             0
             0
             0
             0
             0
             0
             0
             0
             0
             0
             0
             0
             0
             0
             0
             0
             0
             0
             0
             0
             0
             0
             0
             0
             0
             0
             0
             0
             0
             0
             0
             0
             0
             0
             0
             0
             0
             0
             0
             0
             0
             0
             0
             0
             0
             0
             0
             0
             0
             0
             0
             0
             0
             0
             0
             0
             0
             0
             0
             0
             0
             0
             0
             0
             0
             0
             0
             0
             0
             0
             0
             0
             0
             0
             0
             0
             0
             0
             0
             0
             0
             0
             0
             0
             0
             0
             0
             0
             0
             0
             0
             0
             0
             0
             0
             0
             0
             0
             0
             0
             0
             0
             0
             0
             0
             0
             0
             0
             0
             0
             0
             0
             0
             0
             0
             0
             0
             0
             0
             0
             0
             0
             0
             0
             0
             0
             0
             0
             0
             0
             0
             0
             0
             0
             0
             0
             0
             0
             0
             0
             0
             0
             0
             0
             0
             0
             0
             0
             0
             0
             0
             0
             0
             0
             0
             0
             0
             0
             0
             0
             0
             0
             0
             0
             0
             0
             0
             0
             0
             0
             0
             0
             0
             0
             0
             0
             0
             0
             0
             0
             0
             0
             0
             0
             0
             0
             0
             0
             0
             0
             0
             0
             0
             0
             0
             0
             0
             0

  Initial pos 

  -1.7672196911257529       -1.7672196911257538       -1.7672196911257529        3.2127937862085081       -1.7672196911257558       -1.7672196911257549       -1.7672196911257569        3.2127937862085107       -1.7672196911257569       -1.7672196911257558       -1.7672196911257558        3.2127937862085054       0.44552929102313543       -1.7672196911257569       -1.7672196911257549       -1.7672196911257558       0.44552929102313543       -1.7672196911257549       -1.7672196911257558       -1.7672196911257558       0.44552929102313543        1.8291615386158209        3.5886450331619861        1.8291615386158209        1.8291615386158209        1.8291615386158209        3.5886450331619852        3.5886450331619852        1.8291615386158209        1.8291615386158209        1.8291615386158209       -1.7672196911257549        3.5161330812739560        1.8291615386158209        3.5161330812739560       -1.7672196911257549        3.5161330812739560        1.8291615386158209       -1.7672196911257549        3.5161330812739551       -1.7672196911257549        1.8291615386158209       -1.7672196911257549        1.8291615386158209        3.5161330812739560       -1.7672196911257549        3.5161330812739560        1.8291615386158209        1.8291615386158209        6.9678044069656053E-002   1.8291615386158209        1.8291615386158200        1.8291615386158209        6.9678044069656941E-002   6.9678044069656941E-002   1.8291615386158209        1.8291615386158209        0.0000000000000000        0.0000000000000000        0.0000000000000000        1.8291615386158209       -1.7672196911257549       0.14218999595768622        1.8291615386158209       0.14218999595768533       -1.7672196911257549       0.14218999595768533        1.8291615386158209       -1.7672196911257549       0.14218999595768711       -1.7672196911257549        1.8291615386158209       -1.7672196911257549        1.8291615386158209       0.14218999595768533       -1.7672196911257549       0.14218999595768533        1.8291615386158209       -3.5344393822515108        1.3322676295501878E-015   1.3322676295501878E-015   0.0000000000000000       -3.5344393822515099        1.3322676295501878E-015   0.0000000000000000        0.0000000000000000       -3.5344393822515108       -3.5344393822515117       -3.5344393822515108        1.3322676295501878E-015  -3.5344393822515108        1.3322676295501878E-015  -3.5344393822515108        1.3322676295501878E-015  -3.5344393822515108       -3.5344393822515117     

 SADDLE  pos 

  -2.0778613486190540       -2.0319028446157619       -1.8278182060172261        2.8476929420280377       -1.5590988815985387       -1.8779735451655528       -1.9481811879034370        2.8738234904548245       -1.6227787134615004       -1.5546802877904500       -1.6054281737725158        3.1553270497772128       0.23282641976022678       -1.4792963977961988       -1.8860145034332265       -1.6433957571752147       0.26974136500335799       -1.7832565409014598       -1.5964247243995136       -1.6885524223351009       0.40735493124541877        2.2706521816602199        3.4944329239809586        1.9796376069045665        2.0813215787842432        1.7523118272681528       -3.5770064009702618       -3.4493684327643614        1.8835236659784367       0.94164371091406673        1.6946970934951762       -1.7011786166835929        3.3024253353455939        1.7855884932213280        3.5826849339394626       -1.9442569589194063        3.3319188948205567        1.6505617007755284       -1.5606260942031667       -3.5545494723483757       -1.7517133177743385        1.8423906544999400       -1.9434538943164772        1.8293925400137128        3.4961021396804006       -1.9544463193014634        3.5106731791417807        1.7517605815915691        2.2423060053411823       0.24017246687166072        1.7470992953176130        1.4920882383984577        2.2395053203236039       0.12927303882901642       0.14392995091374017        2.1378075822235671        2.1474715162645395       0.14253422571287855      -0.20113963602673390       0.90540814082711529        1.7504408560288209       -1.8982892726677667       0.22427337765168520        1.5560143345425979       0.20837463875107343       -1.0119756530391197       0.17536236055389054        1.7889425289341303       -2.0159942618589635       0.15014363180327273       -2.5686399714835813        1.7839821206239947       -1.1084498690396032        1.6661164423297801       0.15904780438265131       -2.0284312552982025       0.23238947988136349        1.8161827470115912       -3.4046461836597395      -0.28420425295758189      -0.14558219016566509      -0.15936496192581417       -3.3630000919519905      -0.46171858112399988        9.0966522760005830E-002  0.11841175815204519        3.4163081681397198       -3.5412143483496097       -3.2322536914258775      -0.21662383780412453       -3.4753164841823532       -7.8899191435317206E-002  -3.4426379408208949      -0.31064167967390732       -3.4486527161496769       -3.2316766778264512     

  FINAL pos

  -1.7638240693571614       -1.5678292893908956       -1.8553036324656367        2.5610762926444672       -1.3854402089087214       -1.7723434993467371       -2.5153123227589349        2.4885468738604577       -1.6884163019367968      -0.98943557254876691       -1.4535869207392773        3.0605684232932764       0.49207416024586914       -2.3253173760250103       -2.3121828744711350       -1.3098993231788878       0.66164287062309901       -2.7981898553416218       -1.1691014254616019       -1.4729362499176841       0.50062282870574615        2.6808876917171642        3.5209813814448601        1.6438614662539135        1.6893199869829885        2.9751147197371659       -3.4872243775705001       -3.4601903519565931        1.9425991014324908       0.37731736578924835        1.8838836869615094       -1.7679738727167755        2.9792236357614397        2.1112914090124257        3.4869739253206107       -1.0776748921991044        2.6245747949331384        1.1497497047191421       -1.7010123562566120       -3.1504445737422575       -1.6911720277387381        1.8603452621453980       -3.2769279440349579        2.0247283902619828        3.2512323876403095       -1.9540465664159310        3.3371287003620300        1.6275242569386799        2.6486749533095693       0.41867001126237646        1.8563349739557586        1.1974545938542973        1.8717227121505702       0.44442519408775683      -0.13497900260665130        1.8587245824434100        2.5018211957152601       0.40724629434819315      -0.20661570621386582        1.5546169409364698        1.9288447204657220       -1.6885834033972773       0.46862459995251582       0.48426933064123157      -0.27039037489052564      -0.97858915631204457       0.31158583250591754        2.0402186047870301       -1.8698551309902069       0.32275915064095928       -3.0794563599618416        1.7398577222597473       -1.1392752384632057        1.2467515278655017       -7.2983361067150643E-002  -2.0329828393384108       0.46782946311082751        1.9378965905676560       -3.1556809244317323      -0.29907292840907296      -0.24811088221483457      -0.62085749360818632       -3.5353028772567869      -0.48900107206406451        1.1016332357330314       0.23941821224127491       -3.3167567949394972       -3.0738069717381782       -2.8091242341350675      -0.29427954867236705       -3.3686593321932157      -0.33241959471892102       -3.3524603738069256       -1.1062816359031205        3.4602425141648276       -3.2862117078370572     
