# Time-averaged data for fix 1
# TimeStep c_msd_all[1] c_msd_all[2] c_msd_all[3] c_msd_all[4]
31000 0.0760246 0.0702582 0.055468 0.201751
32000 0.0717496 0.0685066 0.0620367 0.202293
33000 0.0641789 0.0658122 0.0658546 0.195846
34000 0.068313 0.0658265 0.067699 0.201838
35000 0.0608858 0.0606099 0.066211 0.187707
36000 0.0714685 0.0721752 0.066494 0.210138
37000 0.0757546 0.0656693 0.0646027 0.206027
38000 0.0670282 0.0625208 0.0663057 0.195855
39000 0.070254 0.064321 0.0633066 0.197882
40000 0.0718878 0.0687914 0.0633837 0.204063
41000 0.0670745 0.0637573 0.0601396 0.190971
42000 0.0756649 0.0638531 0.0615596 0.201078
43000 0.0756687 0.0705682 0.0687709 0.215008
44000 0.0721266 0.0593973 0.072437 0.203961
45000 0.0738867 0.0734843 0.0788119 0.226183
46000 0.0662037 0.0681189 0.0708439 0.205167
47000 0.0834746 0.076662 0.0715771 0.231714
48000 0.0807993 0.0702848 0.0629144 0.213998
49000 0.0812045 0.0790634 0.0630081 0.223276
50000 0.0768972 0.0678804 0.0580002 0.202778
51000 0.0795398 0.0704543 0.0647762 0.21477
52000 0.0801517 0.073461 0.0637069 0.21732
53000 0.0626493 0.0745292 0.069303 0.206482
54000 0.0865976 0.0786492 0.0747421 0.239989
55000 0.0763927 0.0724549 0.0610774 0.209925
56000 0.069217 0.0744543 0.0660832 0.209754
57000 0.0688493 0.079468 0.0659486 0.214266
58000 0.0780729 0.0687312 0.073208 0.220012
59000 0.0768729 0.0784758 0.0721293 0.227478
60000 0.0737721 0.0699022 0.0676381 0.211312
61000 0.0784091 0.0655229 0.0694564 0.213388
62000 0.0859002 0.0707239 0.0659868 0.222611
63000 0.0876529 0.0716164 0.0660795 0.225349
64000 0.0837666 0.0765089 0.0647078 0.224983
65000 0.0862162 0.0727731 0.0691491 0.228138
66000 0.0836168 0.0754337 0.0662257 0.225276
67000 0.0958678 0.0822221 0.0742051 0.252295
68000 0.0850511 0.0813594 0.065305 0.231715
69000 0.0804346 0.0769188 0.0638699 0.221223
70000 0.08675 0.0689478 0.0672872 0.222985
71000 0.092805 0.0758415 0.0688657 0.237512
72000 0.0909718 0.0705097 0.0750914 0.236573
73000 0.0902095 0.0803567 0.0776361 0.248202
74000 0.0771591 0.0751521 0.0817005 0.234012
75000 0.0844329 0.0781295 0.0734959 0.236058
76000 0.0783735 0.0779643 0.0723029 0.228641
77000 0.0790647 0.0768769 0.069232 0.225174
78000 0.0914477 0.0860279 0.0678637 0.245339
79000 0.0858889 0.0751696 0.0703298 0.231388
80000 0.09292 0.0733788 0.0675929 0.233892
81000 0.103698 0.0865824 0.0710409 0.261321
82000 0.0871198 0.0733432 0.0767798 0.237243
83000 0.085526 0.0733719 0.0823806 0.241279
84000 0.101283 0.0855188 0.0823923 0.269194
85000 0.0886352 0.0974473 0.0792029 0.265285
86000 0.086088 0.0771243 0.073095 0.236307
87000 0.0856358 0.0783149 0.0675147 0.231465
88000 0.0841773 0.0806449 0.0757538 0.240576
89000 0.106669 0.0903349 0.0686323 0.265637
90000 0.0955361 0.0861062 0.0726647 0.254307
91000 0.0985762 0.0887791 0.0761877 0.263543
92000 0.0923893 0.0786848 0.0755501 0.246624
93000 0.0948785 0.0763443 0.07643 0.247653
94000 0.10382 0.100992 0.071149 0.275961
95000 0.0933139 0.0880085 0.0787564 0.260079
96000 0.0880952 0.0786247 0.0790495 0.245769
97000 0.0877435 0.0788239 0.0796262 0.246194
98000 0.102849 0.0868059 0.075608 0.265263
99000 0.0925655 0.0738083 0.0737919 0.240166
100000 0.103975 0.0919532 0.0752519 0.27118
101000 0.100224 0.07487 0.0774654 0.252559
102000 0.0991393 0.0740594 0.0760312 0.24923
103000 0.104044 0.0929417 0.0788039 0.275789
104000 0.0905874 0.0880843 0.0819073 0.260579
105000 0.104031 0.0978315 0.0764003 0.278262
106000 0.0921625 0.0822421 0.075096 0.249501
107000 0.0890807 0.0720967 0.0711828 0.23236
108000 0.106683 0.0817158 0.079904 0.268303
109000 0.0900656 0.07427 0.0698701 0.234206
110000 0.100078 0.076837 0.0724999 0.249415
111000 0.0992405 0.076254 0.0792425 0.254737
112000 0.096569 0.0743192 0.0783142 0.249202
113000 0.0914281 0.0794633 0.0830229 0.253914
114000 0.0967232 0.0777623 0.0754201 0.249906
115000 0.0993913 0.0825122 0.0788745 0.260778
116000 0.0989754 0.0766338 0.0755717 0.251181
117000 0.102621 0.0828074 0.0708402 0.256268
118000 0.0988723 0.0756081 0.0697471 0.244227
119000 0.10197 0.0785019 0.0749036 0.255376
120000 0.0917073 0.0749138 0.0781638 0.244785
121000 0.0832449 0.0726376 0.0784353 0.234318
122000 0.0896326 0.0760852 0.0748828 0.240601
123000 0.0954592 0.0765312 0.0793892 0.25138
124000 0.0942946 0.0803952 0.072748 0.247438
125000 0.0939847 0.0772524 0.0813023 0.252539
126000 0.0933619 0.0829101 0.0751576 0.25143
127000 0.0877049 0.0823315 0.0812659 0.251302
128000 0.110172 0.0849176 0.0892439 0.284334
129000 0.0970623 0.0909225 0.0870438 0.275029
130000 0.0897415 0.0846769 0.0899621 0.264381
131000 0.108971 0.094117 0.0850044 0.288093
132000 0.0953124 0.0929996 0.0828974 0.271209
133000 0.0910869 0.0853697 0.085119 0.261576
134000 0.1009 0.0896503 0.0859261 0.276476
135000 0.0967498 0.0879036 0.0852554 0.269909
136000 0.0903347 0.0905365 0.0835312 0.264402
137000 0.0986156 0.0988588 0.0876827 0.285157
138000 0.0968152 0.0872579 0.085363 0.269436
139000 0.110691 0.0942607 0.0910409 0.295993
140000 0.101768 0.0867779 0.0939202 0.282466
141000 0.101973 0.0857342 0.0859705 0.273678
142000 0.106736 0.0928877 0.0862232 0.285847
143000 0.0978288 0.101432 0.0901796 0.28944
144000 0.101248 0.100354 0.0889129 0.290515
145000 0.0931295 0.0907602 0.0890152 0.272905
146000 0.09985 0.0918606 0.0788929 0.270603
147000 0.105879 0.0960534 0.0846697 0.286602
148000 0.112831 0.0942101 0.0941924 0.301233
149000 0.119357 0.100684 0.0977369 0.317778
150000 0.116145 0.0988018 0.0924233 0.30737
151000 0.113625 0.103126 0.092153 0.308904
152000 0.106372 0.0985586 0.0822784 0.287209
153000 0.103084 0.0943511 0.0856389 0.283074
154000 0.105778 0.0991285 0.0950825 0.299989
155000 0.0988029 0.0953217 0.0892352 0.28336
156000 0.102685 0.104059 0.10467 0.311414
157000 0.106376 0.10437 0.10452 0.315266
158000 0.108256 0.09895 0.10316 0.310366
159000 0.106957 0.101245 0.0988468 0.307048
160000 0.113013 0.0967164 0.10649 0.316219
161000 0.112152 0.106989 0.102972 0.322112
162000 0.114885 0.0998055 0.0943105 0.309001
163000 0.109237 0.0985507 0.0892947 0.297082
164000 0.114765 0.107415 0.0934424 0.315623
165000 0.106492 0.0908544 0.092776 0.290122
166000 0.100069 0.103589 0.0965709 0.300229
167000 0.108731 0.100922 0.0963521 0.306004
168000 0.103946 0.0992032 0.10149 0.304639
169000 0.110847 0.0961781 0.114959 0.321984
170000 0.106234 0.0978717 0.100225 0.30433
171000 0.10002 0.0905532 0.0961549 0.286729
172000 0.105806 0.0995294 0.0907879 0.296124
173000 0.106565 0.0993494 0.0837917 0.289706
174000 0.109176 0.0974392 0.0926088 0.299224
175000 0.113881 0.0977452 0.0990662 0.310692
176000 0.115343 0.101376 0.104194 0.320913
177000 0.116417 0.0985434 0.0939247 0.308885
178000 0.110716 0.105982 0.0962646 0.312962
179000 0.109307 0.108556 0.0989615 0.316824
180000 0.111777 0.108381 0.092103 0.312262
181000 0.116081 0.107883 0.0881297 0.312093
182000 0.109882 0.102639 0.0953058 0.307828
183000 0.112799 0.0994806 0.0956654 0.307945
184000 0.109074 0.0970875 0.097648 0.30381
185000 0.112225 0.109625 0.100182 0.322033
186000 0.109094 0.095884 0.103493 0.308471
187000 0.108353 0.104408 0.100168 0.312929
188000 0.124905 0.119458 0.111679 0.356042
189000 0.115349 0.106782 0.111171 0.333302
190000 0.116174 0.112991 0.121008 0.350172
191000 0.118314 0.116951 0.10276 0.338026
192000 0.106206 0.108154 0.0988247 0.313185
193000 0.12061 0.108881 0.0954758 0.324967
194000 0.125812 0.114186 0.097947 0.337946
195000 0.110563 0.097272 0.103468 0.311303
196000 0.127007 0.117128 0.1079 0.352035
197000 0.128729 0.113985 0.105389 0.348104
198000 0.126885 0.110702 0.11245 0.350038
199000 0.118585 0.112277 0.111422 0.342285
200000 0.126787 0.107551 0.113006 0.347345
201000 0.122109 0.116489 0.10757 0.346169
202000 0.123411 0.112361 0.1085 0.344272
203000 0.128197 0.116284 0.111005 0.355486
204000 0.127454 0.116035 0.104919 0.348408
205000 0.121213 0.113302 0.105018 0.339533
206000 0.141125 0.123405 0.104806 0.369336
207000 0.120023 0.110836 0.107779 0.338638
208000 0.131225 0.109617 0.114805 0.355646
209000 0.125033 0.114192 0.114752 0.353977
210000 0.121003 0.112072 0.118839 0.351914
211000 0.12297 0.122164 0.114109 0.359243
212000 0.119627 0.107892 0.115923 0.343443
213000 0.118947 0.114857 0.111662 0.345466
214000 0.136539 0.134325 0.108835 0.379699
215000 0.123698 0.122418 0.108311 0.354427
216000 0.136885 0.122856 0.107518 0.36726
217000 0.128073 0.119187 0.114273 0.361533
218000 0.119657 0.11986 0.109965 0.349482
219000 0.140479 0.124542 0.11655 0.381572
220000 0.125206 0.116157 0.119741 0.361105
221000 0.141474 0.128351 0.114696 0.38452
222000 0.124503 0.122641 0.117324 0.364468
223000 0.123758 0.110285 0.111327 0.34537
224000 0.129238 0.116251 0.112144 0.357633
225000 0.114097 0.107993 0.1053 0.32739
226000 0.126417 0.115206 0.106791 0.348415
227000 0.130592 0.121248 0.117816 0.369655
228000 0.120586 0.114961 0.122282 0.357829
229000 0.122203 0.11857 0.118559 0.359332
230000 0.141605 0.124598 0.113833 0.380037
231000 0.117736 0.11559 0.113675 0.347001
232000 0.129942 0.119603 0.114791 0.364336
233000 0.136928 0.125883 0.112577 0.375389
234000 0.127076 0.119622 0.106193 0.35289
235000 0.127946 0.111399 0.114564 0.35391
236000 0.117935 0.119974 0.105168 0.343077
237000 0.131208 0.119604 0.11303 0.363841
238000 0.136558 0.123294 0.115559 0.37541
239000 0.130511 0.113598 0.113026 0.357134
240000 0.13507 0.125191 0.116629 0.37689
241000 0.139982 0.116886 0.12402 0.380888
242000 0.136802 0.12111 0.115344 0.373256
243000 0.12628 0.126284 0.115407 0.367972
244000 0.125804 0.120965 0.117863 0.364632
245000 0.126969 0.111233 0.115792 0.353993
246000 0.138846 0.129905 0.126231 0.394982
247000 0.13091 0.120497 0.121808 0.373215
248000 0.133973 0.111088 0.121251 0.366312
249000 0.138053 0.125368 0.120515 0.383935
250000 0.132536 0.126 0.120429 0.378966
251000 0.128019 0.11469 0.111645 0.354355
252000 0.14047 0.123917 0.116645 0.381032
253000 0.135364 0.124469 0.119925 0.379759
254000 0.14936 0.132557 0.124683 0.406599
255000 0.132787 0.136064 0.133453 0.402304
256000 0.135244 0.131661 0.123649 0.390554
257000 0.139772 0.127841 0.134053 0.401666
258000 0.14915 0.138245 0.12673 0.414124
259000 0.140191 0.129555 0.134508 0.404255
260000 0.155333 0.139093 0.130593 0.42502
261000 0.131366 0.128084 0.136864 0.396314
262000 0.14716 0.129163 0.13499 0.411313
263000 0.148527 0.126977 0.133664 0.409168
264000 0.131572 0.119843 0.127272 0.378687
265000 0.140047 0.134005 0.138623 0.412675
266000 0.13593 0.126061 0.130126 0.392116
267000 0.13348 0.125548 0.140277 0.399305
268000 0.147714 0.126011 0.145415 0.41914
269000 0.145849 0.132232 0.13378 0.411861
270000 0.139528 0.130749 0.133428 0.403705
271000 0.146405 0.124469 0.131424 0.402298
272000 0.12785 0.127439 0.130743 0.386032
273000 0.136289 0.139678 0.122685 0.398652
274000 0.134796 0.127129 0.128527 0.390452
275000 0.13113 0.129596 0.13027 0.390995
276000 0.134827 0.118817 0.139204 0.392848
277000 0.143149 0.130685 0.143102 0.416936
278000 0.154058 0.136968 0.138982 0.430008
279000 0.136437 0.124792 0.136564 0.397793
280000 0.14671 0.13584 0.13681 0.419361
281000 0.140721 0.12755 0.131269 0.39954
282000 0.143149 0.136089 0.135813 0.415052
283000 0.149223 0.130792 0.136884 0.416899
284000 0.152007 0.129375 0.137254 0.418636
285000 0.150116 0.125268 0.130884 0.406268
286000 0.153933 0.136894 0.135542 0.426368
287000 0.146499 0.128544 0.141227 0.41627
288000 0.14928 0.12692 0.137778 0.413978
289000 0.161417 0.140298 0.136659 0.438374
290000 0.150684 0.128774 0.13787 0.417328
291000 0.140333 0.12788 0.14235 0.410562
292000 0.150607 0.133129 0.13496 0.418697
293000 0.154573 0.128149 0.127411 0.410134
294000 0.151862 0.138137 0.124997 0.414996
295000 0.156076 0.127005 0.129836 0.412917
296000 0.156002 0.139647 0.12897 0.42462
297000 0.148823 0.135992 0.136984 0.421799
298000 0.147499 0.142998 0.136278 0.426775
299000 0.153628 0.136908 0.137151 0.427686
300000 0.151759 0.135686 0.139552 0.426997
301000 0.146121 0.139649 0.140957 0.426728
302000 0.142678 0.133803 0.129306 0.405787
303000 0.151867 0.136287 0.133972 0.422126
304000 0.148742 0.137024 0.131595 0.417361
305000 0.156057 0.149362 0.129772 0.435192
306000 0.149966 0.135944 0.134527 0.420437
307000 0.152856 0.139708 0.140498 0.433062
308000 0.149951 0.137586 0.142163 0.429701
309000 0.156724 0.144914 0.14414 0.445778
310000 0.158848 0.154028 0.13839 0.451266
311000 0.156635 0.14685 0.145146 0.448632
312000 0.150913 0.141917 0.153816 0.446646
313000 0.149844 0.145164 0.142841 0.437849
314000 0.165146 0.13763 0.145784 0.44856
315000 0.149799 0.148243 0.143875 0.441917
316000 0.154387 0.146522 0.132219 0.433128
317000 0.161907 0.137907 0.136493 0.436307
318000 0.153955 0.143645 0.135558 0.433158
319000 0.154331 0.151365 0.144928 0.450623
320000 0.154108 0.146898 0.142909 0.443915
321000 0.168013 0.151787 0.146241 0.466041
322000 0.158266 0.151402 0.150687 0.460356
323000 0.1511 0.141819 0.149564 0.442484
324000 0.157484 0.148214 0.148875 0.454572
325000 0.163372 0.144463 0.152215 0.460049
326000 0.162786 0.139566 0.139212 0.441565
327000 0.155544 0.146222 0.138876 0.440642
328000 0.154897 0.137277 0.138586 0.43076
329000 0.16443 0.152491 0.148779 0.4657
330000 0.162467 0.152024 0.151834 0.466325
331000 0.172985 0.149294 0.143263 0.465541
332000 0.154925 0.137414 0.148814 0.441153
333000 0.163273 0.153717 0.140582 0.457572
334000 0.160107 0.142819 0.133735 0.436661
335000 0.160259 0.153432 0.143227 0.456917
336000 0.160116 0.147636 0.142814 0.450565
337000 0.159721 0.138859 0.153861 0.45244
338000 0.168668 0.15187 0.137675 0.458214
339000 0.152427 0.140866 0.153774 0.447067
340000 0.163661 0.151478 0.155392 0.470531
341000 0.15557 0.15083 0.148554 0.454954
342000 0.167142 0.150977 0.143802 0.46192
343000 0.158081 0.152858 0.145316 0.456255
344000 0.185844 0.161509 0.143289 0.490642
345000 0.173545 0.152774 0.146841 0.47316
346000 0.158771 0.144148 0.144696 0.447615
347000 0.16411 0.148459 0.145927 0.458496
348000 0.167568 0.146031 0.153348 0.466947
349000 0.163021 0.146348 0.146103 0.455472
350000 0.180086 0.149501 0.149828 0.479415
351000 0.160596 0.152269 0.148131 0.460997
352000 0.161283 0.155481 0.143215 0.459978
353000 0.163797 0.157972 0.148721 0.470489
354000 0.167351 0.158309 0.155339 0.480998
355000 0.187316 0.156443 0.164488 0.508246
356000 0.166198 0.153566 0.157525 0.47729
357000 0.161367 0.149596 0.149282 0.460245
358000 0.176522 0.158383 0.151825 0.48673
359000 0.157945 0.155093 0.15361 0.466648
360000 0.173918 0.149617 0.161712 0.485247
361000 0.168794 0.150824 0.155441 0.475059
362000 0.171185 0.169075 0.145558 0.485819
363000 0.182892 0.166573 0.14533 0.494795
364000 0.170296 0.159392 0.151599 0.481288
365000 0.173199 0.155011 0.154651 0.482862
366000 0.174675 0.164174 0.15797 0.49682
367000 0.176929 0.151923 0.153632 0.482484
368000 0.184562 0.161039 0.158636 0.504236
369000 0.176881 0.16048 0.153492 0.490854
370000 0.172906 0.167689 0.151612 0.492206
371000 0.176396 0.162457 0.159112 0.497965
372000 0.175767 0.155418 0.154838 0.486023
373000 0.172216 0.154734 0.150921 0.477871
374000 0.157828 0.15225 0.145555 0.455634
375000 0.173787 0.15339 0.15869 0.485867
376000 0.184346 0.15839 0.156186 0.498921
377000 0.175933 0.151519 0.149173 0.476625
378000 0.176641 0.153953 0.166902 0.497496
379000 0.168959 0.161016 0.170827 0.500802
380000 0.190499 0.164101 0.166495 0.521096
381000 0.172467 0.160037 0.16101 0.493514
382000 0.182452 0.162613 0.155641 0.500705
383000 0.176015 0.153523 0.1505 0.480038
384000 0.190805 0.159144 0.152281 0.50223
385000 0.181047 0.158529 0.159407 0.498983
386000 0.186288 0.166066 0.172462 0.524816
387000 0.174357 0.151799 0.162464 0.488619
388000 0.176391 0.157557 0.160147 0.494095
389000 0.179075 0.145385 0.161786 0.486247
390000 0.169827 0.153633 0.164044 0.487504
391000 0.182082 0.158598 0.166156 0.506836
392000 0.185431 0.169707 0.166595 0.521733
393000 0.168891 0.154858 0.16147 0.485219
394000 0.18575 0.162945 0.159611 0.508306
395000 0.180836 0.15965 0.164031 0.504517
396000 0.18091 0.156233 0.161513 0.498656
397000 0.185054 0.162993 0.162134 0.510181
398000 0.171516 0.150839 0.160624 0.482979
399000 0.191857 0.157 0.169885 0.518742
400000 0.177212 0.156449 0.164116 0.497777
401000 0.176098 0.176014 0.17331 0.525422
402000 0.171773 0.158364 0.167784 0.497921
403000 0.181796 0.160297 0.164777 0.50687
404000 0.193874 0.162045 0.168839 0.524758
405000 0.177959 0.158769 0.159071 0.495798
406000 0.188381 0.15089 0.161458 0.500728
407000 0.18897 0.156822 0.166565 0.512357
408000 0.184649 0.165302 0.162216 0.512168
409000 0.179109 0.16306 0.16685 0.50902
410000 0.185465 0.163652 0.160369 0.509486
411000 0.179526 0.15957 0.170246 0.509342
412000 0.186782 0.157496 0.169334 0.513612
413000 0.194218 0.151274 0.165608 0.511099
414000 0.18482 0.155665 0.167649 0.508134
415000 0.190117 0.163323 0.16444 0.51788
416000 0.176067 0.165581 0.177593 0.519241
417000 0.183939 0.164588 0.164693 0.51322
418000 0.188221 0.165416 0.171823 0.52546
419000 0.18325 0.162499 0.166476 0.512225
420000 0.190882 0.165553 0.163979 0.520414
421000 0.185545 0.165943 0.16529 0.516778
422000 0.189524 0.16057 0.165096 0.515191
423000 0.188267 0.155554 0.176117 0.519938
424000 0.180174 0.154499 0.167894 0.502567
425000 0.19405 0.169583 0.166452 0.530085
426000 0.188144 0.151727 0.178551 0.518423
427000 0.179531 0.158462 0.171871 0.509864
428000 0.192765 0.15488 0.164288 0.511933
429000 0.184957 0.162387 0.182556 0.5299
430000 0.180594 0.157573 0.158842 0.497009
431000 0.189137 0.163799 0.164248 0.517184
432000 0.187238 0.170688 0.170933 0.528859
433000 0.191278 0.162842 0.170752 0.524872
434000 0.196426 0.166675 0.163423 0.526525
435000 0.190196 0.157476 0.167415 0.515088
436000 0.191002 0.15555 0.17386 0.520413
437000 0.185074 0.166379 0.171553 0.523005
438000 0.205681 0.172389 0.169756 0.547826
439000 0.185437 0.17113 0.176991 0.533557
440000 0.189529 0.165724 0.175935 0.531188
441000 0.210905 0.164141 0.169749 0.544795
442000 0.190869 0.16351 0.178924 0.533303
443000 0.198078 0.170363 0.173932 0.542373
444000 0.182941 0.158117 0.170796 0.511854
445000 0.195512 0.162297 0.171775 0.529584
446000 0.194193 0.169679 0.171591 0.535463
447000 0.193276 0.1758 0.170875 0.539951
448000 0.191433 0.167846 0.183095 0.542373
449000 0.198801 0.166927 0.188205 0.553933
450000 0.20792 0.172421 0.17165 0.551992
451000 0.195573 0.15251 0.175353 0.523435
452000 0.203371 0.167755 0.172572 0.543699
453000 0.192961 0.157993 0.168861 0.519815
454000 0.194659 0.167482 0.174387 0.536527
455000 0.197745 0.165923 0.17283 0.536498
456000 0.197743 0.159295 0.179039 0.536076
457000 0.190442 0.157577 0.176297 0.524317
458000 0.196289 0.162298 0.168639 0.527226
459000 0.19048 0.160295 0.179584 0.530358
460000 0.189326 0.161101 0.171357 0.521783
461000 0.209996 0.163494 0.173026 0.546516
462000 0.191186 0.153895 0.177204 0.522286
463000 0.193703 0.164272 0.176685 0.53466
464000 0.198462 0.177065 0.177351 0.552878
465000 0.19305 0.154792 0.178464 0.526307
466000 0.188915 0.16435 0.182375 0.53564
467000 0.21106 0.167243 0.187419 0.565721
468000 0.195852 0.165927 0.197433 0.559212
469000 0.222277 0.169661 0.196369 0.588307
470000 0.201586 0.170596 0.202007 0.574189
471000 0.204969 0.165558 0.184726 0.555253
472000 0.198847 0.162806 0.17995 0.541604
473000 0.202205 0.166274 0.183709 0.552188
474000 0.202415 0.166397 0.181113 0.549925
475000 0.204917 0.16995 0.181812 0.556679
476000 0.199555 0.163744 0.181048 0.544348
477000 0.20999 0.163467 0.185122 0.558579
478000 0.217281 0.170529 0.187859 0.575669
479000 0.193245 0.167526 0.189778 0.550549
480000 0.202028 0.179038 0.189333 0.570399
481000 0.208285 0.170835 0.190953 0.570072
482000 0.196905 0.170845 0.18923 0.55698
483000 0.211449 0.166235 0.186204 0.563888
484000 0.201656 0.16611 0.189509 0.557275
485000 0.199887 0.168618 0.188184 0.556689
486000 0.21181 0.179894 0.182738 0.574442
487000 0.208635 0.176375 0.199429 0.58444
488000 0.228263 0.17821 0.196501 0.602974
489000 0.211325 0.175389 0.185804 0.572518
490000 0.204266 0.167158 0.18907 0.560494
491000 0.205909 0.168445 0.18767 0.562024
492000 0.216338 0.181108 0.194815 0.592261
493000 0.208143 0.174833 0.210095 0.593072
494000 0.214207 0.181341 0.201546 0.597094
495000 0.2146 0.182442 0.207402 0.604444
496000 0.208508 0.174222 0.202822 0.585553
497000 0.215838 0.183779 0.200557 0.600175
498000 0.211272 0.176387 0.202596 0.590254
499000 0.202777 0.170291 0.191748 0.564816
500000 0.199324 0.172283 0.189777 0.561384
501000 0.214209 0.178551 0.192642 0.585402
502000 0.223001 0.176479 0.198767 0.598247
503000 0.219824 0.190705 0.203943 0.614472
504000 0.218252 0.18274 0.195527 0.596519
505000 0.208947 0.174824 0.196701 0.580471
506000 0.210545 0.179556 0.199839 0.58994
507000 0.210988 0.173034 0.200663 0.584684
508000 0.194275 0.168416 0.209522 0.572213
509000 0.218184 0.182209 0.197837 0.59823
510000 0.21189 0.18215 0.195803 0.589844
511000 0.208944 0.178917 0.199565 0.587426
512000 0.226403 0.189896 0.198628 0.614926
513000 0.201282 0.174655 0.198735 0.574672
514000 0.204428 0.173238 0.198695 0.576361
515000 0.220997 0.181847 0.202151 0.604995
516000 0.205009 0.171888 0.200811 0.577709
517000 0.209398 0.182593 0.199314 0.591306
518000 0.216979 0.174996 0.203114 0.595089
519000 0.213276 0.188871 0.203245 0.605392
520000 0.219377 0.180627 0.200324 0.600328
521000 0.202492 0.176852 0.20165 0.580995
522000 0.21216 0.18217 0.200858 0.595189
523000 0.209274 0.178942 0.199784 0.588
524000 0.214986 0.185128 0.199872 0.599986
525000 0.218373 0.179286 0.19057 0.588229
526000 0.210126 0.171507 0.200397 0.58203
527000 0.19825 0.174729 0.213942 0.586921
528000 0.212133 0.1832 0.202267 0.5976
529000 0.202543 0.183249 0.197672 0.583465
530000 0.200802 0.186651 0.197034 0.584486
531000 0.226441 0.181628 0.19645 0.60452
532000 0.219298 0.17964 0.193832 0.592771
533000 0.220526 0.172724 0.199265 0.592515
534000 0.205383 0.177239 0.207212 0.589834
535000 0.219299 0.181484 0.204436 0.605219
536000 0.215755 0.184359 0.204485 0.604599
537000 0.202939 0.185336 0.208159 0.596433
538000 0.21148 0.179909 0.219454 0.610843
539000 0.210605 0.184379 0.193791 0.588775
540000 0.203268 0.176482 0.208827 0.588576
541000 0.208028 0.172711 0.215087 0.595826
542000 0.208603 0.179887 0.201593 0.590082
543000 0.214922 0.18359 0.201264 0.599776
544000 0.204705 0.174327 0.211709 0.590741
545000 0.212188 0.179716 0.206957 0.598861
546000 0.218099 0.181282 0.193628 0.593009
547000 0.20869 0.185291 0.202906 0.596888
548000 0.207557 0.173399 0.198747 0.579703
549000 0.213542 0.190512 0.208784 0.612838
550000 0.218379 0.181546 0.20896 0.608885
551000 0.214598 0.18421 0.220832 0.61964
552000 0.222431 0.195002 0.219368 0.636801
553000 0.220981 0.190037 0.210736 0.621754
554000 0.214985 0.189584 0.207776 0.612345
555000 0.216033 0.200927 0.204877 0.621836
556000 0.20728 0.197269 0.208536 0.613085
557000 0.208344 0.186036 0.203369 0.597749
558000 0.21213 0.182181 0.217862 0.612173
559000 0.217513 0.182871 0.210788 0.611173
560000 0.220926 0.183611 0.206423 0.610961
561000 0.214651 0.185937 0.208277 0.608865
562000 0.197555 0.177846 0.205728 0.581129
563000 0.203548 0.186753 0.208016 0.598317
564000 0.207233 0.181639 0.198581 0.587453
565000 0.217806 0.183326 0.210171 0.611303
566000 0.222973 0.181653 0.207036 0.611661
567000 0.212412 0.193717 0.207435 0.613564
568000 0.218527 0.187704 0.206882 0.613112
569000 0.222431 0.19194 0.209417 0.623788
570000 0.20891 0.191573 0.210565 0.611048
571000 0.218799 0.187241 0.213691 0.61973
572000 0.210947 0.196438 0.206869 0.614254
573000 0.224927 0.179933 0.199647 0.604507
574000 0.214142 0.184255 0.203341 0.601739
575000 0.214312 0.19868 0.195647 0.608639
576000 0.215984 0.188304 0.213808 0.618095
577000 0.217755 0.191113 0.200907 0.609775
578000 0.216143 0.188227 0.208949 0.613319
579000 0.215129 0.190557 0.217998 0.623684
580000 0.216406 0.189762 0.209754 0.615922
581000 0.220436 0.193156 0.207107 0.6207
582000 0.209465 0.196589 0.214601 0.620654
583000 0.219196 0.198587 0.204002 0.621786
584000 0.223236 0.209006 0.209822 0.642064
585000 0.215726 0.200231 0.198782 0.614739
586000 0.222043 0.189579 0.206965 0.618588
587000 0.230615 0.191806 0.203509 0.62593
588000 0.206231 0.191222 0.207383 0.604836
589000 0.226483 0.189298 0.204643 0.620424
590000 0.215196 0.189574 0.212947 0.617717
591000 0.217624 0.195815 0.201899 0.615337
592000 0.20923 0.189141 0.206139 0.60451
593000 0.217765 0.211273 0.203712 0.63275
594000 0.210169 0.210355 0.20717 0.627695
595000 0.210021 0.184717 0.198903 0.593641
596000 0.227719 0.200704 0.207299 0.635721
597000 0.21565 0.188851 0.19889 0.603391
598000 0.20658 0.19362 0.217828 0.618028
599000 0.205222 0.187768 0.208956 0.601946
600000 0.21913 0.194099 0.208788 0.622017
601000 0.216655 0.208389 0.206964 0.632009
602000 0.21363 0.192414 0.206131 0.612175
603000 0.225244 0.188667 0.20529 0.619202
604000 0.22121 0.18121 0.20688 0.609299
605000 0.216336 0.19574 0.206702 0.618778
606000 0.210705 0.184927 0.197419 0.593051
607000 0.213821 0.187472 0.214065 0.615359
608000 0.214709 0.192657 0.200994 0.60836
609000 0.21473 0.19109 0.207865 0.613686
610000 0.220044 0.198894 0.208799 0.627737
611000 0.21356 0.198855 0.202296 0.614712
612000 0.216533 0.195517 0.198351 0.610401
613000 0.218349 0.192472 0.208139 0.61896
614000 0.216796 0.184813 0.208609 0.610218
615000 0.226425 0.187892 0.211463 0.62578
616000 0.21394 0.197601 0.202979 0.61452
617000 0.204865 0.190197 0.200345 0.595407
618000 0.223026 0.201432 0.205391 0.629849
619000 0.22261 0.196366 0.193556 0.612531
620000 0.214706 0.186022 0.205453 0.60618
621000 0.231575 0.201117 0.218389 0.65108
622000 0.233826 0.201618 0.211871 0.647314
623000 0.221242 0.198017 0.198805 0.618063
624000 0.21161 0.203671 0.205721 0.621002
625000 0.217832 0.209569 0.207831 0.635231
626000 0.219517 0.212665 0.196882 0.629063
627000 0.223666 0.209778 0.20433 0.637774
628000 0.225706 0.209204 0.196998 0.631908
629000 0.229319 0.189882 0.204781 0.623982
630000 0.22262 0.195859 0.195635 0.614115
631000 0.243066 0.201402 0.20924 0.653709
632000 0.240533 0.193704 0.208215 0.642452
633000 0.217964 0.200484 0.209708 0.628156
634000 0.217602 0.209736 0.206177 0.633515
635000 0.227869 0.201218 0.205061 0.634148
636000 0.219316 0.20582 0.215798 0.640933
637000 0.213439 0.200964 0.20964 0.624043
638000 0.215362 0.207301 0.209312 0.631976
639000 0.214144 0.208266 0.210662 0.633072
640000 0.225143 0.197548 0.210753 0.633444
641000 0.236869 0.206947 0.210401 0.654218
642000 0.215043 0.213381 0.20951 0.637933
643000 0.227158 0.20553 0.210827 0.643515
644000 0.214452 0.199708 0.210646 0.624806
645000 0.215602 0.197004 0.209182 0.621789
646000 0.218799 0.199 0.202376 0.620175
647000 0.222222 0.213466 0.205633 0.641321
648000 0.227172 0.199872 0.210488 0.637531
649000 0.22845 0.21042 0.204388 0.643257
650000 0.217893 0.196556 0.211434 0.625883
651000 0.226907 0.201971 0.20993 0.638807
652000 0.227589 0.199488 0.213944 0.641021
653000 0.237996 0.206603 0.21414 0.658739
654000 0.222101 0.202226 0.210392 0.634719
655000 0.221275 0.20505 0.206457 0.632782
656000 0.216807 0.2037 0.212166 0.632673
657000 0.230813 0.205909 0.210455 0.647177
658000 0.218534 0.216109 0.204199 0.638842
659000 0.222886 0.208785 0.195505 0.627176
660000 0.229868 0.216777 0.208411 0.655056
661000 0.218583 0.20996 0.21691 0.645453
662000 0.223374 0.208194 0.203619 0.635187
663000 0.229587 0.22373 0.213511 0.666829
664000 0.233747 0.210813 0.203259 0.647819
665000 0.239661 0.214507 0.207887 0.662055
666000 0.245601 0.219639 0.213109 0.67835
667000 0.231358 0.209411 0.207818 0.648588
668000 0.221486 0.21533 0.21116 0.647976
669000 0.235269 0.22468 0.204576 0.664525
670000 0.226466 0.22274 0.20848 0.657686
671000 0.233318 0.209708 0.207715 0.650741
672000 0.224516 0.215654 0.213235 0.653405
673000 0.227841 0.219473 0.222245 0.669559
674000 0.227625 0.213803 0.214777 0.656205
675000 0.244611 0.217053 0.20847 0.670135
676000 0.233376 0.214808 0.207674 0.655858
677000 0.240911 0.222983 0.209565 0.673459
678000 0.254359 0.214461 0.210969 0.679789
679000 0.233183 0.207044 0.213277 0.653504
680000 0.225705 0.21375 0.219639 0.659094
681000 0.238521 0.222079 0.208247 0.668847
682000 0.228958 0.215593 0.202966 0.647518
683000 0.24427 0.224311 0.206271 0.674851
684000 0.234669 0.221596 0.212413 0.668678
685000 0.242892 0.217786 0.201245 0.661923
686000 0.234772 0.220638 0.203359 0.65877
687000 0.241452 0.225744 0.218053 0.685249
688000 0.247571 0.221051 0.21624 0.684862
689000 0.234862 0.227289 0.225568 0.687719
690000 0.234931 0.221153 0.215753 0.671838
691000 0.225208 0.216468 0.212846 0.654523
692000 0.236308 0.220046 0.207698 0.664052
693000 0.246051 0.23304 0.208338 0.68743
694000 0.22578 0.209925 0.212639 0.648345
695000 0.237525 0.214289 0.215821 0.667635
696000 0.229967 0.214921 0.207296 0.652184
697000 0.240371 0.226657 0.218826 0.685854
698000 0.238988 0.229598 0.227176 0.695761
699000 0.232128 0.22747 0.233894 0.693492
700000 0.233794 0.229121 0.218426 0.681341
701000 0.253361 0.223054 0.220221 0.696636
702000 0.239184 0.228298 0.221145 0.688628
703000 0.233436 0.221573 0.22067 0.67568
704000 0.256809 0.234124 0.219667 0.710599
705000 0.239116 0.23579 0.223816 0.698722
706000 0.238428 0.218854 0.20771 0.664992
707000 0.251202 0.249454 0.222946 0.723602
708000 0.255349 0.227093 0.238966 0.721409
709000 0.246286 0.229548 0.222975 0.698809
710000 0.249341 0.234147 0.228334 0.711822
711000 0.259164 0.225897 0.219108 0.704169
712000 0.246583 0.228131 0.214648 0.689362
713000 0.246446 0.218483 0.215634 0.680563
714000 0.256334 0.235656 0.217821 0.709811
715000 0.24515 0.224985 0.22056 0.690696
716000 0.251981 0.237973 0.229346 0.7193
717000 0.25389 0.231964 0.213769 0.699623
718000 0.253705 0.233529 0.233393 0.720627
719000 0.247799 0.240346 0.226656 0.714801
720000 0.245827 0.241736 0.217192 0.704755
721000 0.258354 0.237429 0.223104 0.718887
722000 0.266136 0.240241 0.222106 0.728484
723000 0.259584 0.234071 0.234145 0.727799
724000 0.258769 0.220336 0.232746 0.71185
725000 0.254583 0.235535 0.211884 0.702003
726000 0.261562 0.238326 0.224804 0.724692
727000 0.251665 0.246633 0.219451 0.717748
728000 0.259667 0.237698 0.213287 0.710651
729000 0.262201 0.240181 0.217796 0.720179
730000 0.249218 0.227638 0.226959 0.703814
731000 0.255627 0.233215 0.227927 0.716769
732000 0.25092 0.230949 0.233673 0.715542
733000 0.252208 0.248196 0.217705 0.718109
734000 0.258701 0.225639 0.230011 0.714351
735000 0.254395 0.237561 0.219378 0.711333
736000 0.253842 0.250968 0.226861 0.731671
737000 0.259921 0.241339 0.231255 0.732516
738000 0.245826 0.24401 0.219548 0.709384
739000 0.260289 0.249373 0.224469 0.734131
740000 0.266558 0.249464 0.231641 0.747663
741000 0.263294 0.242923 0.224148 0.730366
742000 0.253762 0.245545 0.224949 0.724257
743000 0.257341 0.243615 0.222698 0.723654
744000 0.257955 0.249197 0.245366 0.752518
745000 0.271821 0.2476 0.243556 0.762977
746000 0.257051 0.247557 0.233297 0.737905
747000 0.249059 0.25217 0.232608 0.733836
748000 0.262587 0.257991 0.24874 0.769318
749000 0.269543 0.245511 0.240911 0.755965
750000 0.264818 0.244078 0.238338 0.747235
751000 0.259103 0.242432 0.231711 0.733246
752000 0.257678 0.25938 0.233095 0.750153
753000 0.257382 0.246498 0.231658 0.735539
754000 0.273964 0.25141 0.236962 0.762336
755000 0.277123 0.249266 0.243945 0.770333
756000 0.266813 0.268328 0.243139 0.77828
757000 0.267071 0.262708 0.236751 0.76653
758000 0.267444 0.259787 0.229857 0.757087
759000 0.263156 0.250584 0.232768 0.746507
760000 0.259378 0.250833 0.24485 0.75506
761000 0.268512 0.257409 0.240639 0.76656
762000 0.263013 0.252358 0.230196 0.745567
763000 0.269458 0.245627 0.234357 0.749442
764000 0.282391 0.252482 0.236314 0.771188
765000 0.261789 0.256611 0.241579 0.759979
766000 0.271206 0.261673 0.243013 0.775892
767000 0.261251 0.25421 0.235154 0.750615
768000 0.281783 0.266061 0.23847 0.786315
769000 0.268116 0.260094 0.241613 0.769823
770000 0.278626 0.259245 0.245811 0.783682
771000 0.279596 0.262431 0.230495 0.772521
772000 0.278044 0.266406 0.238826 0.783276
773000 0.277931 0.26388 0.236507 0.778318
774000 0.254934 0.252781 0.233782 0.741496
775000 0.276004 0.256706 0.23543 0.768141
776000 0.263347 0.251993 0.244626 0.759966
777000 0.275232 0.244274 0.232475 0.751981
778000 0.279679 0.254552 0.238191 0.772422
779000 0.270316 0.259377 0.241661 0.771354
780000 0.274136 0.257452 0.246478 0.778065
781000 0.270945 0.260672 0.24068 0.772297
782000 0.281979 0.258058 0.24174 0.781777
783000 0.271187 0.258039 0.243343 0.772569
784000 0.290417 0.264307 0.244935 0.799658
785000 0.290743 0.252255 0.26119 0.804188
786000 0.279263 0.266129 0.252424 0.797816
787000 0.263611 0.271724 0.258197 0.793533
788000 0.288994 0.26685 0.251048 0.806892
789000 0.276216 0.26586 0.238708 0.780784
790000 0.279787 0.257709 0.252445 0.789941
791000 0.284074 0.279831 0.246616 0.81052
792000 0.280197 0.257622 0.245423 0.783242
793000 0.282864 0.26355 0.25944 0.805854
794000 0.268041 0.260693 0.245998 0.774732
795000 0.285775 0.266503 0.25016 0.802437
796000 0.280053 0.265274 0.243866 0.789192
797000 0.279074 0.265649 0.253894 0.798617
798000 0.276021 0.260084 0.257652 0.793757
799000 0.28193 0.271978 0.249095 0.803003
800000 0.283251 0.264598 0.260729 0.808579
801000 0.288086 0.269261 0.250365 0.807712
802000 0.292151 0.261009 0.242303 0.795464
803000 0.283431 0.267002 0.248845 0.799279
804000 0.286177 0.258497 0.254334 0.799008
805000 0.284016 0.259218 0.24535 0.788584
806000 0.286199 0.253425 0.252685 0.792309
807000 0.288635 0.268674 0.261531 0.818839
808000 0.30442 0.265735 0.265212 0.835366
809000 0.272606 0.259046 0.260713 0.792365
810000 0.277897 0.261714 0.25537 0.794981
811000 0.283294 0.263968 0.255489 0.802751
812000 0.287224 0.259624 0.246256 0.793104
813000 0.292795 0.268553 0.255437 0.816785
814000 0.287968 0.27389 0.261252 0.823111
815000 0.283272 0.263167 0.252103 0.798542
816000 0.266454 0.260791 0.25742 0.784664
817000 0.283665 0.271458 0.246737 0.80186
818000 0.272337 0.274076 0.252229 0.798642
819000 0.28031 0.258889 0.252132 0.791331
820000 0.283022 0.275265 0.247483 0.805769
821000 0.280022 0.256851 0.259929 0.796803
822000 0.280108 0.267317 0.249155 0.796579
823000 0.281569 0.257685 0.250125 0.789379
824000 0.289271 0.262755 0.264984 0.81701
825000 0.279426 0.261005 0.257079 0.79751
826000 0.291726 0.272834 0.255994 0.820554
827000 0.266679 0.2587 0.249004 0.774383
828000 0.282875 0.265208 0.262172 0.810255
829000 0.286121 0.260951 0.258816 0.805888
830000 0.28279 0.260291 0.254849 0.797929
831000 0.28151 0.265762 0.248072 0.795344
832000 0.290593 0.270989 0.256986 0.818568
833000 0.28752 0.268907 0.256478 0.812904
834000 0.28732 0.263784 0.250546 0.801651
835000 0.282482 0.262975 0.260307 0.805764
836000 0.28984 0.267049 0.251061 0.80795
837000 0.277177 0.257593 0.260639 0.79541
838000 0.273858 0.269909 0.256553 0.80032
839000 0.280255 0.280649 0.257839 0.818744
840000 0.28581 0.279094 0.250597 0.815502
841000 0.279375 0.271297 0.257392 0.808064
842000 0.306226 0.281183 0.250509 0.837919
843000 0.282465 0.269033 0.257753 0.80925
844000 0.287829 0.282238 0.257604 0.827671
845000 0.275654 0.267476 0.269723 0.812853
846000 0.279754 0.2685 0.265585 0.813839
847000 0.290891 0.285138 0.26141 0.837439
848000 0.270552 0.26454 0.262277 0.797369
849000 0.277702 0.271962 0.266683 0.816347
850000 0.29961 0.270309 0.257135 0.827055
851000 0.283094 0.267085 0.248811 0.798991
852000 0.286277 0.272842 0.251858 0.810976
853000 0.292132 0.266138 0.261906 0.820176
854000 0.291967 0.282878 0.264145 0.83899
855000 0.296717 0.267129 0.278177 0.842023
856000 0.29426 0.271438 0.275695 0.841393
857000 0.279843 0.280024 0.27215 0.832018
858000 0.280622 0.280613 0.255445 0.81668
859000 0.277267 0.298849 0.256127 0.832242
860000 0.302674 0.282322 0.253618 0.838615
861000 0.282337 0.269821 0.262399 0.814557
862000 0.296319 0.27972 0.27181 0.847848
863000 0.286489 0.27327 0.279996 0.839756
864000 0.28661 0.270088 0.270038 0.826736
865000 0.29545 0.283175 0.267555 0.846181
866000 0.290217 0.285221 0.255194 0.830632
867000 0.300444 0.286477 0.271865 0.858786
868000 0.297658 0.273494 0.263031 0.834183
869000 0.295633 0.27002 0.266022 0.831676
870000 0.289132 0.27881 0.263775 0.831718
871000 0.287329 0.280288 0.26276 0.830376
872000 0.297926 0.287755 0.292175 0.877857
873000 0.293582 0.275402 0.264126 0.83311
874000 0.287988 0.276101 0.27527 0.839358
875000 0.291981 0.273386 0.271513 0.836879
876000 0.278801 0.282859 0.26714 0.828799
877000 0.302541 0.300283 0.263719 0.866543
878000 0.287299 0.277355 0.267923 0.832576
879000 0.282659 0.276142 0.273582 0.832383
880000 0.300881 0.293472 0.273696 0.868049
881000 0.302254 0.277104 0.286467 0.865825
882000 0.307757 0.29811 0.267259 0.873126
883000 0.286043 0.274674 0.270769 0.831485
884000 0.288682 0.281731 0.272226 0.842639
885000 0.283411 0.271994 0.274675 0.83008
886000 0.294218 0.277168 0.269986 0.841372
887000 0.285825 0.295507 0.272976 0.854307
888000 0.303585 0.291512 0.275982 0.871078
889000 0.276259 0.277013 0.277392 0.830665
890000 0.295692 0.284759 0.285247 0.865698
891000 0.296902 0.291984 0.288925 0.87781
892000 0.298002 0.284343 0.285297 0.867641
893000 0.305213 0.288258 0.272063 0.865533
894000 0.29101 0.272579 0.26902 0.832609
895000 0.296374 0.288095 0.27194 0.856408
896000 0.296194 0.268911 0.273993 0.839098
897000 0.291888 0.274883 0.272173 0.838944
898000 0.29976 0.278372 0.265119 0.843251
899000 0.294858 0.276914 0.273495 0.845267
900000 0.317291 0.287749 0.279916 0.884956
901000 0.30352 0.282888 0.265847 0.852255
902000 0.305982 0.273988 0.274862 0.854832
903000 0.300414 0.280757 0.272375 0.853546
904000 0.281459 0.290313 0.284102 0.855874
905000 0.293275 0.286149 0.272794 0.852218
906000 0.300514 0.283508 0.26141 0.845432
907000 0.292127 0.274538 0.271456 0.838121
908000 0.307073 0.296084 0.274067 0.877224
909000 0.293183 0.283262 0.271457 0.847902
910000 0.282344 0.269303 0.281179 0.832827
911000 0.30211 0.289622 0.276029 0.867761
912000 0.291484 0.280657 0.270196 0.842336
913000 0.307693 0.287465 0.261029 0.856186
914000 0.292792 0.280529 0.278155 0.851476
915000 0.300422 0.283936 0.272996 0.857354
916000 0.297939 0.28795 0.27306 0.858949
917000 0.301976 0.286243 0.273936 0.862155
918000 0.285093 0.285711 0.269478 0.840281
919000 0.292404 0.298967 0.274022 0.865393
920000 0.295251 0.281047 0.290502 0.8668
921000 0.289619 0.285332 0.291571 0.866521
922000 0.303711 0.292969 0.272034 0.868714
923000 0.293375 0.280037 0.272895 0.846307
924000 0.290134 0.286553 0.284221 0.860908
925000 0.301036 0.309172 0.270226 0.880433
926000 0.294396 0.290851 0.282212 0.867459
927000 0.29999 0.286182 0.276715 0.862886
928000 0.29656 0.276908 0.277715 0.851183
929000 0.297104 0.301293 0.28325 0.881647
930000 0.294299 0.295803 0.283327 0.873429
931000 0.29697 0.277578 0.286964 0.861511
932000 0.305182 0.290345 0.283819 0.879345
933000 0.306155 0.290708 0.27767 0.874534
934000 0.302849 0.286278 0.280889 0.870017
935000 0.297982 0.282223 0.288048 0.868253
936000 0.310353 0.292801 0.28331 0.886464
937000 0.29431 0.287855 0.278551 0.860717
938000 0.306933 0.297038 0.281867 0.885839
939000 0.292223 0.280191 0.275833 0.848247
940000 0.298636 0.295313 0.278902 0.87285
941000 0.299824 0.29355 0.273205 0.866578
942000 0.300341 0.29188 0.279593 0.871815
943000 0.301732 0.290144 0.277351 0.869227
944000 0.307957 0.299743 0.287488 0.895187
945000 0.303516 0.296607 0.289516 0.889638
946000 0.297717 0.293003 0.297307 0.888027
947000 0.324988 0.301512 0.283612 0.910112
948000 0.30519 0.297486 0.288112 0.890788
949000 0.307949 0.306528 0.297394 0.911871
950000 0.30046 0.289378 0.292353 0.882192
951000 0.300651 0.285758 0.288793 0.875202
952000 0.318307 0.290156 0.295734 0.904197
953000 0.297683 0.293203 0.289224 0.88011
954000 0.302444 0.307458 0.290979 0.900882
955000 0.305677 0.293534 0.297148 0.89636
956000 0.301134 0.291837 0.305293 0.898265
957000 0.314857 0.313027 0.287029 0.914912
958000 0.305806 0.3096 0.290667 0.906072
959000 0.314287 0.292698 0.288497 0.895482
960000 0.318971 0.294862 0.285341 0.899174
961000 0.304109 0.289813 0.292417 0.886339
962000 0.305483 0.292868 0.29379 0.892141
963000 0.311422 0.302072 0.285626 0.899121
964000 0.301553 0.299972 0.293109 0.894634
965000 0.306171 0.300174 0.295287 0.901632
966000 0.325752 0.319899 0.295977 0.941628
967000 0.314606 0.312965 0.295637 0.923208
968000 0.314565 0.308071 0.304132 0.926768
969000 0.320515 0.299388 0.298297 0.9182
970000 0.320117 0.305472 0.309053 0.934643
971000 0.325869 0.301754 0.32023 0.947853
972000 0.309264 0.30411 0.302199 0.915573
973000 0.314102 0.303512 0.298172 0.915786
974000 0.316768 0.322485 0.292265 0.931519
975000 0.320957 0.299631 0.317079 0.937667
976000 0.318985 0.299661 0.305149 0.923795
977000 0.327965 0.313895 0.303767 0.945627
978000 0.32454 0.30581 0.302458 0.932808
979000 0.32366 0.301602 0.30417 0.929432
980000 0.326019 0.311031 0.307419 0.944468
981000 0.32415 0.314784 0.311563 0.950497
982000 0.313957 0.307485 0.307647 0.929089
983000 0.312827 0.30562 0.29581 0.914257
984000 0.319783 0.306161 0.302806 0.928749
985000 0.312924 0.30226 0.303893 0.919078
986000 0.314823 0.296053 0.308202 0.919079
987000 0.310796 0.298209 0.316564 0.925568
988000 0.316214 0.309231 0.314406 0.939852
989000 0.307004 0.312136 0.295896 0.915036
990000 0.328492 0.312123 0.301993 0.942607
991000 0.317151 0.30744 0.310084 0.934674
992000 0.332802 0.316329 0.294861 0.943993
993000 0.321834 0.310077 0.291462 0.923372
994000 0.318949 0.303102 0.294036 0.916088
995000 0.33544 0.305151 0.306336 0.946926
996000 0.322556 0.305655 0.310669 0.93888
997000 0.326489 0.314975 0.308254 0.949718
998000 0.32499 0.314148 0.298855 0.937993
999000 0.325544 0.310882 0.306673 0.943099
1000000 0.330617 0.313134 0.300879 0.94463
1001000 0.344003 0.31048 0.302265 0.956747
1002000 0.333738 0.303414 0.30024 0.937391
1003000 0.326615 0.303452 0.313271 0.943338
1004000 0.318582 0.320098 0.3055 0.944179
1005000 0.326717 0.313407 0.307483 0.947607
1006000 0.309268 0.304151 0.292977 0.906396
1007000 0.327566 0.317608 0.303724 0.948898
1008000 0.324782 0.312867 0.307298 0.944947
1009000 0.325959 0.313611 0.312056 0.951627
1010000 0.31659 0.301157 0.298518 0.916265
1011000 0.32331 0.306162 0.300704 0.930176
1012000 0.321256 0.318646 0.297147 0.937048
1013000 0.317799 0.307881 0.300566 0.926246
1014000 0.322901 0.32632 0.301577 0.950798
1015000 0.317157 0.328892 0.310912 0.956961
1016000 0.321974 0.30105 0.306513 0.929537
1017000 0.327164 0.303156 0.3057 0.936019
1018000 0.327051 0.30588 0.297089 0.930019
1019000 0.317176 0.296321 0.303893 0.91739
1020000 0.326704 0.330994 0.305438 0.963136
1021000 0.325647 0.30492 0.3072 0.937767
1022000 0.319708 0.305791 0.307925 0.933424
1023000 0.331368 0.310614 0.307563 0.949545
1024000 0.336978 0.315756 0.303866 0.9566
1025000 0.328165 0.314082 0.297807 0.940053
1026000 0.328738 0.306045 0.315025 0.949809
1027000 0.333937 0.307743 0.304278 0.945959
1028000 0.324278 0.306928 0.308926 0.940132
1029000 0.32084 0.314759 0.318603 0.954202
1030000 0.338668 0.323427 0.309032 0.971128
