# Time-averaged data for fix 1
# TimeStep c_msd_all[1] c_msd_all[2] c_msd_all[3] c_msd_all[4]
31000 0.0713306 0.0731465 0.0618037 0.206281
32000 0.0706154 0.0702839 0.0687373 0.209637
33000 0.0630982 0.0605521 0.0676521 0.191302
34000 0.0750164 0.0720388 0.0644622 0.211517
35000 0.0597637 0.0721477 0.0625239 0.194435
36000 0.0680594 0.0756138 0.0641626 0.207836
37000 0.0652419 0.0745987 0.0636251 0.203466
38000 0.0622327 0.0647986 0.0668716 0.193903
39000 0.0828405 0.0741868 0.0658811 0.222908
40000 0.0710642 0.0772739 0.0705899 0.218928
41000 0.0620266 0.0723007 0.0637033 0.198031
42000 0.0771203 0.0731424 0.0578536 0.208116
43000 0.0667099 0.0754836 0.0591062 0.2013
44000 0.0714293 0.0700087 0.0677036 0.209142
45000 0.0694899 0.0754352 0.0618272 0.206752
46000 0.0659053 0.0740692 0.0685235 0.208498
47000 0.0773569 0.0817726 0.0694875 0.228617
48000 0.0700109 0.0728845 0.0667524 0.209648
49000 0.0597357 0.0637497 0.0621589 0.185644
50000 0.0713675 0.0774087 0.0643013 0.213077
51000 0.0691639 0.0700833 0.0604752 0.199722
52000 0.0710042 0.0771008 0.0674971 0.215602
53000 0.0838634 0.0741693 0.0699599 0.227993
54000 0.0782349 0.0762155 0.0660506 0.220501
55000 0.0693333 0.0709503 0.0652535 0.205537
56000 0.0675499 0.0654129 0.062637 0.1956
57000 0.077995 0.0775256 0.0637024 0.219223
58000 0.0718638 0.0684048 0.0637561 0.204025
59000 0.0678493 0.0691311 0.0711725 0.208153
60000 0.0772024 0.071452 0.0645959 0.21325
61000 0.0689442 0.0698949 0.0748651 0.213704
62000 0.0692178 0.073721 0.0716999 0.214639
63000 0.0894434 0.0744865 0.0685623 0.232492
64000 0.0716935 0.0766152 0.0665099 0.214819
65000 0.069075 0.077778 0.0784248 0.225278
66000 0.0725171 0.0720804 0.0730574 0.217655
67000 0.0855967 0.0736718 0.0714957 0.230764
68000 0.0774416 0.0819355 0.0739061 0.233283
69000 0.0776477 0.0788331 0.0774317 0.233913
70000 0.0770881 0.080968 0.0700507 0.228107
71000 0.0824594 0.0847115 0.0664255 0.233596
72000 0.0760611 0.0739741 0.0672911 0.217326
73000 0.0762918 0.0800977 0.0773834 0.233773
74000 0.0788143 0.0849292 0.073307 0.237051
75000 0.0730128 0.0799356 0.0796472 0.232596
76000 0.0951854 0.0833555 0.0761185 0.254659
77000 0.0828211 0.084683 0.0731911 0.240695
78000 0.079437 0.0799578 0.0759744 0.235369
79000 0.088004 0.0876597 0.0737597 0.249423
80000 0.0828678 0.0805295 0.0745929 0.23799
81000 0.0799621 0.0730432 0.0655802 0.218585
82000 0.0785898 0.0771722 0.0721316 0.227894
83000 0.0780931 0.0812798 0.0812672 0.24064
84000 0.0860115 0.0867529 0.0759421 0.248706
85000 0.090642 0.0872636 0.0728004 0.250706
86000 0.0867066 0.0924177 0.0802513 0.259376
87000 0.0830944 0.0897368 0.0803957 0.253227
88000 0.0887677 0.0940123 0.0794471 0.262227
89000 0.0843661 0.0986772 0.0892475 0.272291
90000 0.0844056 0.0902053 0.085396 0.260007
91000 0.0867724 0.0933348 0.0925679 0.272675
92000 0.0899925 0.0969541 0.0836459 0.270592
93000 0.0867409 0.0909623 0.0729217 0.250625
94000 0.0932064 0.106992 0.0752314 0.27543
95000 0.0844473 0.0925512 0.087316 0.264315
96000 0.0859478 0.096033 0.0879265 0.269907
97000 0.0877596 0.096846 0.0807959 0.265401
98000 0.0863565 0.092291 0.0825866 0.261234
99000 0.0851284 0.0940013 0.0843112 0.263441
100000 0.0899212 0.104202 0.0791371 0.27326
101000 0.0751785 0.0957349 0.0811023 0.252016
102000 0.0918252 0.0995031 0.0910011 0.282329
103000 0.0883779 0.095344 0.087507 0.271229
104000 0.0927049 0.0930809 0.0770103 0.262796
105000 0.0992328 0.0915174 0.0812797 0.27203
106000 0.0940799 0.0990713 0.0872454 0.280397
107000 0.0864914 0.105681 0.0833739 0.275547
108000 0.0818343 0.0968293 0.0853291 0.263993
109000 0.0895246 0.0982777 0.083766 0.271568
110000 0.0888355 0.0955889 0.0809633 0.265388
111000 0.0914382 0.100096 0.0829543 0.274488
112000 0.0927911 0.100673 0.0898864 0.28335
113000 0.0851834 0.0891944 0.0788774 0.253255
114000 0.0945049 0.106544 0.0910529 0.292102
115000 0.0877275 0.102354 0.0945786 0.28466
116000 0.0866199 0.103189 0.0923834 0.282192
117000 0.090993 0.100305 0.100876 0.292174
118000 0.0753641 0.108718 0.0927554 0.276837
119000 0.0867235 0.101744 0.0871489 0.275616
120000 0.0992425 0.100695 0.10278 0.302718
121000 0.0886437 0.099529 0.0999513 0.288124
122000 0.0913725 0.100928 0.0905652 0.282866
123000 0.0895948 0.0995471 0.0938173 0.282959
124000 0.0913621 0.0981208 0.0938662 0.283349
125000 0.0987944 0.103226 0.0828524 0.284873
126000 0.0912718 0.102067 0.0797651 0.273104
127000 0.0856242 0.0930176 0.10033 0.278972
128000 0.0960511 0.0929529 0.0882104 0.277214
129000 0.10142 0.100146 0.0862681 0.287834
130000 0.09797 0.0993044 0.0827133 0.279988
131000 0.104821 0.113356 0.0907208 0.308898
132000 0.0979227 0.108658 0.0868481 0.293429
133000 0.0953799 0.107702 0.0875798 0.290661
134000 0.0918752 0.0995986 0.0856323 0.277106
135000 0.0916969 0.0998637 0.0925241 0.284085
136000 0.100561 0.097039 0.0912472 0.288847
137000 0.0957532 0.10219 0.0905332 0.288476
138000 0.0967166 0.110042 0.0903317 0.297091
139000 0.0946232 0.100079 0.0889504 0.283653
140000 0.105198 0.115386 0.0875128 0.308097
141000 0.0935718 0.107203 0.0939421 0.294717
142000 0.0981564 0.102228 0.0944274 0.294811
143000 0.110911 0.123432 0.096691 0.331034
144000 0.104945 0.116526 0.106103 0.327574
145000 0.104616 0.111024 0.102497 0.318137
146000 0.107965 0.117089 0.103268 0.328322
147000 0.0999188 0.109492 0.1117 0.321111
148000 0.104544 0.111784 0.110081 0.326408
149000 0.108966 0.112766 0.0950844 0.316817
150000 0.10031 0.110669 0.0974031 0.308383
151000 0.101735 0.119318 0.0981837 0.319237
152000 0.103663 0.112277 0.105672 0.321612
153000 0.101645 0.111332 0.103233 0.31621
154000 0.111448 0.113997 0.105519 0.330963
155000 0.106132 0.115818 0.107808 0.329758
156000 0.0989847 0.11296 0.0998421 0.311787
157000 0.10133 0.106181 0.104125 0.311636
158000 0.0972837 0.11148 0.0985989 0.307363
159000 0.105974 0.112168 0.103954 0.322096
160000 0.102755 0.110048 0.096525 0.309328
161000 0.0993675 0.110902 0.0974576 0.307727
162000 0.10447 0.115108 0.103012 0.32259
163000 0.104941 0.108843 0.101053 0.314837
164000 0.111379 0.116283 0.0983468 0.326009
165000 0.113605 0.119768 0.104982 0.338354
166000 0.104627 0.119224 0.101526 0.325377
167000 0.103878 0.113988 0.106853 0.324719
168000 0.10941 0.112493 0.095188 0.317091
169000 0.10122 0.10938 0.0933035 0.303904
170000 0.110522 0.114327 0.101691 0.32654
171000 0.100888 0.11081 0.0984615 0.31016
172000 0.108491 0.116107 0.0975095 0.322108
173000 0.108037 0.119286 0.0969571 0.32428
174000 0.101479 0.116688 0.106447 0.324614
175000 0.112331 0.11226 0.100426 0.325016
176000 0.0994735 0.106519 0.100388 0.30638
177000 0.113592 0.11327 0.101363 0.328226
178000 0.105716 0.110844 0.097606 0.314166
179000 0.105178 0.103042 0.099674 0.307894
180000 0.120176 0.114942 0.109459 0.344576
181000 0.110516 0.110189 0.107216 0.327922
182000 0.111383 0.123285 0.100232 0.3349
183000 0.120191 0.113678 0.096588 0.330457
184000 0.102257 0.112802 0.106481 0.32154
185000 0.111389 0.108902 0.0987854 0.319076
186000 0.131878 0.123107 0.0963903 0.351375
187000 0.116958 0.119468 0.0996287 0.336054
188000 0.128627 0.116869 0.104206 0.349702
189000 0.123317 0.111188 0.0967647 0.33127
190000 0.122339 0.113038 0.101123 0.3365
191000 0.129189 0.126579 0.108849 0.364618
192000 0.12262 0.113886 0.10437 0.340876
193000 0.11462 0.115051 0.110171 0.339842
194000 0.126922 0.117103 0.105152 0.349177
195000 0.128583 0.114542 0.105531 0.348657
196000 0.121214 0.113471 0.100136 0.334821
197000 0.127149 0.116864 0.101196 0.345209
198000 0.126801 0.119519 0.103392 0.349712
199000 0.126862 0.112198 0.0947782 0.333838
200000 0.12288 0.119681 0.101974 0.344535
201000 0.125726 0.119221 0.106934 0.35188
202000 0.127016 0.127389 0.108881 0.363286
203000 0.126047 0.121945 0.0994597 0.347452
204000 0.118403 0.114893 0.113385 0.346681
205000 0.134087 0.129719 0.112295 0.3761
206000 0.128981 0.118586 0.0975258 0.345094
207000 0.128881 0.117836 0.0966874 0.343404
208000 0.1274 0.110266 0.10219 0.339855
209000 0.138542 0.12136 0.116278 0.37618
210000 0.132711 0.115038 0.1026 0.350349
211000 0.130583 0.113795 0.104394 0.348772
212000 0.133387 0.123683 0.107551 0.36462
213000 0.136508 0.123173 0.102138 0.361818
214000 0.142628 0.126511 0.102518 0.371657
215000 0.135515 0.120693 0.10938 0.365588
216000 0.123733 0.115654 0.09973 0.339118
217000 0.141555 0.12929 0.106642 0.377486
218000 0.132164 0.128839 0.102993 0.363996
219000 0.14431 0.126312 0.10315 0.373773
220000 0.145561 0.129108 0.105281 0.37995
221000 0.138247 0.122212 0.103488 0.363947
222000 0.145312 0.124589 0.104476 0.374377
223000 0.141644 0.122625 0.10615 0.370419
224000 0.145245 0.127496 0.113478 0.386219
225000 0.148234 0.131183 0.101156 0.380573
226000 0.141349 0.137186 0.0945815 0.373117
227000 0.14242 0.132021 0.104101 0.378542
228000 0.142407 0.126936 0.108348 0.377691
229000 0.137932 0.123493 0.107787 0.369212
230000 0.14158 0.123725 0.103802 0.369107
231000 0.145583 0.11618 0.106175 0.367937
232000 0.138563 0.125376 0.1016 0.365539
233000 0.139564 0.131759 0.101104 0.372427
234000 0.147341 0.130081 0.106156 0.383578
235000 0.138298 0.140306 0.100229 0.378833
236000 0.143259 0.128811 0.0989177 0.370988
237000 0.138529 0.130485 0.100769 0.369783
238000 0.146019 0.124384 0.106631 0.377034
239000 0.130659 0.121452 0.0939396 0.346051
240000 0.139167 0.120765 0.108168 0.3681
241000 0.154484 0.136946 0.099226 0.390656
242000 0.149863 0.13738 0.101196 0.388438
243000 0.142802 0.138024 0.109586 0.390413
244000 0.148468 0.136695 0.104603 0.389766
245000 0.152407 0.129044 0.100821 0.382271
246000 0.154471 0.141716 0.100598 0.396785
247000 0.144868 0.126847 0.108994 0.380709
248000 0.144462 0.131344 0.102668 0.378474
249000 0.158718 0.143371 0.103564 0.405653
250000 0.152551 0.150588 0.118298 0.421436
251000 0.160403 0.149529 0.114415 0.424347
252000 0.148513 0.13671 0.114407 0.39963
253000 0.143496 0.137246 0.106552 0.387294
254000 0.147837 0.137666 0.0999204 0.385423
255000 0.149259 0.134133 0.115242 0.398634
256000 0.142285 0.130948 0.108773 0.382006
257000 0.144175 0.135071 0.100901 0.380147
258000 0.137584 0.133533 0.103724 0.374841
259000 0.156921 0.127697 0.109463 0.394082
260000 0.1574 0.133776 0.111316 0.402492
261000 0.157017 0.143538 0.0987811 0.399336
262000 0.158493 0.14289 0.106855 0.408238
263000 0.145434 0.130509 0.109522 0.385464
264000 0.14415 0.134678 0.110245 0.389073
265000 0.158829 0.138345 0.101519 0.398693
266000 0.151287 0.133061 0.105542 0.389891
267000 0.153846 0.144048 0.108061 0.405956
268000 0.144496 0.144559 0.105659 0.394714
269000 0.144853 0.133525 0.109226 0.387605
270000 0.145794 0.14429 0.0973963 0.38748
271000 0.151614 0.138079 0.106659 0.396353
272000 0.14627 0.131931 0.107814 0.386015
273000 0.154962 0.138774 0.109859 0.403594
274000 0.144751 0.134546 0.107388 0.386685
275000 0.145307 0.139438 0.109011 0.393756
276000 0.160839 0.151287 0.100027 0.412154
277000 0.1393 0.139719 0.107371 0.38639
278000 0.151671 0.136691 0.0983761 0.386738
279000 0.154662 0.149836 0.111048 0.415545
280000 0.141392 0.135825 0.10595 0.383167
281000 0.157674 0.132639 0.105671 0.395984
282000 0.147448 0.139746 0.109741 0.396936
283000 0.144632 0.14147 0.111295 0.397398
284000 0.150338 0.140813 0.113304 0.404455
285000 0.15073 0.144463 0.112642 0.407834
286000 0.148561 0.134213 0.116084 0.398859
287000 0.153211 0.139117 0.119832 0.412161
288000 0.162654 0.143286 0.121018 0.426958
289000 0.15279 0.131549 0.113905 0.398244
290000 0.150649 0.134637 0.108242 0.393528
291000 0.158676 0.130373 0.103124 0.392173
292000 0.14761 0.151711 0.111299 0.41062
293000 0.163572 0.155918 0.11847 0.437961
294000 0.162027 0.144677 0.106084 0.412788
295000 0.147878 0.143807 0.108555 0.400239
296000 0.159836 0.141003 0.114469 0.415308
297000 0.150107 0.141289 0.109048 0.400444
298000 0.152123 0.147883 0.112761 0.412768
299000 0.14202 0.149967 0.104336 0.396323
300000 0.152592 0.143045 0.107278 0.402915
301000 0.165831 0.151739 0.112484 0.430054
302000 0.150709 0.144365 0.108984 0.404058
303000 0.168544 0.150978 0.108702 0.428224
304000 0.155932 0.133857 0.109721 0.39951
305000 0.156989 0.147604 0.115023 0.419615
306000 0.158644 0.149799 0.113212 0.421655
307000 0.154317 0.150102 0.110728 0.415147
308000 0.161733 0.136967 0.108993 0.407693
309000 0.179188 0.159353 0.117641 0.456182
310000 0.165289 0.141474 0.113148 0.419911
311000 0.155881 0.140668 0.111675 0.408224
312000 0.166697 0.150612 0.117637 0.434945
313000 0.158055 0.145285 0.118452 0.421792
314000 0.157005 0.146194 0.102242 0.405441
315000 0.151314 0.148235 0.105354 0.404902
316000 0.164541 0.147955 0.110333 0.422829
317000 0.159276 0.148891 0.10922 0.417387
318000 0.16105 0.1459 0.103933 0.410883
319000 0.1678 0.13796 0.109899 0.41566
320000 0.158351 0.151652 0.113057 0.423059
321000 0.163775 0.156015 0.118421 0.43821
322000 0.167955 0.157154 0.117676 0.442785
323000 0.169786 0.152858 0.109668 0.432312
324000 0.160051 0.155875 0.111843 0.42777
325000 0.164841 0.151105 0.110884 0.426831
326000 0.16783 0.149025 0.112656 0.429511
327000 0.167495 0.167129 0.11643 0.451054
328000 0.157281 0.149958 0.107305 0.414544
329000 0.158264 0.146624 0.110165 0.415054
330000 0.166966 0.144022 0.109911 0.420899
331000 0.155622 0.146094 0.124599 0.426315
332000 0.169092 0.159844 0.12051 0.449446
333000 0.166234 0.158466 0.110959 0.43566
334000 0.172803 0.160995 0.105462 0.43926
335000 0.159096 0.16416 0.104192 0.427448
336000 0.166091 0.1485 0.109058 0.423649
337000 0.168572 0.164931 0.115075 0.448579
338000 0.175222 0.158119 0.1156 0.448941
339000 0.167635 0.158046 0.10978 0.43546
340000 0.166506 0.162447 0.107641 0.436593
341000 0.168238 0.160121 0.12273 0.451089
342000 0.170245 0.164063 0.114016 0.448323
343000 0.162516 0.158527 0.11112 0.432163
344000 0.170701 0.14705 0.117549 0.4353
345000 0.170731 0.155033 0.117238 0.443002
346000 0.1762 0.158191 0.117875 0.452266
347000 0.171232 0.171704 0.118504 0.46144
348000 0.159618 0.166102 0.111121 0.436842
349000 0.169185 0.164031 0.110366 0.443582
350000 0.162966 0.165235 0.121303 0.449504
351000 0.168587 0.166205 0.114678 0.44947
352000 0.166707 0.159205 0.109772 0.435685
353000 0.175548 0.174182 0.110413 0.460143
354000 0.174767 0.173323 0.126127 0.474218
355000 0.163829 0.174118 0.12292 0.460867
356000 0.183147 0.181675 0.123387 0.488209
357000 0.177826 0.181603 0.123442 0.482871
358000 0.17626 0.18032 0.110523 0.467103
359000 0.174138 0.174794 0.126158 0.47509
360000 0.185142 0.171127 0.126715 0.482985
361000 0.169471 0.17964 0.127796 0.476907
362000 0.187608 0.17421 0.128616 0.490433
363000 0.175444 0.166306 0.121153 0.462903
364000 0.17398 0.190113 0.12388 0.487973
365000 0.171708 0.171505 0.120063 0.463276
366000 0.184629 0.179456 0.122437 0.486522
367000 0.167534 0.175144 0.114376 0.457054
368000 0.180203 0.172592 0.122952 0.475747
369000 0.179222 0.178024 0.123243 0.480489
370000 0.180378 0.182052 0.126491 0.488922
371000 0.181098 0.174079 0.126349 0.481525
372000 0.178639 0.183141 0.12859 0.490369
373000 0.185609 0.189501 0.128298 0.503408
374000 0.174844 0.178496 0.128955 0.482296
375000 0.184042 0.186401 0.124838 0.495282
376000 0.178242 0.184464 0.125021 0.487727
377000 0.186486 0.185719 0.132131 0.504336
378000 0.183043 0.179031 0.131493 0.493568
379000 0.172511 0.178893 0.123679 0.475084
380000 0.183538 0.192466 0.123717 0.499721
381000 0.182906 0.188059 0.129006 0.49997
382000 0.174699 0.188433 0.128651 0.491783
383000 0.181253 0.185271 0.129421 0.495946
384000 0.177799 0.176685 0.139135 0.493618
385000 0.178839 0.172694 0.121804 0.473337
386000 0.179636 0.184051 0.121798 0.485485
387000 0.17977 0.177713 0.131767 0.48925
388000 0.180266 0.17816 0.132228 0.490654
389000 0.190387 0.175403 0.126693 0.492483
390000 0.189464 0.179985 0.124191 0.49364
391000 0.19603 0.185415 0.138555 0.52
392000 0.181365 0.183684 0.130524 0.495574
393000 0.175754 0.173475 0.117553 0.466782
394000 0.180959 0.185939 0.133496 0.500393
395000 0.194838 0.184387 0.127579 0.506804
396000 0.180178 0.184619 0.135005 0.499802
397000 0.186895 0.179208 0.122695 0.488798
398000 0.190999 0.180986 0.12652 0.498505
399000 0.1908 0.192783 0.129013 0.512597
400000 0.18665 0.179618 0.134432 0.500701
401000 0.188297 0.180525 0.129 0.497822
402000 0.191975 0.193417 0.13757 0.522962
403000 0.182879 0.175285 0.133216 0.491379
404000 0.189392 0.187003 0.1434 0.519795
405000 0.18238 0.197279 0.133776 0.513435
406000 0.191648 0.191887 0.133374 0.516909
407000 0.179603 0.197619 0.13691 0.514132
408000 0.190045 0.190555 0.139977 0.520577
409000 0.182201 0.18523 0.135538 0.502969
410000 0.184758 0.188738 0.132425 0.50592
411000 0.191734 0.183289 0.138121 0.513144
412000 0.181016 0.185027 0.138952 0.504995
413000 0.187408 0.192267 0.138443 0.518118
414000 0.192242 0.19912 0.139036 0.530397
415000 0.181687 0.178901 0.143542 0.504129
416000 0.198855 0.182478 0.130779 0.512111
417000 0.183033 0.180006 0.139033 0.502072
418000 0.191599 0.187831 0.145802 0.525232
419000 0.187992 0.186794 0.144799 0.519586
420000 0.183243 0.190363 0.136234 0.50984
421000 0.184519 0.191033 0.134104 0.509656
422000 0.199065 0.191464 0.129998 0.520527
423000 0.196338 0.184657 0.131725 0.51272
424000 0.194555 0.186643 0.141025 0.522223
425000 0.204218 0.204727 0.147002 0.555947
426000 0.196953 0.194559 0.136357 0.527869
427000 0.188508 0.186995 0.132829 0.508332
428000 0.180108 0.198002 0.130171 0.508281
429000 0.175889 0.185664 0.146094 0.507647
430000 0.188538 0.193255 0.143447 0.52524
431000 0.191622 0.189246 0.133015 0.513883
432000 0.199449 0.193279 0.138807 0.531535
433000 0.192973 0.214879 0.133897 0.541748
434000 0.192679 0.213836 0.139709 0.546224
435000 0.194179 0.199119 0.135626 0.528924
436000 0.188911 0.19229 0.141455 0.522656
437000 0.198891 0.195319 0.143034 0.537243
438000 0.183654 0.185472 0.144092 0.513218
439000 0.195152 0.186928 0.144689 0.526769
440000 0.201354 0.189691 0.151302 0.542347
441000 0.194398 0.196676 0.148413 0.539487
442000 0.194421 0.188637 0.13994 0.522998
443000 0.191031 0.199057 0.151827 0.541914
444000 0.186649 0.184996 0.135605 0.50725
445000 0.190462 0.189673 0.139857 0.519992
446000 0.199966 0.207644 0.152591 0.560201
447000 0.186301 0.190998 0.152859 0.530159
448000 0.185951 0.187046 0.137594 0.510591
449000 0.195726 0.185749 0.150143 0.531617
450000 0.200021 0.198566 0.15501 0.553596
451000 0.18996 0.195863 0.141817 0.527639
452000 0.183999 0.191434 0.140189 0.515623
453000 0.199442 0.187107 0.147336 0.533886
454000 0.189833 0.197527 0.152127 0.539487
455000 0.197653 0.191321 0.138579 0.527553
456000 0.19521 0.195746 0.146394 0.537351
457000 0.191651 0.192978 0.149549 0.534177
458000 0.200021 0.188139 0.151242 0.539402
459000 0.201422 0.196071 0.149888 0.547382
460000 0.21659 0.202363 0.154758 0.57371
461000 0.200872 0.192128 0.154367 0.547367
462000 0.203459 0.199524 0.14932 0.552303
463000 0.201621 0.194164 0.151933 0.547719
464000 0.200447 0.203093 0.15954 0.563079
465000 0.20166 0.196259 0.149203 0.547122
466000 0.200342 0.203781 0.152478 0.556601
467000 0.206168 0.2015 0.15277 0.560439
468000 0.197919 0.194166 0.154706 0.546791
469000 0.202824 0.190881 0.143995 0.5377
470000 0.205486 0.196815 0.156956 0.559257
471000 0.209543 0.188475 0.159808 0.557826
472000 0.207093 0.197509 0.152878 0.557479
473000 0.208677 0.194051 0.1499 0.552628
474000 0.212825 0.19123 0.148568 0.552624
475000 0.20117 0.192403 0.152906 0.546479
476000 0.20491 0.199541 0.151831 0.556282
477000 0.213969 0.190264 0.158479 0.562712
478000 0.208518 0.207042 0.153105 0.568665
479000 0.206146 0.199156 0.146536 0.551838
480000 0.20276 0.19914 0.155582 0.557482
481000 0.203494 0.206246 0.15156 0.5613
482000 0.2034 0.201342 0.15404 0.558782
483000 0.199104 0.197723 0.158566 0.555393
484000 0.202026 0.198155 0.169754 0.569935
485000 0.212138 0.199145 0.163671 0.574955
486000 0.212716 0.197485 0.152047 0.562249
487000 0.21305 0.199358 0.157552 0.56996
488000 0.207659 0.21076 0.15463 0.57305
489000 0.205478 0.203561 0.164097 0.573136
490000 0.211696 0.192249 0.165049 0.568994
491000 0.212651 0.200035 0.160267 0.572953
492000 0.206906 0.18794 0.158393 0.553239
493000 0.218147 0.195079 0.159553 0.572779
494000 0.213687 0.190689 0.164199 0.568575
495000 0.210378 0.193149 0.157238 0.560764
496000 0.210686 0.196219 0.16035 0.567254
497000 0.219351 0.207769 0.162395 0.589515
498000 0.201147 0.191024 0.159166 0.551337
499000 0.222936 0.205446 0.151011 0.579393
500000 0.212397 0.211747 0.163283 0.587426
501000 0.21399 0.208533 0.168509 0.591032
502000 0.220481 0.207296 0.166498 0.594275
503000 0.215616 0.202331 0.156511 0.574457
504000 0.205109 0.190665 0.157706 0.55348
505000 0.224568 0.20629 0.158213 0.589071
506000 0.227526 0.209976 0.160623 0.598124
507000 0.226206 0.201543 0.152728 0.580477
508000 0.230795 0.202941 0.156179 0.589915
509000 0.220189 0.205731 0.165649 0.591569
510000 0.217267 0.203725 0.164501 0.585493
511000 0.222007 0.212071 0.159991 0.594068
512000 0.216523 0.195743 0.165048 0.577313
513000 0.215903 0.208867 0.160887 0.585656
514000 0.224145 0.204263 0.161474 0.589881
515000 0.222304 0.196458 0.154415 0.573176
516000 0.226733 0.204004 0.17171 0.602447
517000 0.22017 0.19812 0.153886 0.572177
518000 0.225422 0.218569 0.164667 0.608658
519000 0.232527 0.209584 0.167022 0.609133
520000 0.230899 0.201711 0.162984 0.595594
521000 0.234162 0.210034 0.173511 0.617707
522000 0.230993 0.199381 0.159658 0.590033
523000 0.22142 0.197221 0.167563 0.586204
524000 0.228969 0.207026 0.161735 0.59773
525000 0.222288 0.197892 0.156714 0.576894
526000 0.226483 0.207948 0.166762 0.601193
527000 0.225463 0.215555 0.165012 0.60603
528000 0.219492 0.207188 0.167243 0.593922
529000 0.230704 0.199646 0.161944 0.592294
530000 0.223868 0.207313 0.172004 0.603186
531000 0.221995 0.20292 0.166848 0.591763
532000 0.231275 0.198573 0.171437 0.601285
533000 0.228618 0.201331 0.167281 0.59723
534000 0.238612 0.21607 0.174255 0.628937
535000 0.224074 0.208235 0.164425 0.596734
536000 0.224264 0.211477 0.161281 0.597022
537000 0.226163 0.216578 0.168973 0.611714
538000 0.222619 0.211292 0.17262 0.606531
539000 0.234686 0.216609 0.169179 0.620474
540000 0.223048 0.204104 0.168775 0.595927
541000 0.217801 0.200305 0.167509 0.585615
542000 0.235332 0.211158 0.162327 0.608817
543000 0.228254 0.217121 0.174374 0.619749
544000 0.213613 0.221881 0.178563 0.614057
545000 0.212428 0.214494 0.177709 0.604631
546000 0.224834 0.217857 0.173222 0.615913
547000 0.218843 0.205276 0.170128 0.594247
548000 0.215743 0.210621 0.163068 0.589432
549000 0.228023 0.21058 0.172153 0.610756
550000 0.220612 0.217813 0.182132 0.620557
551000 0.234001 0.213747 0.188602 0.63635
552000 0.221822 0.220918 0.176718 0.619458
553000 0.234796 0.213809 0.172944 0.621549
554000 0.23689 0.223675 0.186772 0.647337
555000 0.22629 0.216229 0.181365 0.623884
556000 0.232277 0.209808 0.171228 0.613312
557000 0.232189 0.225315 0.166824 0.624328
558000 0.233836 0.217421 0.170614 0.621872
559000 0.232991 0.219376 0.183088 0.635454
560000 0.247731 0.218833 0.184572 0.651136
561000 0.227845 0.198489 0.186691 0.613025
562000 0.244994 0.219122 0.177657 0.641773
563000 0.233481 0.215674 0.182219 0.631374
564000 0.234209 0.217874 0.180804 0.632888
565000 0.238475 0.228383 0.17948 0.646337
566000 0.241643 0.221895 0.185583 0.64912
567000 0.23465 0.223133 0.178098 0.63588
568000 0.237909 0.216078 0.180387 0.634374
569000 0.238012 0.216319 0.176832 0.631163
570000 0.240766 0.221961 0.177225 0.639953
571000 0.238657 0.221037 0.185555 0.645248
572000 0.240999 0.222747 0.17708 0.640826
573000 0.252265 0.225161 0.184952 0.662378
574000 0.246075 0.226907 0.181691 0.654674
575000 0.24513 0.228189 0.185301 0.658621
576000 0.247523 0.219208 0.185345 0.652076
577000 0.248897 0.220536 0.178952 0.648385
578000 0.253363 0.226078 0.192444 0.671885
579000 0.243593 0.218639 0.184646 0.646878
580000 0.242145 0.221211 0.181727 0.645083
581000 0.261676 0.237859 0.180114 0.679649
582000 0.239634 0.220331 0.173571 0.633537
583000 0.239842 0.225145 0.183372 0.648358
584000 0.244973 0.233387 0.187892 0.666251
585000 0.253558 0.217908 0.181066 0.652532
586000 0.26275 0.23079 0.17857 0.672111
587000 0.249289 0.218797 0.196055 0.66414
588000 0.245061 0.22588 0.186642 0.657582
589000 0.250312 0.236884 0.198322 0.685518
590000 0.248162 0.235718 0.188741 0.672622
591000 0.256612 0.229308 0.187936 0.673856
592000 0.240845 0.227752 0.188179 0.656776
593000 0.246565 0.228444 0.197948 0.672958
594000 0.244182 0.229342 0.190414 0.663938
595000 0.245388 0.216664 0.184406 0.646459
596000 0.245501 0.222561 0.194586 0.662648
597000 0.252123 0.22755 0.192286 0.671959
598000 0.245327 0.236965 0.186342 0.668633
599000 0.246965 0.231353 0.196124 0.674442
600000 0.253769 0.234528 0.190377 0.678675
601000 0.250426 0.226828 0.186486 0.663741
602000 0.245487 0.225957 0.184831 0.656275
603000 0.245465 0.233437 0.181929 0.66083
604000 0.250244 0.217878 0.192499 0.660621
605000 0.24582 0.21387 0.182765 0.642455
606000 0.242696 0.239138 0.186027 0.667862
607000 0.252994 0.223867 0.187711 0.664573
608000 0.247124 0.241767 0.186357 0.675248
609000 0.242268 0.244438 0.188777 0.675483
610000 0.253796 0.229319 0.197134 0.680249
611000 0.261034 0.240089 0.196409 0.697533
612000 0.257444 0.242499 0.188235 0.688178
613000 0.264097 0.236479 0.192752 0.693327
614000 0.255872 0.231649 0.202822 0.690343
615000 0.254314 0.241889 0.190183 0.686386
616000 0.268259 0.232965 0.189186 0.69041
617000 0.268101 0.220473 0.189913 0.678487
618000 0.262813 0.23005 0.194688 0.687551
619000 0.261817 0.219871 0.191031 0.672718
620000 0.253943 0.232844 0.192104 0.678891
621000 0.253789 0.236854 0.199415 0.690058
622000 0.253942 0.22415 0.209087 0.687179
623000 0.253394 0.225532 0.187963 0.666889
624000 0.25789 0.23486 0.192623 0.685373
625000 0.253996 0.231862 0.189295 0.675154
626000 0.254127 0.235312 0.202777 0.692216
627000 0.254364 0.230045 0.188155 0.672564
628000 0.24664 0.230351 0.206207 0.683198
629000 0.264075 0.227992 0.199717 0.691784
630000 0.264595 0.240279 0.186407 0.691282
631000 0.256855 0.235932 0.197914 0.690701
632000 0.24767 0.229373 0.189004 0.666047
633000 0.252167 0.25052 0.185825 0.688512
634000 0.241973 0.226124 0.185671 0.653769
635000 0.249918 0.236988 0.200509 0.687416
636000 0.243398 0.228305 0.188866 0.660569
637000 0.258757 0.240458 0.189257 0.688471
638000 0.257682 0.238093 0.197454 0.693229
639000 0.25952 0.235681 0.204106 0.699306
640000 0.260489 0.230679 0.187152 0.67832
641000 0.250771 0.232052 0.191153 0.673976
642000 0.247837 0.242146 0.199354 0.689337
643000 0.248398 0.242083 0.189854 0.680335
644000 0.250134 0.241902 0.183569 0.675605
645000 0.25351 0.234741 0.188914 0.677165
646000 0.249875 0.244975 0.196158 0.691007
647000 0.248278 0.244616 0.19272 0.685614
648000 0.241369 0.236128 0.199056 0.676553
649000 0.242859 0.232156 0.19838 0.673395
650000 0.261108 0.239219 0.186246 0.686573
651000 0.256506 0.230842 0.184607 0.671956
652000 0.272796 0.246942 0.187576 0.707314
653000 0.246723 0.222435 0.19178 0.660937
654000 0.250471 0.23907 0.188607 0.678148
655000 0.261785 0.233075 0.187033 0.681893
656000 0.243618 0.232568 0.188253 0.664439
657000 0.25189 0.244717 0.200189 0.696795
658000 0.254992 0.234728 0.194906 0.684627
659000 0.250972 0.25026 0.206603 0.707835
660000 0.26516 0.250619 0.206113 0.721892
661000 0.252894 0.235633 0.191249 0.679775
662000 0.251437 0.233146 0.183565 0.668148
663000 0.249005 0.232721 0.202411 0.684138
664000 0.253107 0.237403 0.196231 0.686741
665000 0.251915 0.235542 0.202106 0.689564
666000 0.261001 0.244719 0.206063 0.711782
667000 0.246196 0.234214 0.199288 0.679698
668000 0.260322 0.246153 0.206092 0.712567
669000 0.257092 0.243986 0.208411 0.709489
670000 0.260855 0.227401 0.202849 0.691105
671000 0.245765 0.238163 0.18608 0.670008
672000 0.248641 0.235142 0.20598 0.689763
673000 0.262427 0.242584 0.206181 0.711191
674000 0.26272 0.252416 0.200999 0.716136
675000 0.257817 0.254799 0.208063 0.720679
676000 0.252469 0.240812 0.197155 0.690436
677000 0.241508 0.248854 0.196887 0.68725
678000 0.254677 0.244521 0.200104 0.699302
679000 0.26177 0.248541 0.197771 0.708081
680000 0.251 0.243042 0.198286 0.692328
681000 0.258021 0.2408 0.209377 0.708198
682000 0.248144 0.249807 0.19709 0.695041
683000 0.259215 0.250828 0.201283 0.711325
684000 0.250509 0.244472 0.195498 0.690479
685000 0.256449 0.252738 0.200183 0.709371
686000 0.259132 0.238888 0.203572 0.701592
687000 0.257362 0.244476 0.19703 0.698869
688000 0.267382 0.266462 0.206874 0.740718
689000 0.255208 0.239702 0.201661 0.69657
690000 0.251283 0.243419 0.209383 0.704084
691000 0.257276 0.247032 0.2064 0.710708
692000 0.25787 0.255603 0.211996 0.725469
693000 0.278625 0.262896 0.220802 0.762323
694000 0.272083 0.249481 0.206607 0.728171
695000 0.265333 0.249505 0.219461 0.734299
696000 0.277251 0.255911 0.210473 0.743634
697000 0.274303 0.248411 0.210874 0.733588
698000 0.260454 0.251513 0.211394 0.723362
699000 0.268197 0.257349 0.220159 0.745706
700000 0.272454 0.265894 0.218266 0.756614
701000 0.26668 0.249826 0.215501 0.732008
702000 0.273064 0.256558 0.210073 0.739695
703000 0.27997 0.268435 0.208484 0.756888
704000 0.277351 0.273433 0.209572 0.760356
705000 0.273578 0.262482 0.209095 0.745155
706000 0.270769 0.259703 0.214888 0.745359
707000 0.273634 0.265512 0.210722 0.749868
708000 0.273439 0.270984 0.22106 0.765483
709000 0.274085 0.25826 0.225823 0.758168
710000 0.295711 0.269528 0.206797 0.772036
711000 0.282276 0.274796 0.221228 0.778299
712000 0.279434 0.251589 0.217811 0.748834
713000 0.283425 0.267371 0.212664 0.763459
714000 0.271947 0.258197 0.211352 0.741496
715000 0.269757 0.260481 0.22058 0.750817
716000 0.280694 0.264273 0.216743 0.76171
717000 0.275763 0.273512 0.208394 0.757669
718000 0.281891 0.276129 0.210276 0.768297
719000 0.277819 0.255295 0.211563 0.744676
720000 0.272816 0.253294 0.219596 0.745705
721000 0.277439 0.264088 0.220309 0.761836
722000 0.276922 0.265472 0.215785 0.758179
723000 0.280225 0.269295 0.214666 0.764186
724000 0.285337 0.258769 0.216228 0.760334
725000 0.278218 0.261873 0.21935 0.75944
726000 0.288608 0.275189 0.229131 0.792928
727000 0.280503 0.261708 0.221201 0.763412
728000 0.288437 0.274064 0.223986 0.786487
729000 0.287188 0.258814 0.221932 0.767933
730000 0.291794 0.272329 0.226107 0.790229
731000 0.27937 0.265021 0.222448 0.766839
732000 0.270786 0.259018 0.217962 0.747765
733000 0.274035 0.259917 0.213005 0.746957
734000 0.273226 0.262662 0.213919 0.749806
735000 0.281459 0.259918 0.220632 0.762008
736000 0.281617 0.264996 0.213566 0.760179
737000 0.272375 0.269367 0.231228 0.77297
738000 0.264531 0.267409 0.221751 0.753691
739000 0.280208 0.261144 0.218013 0.759365
740000 0.28405 0.270847 0.213492 0.76839
741000 0.269273 0.264262 0.212445 0.74598
742000 0.290264 0.286783 0.218147 0.795194
743000 0.279918 0.269414 0.225253 0.774586
744000 0.275675 0.26451 0.217254 0.757439
745000 0.294812 0.265272 0.217737 0.777821
746000 0.273587 0.249521 0.218513 0.74162
747000 0.291251 0.257036 0.222386 0.770673
748000 0.278564 0.265522 0.22238 0.766465
749000 0.282253 0.257865 0.214955 0.755074
750000 0.279918 0.263535 0.223817 0.767269
751000 0.290205 0.268905 0.218889 0.777998
752000 0.28244 0.269511 0.219234 0.771185
753000 0.275068 0.274977 0.224056 0.774101
754000 0.287626 0.261759 0.214083 0.763468
755000 0.288086 0.271108 0.2234 0.782594
756000 0.282702 0.278114 0.215504 0.77632
757000 0.285719 0.277222 0.228799 0.79174
758000 0.281456 0.277936 0.240018 0.799409
759000 0.293542 0.279672 0.24657 0.819785
760000 0.276721 0.265609 0.229374 0.771704
761000 0.275123 0.274366 0.21886 0.768349
762000 0.290145 0.266649 0.226655 0.78345
763000 0.283124 0.267524 0.229416 0.780064
764000 0.288658 0.280573 0.226412 0.795643
765000 0.283176 0.272378 0.23102 0.786573
766000 0.275967 0.279532 0.233218 0.788718
767000 0.294033 0.277291 0.22523 0.796554
768000 0.274254 0.269355 0.231269 0.774878
769000 0.283634 0.267748 0.220523 0.771905
770000 0.2959 0.28226 0.225924 0.804083
771000 0.293792 0.25907 0.21955 0.772412
772000 0.293383 0.272293 0.230873 0.796548
773000 0.295723 0.280378 0.234963 0.811063
774000 0.290072 0.276805 0.226058 0.792935
775000 0.282768 0.277883 0.230945 0.791596
776000 0.292436 0.289651 0.240176 0.822264
777000 0.297634 0.281949 0.241719 0.821302
778000 0.286695 0.271976 0.229865 0.788536
779000 0.304277 0.289226 0.240675 0.834178
780000 0.285967 0.290992 0.238519 0.815478
781000 0.290067 0.288111 0.245342 0.823519
782000 0.297356 0.293483 0.236652 0.827492
783000 0.296698 0.287 0.239774 0.823472
784000 0.296344 0.294473 0.235255 0.826071
785000 0.295527 0.295616 0.238085 0.829228
786000 0.295385 0.277116 0.241071 0.813573
787000 0.291864 0.300653 0.246632 0.839149
788000 0.296249 0.297907 0.242364 0.83652
789000 0.282512 0.290263 0.233392 0.806167
790000 0.28619 0.284191 0.249631 0.820012
791000 0.292914 0.282937 0.25422 0.830071
792000 0.298111 0.293993 0.252545 0.84465
793000 0.289755 0.29619 0.238646 0.82459
794000 0.297138 0.293059 0.238761 0.828959
795000 0.305927 0.279819 0.237979 0.823725
796000 0.295328 0.286068 0.250013 0.831409
797000 0.305926 0.289827 0.239383 0.835136
798000 0.296463 0.286029 0.238878 0.82137
799000 0.296903 0.285902 0.243415 0.82622
800000 0.303796 0.295521 0.249631 0.848948
801000 0.302541 0.300739 0.246764 0.850044
802000 0.298222 0.284535 0.235393 0.818149
803000 0.296197 0.291207 0.234606 0.82201
804000 0.292033 0.282991 0.239928 0.814951
805000 0.303678 0.294044 0.248711 0.846433
806000 0.293168 0.290861 0.240148 0.824177
807000 0.288218 0.298535 0.233725 0.820479
808000 0.304808 0.296529 0.23075 0.832088
809000 0.292042 0.276806 0.242987 0.811835
810000 0.303313 0.29107 0.237523 0.831906
811000 0.292784 0.297025 0.243374 0.833182
812000 0.296118 0.288924 0.239945 0.824987
813000 0.31533 0.282437 0.255224 0.852991
814000 0.307703 0.289531 0.240812 0.838046
815000 0.306792 0.283104 0.234476 0.824372
816000 0.301983 0.29574 0.233049 0.830773
817000 0.304502 0.296346 0.242334 0.843183
818000 0.299567 0.291239 0.237119 0.827924
819000 0.313059 0.28605 0.237587 0.836696
820000 0.298771 0.284006 0.239671 0.822448
821000 0.315319 0.293105 0.237084 0.845508
822000 0.305864 0.286299 0.247641 0.839805
823000 0.314198 0.289384 0.246466 0.850048
824000 0.303831 0.297011 0.255566 0.856408
825000 0.315728 0.281927 0.24831 0.845965
826000 0.318886 0.303208 0.234878 0.856972
827000 0.306684 0.293263 0.242447 0.842394
828000 0.307098 0.291859 0.252377 0.851334
829000 0.310027 0.293591 0.244749 0.848367
830000 0.305033 0.285208 0.248011 0.838252
831000 0.299395 0.303342 0.247785 0.850522
832000 0.317414 0.305623 0.257644 0.880682
833000 0.305483 0.290311 0.256311 0.852105
834000 0.323994 0.296078 0.256528 0.8766
835000 0.320879 0.303626 0.249505 0.87401
836000 0.312578 0.301882 0.254338 0.868798
837000 0.310754 0.289447 0.251573 0.851774
838000 0.315159 0.29804 0.250002 0.863201
839000 0.316476 0.313007 0.245294 0.874777
840000 0.320953 0.307801 0.265585 0.894339
841000 0.320877 0.304317 0.263096 0.88829
842000 0.323702 0.305087 0.253713 0.882501
843000 0.318723 0.29246 0.248854 0.860037
844000 0.319503 0.317785 0.255942 0.893231
845000 0.313261 0.283756 0.250432 0.84745
846000 0.322564 0.299509 0.25977 0.881843
847000 0.314132 0.301621 0.248675 0.864427
848000 0.318309 0.302593 0.25924 0.880143
849000 0.311758 0.296735 0.255246 0.863739
850000 0.321946 0.311354 0.256311 0.889611
851000 0.317653 0.303119 0.26379 0.884561
852000 0.323391 0.306456 0.258487 0.888335
853000 0.312365 0.311056 0.252908 0.876329
854000 0.310407 0.304338 0.25427 0.869015
855000 0.325658 0.293667 0.253587 0.872912
856000 0.320111 0.302473 0.261928 0.884511
857000 0.323757 0.300104 0.254147 0.878007
858000 0.322163 0.303964 0.260072 0.886199
859000 0.322128 0.315619 0.257484 0.895231
860000 0.330023 0.305325 0.263089 0.898436
861000 0.329836 0.302241 0.261 0.893077
862000 0.316792 0.333697 0.260657 0.911146
863000 0.316057 0.309652 0.258004 0.883714
864000 0.317628 0.303246 0.264167 0.885041
865000 0.305014 0.30597 0.258756 0.86974
866000 0.317753 0.307046 0.263179 0.887978
867000 0.33167 0.316789 0.275942 0.924402
868000 0.327408 0.296178 0.267836 0.891422
869000 0.328751 0.320119 0.26113 0.909999
870000 0.323626 0.306808 0.255336 0.885769
871000 0.304097 0.306523 0.262605 0.873224
872000 0.327577 0.316144 0.277467 0.921189
873000 0.314575 0.317984 0.266395 0.898954
874000 0.329744 0.322731 0.265946 0.918421
875000 0.324344 0.322073 0.271201 0.917619
876000 0.3189 0.312334 0.275999 0.907233
877000 0.330038 0.307377 0.262418 0.899833
878000 0.322764 0.317039 0.255087 0.894889
879000 0.336899 0.319444 0.27198 0.928323
880000 0.324318 0.313379 0.262248 0.899945
881000 0.311004 0.311581 0.274089 0.896675
882000 0.322099 0.324872 0.295397 0.942369
883000 0.307186 0.312089 0.275104 0.894379
884000 0.313974 0.313304 0.264429 0.891707
885000 0.327921 0.314997 0.265462 0.90838
886000 0.326496 0.319734 0.265941 0.912171
887000 0.316616 0.312184 0.263054 0.891854
888000 0.326886 0.304902 0.268685 0.900473
889000 0.344892 0.323668 0.268721 0.937281
890000 0.327197 0.320232 0.268215 0.915644
891000 0.340392 0.332176 0.264447 0.937015
892000 0.328903 0.314606 0.267323 0.910833
893000 0.320237 0.314806 0.273066 0.908109
894000 0.336833 0.327168 0.280808 0.944809
895000 0.317985 0.325772 0.261228 0.904985
896000 0.324491 0.314596 0.264888 0.903975
897000 0.328309 0.320921 0.272712 0.921942
898000 0.342235 0.334126 0.270184 0.946546
899000 0.329321 0.333045 0.267982 0.930348
900000 0.316111 0.325252 0.263503 0.904865
901000 0.327578 0.326714 0.266647 0.920939
902000 0.325892 0.322349 0.264131 0.912372
903000 0.327596 0.318221 0.274146 0.919964
904000 0.320921 0.314346 0.276683 0.911949
905000 0.335089 0.319865 0.279156 0.93411
906000 0.313283 0.318146 0.274245 0.905674
907000 0.333807 0.321952 0.270586 0.926344
908000 0.336601 0.312443 0.278233 0.927277
909000 0.33139 0.33725 0.268739 0.937379
910000 0.32378 0.33286 0.270469 0.927109
911000 0.333756 0.326053 0.263627 0.923436
912000 0.317342 0.32378 0.279306 0.920429
913000 0.318194 0.325267 0.268981 0.912442
914000 0.33635 0.311745 0.279965 0.92806
915000 0.323367 0.309288 0.288621 0.921276
916000 0.328785 0.313205 0.273112 0.915103
917000 0.321239 0.312423 0.268219 0.901881
918000 0.335048 0.328976 0.280181 0.944206
919000 0.33454 0.328151 0.276908 0.939599
920000 0.337024 0.316614 0.27335 0.926988
921000 0.339406 0.320889 0.272616 0.932912
922000 0.334572 0.310277 0.271311 0.91616
923000 0.317968 0.316065 0.273736 0.907769
924000 0.341712 0.317817 0.274255 0.933784
925000 0.332989 0.323377 0.276589 0.932955
926000 0.317396 0.321873 0.280347 0.919616
927000 0.338493 0.329312 0.284068 0.951873
928000 0.335858 0.317655 0.268857 0.92237
929000 0.326808 0.322603 0.273766 0.923177
930000 0.334806 0.327903 0.279198 0.941907
931000 0.327192 0.308351 0.272731 0.908274
932000 0.332682 0.322598 0.272786 0.928066
933000 0.329259 0.327903 0.280635 0.937796
934000 0.343912 0.318793 0.267841 0.930546
935000 0.33054 0.32471 0.288997 0.944247
936000 0.322247 0.323922 0.284561 0.930729
937000 0.338189 0.316742 0.276999 0.93193
938000 0.329746 0.319855 0.283929 0.93353
939000 0.337725 0.3159 0.273593 0.927219
940000 0.33539 0.327869 0.286887 0.950146
941000 0.349584 0.333084 0.270993 0.953661
942000 0.334765 0.3216 0.281422 0.937787
943000 0.340839 0.314294 0.281186 0.93632
944000 0.334366 0.320385 0.285669 0.940421
945000 0.335588 0.324137 0.278717 0.938442
946000 0.332884 0.336326 0.270289 0.939499
947000 0.334124 0.319725 0.284789 0.938638
948000 0.346009 0.321465 0.28213 0.949604
949000 0.348752 0.332546 0.278153 0.959451
950000 0.343091 0.323795 0.2891 0.955985
951000 0.330782 0.327452 0.283877 0.942111
952000 0.330579 0.314656 0.28835 0.933585
953000 0.341328 0.319315 0.283966 0.94461
954000 0.331765 0.327461 0.289059 0.948285
955000 0.334727 0.326006 0.282118 0.942851
956000 0.337797 0.33143 0.284491 0.953718
957000 0.332698 0.324901 0.287189 0.944788
958000 0.337957 0.32944 0.285821 0.953217
959000 0.346287 0.339997 0.280431 0.966715
960000 0.337813 0.316341 0.279312 0.933467
961000 0.341796 0.322407 0.273855 0.938057
962000 0.333201 0.318753 0.278059 0.930013
963000 0.331436 0.3253 0.287342 0.944079
964000 0.347521 0.316931 0.287995 0.952447
965000 0.335448 0.319908 0.293906 0.949263
966000 0.349019 0.321682 0.299316 0.970016
967000 0.34391 0.325087 0.28904 0.958037
968000 0.346495 0.321903 0.292819 0.961217
969000 0.345834 0.333498 0.29576 0.975092
970000 0.355452 0.334847 0.295512 0.98581
971000 0.350194 0.321755 0.295623 0.967572
972000 0.339921 0.332821 0.276337 0.949079
973000 0.336554 0.334162 0.285306 0.956022
974000 0.359286 0.326867 0.28726 0.973413
975000 0.347264 0.329696 0.293611 0.970571
976000 0.348697 0.310321 0.28539 0.944408
977000 0.33887 0.32282 0.285845 0.947535
978000 0.338562 0.333021 0.287282 0.958865
979000 0.346483 0.328609 0.29092 0.966012
980000 0.358899 0.332425 0.288261 0.979585
981000 0.345213 0.343293 0.29176 0.980265
982000 0.3508 0.318542 0.291971 0.961314
983000 0.360834 0.327346 0.279883 0.968063
984000 0.365019 0.332303 0.288886 0.986208
985000 0.359507 0.327648 0.283898 0.971053
986000 0.359009 0.328334 0.284844 0.972187
987000 0.354109 0.341938 0.294007 0.990055
988000 0.376296 0.349977 0.285007 1.01128
989000 0.372672 0.347776 0.299699 1.02015
990000 0.360143 0.33591 0.292829 0.988882
991000 0.353861 0.324959 0.300576 0.979396
992000 0.36459 0.324022 0.300851 0.989463
993000 0.354996 0.335451 0.298183 0.988631
994000 0.359611 0.322382 0.297602 0.979595
995000 0.364778 0.327854 0.299145 0.991777
996000 0.365867 0.341698 0.302996 1.01056
997000 0.356257 0.335294 0.284965 0.976516
998000 0.37033 0.345323 0.283796 0.999449
999000 0.359538 0.341218 0.290942 0.991698
1000000 0.355834 0.332686 0.293013 0.981533
1001000 0.357014 0.33129 0.304518 0.992822
1002000 0.350666 0.338224 0.28911 0.978
1003000 0.351344 0.331569 0.293725 0.976638
1004000 0.354965 0.342755 0.302567 1.00029
1005000 0.345905 0.332598 0.301604 0.980107
1006000 0.359053 0.331882 0.297997 0.988932
1007000 0.364235 0.331776 0.30321 0.999221
1008000 0.359536 0.336353 0.289686 0.985575
1009000 0.350057 0.3424 0.285766 0.978222
1010000 0.358077 0.340707 0.295595 0.994379
1011000 0.35885 0.325997 0.292346 0.977193
1012000 0.365924 0.329013 0.289258 0.984195
1013000 0.366486 0.337795 0.294541 0.998822
1014000 0.356634 0.334499 0.295921 0.987054
1015000 0.356443 0.346127 0.294005 0.996575
1016000 0.359291 0.344545 0.294706 0.998543
1017000 0.348629 0.336396 0.302533 0.987558
1018000 0.373879 0.332378 0.297473 1.00373
1019000 0.36561 0.344377 0.291544 1.00153
1020000 0.36248 0.339194 0.297916 0.99959
1021000 0.362148 0.342001 0.293352 0.997501
1022000 0.362911 0.326578 0.290827 0.980316
1023000 0.370144 0.339545 0.295614 1.0053
1024000 0.358588 0.325387 0.297576 0.981551
1025000 0.361172 0.338664 0.299368 0.999205
1026000 0.364881 0.329826 0.287775 0.982482
1027000 0.35318 0.338364 0.301033 0.992578
1028000 0.368091 0.331292 0.310969 1.01035
1029000 0.364034 0.336909 0.29493 0.995874
1030000 0.371654 0.326611 0.284913 0.983178
