# Time-averaged data for fix 1
# TimeStep c_msd_all[1] c_msd_all[2] c_msd_all[3] c_msd_all[4]
31000 0.0720692 0.0659188 0.0625307 0.200519
32000 0.071149 0.0691426 0.0641706 0.204462
33000 0.0742606 0.0646612 0.0679115 0.206833
34000 0.0731842 0.0730825 0.0691076 0.215374
35000 0.0670068 0.0657713 0.0714153 0.204193
36000 0.0705623 0.0616177 0.0690669 0.201247
37000 0.0761844 0.0807554 0.0649142 0.221854
38000 0.067725 0.0720668 0.0639266 0.203718
39000 0.0714323 0.0759674 0.0652398 0.21264
40000 0.0818683 0.0741328 0.0697376 0.225739
41000 0.0792833 0.0761694 0.0712308 0.226683
42000 0.0884308 0.0847092 0.0650527 0.238193
43000 0.0793242 0.0797131 0.0679773 0.227015
44000 0.0752046 0.0751642 0.0734355 0.223804
45000 0.0842892 0.0699513 0.0830003 0.237241
46000 0.0766385 0.0770534 0.0756728 0.229365
47000 0.0859602 0.0813578 0.0785657 0.245884
48000 0.0831954 0.07225 0.0753555 0.230801
49000 0.0837207 0.0760549 0.0715306 0.231306
50000 0.0841905 0.0763554 0.0718576 0.232404
51000 0.0832537 0.0712134 0.072904 0.227371
52000 0.088985 0.0807295 0.0777892 0.247504
53000 0.0861083 0.0793766 0.0833969 0.248882
54000 0.0784118 0.0737323 0.0813783 0.233522
55000 0.0851741 0.0918371 0.077975 0.254986
56000 0.0760982 0.0703039 0.070976 0.217378
57000 0.0746116 0.0755231 0.0636962 0.213831
58000 0.0830117 0.0762323 0.0738799 0.233124
59000 0.0806053 0.0735612 0.0683915 0.222558
60000 0.0811468 0.078369 0.0745326 0.234048
61000 0.0864615 0.0857286 0.0794983 0.251688
62000 0.0820775 0.0820544 0.074741 0.238873
63000 0.0860434 0.0809687 0.0753884 0.242401
64000 0.0805819 0.0776559 0.0799049 0.238143
65000 0.0810009 0.0707942 0.0737921 0.225587
66000 0.0876062 0.0812169 0.0683168 0.23714
67000 0.0811823 0.0723741 0.073518 0.227074
68000 0.0842329 0.0763762 0.0749452 0.235554
69000 0.0774637 0.0712453 0.077749 0.226458
70000 0.0800661 0.0767027 0.0787747 0.235544
71000 0.0794924 0.0773353 0.0727114 0.229539
72000 0.0881532 0.072382 0.0766625 0.237198
73000 0.0901597 0.0828249 0.0788898 0.251874
74000 0.0805565 0.0763526 0.0763739 0.233283
75000 0.0880309 0.0743338 0.0839112 0.246276
76000 0.0863483 0.0832229 0.076715 0.246286
77000 0.0794885 0.0781963 0.0783144 0.235999
78000 0.0825714 0.0783866 0.0775509 0.238509
79000 0.0853032 0.0783153 0.0748762 0.238495
80000 0.0872522 0.0796786 0.0837864 0.250717
81000 0.0859755 0.0871313 0.086346 0.259453
82000 0.0870439 0.0779964 0.0887692 0.253809
83000 0.0841283 0.079618 0.0823854 0.246132
84000 0.0867157 0.0886536 0.0902343 0.265604
85000 0.0876202 0.0795935 0.0877022 0.254916
86000 0.0888562 0.0898451 0.0892496 0.267951
87000 0.0865027 0.0838463 0.0992435 0.269592
88000 0.0832259 0.0830881 0.0921318 0.258446
89000 0.0887305 0.0802488 0.09834 0.267319
90000 0.0835132 0.0870928 0.093824 0.26443
91000 0.08706 0.0871237 0.0982212 0.272405
92000 0.0827426 0.0776869 0.0934917 0.253921
93000 0.0969497 0.0854974 0.0865932 0.26904
94000 0.0900491 0.0846833 0.0920179 0.26675
95000 0.0912599 0.086245 0.0790689 0.256574
96000 0.0953781 0.087797 0.0863535 0.269529
97000 0.0892014 0.0828808 0.0876881 0.25977
98000 0.0956871 0.0881951 0.0899239 0.273806
99000 0.100695 0.0930564 0.0843631 0.278114
100000 0.0887767 0.0841357 0.0879475 0.26086
101000 0.0875748 0.0795797 0.090072 0.257226
102000 0.0950658 0.0928369 0.0957878 0.283691
103000 0.101127 0.0970087 0.102019 0.300155
104000 0.0967266 0.095443 0.101433 0.293602
105000 0.0929752 0.0852915 0.0906531 0.26892
106000 0.0921345 0.0897481 0.0919817 0.273864
107000 0.0921551 0.0917111 0.0937789 0.277645
108000 0.0979463 0.0968004 0.0941209 0.288868
109000 0.0927426 0.0798119 0.0866821 0.259237
110000 0.0908451 0.0877029 0.0871848 0.265733
111000 0.0901801 0.0861288 0.0951503 0.271459
112000 0.0918408 0.0877577 0.0944176 0.274016
113000 0.0894814 0.0812188 0.0883688 0.259069
114000 0.0876333 0.0877169 0.0921163 0.267466
115000 0.0987633 0.0924357 0.0919726 0.283172
116000 0.0879371 0.0844728 0.0925802 0.26499
117000 0.0910756 0.0886649 0.0891912 0.268932
118000 0.0916154 0.0842063 0.090166 0.265988
119000 0.091295 0.0919166 0.0925403 0.275752
120000 0.0992029 0.0836514 0.0952611 0.278115
121000 0.0943417 0.0902924 0.0917593 0.276393
122000 0.106641 0.100551 0.0994599 0.306652
123000 0.0953995 0.0840035 0.0959557 0.275359
124000 0.0938879 0.0919091 0.0987591 0.284556
125000 0.097556 0.0973446 0.0951587 0.290059
126000 0.0966566 0.090475 0.0965883 0.28372
127000 0.0958621 0.0810216 0.095563 0.272447
128000 0.0937989 0.0830278 0.100275 0.277102
129000 0.0955588 0.0894974 0.101769 0.286826
130000 0.0968265 0.0844891 0.107106 0.288422
131000 0.100408 0.0878006 0.0975151 0.285723
132000 0.0967394 0.0850157 0.108106 0.289861
133000 0.0936278 0.0918533 0.0990226 0.284504
134000 0.0954266 0.0847258 0.0911533 0.271306
135000 0.0995247 0.0868103 0.0957486 0.282084
136000 0.0962001 0.0849618 0.0930137 0.274176
137000 0.0938935 0.0863505 0.100327 0.280571
138000 0.0934914 0.0892948 0.10922 0.292006
139000 0.101174 0.0882692 0.101993 0.291437
140000 0.0943646 0.083204 0.0932979 0.270867
141000 0.0994229 0.0960595 0.0983583 0.293841
142000 0.0929 0.0825171 0.0961098 0.271527
143000 0.0967319 0.0880587 0.0930617 0.277852
144000 0.0948105 0.0898001 0.0934053 0.278016
145000 0.0930759 0.101848 0.0963772 0.291301
146000 0.0922764 0.0921059 0.101335 0.285717
147000 0.0959571 0.0797398 0.0984904 0.274187
148000 0.0923617 0.0853622 0.102389 0.280113
149000 0.099479 0.0946675 0.100846 0.294993
150000 0.098891 0.0864046 0.102324 0.28762
151000 0.0973121 0.0940141 0.102006 0.293332
152000 0.103871 0.0921938 0.094858 0.290922
153000 0.100241 0.0910343 0.0939969 0.285272
154000 0.104639 0.0876878 0.101121 0.293448
155000 0.0954924 0.0920885 0.106686 0.294267
156000 0.103239 0.0983654 0.101444 0.303049
157000 0.0935699 0.0900049 0.1043 0.287875
158000 0.101095 0.0904831 0.104993 0.296571
159000 0.0959611 0.0905569 0.105443 0.291961
160000 0.0988297 0.101504 0.111144 0.311477
161000 0.104037 0.094686 0.107685 0.306408
162000 0.103865 0.095175 0.106552 0.305592
163000 0.108002 0.095704 0.0990252 0.302731
164000 0.100137 0.101202 0.108755 0.310094
165000 0.0970223 0.0875401 0.107734 0.292296
166000 0.0996624 0.090905 0.100049 0.290616
167000 0.110127 0.102398 0.102175 0.3147
168000 0.109968 0.101674 0.0953539 0.306996
169000 0.10707 0.100747 0.101735 0.309552
170000 0.107618 0.104751 0.113894 0.326263
171000 0.103631 0.100774 0.110862 0.315266
172000 0.112887 0.100385 0.114596 0.327868
173000 0.0978442 0.0975992 0.113066 0.30851
174000 0.099067 0.102584 0.109158 0.310809
175000 0.102119 0.0983189 0.1039 0.304338
176000 0.103127 0.0984861 0.103237 0.304849
177000 0.0987689 0.107956 0.0994199 0.306145
178000 0.101421 0.0998512 0.103108 0.304381
179000 0.10315 0.102328 0.111225 0.316703
180000 0.104884 0.10635 0.11418 0.325413
181000 0.0986149 0.0960374 0.114388 0.30904
182000 0.100152 0.101363 0.110898 0.312413
183000 0.103789 0.104246 0.11118 0.319215
184000 0.102787 0.0992605 0.117508 0.319556
185000 0.101579 0.104637 0.111552 0.317768
186000 0.103227 0.106405 0.119614 0.329246
187000 0.101785 0.0978924 0.120479 0.320156
188000 0.103377 0.103965 0.118403 0.325744
189000 0.120213 0.104934 0.118652 0.343799
190000 0.106652 0.107817 0.118508 0.332977
191000 0.104107 0.104563 0.11319 0.321861
192000 0.106213 0.105031 0.113437 0.324682
193000 0.107849 0.107856 0.117865 0.33357
194000 0.104433 0.107338 0.121252 0.333024
195000 0.107665 0.107537 0.120299 0.335501
196000 0.104883 0.103544 0.117011 0.325437
197000 0.104637 0.108764 0.112286 0.325687
198000 0.109419 0.114851 0.112884 0.337154
199000 0.108842 0.106477 0.121746 0.337065
200000 0.106194 0.113118 0.11465 0.333962
201000 0.103619 0.113555 0.115822 0.332996
202000 0.111065 0.104792 0.117332 0.33319
203000 0.114594 0.108554 0.121775 0.344923
204000 0.105784 0.105506 0.126027 0.337317
205000 0.104922 0.110073 0.117258 0.332253
206000 0.102226 0.11062 0.116789 0.329635
207000 0.105643 0.10807 0.124098 0.33781
208000 0.107492 0.11248 0.124063 0.344036
209000 0.103399 0.115706 0.113296 0.332402
210000 0.108512 0.112985 0.114408 0.335906
211000 0.10815 0.112534 0.120831 0.341515
212000 0.104519 0.118183 0.121858 0.34456
213000 0.105336 0.113508 0.117968 0.336813
214000 0.113369 0.110341 0.119997 0.343706
215000 0.106431 0.113782 0.1115 0.331712
216000 0.105721 0.11374 0.120427 0.339889
217000 0.106217 0.113347 0.119489 0.339053
218000 0.111557 0.109842 0.10995 0.331349
219000 0.101751 0.11738 0.112606 0.331736
220000 0.110262 0.111813 0.119157 0.341232
221000 0.108347 0.110651 0.128581 0.34758
222000 0.103923 0.108389 0.124372 0.336684
223000 0.116879 0.120715 0.122206 0.3598
224000 0.117894 0.114404 0.118926 0.351224
225000 0.112265 0.113388 0.120707 0.34636
226000 0.114385 0.11732 0.111867 0.343572
227000 0.111661 0.112205 0.113604 0.337469
228000 0.106343 0.112344 0.110796 0.329484
229000 0.1091 0.120019 0.122493 0.351612
230000 0.110711 0.108741 0.117145 0.336597
231000 0.112475 0.111014 0.114765 0.338254
232000 0.113567 0.117226 0.122774 0.353567
233000 0.119741 0.121708 0.117944 0.359394
234000 0.11563 0.123066 0.113713 0.352409
235000 0.112521 0.120083 0.117836 0.35044
236000 0.119604 0.116042 0.125724 0.36137
237000 0.117377 0.118122 0.131156 0.366655
238000 0.122707 0.121841 0.129494 0.374043
239000 0.115184 0.109736 0.127671 0.352591
240000 0.118988 0.116457 0.132635 0.36808
241000 0.124571 0.116253 0.13702 0.377844
242000 0.124645 0.116976 0.127575 0.369196
243000 0.127303 0.110879 0.127864 0.366045
244000 0.126829 0.115511 0.131251 0.373591
245000 0.115999 0.121265 0.135503 0.372767
246000 0.120242 0.123771 0.135992 0.380005
247000 0.115488 0.119363 0.134372 0.369223
248000 0.119255 0.107944 0.133663 0.360862
249000 0.133276 0.11871 0.126951 0.378938
250000 0.134708 0.119018 0.12485 0.378577
251000 0.134792 0.127067 0.122414 0.384273
252000 0.129797 0.120906 0.13271 0.383413
253000 0.128953 0.119708 0.127347 0.376008
254000 0.136191 0.132078 0.130774 0.399043
255000 0.13529 0.127411 0.132156 0.394856
256000 0.123261 0.120905 0.122391 0.366557
257000 0.137243 0.118257 0.132758 0.388258
258000 0.123954 0.109534 0.139683 0.373171
259000 0.122028 0.115251 0.137322 0.374601
260000 0.142353 0.121421 0.140374 0.404148
261000 0.125237 0.115287 0.138613 0.379137
262000 0.135282 0.118136 0.132491 0.385909
263000 0.132606 0.129094 0.127908 0.389608
264000 0.134078 0.116625 0.127945 0.378648
265000 0.133715 0.116658 0.134397 0.38477
266000 0.135391 0.127503 0.129172 0.392065
267000 0.131962 0.121326 0.141799 0.395087
268000 0.126129 0.114234 0.142082 0.382444
269000 0.126092 0.125151 0.135307 0.38655
270000 0.132223 0.125003 0.131182 0.388409
271000 0.132228 0.131575 0.136979 0.400782
272000 0.126118 0.125198 0.124603 0.375919
273000 0.124689 0.119458 0.129029 0.373177
274000 0.128212 0.126139 0.130721 0.385072
275000 0.138235 0.124153 0.128132 0.39052
276000 0.137078 0.119524 0.134909 0.39151
277000 0.141114 0.120165 0.138416 0.399695
278000 0.142808 0.131378 0.145255 0.419441
279000 0.126945 0.122191 0.135851 0.384987
280000 0.129862 0.123351 0.131591 0.384804
281000 0.135704 0.118676 0.133062 0.387442
282000 0.135601 0.121674 0.137426 0.394701
283000 0.128834 0.129422 0.13768 0.395937
284000 0.136247 0.127498 0.149757 0.413503
285000 0.131876 0.120243 0.138856 0.390975
286000 0.140894 0.122387 0.14842 0.411702
287000 0.142494 0.135917 0.133822 0.412233
288000 0.129617 0.129369 0.121615 0.380601
289000 0.127807 0.124229 0.124825 0.376861
290000 0.129344 0.127308 0.133628 0.39028
291000 0.13064 0.122888 0.129404 0.382932
292000 0.142671 0.125783 0.138066 0.40652
293000 0.13209 0.120838 0.135587 0.388515
294000 0.127276 0.121106 0.144266 0.392647
295000 0.137711 0.121636 0.134312 0.393659
296000 0.141127 0.131719 0.136459 0.409305
297000 0.139714 0.121642 0.128371 0.389727
298000 0.13144 0.12984 0.135748 0.397027
299000 0.135283 0.12735 0.135351 0.397985
300000 0.140091 0.131647 0.13411 0.405848
301000 0.138645 0.119212 0.138192 0.396049
302000 0.13759 0.125671 0.143106 0.406367
303000 0.139523 0.119012 0.137816 0.396351
304000 0.137867 0.124164 0.150193 0.412224
305000 0.137447 0.131907 0.149332 0.418686
306000 0.145708 0.124625 0.154979 0.425312
307000 0.132431 0.134761 0.142281 0.409472
308000 0.149125 0.131003 0.145597 0.425725
309000 0.135268 0.134684 0.138368 0.40832
310000 0.138051 0.121938 0.144479 0.404468
311000 0.142268 0.13703 0.142082 0.421381
312000 0.146299 0.136117 0.154156 0.436572
313000 0.137254 0.136409 0.148603 0.422267
314000 0.151401 0.131938 0.149343 0.432682
315000 0.139183 0.123583 0.149767 0.412533
316000 0.149105 0.136507 0.147724 0.433337
317000 0.136225 0.126088 0.141927 0.404241
318000 0.138108 0.131606 0.153241 0.422955
319000 0.142019 0.129985 0.145119 0.417122
320000 0.152644 0.144043 0.146036 0.442722
321000 0.153321 0.139784 0.147829 0.440934
322000 0.134741 0.136972 0.147058 0.41877
323000 0.13803 0.13229 0.155132 0.425452
324000 0.153786 0.139825 0.153368 0.446979
325000 0.15516 0.148633 0.160727 0.46452
326000 0.150339 0.137892 0.161365 0.449597
327000 0.152156 0.140719 0.163297 0.456172
328000 0.141082 0.140273 0.157071 0.438425
329000 0.137696 0.139488 0.153116 0.430299
330000 0.14547 0.139803 0.152587 0.43786
331000 0.141165 0.133973 0.146766 0.421904
332000 0.150479 0.147018 0.154594 0.452092
333000 0.145041 0.148076 0.164407 0.457524
334000 0.148534 0.143665 0.154849 0.447048
335000 0.143597 0.145991 0.162563 0.452151
336000 0.138025 0.135736 0.163825 0.437587
337000 0.14016 0.135797 0.155797 0.431753
338000 0.152123 0.139025 0.159426 0.450575
339000 0.138508 0.136137 0.164303 0.438947
340000 0.143538 0.140194 0.160634 0.444367
341000 0.145991 0.145635 0.161176 0.452802
342000 0.148439 0.138566 0.167497 0.454502
343000 0.143817 0.140705 0.15902 0.443542
344000 0.142571 0.135996 0.167514 0.446082
345000 0.144238 0.142057 0.158833 0.445128
346000 0.146131 0.139214 0.161819 0.447163
347000 0.148332 0.136291 0.155674 0.440298
348000 0.147871 0.141792 0.160228 0.449892
349000 0.146029 0.151987 0.158501 0.456516
350000 0.1501 0.145712 0.161131 0.456943
351000 0.152829 0.16191 0.163615 0.478354
352000 0.146038 0.141763 0.150427 0.438228
353000 0.146795 0.14403 0.159953 0.450778
354000 0.155874 0.162446 0.163365 0.481685
355000 0.146074 0.143413 0.16422 0.453706
356000 0.146861 0.148816 0.164641 0.460318
357000 0.149437 0.154374 0.158952 0.462763
358000 0.151247 0.150365 0.172601 0.474213
359000 0.149 0.146775 0.157226 0.453001
360000 0.157113 0.15115 0.157066 0.465328
361000 0.142899 0.142222 0.163597 0.448718
362000 0.145093 0.14357 0.170958 0.459622
363000 0.152553 0.155692 0.174305 0.48255
364000 0.138533 0.148511 0.157876 0.44492
365000 0.145862 0.151463 0.157091 0.454416
366000 0.14378 0.151478 0.154828 0.450087
367000 0.141498 0.148361 0.160694 0.450554
368000 0.149104 0.14518 0.167128 0.461413
369000 0.145276 0.151997 0.164597 0.461869
370000 0.142258 0.151903 0.178716 0.472877
371000 0.153756 0.147479 0.171326 0.472561
372000 0.146156 0.149359 0.168694 0.464209
373000 0.141188 0.143488 0.161129 0.445806
374000 0.154926 0.150604 0.166185 0.471715
375000 0.141709 0.155541 0.15961 0.45686
376000 0.165118 0.147544 0.166126 0.478788
377000 0.146761 0.149664 0.164959 0.461384
378000 0.150342 0.156546 0.168377 0.475266
379000 0.146567 0.153605 0.166849 0.467022
380000 0.14324 0.151554 0.170589 0.465383
381000 0.155911 0.148805 0.160719 0.465435
382000 0.149606 0.1573 0.168714 0.47562
383000 0.148414 0.155708 0.173289 0.477412
384000 0.152382 0.147901 0.165707 0.46599
385000 0.144381 0.149269 0.167 0.46065
386000 0.147753 0.153901 0.173634 0.475287
387000 0.154373 0.157307 0.180735 0.492416
388000 0.151581 0.156039 0.170516 0.478136
389000 0.148646 0.153842 0.172407 0.474895
390000 0.155523 0.164006 0.165324 0.484853
391000 0.15247 0.15361 0.167369 0.473449
392000 0.157763 0.159242 0.177342 0.494346
393000 0.162409 0.152837 0.173269 0.488514
394000 0.153467 0.160853 0.182662 0.496982
395000 0.150217 0.154356 0.189194 0.493767
396000 0.150337 0.15793 0.190609 0.498876
397000 0.152955 0.159493 0.179729 0.492177
398000 0.149703 0.162619 0.170268 0.48259
399000 0.149733 0.173022 0.164223 0.486978
400000 0.152872 0.16065 0.168533 0.482054
401000 0.154874 0.157392 0.176438 0.488705
402000 0.148188 0.165685 0.183559 0.497433
403000 0.161715 0.164244 0.177214 0.503173
404000 0.149941 0.150508 0.186135 0.486583
405000 0.154554 0.164924 0.184681 0.50416
406000 0.156469 0.155777 0.18615 0.498396
407000 0.157844 0.156859 0.182167 0.496871
408000 0.159285 0.160609 0.171704 0.491599
409000 0.161194 0.162732 0.172405 0.49633
410000 0.167346 0.165525 0.176828 0.509699
411000 0.159862 0.163759 0.179063 0.502684
412000 0.164817 0.157973 0.177104 0.499894
413000 0.155378 0.161036 0.180016 0.49643
414000 0.155013 0.153172 0.178778 0.486963
415000 0.163486 0.159254 0.173527 0.496268
416000 0.164293 0.162214 0.167767 0.494274
417000 0.154706 0.157141 0.180774 0.492621
418000 0.166161 0.153618 0.179717 0.499496
419000 0.158322 0.165152 0.17657 0.500044
420000 0.166033 0.16739 0.189675 0.523099
421000 0.160037 0.166303 0.181791 0.508131
422000 0.155523 0.157126 0.178273 0.490922
423000 0.155007 0.159359 0.175779 0.490145
424000 0.163602 0.163123 0.163893 0.490618
425000 0.164091 0.165054 0.180474 0.509619
426000 0.164265 0.164359 0.181184 0.509808
427000 0.16688 0.166013 0.169638 0.502531
428000 0.162665 0.167434 0.172113 0.502212
429000 0.166074 0.169965 0.180675 0.516715
430000 0.155992 0.166877 0.173845 0.496713
431000 0.164822 0.168302 0.17429 0.507415
432000 0.157288 0.177239 0.191794 0.526321
433000 0.163386 0.166271 0.180311 0.509968
434000 0.163795 0.170199 0.18186 0.515854
435000 0.160863 0.168569 0.170775 0.500206
436000 0.161615 0.163938 0.187247 0.512801
437000 0.161604 0.172774 0.187047 0.521424
438000 0.153641 0.172263 0.183986 0.509891
439000 0.155151 0.158572 0.183008 0.496732
440000 0.160653 0.170664 0.174595 0.505912
441000 0.175127 0.167511 0.183987 0.526626
442000 0.162216 0.162963 0.179244 0.504422
443000 0.157352 0.162581 0.182589 0.502522
444000 0.152972 0.168143 0.18264 0.503756
445000 0.154988 0.178168 0.181647 0.514803
446000 0.158083 0.164458 0.183646 0.506187
447000 0.159202 0.166268 0.18593 0.5114
448000 0.162651 0.167285 0.178396 0.508333
449000 0.157989 0.170738 0.176716 0.505443
450000 0.163508 0.174122 0.18096 0.51859
451000 0.158489 0.171246 0.181864 0.511599
452000 0.159311 0.160764 0.178452 0.498527
453000 0.160145 0.160101 0.183611 0.503856
454000 0.163228 0.174858 0.194262 0.532348
455000 0.154138 0.172683 0.192903 0.519723
456000 0.154053 0.176417 0.193357 0.523827
457000 0.162741 0.167438 0.19208 0.522259
458000 0.165043 0.182796 0.188523 0.536362
459000 0.161629 0.174276 0.179171 0.515075
460000 0.156918 0.170082 0.191235 0.518234
461000 0.154807 0.174632 0.192375 0.521814
462000 0.16068 0.173683 0.194844 0.529208
463000 0.166283 0.180045 0.194501 0.54083
464000 0.162213 0.18395 0.195245 0.541409
465000 0.165294 0.182136 0.206827 0.554257
466000 0.173557 0.188452 0.20696 0.568968
467000 0.169472 0.174165 0.204164 0.547801
468000 0.165479 0.182893 0.212055 0.560426
469000 0.159981 0.1818 0.201291 0.543071
470000 0.161367 0.182357 0.209444 0.553168
471000 0.164948 0.189172 0.198609 0.55273
472000 0.156748 0.187671 0.193086 0.537505
473000 0.166397 0.183689 0.205335 0.555421
474000 0.170337 0.189366 0.204036 0.563739
475000 0.16279 0.181225 0.202207 0.546222
476000 0.161286 0.180376 0.209417 0.551079
477000 0.161576 0.181477 0.213681 0.556733
478000 0.167727 0.170258 0.212497 0.550482
479000 0.162132 0.173754 0.209338 0.545224
480000 0.164133 0.185714 0.205176 0.555022
481000 0.168556 0.175652 0.205435 0.549643
482000 0.163765 0.183266 0.208361 0.555392
483000 0.159802 0.176511 0.198256 0.534568
484000 0.163982 0.183084 0.206857 0.553923
485000 0.182123 0.181622 0.20487 0.568616
486000 0.173237 0.183029 0.202054 0.55832
487000 0.158611 0.181226 0.207593 0.54743
488000 0.156073 0.175961 0.210684 0.542718
489000 0.16763 0.185768 0.223675 0.577072
490000 0.174417 0.188334 0.216707 0.579458
491000 0.187607 0.1862 0.216862 0.590669
492000 0.170624 0.18793 0.211804 0.570358
493000 0.166113 0.177083 0.217128 0.560324
494000 0.175073 0.185248 0.2203 0.58062
495000 0.175416 0.180792 0.210061 0.566269
496000 0.172211 0.181072 0.220617 0.5739
497000 0.165465 0.183332 0.213331 0.562128
498000 0.171647 0.173108 0.209558 0.554313
499000 0.170096 0.190978 0.211558 0.572632
500000 0.171081 0.191012 0.209436 0.571529
501000 0.176875 0.19036 0.238252 0.605487
502000 0.17089 0.196625 0.227772 0.595286
503000 0.171975 0.186807 0.213729 0.572511
504000 0.179133 0.183608 0.213659 0.576401
505000 0.183125 0.191798 0.224062 0.598984
506000 0.169946 0.192801 0.222533 0.58528
507000 0.180356 0.208333 0.221836 0.610525
508000 0.17252 0.193712 0.233667 0.5999
509000 0.16892 0.182929 0.216645 0.568495
510000 0.171618 0.192184 0.218941 0.582744
511000 0.172954 0.19933 0.227897 0.600181
512000 0.179892 0.184589 0.219185 0.583666
513000 0.17858 0.189642 0.220579 0.588801
514000 0.175224 0.197047 0.219499 0.59177
515000 0.168635 0.199287 0.216594 0.584516
516000 0.168486 0.200184 0.217068 0.585738
517000 0.168528 0.190736 0.228546 0.58781
518000 0.176464 0.185924 0.229318 0.591705
519000 0.163319 0.187595 0.221859 0.572774
520000 0.174028 0.193114 0.227834 0.594977
521000 0.183039 0.19686 0.228759 0.608658
522000 0.180896 0.197522 0.254102 0.63252
523000 0.175465 0.199824 0.231243 0.606531
524000 0.175664 0.195614 0.220715 0.591993
525000 0.1828 0.193043 0.225556 0.601399
526000 0.171654 0.201665 0.231782 0.6051
527000 0.18013 0.192579 0.222286 0.594995
528000 0.17921 0.196838 0.225899 0.601946
529000 0.169869 0.1886 0.22531 0.583779
530000 0.176853 0.196905 0.231525 0.605283
531000 0.164774 0.198222 0.231581 0.594577
532000 0.167428 0.192691 0.236793 0.596911
533000 0.170019 0.188933 0.228693 0.587645
534000 0.175185 0.19911 0.220745 0.595039
535000 0.175821 0.194634 0.217483 0.587938
536000 0.19039 0.191432 0.228218 0.61004
537000 0.178429 0.198925 0.231492 0.608846
538000 0.16558 0.189564 0.22075 0.575895
539000 0.171737 0.19912 0.223753 0.59461
540000 0.183745 0.201777 0.237394 0.622917
541000 0.174362 0.196 0.242705 0.613068
542000 0.170117 0.193123 0.22771 0.59095
543000 0.182588 0.195263 0.217985 0.595837
544000 0.168721 0.191732 0.224181 0.584634
545000 0.169732 0.202919 0.223829 0.596481
546000 0.178732 0.193588 0.227621 0.59994
547000 0.17732 0.202008 0.228203 0.607531
548000 0.176091 0.208731 0.230599 0.615421
549000 0.178369 0.196777 0.2418 0.616946
550000 0.184007 0.210452 0.228665 0.623124
551000 0.178226 0.196299 0.230874 0.605399
552000 0.182819 0.193825 0.226022 0.602666
553000 0.173452 0.200265 0.23803 0.611746
554000 0.180594 0.197961 0.224752 0.603308
555000 0.171995 0.202146 0.232214 0.606356
556000 0.171522 0.199421 0.222855 0.593798
557000 0.177552 0.189623 0.22579 0.592965
558000 0.178714 0.197844 0.225295 0.601853
559000 0.173966 0.195148 0.222717 0.591831
560000 0.177458 0.191974 0.226638 0.59607
561000 0.173637 0.197969 0.229663 0.601269
562000 0.179298 0.206498 0.225677 0.611472
563000 0.178793 0.186508 0.218025 0.583326
564000 0.170271 0.197892 0.223612 0.591774
565000 0.179394 0.195266 0.23331 0.60797
566000 0.18668 0.209833 0.227439 0.623953
567000 0.187291 0.211091 0.235374 0.633756
568000 0.188916 0.198519 0.226196 0.613631
569000 0.19007 0.202544 0.216002 0.608616
570000 0.186451 0.205494 0.217084 0.609029
571000 0.182092 0.200969 0.220434 0.603495
572000 0.185755 0.209359 0.227046 0.62216
573000 0.186553 0.209091 0.218274 0.613919
574000 0.189222 0.21117 0.223373 0.623765
575000 0.18894 0.199493 0.225576 0.614008
576000 0.18881 0.206159 0.241596 0.636565
577000 0.186364 0.205236 0.249756 0.641356
578000 0.191415 0.202921 0.247369 0.641705
579000 0.188824 0.209441 0.239689 0.637953
580000 0.19679 0.223915 0.236151 0.656856
581000 0.190352 0.20319 0.241505 0.635046
582000 0.185639 0.209123 0.240407 0.635169
583000 0.188779 0.21247 0.25396 0.655209
584000 0.197415 0.211573 0.239428 0.648416
585000 0.190684 0.203538 0.240798 0.63502
586000 0.190115 0.209408 0.241935 0.641458
587000 0.205088 0.210124 0.224178 0.639389
588000 0.198939 0.201298 0.23722 0.637458
589000 0.198272 0.221059 0.241829 0.661159
590000 0.199254 0.215903 0.245732 0.66089
591000 0.187275 0.213655 0.240285 0.641215
592000 0.199292 0.210911 0.246939 0.657142
593000 0.194807 0.221335 0.244788 0.66093
594000 0.193727 0.203017 0.247538 0.644283
595000 0.194075 0.215413 0.241452 0.65094
596000 0.191357 0.215795 0.237851 0.645003
597000 0.196782 0.201968 0.237256 0.636006
598000 0.196124 0.22 0.250825 0.66695
599000 0.200959 0.22318 0.262425 0.686564
600000 0.19611 0.212565 0.257027 0.665702
601000 0.196779 0.218046 0.24799 0.662816
602000 0.204862 0.217593 0.24431 0.666764
603000 0.190536 0.206958 0.237768 0.635263
604000 0.204984 0.218948 0.24149 0.665423
605000 0.200956 0.219396 0.238438 0.65879
606000 0.188532 0.212736 0.234545 0.635813
607000 0.198896 0.203142 0.245812 0.647849
608000 0.206313 0.214232 0.26046 0.681005
609000 0.197291 0.22393 0.253351 0.674572
610000 0.212214 0.21425 0.24723 0.673695
611000 0.213302 0.218729 0.251359 0.68339
612000 0.209248 0.221808 0.25115 0.682206
613000 0.204368 0.220396 0.255671 0.680434
614000 0.211799 0.220717 0.254743 0.687259
615000 0.205333 0.216376 0.255939 0.677648
616000 0.20448 0.229311 0.246012 0.679803
617000 0.205808 0.213806 0.252276 0.67189
618000 0.197396 0.212625 0.249624 0.659645
619000 0.201891 0.21966 0.251236 0.672787
620000 0.198567 0.208597 0.249617 0.656782
621000 0.197708 0.21634 0.248948 0.662995
622000 0.201973 0.216822 0.261992 0.680788
623000 0.208669 0.215063 0.252602 0.676335
624000 0.198417 0.21784 0.251609 0.667866
625000 0.205236 0.214927 0.252344 0.672507
626000 0.206145 0.22449 0.249024 0.679659
627000 0.206113 0.222931 0.261597 0.690641
628000 0.217574 0.214837 0.253702 0.686113
629000 0.21595 0.226018 0.25358 0.695548
630000 0.213311 0.215493 0.248819 0.677623
631000 0.209892 0.209078 0.256103 0.675073
632000 0.215802 0.216814 0.251254 0.68387
633000 0.207585 0.218477 0.258223 0.684285
634000 0.20314 0.216146 0.244203 0.663489
635000 0.220796 0.219857 0.253602 0.694254
636000 0.209177 0.207164 0.259692 0.676033
637000 0.20883 0.21621 0.256686 0.681726
638000 0.216441 0.215953 0.251242 0.683636
639000 0.212552 0.209722 0.250939 0.673213
640000 0.215025 0.217581 0.249016 0.681622
641000 0.217928 0.225001 0.253729 0.696657
642000 0.220212 0.216983 0.252601 0.689797
643000 0.213188 0.22034 0.259505 0.693033
644000 0.222374 0.219431 0.26943 0.711234
645000 0.219756 0.210567 0.270209 0.700531
646000 0.216312 0.224322 0.258314 0.698948
647000 0.219983 0.230432 0.260831 0.711245
648000 0.224207 0.22018 0.254374 0.698761
649000 0.211503 0.211959 0.260721 0.684183
650000 0.218897 0.216706 0.251147 0.68675
651000 0.217723 0.219868 0.254882 0.692473
652000 0.22506 0.213833 0.259904 0.698797
653000 0.225366 0.221033 0.261545 0.707944
654000 0.225901 0.218967 0.262133 0.707
655000 0.219525 0.227326 0.263496 0.710347
656000 0.217102 0.225425 0.264668 0.707195
657000 0.223345 0.224171 0.267844 0.71536
658000 0.233476 0.223969 0.267434 0.724879
659000 0.221847 0.225792 0.26765 0.715288
660000 0.229029 0.216809 0.264754 0.710592
661000 0.2271 0.223448 0.249628 0.700176
662000 0.220666 0.213762 0.266607 0.701036
663000 0.221217 0.223466 0.263082 0.707766
664000 0.228187 0.227285 0.263257 0.71873
665000 0.223182 0.225435 0.268562 0.717179
666000 0.224459 0.216432 0.259191 0.700082
667000 0.230963 0.230636 0.258632 0.720231
668000 0.228072 0.225671 0.261733 0.715476
669000 0.226942 0.219689 0.27065 0.717281
670000 0.234803 0.212814 0.262705 0.710322
671000 0.221182 0.218834 0.27703 0.717046
672000 0.233939 0.227289 0.2802 0.741428
673000 0.230728 0.227159 0.277924 0.735811
674000 0.214874 0.221909 0.267959 0.704742
675000 0.231747 0.231375 0.265422 0.728544
676000 0.229909 0.218896 0.25787 0.706675
677000 0.239161 0.228209 0.270558 0.737928
678000 0.23853 0.234389 0.264285 0.737205
679000 0.235345 0.231585 0.274594 0.741524
680000 0.23517 0.231761 0.276026 0.742957
681000 0.231858 0.231362 0.266168 0.729388
682000 0.226863 0.228511 0.265109 0.720483
683000 0.233975 0.223339 0.268634 0.725948
684000 0.235563 0.226661 0.270495 0.732719
685000 0.24902 0.225713 0.270175 0.744908
686000 0.237866 0.232485 0.272848 0.743199
687000 0.246789 0.228755 0.272318 0.747861
688000 0.24007 0.241134 0.27561 0.756815
689000 0.249992 0.237296 0.276741 0.764028
690000 0.245991 0.229314 0.276811 0.752117
691000 0.247863 0.247131 0.282637 0.777632
692000 0.245705 0.246676 0.280188 0.772568
693000 0.252956 0.228812 0.269752 0.751521
694000 0.237577 0.228533 0.270046 0.736156
695000 0.243074 0.240308 0.264815 0.748197
696000 0.244363 0.239786 0.272586 0.756734
697000 0.248947 0.240332 0.270213 0.759492
698000 0.237446 0.224267 0.268576 0.730289
699000 0.238368 0.23772 0.278646 0.754734
700000 0.250462 0.234131 0.26643 0.751023
701000 0.248788 0.23737 0.272921 0.75908
702000 0.245841 0.248974 0.282272 0.777087
703000 0.244289 0.240625 0.26836 0.753273
704000 0.250758 0.234495 0.280153 0.765406
705000 0.250413 0.234117 0.26562 0.75015
706000 0.253098 0.23186 0.277645 0.762604
707000 0.247538 0.241165 0.27443 0.763133
708000 0.251329 0.24868 0.279188 0.779198
709000 0.253625 0.247039 0.286069 0.786733
710000 0.250637 0.244218 0.271148 0.766003
711000 0.25174 0.244567 0.28013 0.776437
712000 0.247429 0.24536 0.281056 0.773845
713000 0.253078 0.255945 0.279349 0.788372
714000 0.250625 0.231593 0.284166 0.766383
715000 0.248631 0.242043 0.278741 0.769415
716000 0.254371 0.249453 0.283562 0.787385
717000 0.248292 0.246394 0.276892 0.771578
718000 0.246745 0.247336 0.273331 0.767413
719000 0.257332 0.252284 0.282341 0.791957
720000 0.243417 0.245891 0.290155 0.779462
721000 0.252678 0.23781 0.28352 0.774008
722000 0.247233 0.237898 0.283867 0.768998
723000 0.249417 0.244532 0.289579 0.783528
724000 0.247163 0.241144 0.280742 0.769049
725000 0.252759 0.248458 0.271841 0.773057
726000 0.252964 0.241736 0.274363 0.769063
727000 0.248748 0.243023 0.281987 0.773759
728000 0.26911 0.242379 0.280727 0.792215
729000 0.262044 0.253632 0.286621 0.802297
730000 0.251615 0.253231 0.288194 0.79304
731000 0.247439 0.232725 0.293624 0.773787
732000 0.247081 0.243658 0.283274 0.774013
733000 0.2466 0.247229 0.280538 0.774367
734000 0.256207 0.249107 0.294883 0.800196
735000 0.249294 0.248211 0.289477 0.786981
736000 0.261085 0.248645 0.290145 0.799876
737000 0.252528 0.244427 0.293116 0.790071
738000 0.257599 0.256353 0.282818 0.79677
739000 0.258283 0.243304 0.287346 0.788933
740000 0.270218 0.26227 0.276799 0.809286
741000 0.250218 0.242669 0.275848 0.768734
742000 0.251425 0.248292 0.294417 0.794133
743000 0.250337 0.251413 0.28286 0.78461
744000 0.254113 0.242313 0.282961 0.779388
745000 0.256252 0.250004 0.287911 0.794167
746000 0.25421 0.244262 0.282784 0.781256
747000 0.269006 0.240208 0.278462 0.787677
748000 0.252952 0.244432 0.278289 0.775674
749000 0.262371 0.244954 0.279031 0.786356
750000 0.253963 0.254141 0.281929 0.790033
751000 0.257468 0.251052 0.283988 0.792509
752000 0.255482 0.258141 0.277471 0.791094
753000 0.263984 0.24834 0.283225 0.795549
754000 0.257637 0.254223 0.290243 0.802104
755000 0.267238 0.245799 0.296357 0.809394
756000 0.266278 0.247849 0.28958 0.803707
757000 0.253332 0.245383 0.288736 0.78745
758000 0.267521 0.254279 0.285505 0.807305
759000 0.248582 0.257722 0.289585 0.79589
760000 0.256536 0.245651 0.283842 0.786029
761000 0.260474 0.255206 0.284753 0.800432
762000 0.252814 0.253385 0.289822 0.796021
763000 0.258641 0.252728 0.288118 0.799486
764000 0.26701 0.249834 0.286818 0.803663
765000 0.263979 0.257855 0.300915 0.82275
766000 0.272072 0.246655 0.297409 0.816136
767000 0.252924 0.254671 0.293238 0.800833
768000 0.250985 0.265534 0.296245 0.812764
769000 0.260896 0.252599 0.294181 0.807676
770000 0.256967 0.249014 0.296614 0.802594
771000 0.259546 0.247578 0.291328 0.798452
772000 0.259135 0.259743 0.287488 0.806365
773000 0.254396 0.258591 0.288102 0.801089
774000 0.262099 0.260107 0.291472 0.813678
775000 0.260809 0.252873 0.301448 0.815129
776000 0.258683 0.26029 0.302344 0.821317
777000 0.251062 0.25179 0.302125 0.804977
778000 0.26093 0.251647 0.30805 0.820627
779000 0.262411 0.256462 0.299093 0.817965
780000 0.262459 0.262577 0.290505 0.81554
781000 0.246882 0.258948 0.279805 0.785636
782000 0.26318 0.250791 0.286339 0.80031
783000 0.256615 0.255764 0.285399 0.797778
784000 0.257907 0.257866 0.298785 0.814558
785000 0.268626 0.261554 0.2863 0.81648
786000 0.261655 0.266896 0.287764 0.816315
787000 0.264063 0.26386 0.295683 0.823606
788000 0.253314 0.267407 0.302366 0.823086
789000 0.261752 0.269536 0.301375 0.832662
790000 0.258406 0.262869 0.29828 0.819554
791000 0.260394 0.261269 0.293068 0.81473
792000 0.265008 0.254428 0.305467 0.824902
793000 0.268614 0.263459 0.299729 0.831802
794000 0.263579 0.265423 0.301348 0.830351
795000 0.265048 0.266603 0.298088 0.829739
796000 0.262474 0.272581 0.292871 0.827926
797000 0.258057 0.259107 0.295724 0.812888
798000 0.263158 0.2665 0.305905 0.835562
799000 0.24945 0.268375 0.304673 0.822499
800000 0.266548 0.273289 0.299729 0.839566
801000 0.256359 0.260297 0.300629 0.817286
802000 0.256521 0.279451 0.297497 0.833468
803000 0.260815 0.255513 0.303796 0.820124
804000 0.258349 0.263932 0.304556 0.826838
805000 0.264841 0.278331 0.306572 0.849744
806000 0.258447 0.262703 0.304357 0.825507
807000 0.257765 0.279908 0.310672 0.848345
808000 0.260997 0.276966 0.310547 0.848511
809000 0.270733 0.275454 0.307917 0.854105
810000 0.268506 0.270497 0.31218 0.851182
811000 0.272203 0.274226 0.305853 0.852282
812000 0.26779 0.257579 0.30586 0.831228
813000 0.267891 0.262225 0.301284 0.831401
814000 0.262115 0.278611 0.294698 0.835425
815000 0.262049 0.26461 0.297185 0.823845
816000 0.259273 0.271745 0.299756 0.830774
817000 0.259755 0.273209 0.315328 0.848292
818000 0.25853 0.263688 0.309962 0.832181
819000 0.268674 0.270673 0.314579 0.853925
820000 0.268251 0.265962 0.308048 0.842261
821000 0.257851 0.272636 0.310095 0.840582
822000 0.261781 0.266211 0.299658 0.827651
823000 0.265565 0.271056 0.307469 0.84409
824000 0.268692 0.277605 0.31 0.856297
825000 0.270673 0.271344 0.30417 0.846187
826000 0.261541 0.263265 0.302786 0.827592
827000 0.255 0.274146 0.309978 0.839124
828000 0.269334 0.272285 0.316228 0.857848
829000 0.256004 0.274819 0.319033 0.849856
830000 0.273746 0.275426 0.304056 0.853228
831000 0.266369 0.27757 0.302053 0.845992
832000 0.268191 0.277288 0.31095 0.856428
833000 0.264966 0.279374 0.320024 0.864364
834000 0.276123 0.28417 0.301671 0.861964
835000 0.266782 0.285134 0.307622 0.859538
836000 0.266792 0.278076 0.312423 0.857291
837000 0.279183 0.27918 0.314932 0.873295
838000 0.256882 0.279379 0.313135 0.849396
839000 0.275775 0.276896 0.31297 0.865642
840000 0.267512 0.266697 0.31553 0.84974
841000 0.262797 0.272133 0.311268 0.846199
842000 0.259051 0.272461 0.315678 0.84719
843000 0.257555 0.276964 0.321876 0.856395
844000 0.275831 0.284883 0.311537 0.872251
845000 0.262836 0.273356 0.313602 0.849794
846000 0.265503 0.271665 0.313929 0.851097
847000 0.264915 0.277808 0.326705 0.869428
848000 0.26196 0.270394 0.321167 0.853521
849000 0.268647 0.271235 0.315334 0.855217
850000 0.261042 0.268687 0.311638 0.841366
851000 0.278596 0.286144 0.323887 0.888626
852000 0.275294 0.272859 0.330069 0.878222
853000 0.29257 0.294406 0.321353 0.908329
854000 0.278977 0.293535 0.327869 0.90038
855000 0.263124 0.280051 0.331101 0.874276
856000 0.272649 0.276485 0.329745 0.878879
857000 0.268582 0.279649 0.318141 0.866372
858000 0.268562 0.276113 0.309613 0.854288
859000 0.26313 0.280072 0.316747 0.859949
860000 0.272905 0.287068 0.314969 0.874942
861000 0.269905 0.278688 0.318847 0.86744
862000 0.266164 0.273186 0.310111 0.849461
863000 0.267867 0.282754 0.313864 0.864485
864000 0.277545 0.280103 0.314532 0.87218
865000 0.263911 0.277201 0.320457 0.861569
866000 0.271335 0.274132 0.328702 0.874169
867000 0.279058 0.276538 0.326914 0.88251
868000 0.278726 0.277663 0.321942 0.878331
869000 0.285169 0.284182 0.314564 0.883915
870000 0.272006 0.279585 0.319613 0.871203
871000 0.266275 0.270886 0.309024 0.846184
872000 0.279546 0.280684 0.321526 0.881755
873000 0.268589 0.277727 0.317356 0.863672
874000 0.272903 0.277955 0.32195 0.872808
875000 0.272823 0.278442 0.327171 0.878437
876000 0.260601 0.28207 0.325554 0.868225
877000 0.279056 0.274471 0.330535 0.884062
878000 0.272106 0.274285 0.324302 0.870693
879000 0.26522 0.285662 0.323385 0.874266
880000 0.266106 0.274707 0.321083 0.861896
881000 0.268122 0.275568 0.30831 0.852
882000 0.274629 0.280897 0.325414 0.88094
883000 0.278248 0.281086 0.320393 0.879727
884000 0.284308 0.283473 0.318487 0.886268
885000 0.270867 0.281375 0.327684 0.879927
886000 0.273927 0.269205 0.330164 0.873296
887000 0.282741 0.294189 0.320291 0.897221
888000 0.273227 0.290253 0.324395 0.887875
889000 0.279173 0.295208 0.321512 0.895893
890000 0.273873 0.294427 0.329502 0.897802
891000 0.259797 0.282726 0.320926 0.863449
892000 0.276014 0.283071 0.333753 0.892838
893000 0.266441 0.285294 0.332502 0.884237
894000 0.270103 0.280768 0.325983 0.876853
895000 0.262494 0.28164 0.325344 0.869478
896000 0.275748 0.282809 0.329207 0.887764
897000 0.277012 0.282616 0.32842 0.888048
898000 0.283237 0.286005 0.332141 0.901383
899000 0.277303 0.288744 0.331359 0.897406
900000 0.280001 0.286461 0.322777 0.88924
901000 0.277039 0.284148 0.323446 0.884633
902000 0.285957 0.300523 0.320556 0.907036
903000 0.273142 0.297871 0.327103 0.898117
904000 0.274954 0.290741 0.32915 0.894844
905000 0.270342 0.290267 0.327686 0.888296
906000 0.280335 0.29561 0.335708 0.911653
907000 0.287852 0.28298 0.346483 0.917316
908000 0.28404 0.283134 0.335198 0.902372
909000 0.291417 0.288473 0.328619 0.90851
910000 0.279574 0.284886 0.32515 0.88961
911000 0.284423 0.284325 0.324445 0.893194
912000 0.282353 0.292111 0.322179 0.896643
913000 0.291432 0.301568 0.324739 0.917739
914000 0.287355 0.300899 0.324113 0.912368
915000 0.281986 0.290765 0.339849 0.9126
916000 0.287619 0.305081 0.343604 0.936304
917000 0.28895 0.29517 0.335453 0.919573
918000 0.283447 0.300772 0.326703 0.910922
919000 0.280518 0.299146 0.318029 0.897693
920000 0.288192 0.307424 0.334602 0.930218
921000 0.277788 0.314983 0.331093 0.923864
922000 0.297034 0.297451 0.322777 0.917262
923000 0.292085 0.301554 0.334218 0.927857
924000 0.285163 0.307252 0.325625 0.918039
925000 0.291176 0.298479 0.330254 0.919909
926000 0.281297 0.297503 0.31945 0.89825
927000 0.287441 0.299048 0.328205 0.914693
928000 0.280773 0.308852 0.32543 0.915056
929000 0.296997 0.318993 0.322638 0.938628
930000 0.306179 0.312076 0.320542 0.938796
931000 0.290468 0.314068 0.327397 0.931934
932000 0.30381 0.30773 0.325388 0.936928
933000 0.297843 0.302906 0.332019 0.932768
934000 0.290338 0.302389 0.333461 0.926189
935000 0.293388 0.318463 0.339011 0.950861
936000 0.292524 0.318632 0.319887 0.931044
937000 0.290371 0.319508 0.330964 0.940843
938000 0.286288 0.298742 0.325907 0.910938
939000 0.29195 0.300656 0.337674 0.93028
940000 0.296529 0.310236 0.33199 0.938755
941000 0.286958 0.301604 0.320482 0.909044
942000 0.289389 0.324234 0.318163 0.931787
943000 0.298992 0.302009 0.341041 0.942042
944000 0.297439 0.299135 0.329881 0.926455
945000 0.298956 0.313178 0.318401 0.930535
946000 0.313293 0.319661 0.339074 0.972028
947000 0.302669 0.308483 0.33513 0.946282
948000 0.301008 0.304338 0.32289 0.928236
949000 0.30102 0.312488 0.332194 0.945702
950000 0.299176 0.317799 0.34979 0.966765
951000 0.296044 0.313702 0.339785 0.949531
952000 0.298551 0.307823 0.339519 0.945893
953000 0.303742 0.317757 0.33048 0.951978
954000 0.298132 0.307379 0.33735 0.94286
955000 0.295029 0.298197 0.335046 0.928273
956000 0.314607 0.315223 0.336522 0.966353
957000 0.282477 0.298853 0.346481 0.927811
958000 0.302414 0.303647 0.343275 0.949336
959000 0.300106 0.31664 0.33209 0.948836
960000 0.310007 0.313406 0.335037 0.958451
961000 0.305589 0.29261 0.335351 0.93355
962000 0.299255 0.311444 0.344208 0.954907
963000 0.302627 0.31538 0.337009 0.955016
964000 0.304127 0.305906 0.332189 0.942223
965000 0.310365 0.303631 0.333827 0.947823
966000 0.297092 0.305707 0.346551 0.94935
967000 0.30012 0.316318 0.34434 0.960778
968000 0.307319 0.311995 0.353034 0.972348
969000 0.295539 0.316066 0.345327 0.956932
970000 0.302607 0.308805 0.338255 0.949667
971000 0.309265 0.303405 0.353948 0.966618
972000 0.308004 0.311132 0.346013 0.965149
973000 0.304051 0.310383 0.347334 0.961768
974000 0.300063 0.302728 0.336221 0.939013
975000 0.306096 0.312565 0.348873 0.967534
976000 0.289489 0.307621 0.339881 0.936991
977000 0.303787 0.316452 0.344753 0.964991
978000 0.311879 0.316239 0.338814 0.966932
979000 0.296233 0.301118 0.346009 0.94336
980000 0.298265 0.314562 0.340791 0.953618
981000 0.301623 0.306616 0.341197 0.949436
982000 0.291087 0.310643 0.351737 0.953466
983000 0.302158 0.309896 0.344574 0.956628
984000 0.297718 0.307413 0.358898 0.964029
985000 0.307544 0.319188 0.354489 0.981221
986000 0.303247 0.312072 0.345486 0.960805
987000 0.304943 0.312828 0.355263 0.973034
988000 0.313644 0.311092 0.335383 0.960119
989000 0.302745 0.307981 0.348237 0.958963
990000 0.306803 0.322563 0.341585 0.970951
991000 0.320262 0.324783 0.326017 0.971063
992000 0.298539 0.301023 0.337373 0.936934
993000 0.296717 0.30964 0.34149 0.947847
994000 0.307806 0.326055 0.33609 0.969951
995000 0.281264 0.307034 0.342546 0.930845
996000 0.298814 0.32253 0.353399 0.974742
997000 0.294652 0.313528 0.340614 0.948795
998000 0.310064 0.319172 0.353192 0.982428
999000 0.313246 0.316514 0.356628 0.986388
1000000 0.308135 0.316962 0.352687 0.977784
1001000 0.305575 0.330971 0.343895 0.980441
1002000 0.310869 0.322852 0.34767 0.981391
1003000 0.301426 0.310577 0.341734 0.953737
1004000 0.303686 0.316428 0.347711 0.967824
1005000 0.308422 0.307442 0.345071 0.960936
1006000 0.299227 0.31885 0.344054 0.962131
1007000 0.299212 0.294743 0.33883 0.932785
1008000 0.306791 0.313891 0.335638 0.956319
1009000 0.310402 0.310345 0.335813 0.956559
1010000 0.30841 0.311854 0.34848 0.968744
1011000 0.321512 0.330369 0.352424 1.0043
1012000 0.297355 0.311599 0.352366 0.96132
1013000 0.300308 0.326067 0.355596 0.981971
1014000 0.304561 0.309301 0.353763 0.967625
1015000 0.306029 0.322943 0.351241 0.980213
1016000 0.304044 0.321382 0.335312 0.960737
1017000 0.306772 0.302987 0.355478 0.965237
1018000 0.301954 0.326125 0.346785 0.974864
1019000 0.316426 0.320411 0.342257 0.979095
1020000 0.297911 0.31035 0.339491 0.947752
1021000 0.307853 0.314108 0.34985 0.971811
1022000 0.300659 0.304878 0.350913 0.956449
1023000 0.310194 0.314693 0.347703 0.97259
1024000 0.308866 0.307154 0.36197 0.97799
1025000 0.306418 0.314161 0.347013 0.967592
1026000 0.308651 0.315846 0.345923 0.97042
1027000 0.315499 0.307216 0.342892 0.965607
1028000 0.312138 0.32069 0.347565 0.980392
1029000 0.308311 0.308576 0.3376 0.954487
1030000 0.301659 0.311309 0.354494 0.967461
