# Time-averaged data for fix 1
# TimeStep c_msd_all[1] c_msd_all[2] c_msd_all[3] c_msd_all[4]
31000 0.104407 0.0885193 0.0797064 0.272633
32000 0.0590573 0.0789285 0.0879113 0.225897
33000 0.0853965 0.0836667 0.0675477 0.236611
34000 0.061992 0.0792327 0.0800225 0.221247
35000 0.065985 0.0825071 0.0788471 0.227339
36000 0.0796111 0.0976274 0.0753155 0.252554
37000 0.0705589 0.0967795 0.0983212 0.26566
38000 0.0764073 0.125194 0.0777167 0.279318
39000 0.0711875 0.0824271 0.0814614 0.235076
40000 0.0815437 0.0910203 0.0706906 0.243255
41000 0.0814858 0.0907064 0.0679341 0.240126
42000 0.0707223 0.0885941 0.0819028 0.241219
43000 0.0755344 0.120176 0.0631683 0.258879
44000 0.0872956 0.0915786 0.0777461 0.25662
45000 0.0947365 0.109362 0.0747899 0.278888
46000 0.0720476 0.0913802 0.0829508 0.246379
47000 0.076157 0.0806346 0.0878719 0.244663
48000 0.075243 0.0878191 0.0716394 0.234702
49000 0.0807358 0.0863337 0.080856 0.247926
50000 0.100226 0.113176 0.0804928 0.293895
51000 0.0819931 0.0926199 0.0750061 0.249619
52000 0.0739325 0.0858516 0.0759779 0.235762
53000 0.0717177 0.0831942 0.0743136 0.229225
54000 0.0798924 0.0852799 0.0832214 0.248394
55000 0.0925379 0.0947941 0.0880015 0.275334
56000 0.0800164 0.0926844 0.0796896 0.25239
57000 0.0826217 0.104642 0.0812547 0.268518
58000 0.0753677 0.0882037 0.0899982 0.25357
59000 0.0881911 0.108291 0.0855861 0.282068
60000 0.0935056 0.109213 0.0978304 0.300549
61000 0.0744083 0.0986435 0.0868965 0.259948
62000 0.086472 0.105429 0.0939555 0.285857
63000 0.0869977 0.101752 0.0949479 0.283697
64000 0.0851939 0.0964969 0.0963338 0.278025
65000 0.0961226 0.116542 0.115695 0.32836
66000 0.0927886 0.114844 0.100246 0.307878
67000 0.0987585 0.103522 0.0875758 0.289856
68000 0.0766773 0.0985881 0.0986565 0.273922
69000 0.0903338 0.102898 0.0956525 0.288884
70000 0.0943395 0.117543 0.101427 0.313309
71000 0.0856797 0.110381 0.0996394 0.2957
72000 0.0884989 0.101944 0.0874211 0.277864
73000 0.0848315 0.0980307 0.100072 0.282934
74000 0.099309 0.106217 0.096013 0.301539
75000 0.0882877 0.103122 0.111176 0.302586
76000 0.0779524 0.0963836 0.0903357 0.264672
77000 0.0925821 0.131211 0.112177 0.335971
78000 0.0850594 0.115989 0.102315 0.303363
79000 0.0890858 0.103065 0.0942655 0.286417
80000 0.0911224 0.107811 0.119199 0.318132
81000 0.0790613 0.115916 0.100237 0.295214
82000 0.0907706 0.133086 0.109224 0.333081
83000 0.088408 0.110771 0.106071 0.30525
84000 0.0929418 0.122952 0.106704 0.322597
85000 0.0914877 0.109354 0.124518 0.325359
86000 0.103948 0.104249 0.0987139 0.306911
87000 0.0865828 0.139151 0.107107 0.332841
88000 0.0874458 0.111357 0.107846 0.306649
89000 0.101999 0.118225 0.100111 0.320335
90000 0.0914446 0.122964 0.112919 0.327328
91000 0.0911989 0.117476 0.106775 0.315449
92000 0.0885265 0.128056 0.110685 0.327267
93000 0.0964532 0.118735 0.111021 0.32621
94000 0.0943059 0.120303 0.109991 0.3246
95000 0.093119 0.130796 0.106228 0.330143
96000 0.0999973 0.131886 0.10234 0.334223
97000 0.107246 0.135659 0.114455 0.35736
98000 0.0932212 0.108779 0.101457 0.303458
99000 0.0949477 0.126968 0.113351 0.335266
100000 0.0945301 0.117373 0.104714 0.316618
101000 0.0936 0.117003 0.0962663 0.306869
102000 0.111808 0.128608 0.100995 0.341411
103000 0.115407 0.130627 0.115527 0.361562
104000 0.0987347 0.123855 0.106682 0.329271
105000 0.0942085 0.13113 0.110538 0.335877
106000 0.0992509 0.123767 0.120588 0.343605
107000 0.0995695 0.13542 0.11528 0.35027
108000 0.12815 0.137826 0.128299 0.394275
109000 0.0995054 0.124497 0.122528 0.34653
110000 0.104825 0.124661 0.112413 0.341898
111000 0.102491 0.138742 0.133822 0.375056
112000 0.102413 0.134482 0.131586 0.368481
113000 0.115252 0.132948 0.12297 0.37117
114000 0.0995449 0.129705 0.132979 0.362229
115000 0.124697 0.1342 0.120219 0.379115
116000 0.107233 0.121122 0.136428 0.364783
117000 0.118998 0.137632 0.124489 0.38112
118000 0.112972 0.136583 0.139817 0.389372
119000 0.105339 0.151735 0.134372 0.391446
120000 0.132478 0.147474 0.119868 0.39982
121000 0.110431 0.133023 0.141497 0.384951
122000 0.115753 0.132001 0.123508 0.371262
123000 0.0996357 0.128622 0.15094 0.379197
124000 0.0991368 0.146841 0.127738 0.373716
125000 0.112378 0.140647 0.119584 0.372609
126000 0.0966234 0.150442 0.159546 0.406612
127000 0.102689 0.127554 0.125013 0.355256
128000 0.110202 0.146599 0.155859 0.41266
129000 0.099095 0.137633 0.138726 0.375454
130000 0.105863 0.130859 0.12408 0.360802
131000 0.108183 0.149904 0.150318 0.408404
132000 0.105035 0.130586 0.12457 0.360192
133000 0.113818 0.137371 0.130484 0.381672
134000 0.0955518 0.125128 0.130301 0.350981
135000 0.108151 0.145828 0.123673 0.377652
136000 0.120846 0.152711 0.153873 0.42743
137000 0.11678 0.138845 0.122757 0.378383
138000 0.0989062 0.136065 0.127918 0.362889
139000 0.102224 0.138637 0.145881 0.386742
140000 0.112681 0.151935 0.133557 0.398174
141000 0.110305 0.148735 0.170368 0.429408
142000 0.11525 0.145819 0.137798 0.398867
143000 0.110845 0.15677 0.142675 0.41029
144000 0.110195 0.162517 0.135314 0.408026
145000 0.121485 0.168831 0.129063 0.419379
146000 0.117792 0.169283 0.167062 0.454136
147000 0.102801 0.161547 0.139687 0.404034
148000 0.114743 0.173339 0.144946 0.433029
149000 0.11101 0.167987 0.145691 0.424688
150000 0.101715 0.165434 0.141289 0.408439
151000 0.110664 0.171699 0.153521 0.435884
152000 0.11059 0.159259 0.140297 0.410147
153000 0.103292 0.163541 0.155526 0.422358
154000 0.0992296 0.16776 0.143713 0.410702
155000 0.102813 0.167285 0.150721 0.420819
156000 0.102003 0.168922 0.170644 0.441569
157000 0.101682 0.174679 0.150933 0.427295
158000 0.105819 0.161888 0.156885 0.424591
159000 0.108192 0.180917 0.153365 0.442475
160000 0.109634 0.162674 0.146323 0.418631
161000 0.111081 0.18096 0.178193 0.470235
162000 0.103194 0.172796 0.155968 0.431957
163000 0.101441 0.187176 0.16112 0.449737
164000 0.110302 0.175821 0.174946 0.46107
165000 0.111844 0.177301 0.164523 0.453667
166000 0.130916 0.182583 0.193352 0.506851
167000 0.111207 0.168206 0.153036 0.432449
168000 0.122767 0.186218 0.151033 0.460018
169000 0.105533 0.170791 0.174954 0.451278
170000 0.106745 0.170792 0.150067 0.427604
171000 0.119065 0.180427 0.176042 0.475534
172000 0.108681 0.176034 0.155546 0.44026
173000 0.107337 0.183846 0.164993 0.456176
174000 0.114366 0.174774 0.180615 0.469756
175000 0.100639 0.172906 0.177899 0.451444
176000 0.122223 0.191968 0.1933 0.507491
177000 0.108244 0.181232 0.155113 0.444589
178000 0.114702 0.173407 0.154872 0.442981
179000 0.107073 0.182783 0.165909 0.455765
180000 0.110628 0.163937 0.153825 0.42839
181000 0.108444 0.18486 0.176181 0.469485
182000 0.0963304 0.171503 0.150179 0.418013
183000 0.110443 0.168869 0.154937 0.434249
184000 0.106475 0.176188 0.165601 0.448264
185000 0.11302 0.172585 0.15001 0.435615
186000 0.113075 0.179496 0.175437 0.468008
187000 0.109262 0.184396 0.153946 0.447604
188000 0.105894 0.184825 0.150733 0.441452
189000 0.109814 0.189004 0.156457 0.455275
190000 0.111417 0.182393 0.153322 0.447132
191000 0.10107 0.184959 0.190315 0.476345
192000 0.109602 0.196664 0.162418 0.468684
193000 0.110014 0.178465 0.176124 0.464602
194000 0.115531 0.19239 0.152587 0.460509
195000 0.108765 0.188201 0.158173 0.45514
196000 0.117524 0.181009 0.170976 0.469508
197000 0.10784 0.188424 0.158093 0.454356
198000 0.126483 0.183857 0.174495 0.484835
199000 0.116568 0.189548 0.151059 0.457174
200000 0.10944 0.205733 0.166143 0.481316
201000 0.114069 0.188486 0.161254 0.46381
202000 0.106743 0.176848 0.150124 0.433715
203000 0.110108 0.18204 0.168815 0.460964
204000 0.104626 0.199587 0.152496 0.456709
205000 0.116189 0.189866 0.173479 0.479535
206000 0.111968 0.185718 0.150953 0.44864
207000 0.0984667 0.180798 0.159721 0.438986
208000 0.112264 0.171178 0.159634 0.443076
209000 0.111208 0.204266 0.169619 0.485093
210000 0.1077 0.181394 0.162541 0.451635
211000 0.105155 0.193395 0.161353 0.459904
212000 0.103232 0.188232 0.171034 0.462498
213000 0.128914 0.188059 0.165607 0.482579
214000 0.14866 0.184633 0.166139 0.499433
215000 0.129978 0.183599 0.170505 0.484082
216000 0.107228 0.205567 0.157772 0.470567
217000 0.120269 0.19085 0.163281 0.474399
218000 0.130556 0.196882 0.177445 0.504883
219000 0.101819 0.197204 0.163249 0.462273
220000 0.138587 0.18754 0.187763 0.51389
221000 0.131932 0.231996 0.168447 0.532375
222000 0.122457 0.202156 0.183588 0.508201
223000 0.104565 0.199406 0.162182 0.466153
224000 0.096366 0.212779 0.170686 0.47983
225000 0.125113 0.193435 0.174439 0.492987
226000 0.109247 0.23244 0.168804 0.510491
227000 0.104821 0.197857 0.163891 0.466569
228000 0.104935 0.185798 0.16898 0.459713
229000 0.112908 0.221864 0.166494 0.501266
230000 0.106918 0.194438 0.179359 0.480715
231000 0.107878 0.227567 0.15983 0.495274
232000 0.0993018 0.195419 0.163628 0.458349
233000 0.112003 0.203595 0.181274 0.496872
234000 0.112392 0.219249 0.171696 0.503337
235000 0.117534 0.193457 0.177066 0.488057
236000 0.118069 0.205879 0.167695 0.491643
237000 0.109081 0.190935 0.168017 0.468032
238000 0.111549 0.204186 0.211381 0.527116
239000 0.111849 0.206508 0.177197 0.495554
240000 0.105795 0.199201 0.201035 0.506032
241000 0.110368 0.241945 0.184754 0.537067
242000 0.113957 0.19383 0.170459 0.478246
243000 0.120515 0.197236 0.196671 0.514422
244000 0.112756 0.214946 0.170662 0.498365
245000 0.104265 0.218272 0.198852 0.521389
246000 0.135232 0.264324 0.18116 0.580716
247000 0.124614 0.210925 0.187896 0.523435
248000 0.111404 0.221252 0.208633 0.541289
249000 0.112507 0.220652 0.174113 0.507272
250000 0.115474 0.21952 0.181744 0.516738
251000 0.136561 0.25055 0.186833 0.573945
252000 0.116506 0.221895 0.182196 0.520597
253000 0.122782 0.228543 0.198579 0.549904
254000 0.123316 0.225399 0.186214 0.534929
255000 0.119474 0.219286 0.191881 0.530641
256000 0.123087 0.269608 0.20281 0.595505
257000 0.107168 0.217131 0.202269 0.526568
258000 0.105424 0.227008 0.196167 0.5286
259000 0.117827 0.216966 0.204455 0.539247
260000 0.114769 0.230617 0.19128 0.536666
261000 0.119077 0.231283 0.210419 0.560779
262000 0.114851 0.236019 0.194001 0.544871
263000 0.118488 0.240189 0.198762 0.557439
264000 0.115026 0.21743 0.204103 0.536559
265000 0.108648 0.226369 0.195849 0.530866
266000 0.126923 0.247426 0.224845 0.599194
267000 0.112575 0.213422 0.203534 0.529531
268000 0.108631 0.250497 0.21159 0.570718
269000 0.10369 0.223359 0.196956 0.524005
270000 0.116054 0.235013 0.206298 0.557365
271000 0.109334 0.227132 0.214646 0.551111
272000 0.111565 0.218511 0.205058 0.535134
273000 0.128924 0.251045 0.239325 0.619294
274000 0.122726 0.227954 0.216486 0.567166
275000 0.120399 0.239357 0.206624 0.56638
276000 0.1138 0.233066 0.229927 0.576792
277000 0.116806 0.225398 0.213211 0.555415
278000 0.119399 0.22982 0.231431 0.580649
279000 0.105356 0.219103 0.218521 0.54298
280000 0.128262 0.233634 0.24046 0.602357
281000 0.115589 0.223037 0.256324 0.59495
282000 0.113742 0.229988 0.224192 0.567922
283000 0.122612 0.225263 0.237844 0.585718
284000 0.113543 0.220186 0.221302 0.55503
285000 0.121228 0.242816 0.238176 0.60222
286000 0.120944 0.238306 0.24558 0.60483
287000 0.112122 0.250442 0.22729 0.589854
288000 0.116909 0.226674 0.257274 0.600857
289000 0.112792 0.23516 0.245643 0.593595
290000 0.121633 0.251083 0.247034 0.619751
291000 0.118182 0.23131 0.22965 0.579143
292000 0.108962 0.229826 0.239973 0.578761
293000 0.110018 0.238474 0.241128 0.589619
294000 0.124107 0.238915 0.236192 0.599213
295000 0.132478 0.243591 0.26704 0.643109
296000 0.115269 0.242251 0.249257 0.606776
297000 0.120942 0.253034 0.241061 0.615037
298000 0.127298 0.244762 0.247907 0.619967
299000 0.124228 0.299159 0.242563 0.66595
300000 0.112506 0.255927 0.281006 0.649439
301000 0.127331 0.274404 0.256922 0.658656
302000 0.117917 0.266638 0.281919 0.666473
303000 0.113254 0.256534 0.249345 0.619134
304000 0.12121 0.280029 0.253177 0.654416
305000 0.10861 0.247022 0.280859 0.636492
306000 0.126434 0.27012 0.270724 0.667278
307000 0.131753 0.281021 0.274463 0.687238
308000 0.108661 0.259048 0.260746 0.628455
309000 0.12562 0.27256 0.258842 0.657022
310000 0.117634 0.261531 0.262988 0.642154
311000 0.118898 0.283278 0.261325 0.663501
312000 0.108115 0.263822 0.29049 0.662427
313000 0.117552 0.276687 0.26804 0.662279
314000 0.130435 0.276627 0.261254 0.668317
315000 0.114377 0.284253 0.297273 0.695904
316000 0.11985 0.281847 0.247144 0.648841
317000 0.118273 0.265052 0.290613 0.673938
318000 0.118605 0.299628 0.278516 0.696749
319000 0.118588 0.282568 0.269558 0.670714
320000 0.126168 0.282994 0.274296 0.683459
321000 0.116428 0.300144 0.254973 0.671545
322000 0.105395 0.27865 0.2586 0.642644
323000 0.117324 0.30039 0.283413 0.701127
324000 0.121204 0.28549 0.27461 0.681304
325000 0.126628 0.304682 0.270164 0.701474
326000 0.119038 0.31407 0.283428 0.716535
327000 0.120982 0.302771 0.271344 0.695096
328000 0.11843 0.33972 0.297635 0.755785
329000 0.113559 0.289215 0.257295 0.660069
330000 0.125641 0.311815 0.271285 0.708741
331000 0.143807 0.2983 0.263341 0.705448
332000 0.115846 0.290438 0.272807 0.679091
333000 0.125074 0.308847 0.292145 0.726066
334000 0.117962 0.292188 0.281924 0.692074
335000 0.128034 0.337181 0.318145 0.783359
336000 0.152396 0.290385 0.281447 0.724228
337000 0.128274 0.29582 0.280742 0.704836
338000 0.150403 0.314495 0.301093 0.765991
339000 0.117642 0.325892 0.277849 0.721383
340000 0.116268 0.333185 0.294194 0.743646
341000 0.127073 0.329506 0.28221 0.738789
342000 0.116496 0.337695 0.2785 0.732692
343000 0.143298 0.324844 0.295902 0.764044
344000 0.121671 0.325061 0.282268 0.729
345000 0.125436 0.324048 0.293738 0.743221
346000 0.12626 0.331552 0.281601 0.739413
347000 0.133381 0.327446 0.298122 0.75895
348000 0.123563 0.319485 0.314432 0.75748
349000 0.123158 0.338774 0.274939 0.736871
350000 0.121875 0.338743 0.30486 0.765478
351000 0.133031 0.326933 0.303564 0.763529
352000 0.123917 0.336933 0.285807 0.746656
353000 0.116667 0.342923 0.319627 0.779217
354000 0.120947 0.323769 0.287203 0.731919
355000 0.134477 0.339348 0.302641 0.776465
356000 0.139418 0.338646 0.318434 0.796499
357000 0.146004 0.347135 0.305398 0.798537
358000 0.125389 0.34564 0.327445 0.798474
359000 0.136403 0.345368 0.30605 0.787821
360000 0.13369 0.345056 0.326831 0.805577
361000 0.130607 0.344141 0.307648 0.782395
362000 0.152364 0.369359 0.311634 0.833357
363000 0.124858 0.349795 0.346399 0.821052
364000 0.133231 0.373033 0.330161 0.836425
365000 0.137232 0.368234 0.374572 0.880038
366000 0.132219 0.357454 0.338166 0.82784
367000 0.14703 0.376193 0.326067 0.84929
368000 0.15315 0.376309 0.405189 0.934648
369000 0.14299 0.385401 0.323711 0.852101
370000 0.140641 0.380237 0.36185 0.882728
371000 0.131452 0.378326 0.343153 0.852931
372000 0.149714 0.3912 0.347396 0.888311
373000 0.143054 0.381478 0.366372 0.890904
374000 0.128574 0.382346 0.342577 0.853496
375000 0.147096 0.363666 0.371565 0.882327
376000 0.136164 0.356735 0.361607 0.854505
377000 0.131281 0.36947 0.347594 0.848345
378000 0.147407 0.37637 0.37797 0.901747
379000 0.130843 0.380486 0.336822 0.848151
380000 0.158724 0.381772 0.371549 0.912045
381000 0.131311 0.370845 0.340892 0.843048
382000 0.135419 0.378491 0.331341 0.84525
383000 0.149114 0.392408 0.362819 0.90434
384000 0.149977 0.371789 0.337347 0.859112
385000 0.171697 0.384056 0.349539 0.905292
386000 0.142334 0.373373 0.338019 0.853726
387000 0.145227 0.397529 0.352676 0.895433
388000 0.145256 0.386214 0.342582 0.874052
389000 0.127397 0.382904 0.34776 0.858062
390000 0.138025 0.387266 0.372031 0.897323
391000 0.135293 0.381304 0.348038 0.864635
392000 0.129159 0.379777 0.349784 0.85872
393000 0.140294 0.391092 0.359554 0.89094
394000 0.135352 0.395182 0.35497 0.885503
395000 0.134681 0.374702 0.35108 0.860463
396000 0.1373 0.393214 0.3562 0.886713
397000 0.141412 0.391588 0.352587 0.885587
398000 0.136489 0.38259 0.35909 0.878169
399000 0.138671 0.413314 0.353759 0.905744
400000 0.147592 0.405199 0.370143 0.922934
401000 0.137159 0.402369 0.344572 0.8841
402000 0.13495 0.415609 0.330272 0.880831
403000 0.157596 0.398878 0.350974 0.907448
404000 0.138487 0.40608 0.337303 0.88187
405000 0.139692 0.404114 0.356972 0.900778
406000 0.145034 0.392859 0.347567 0.88546
407000 0.148299 0.416462 0.35759 0.922352
408000 0.15178 0.398324 0.360633 0.910737
409000 0.14948 0.410754 0.360313 0.920547
410000 0.147841 0.397345 0.358099 0.903285
411000 0.139114 0.410289 0.356272 0.905675
412000 0.152127 0.426993 0.384666 0.963786
413000 0.141472 0.414772 0.362112 0.918356
414000 0.150898 0.404843 0.36824 0.923981
415000 0.144994 0.41487 0.353074 0.912939
416000 0.149561 0.416793 0.368596 0.934951
417000 0.139846 0.421376 0.353816 0.915037
418000 0.141099 0.423522 0.394145 0.958765
419000 0.155503 0.443228 0.372718 0.97145
420000 0.14659 0.425661 0.358639 0.93089
421000 0.166337 0.436876 0.371237 0.974449
422000 0.151999 0.429825 0.364012 0.945836
423000 0.14287 0.413935 0.399097 0.955902
424000 0.144037 0.424111 0.382167 0.950315
425000 0.153865 0.421273 0.375634 0.950771
426000 0.147076 0.440682 0.403599 0.991357
427000 0.152841 0.420085 0.373568 0.946495
428000 0.142321 0.408699 0.412582 0.963602
429000 0.143329 0.424602 0.381805 0.949736
430000 0.149754 0.413083 0.374103 0.93694
431000 0.150422 0.415686 0.405459 0.971568
432000 0.160746 0.418467 0.388921 0.968133
433000 0.145061 0.424851 0.391036 0.960948
434000 0.151313 0.420894 0.382774 0.954981
435000 0.157012 0.421872 0.378246 0.957129
436000 0.17604 0.44823 0.405882 1.03015
437000 0.145048 0.449066 0.380585 0.974699
438000 0.142762 0.423331 0.419875 0.985969
439000 0.1568 0.436407 0.378531 0.971737
440000 0.158975 0.446945 0.387745 0.993664
441000 0.188269 0.427453 0.410484 1.02621
442000 0.142903 0.431715 0.392618 0.967235
443000 0.149808 0.435162 0.449293 1.03426
444000 0.170846 0.449423 0.390728 1.011
445000 0.141462 0.434204 0.393754 0.96942
446000 0.159976 0.429793 0.433 1.02277
447000 0.150228 0.45697 0.414087 1.02129
448000 0.143452 0.447063 0.436003 1.02652
449000 0.16083 0.456424 0.418655 1.03591
450000 0.156639 0.456317 0.414063 1.02702
451000 0.165982 0.445414 0.421315 1.03271
452000 0.14137 0.453924 0.405416 1.00071
453000 0.152822 0.456116 0.444553 1.05349
454000 0.173943 0.459688 0.405445 1.03908
455000 0.167287 0.45364 0.417288 1.03821
456000 0.146299 0.486468 0.427209 1.05998
457000 0.157801 0.450817 0.395336 1.00395
458000 0.161836 0.481459 0.450325 1.09362
459000 0.148532 0.465303 0.407185 1.02102
460000 0.155652 0.466584 0.423055 1.04529
461000 0.154027 0.494492 0.438949 1.08747
462000 0.15581 0.479181 0.408528 1.04352
463000 0.173413 0.48282 0.467563 1.1238
464000 0.163019 0.480563 0.401735 1.04532
465000 0.163366 0.466816 0.417288 1.04747
466000 0.173617 0.49514 0.419817 1.08857
467000 0.163805 0.485131 0.405113 1.05405
468000 0.159052 0.502817 0.423589 1.08546
469000 0.165109 0.471724 0.42621 1.06304
470000 0.158164 0.489093 0.420407 1.06766
471000 0.168084 0.483563 0.416341 1.06799
472000 0.166167 0.493618 0.407474 1.06726
473000 0.182796 0.498071 0.41663 1.0975
474000 0.165428 0.496407 0.403799 1.06563
475000 0.172281 0.48374 0.419889 1.07591
476000 0.186738 0.482971 0.429982 1.09969
477000 0.162402 0.497798 0.41711 1.07731
478000 0.17891 0.490564 0.419154 1.08863
479000 0.16271 0.492236 0.421547 1.07649
480000 0.16672 0.503457 0.410386 1.08056
481000 0.164828 0.49681 0.41942 1.08106
482000 0.158327 0.485654 0.435274 1.07926
483000 0.166142 0.482599 0.414128 1.06287
484000 0.177615 0.512763 0.418903 1.10928
485000 0.171209 0.506094 0.426844 1.10415
486000 0.17189 0.507804 0.436066 1.11576
487000 0.160783 0.497789 0.432827 1.0914
488000 0.170588 0.509486 0.431996 1.11207
489000 0.177163 0.507985 0.426759 1.11191
490000 0.171536 0.526794 0.430936 1.12926
491000 0.167914 0.518766 0.434316 1.121
492000 0.163638 0.502854 0.433246 1.09974
493000 0.168129 0.518231 0.43088 1.11724
494000 0.165307 0.505149 0.455095 1.12555
495000 0.17446 0.536013 0.449324 1.1598
496000 0.167588 0.512877 0.448349 1.12881
497000 0.181939 0.521114 0.459308 1.16236
498000 0.159773 0.518435 0.456519 1.13473
499000 0.17281 0.523209 0.456414 1.15243
500000 0.182341 0.519251 0.435876 1.13747
501000 0.177977 0.527427 0.490757 1.19616
502000 0.175968 0.521654 0.447028 1.14465
503000 0.178694 0.513609 0.450173 1.14248
504000 0.181868 0.521537 0.453841 1.15725
505000 0.190686 0.506144 0.450462 1.14729
506000 0.177057 0.538708 0.481562 1.19733
507000 0.168195 0.51848 0.461115 1.14779
508000 0.180335 0.517888 0.457317 1.15554
509000 0.171115 0.526379 0.442962 1.14046
510000 0.179208 0.535545 0.462045 1.1768
511000 0.178008 0.52368 0.474911 1.1766
512000 0.181457 0.523837 0.45894 1.16423
513000 0.192948 0.533325 0.480236 1.20651
514000 0.187695 0.550084 0.47422 1.212
515000 0.172639 0.5491 0.479809 1.20155
516000 0.18492 0.591687 0.490484 1.26709
517000 0.175104 0.543814 0.46357 1.18249
518000 0.175631 0.533365 0.472865 1.18186
519000 0.18213 0.532408 0.46135 1.17589
520000 0.183534 0.547577 0.471559 1.20267
521000 0.172116 0.562562 0.492275 1.22695
522000 0.183343 0.532696 0.487619 1.20366
523000 0.185868 0.532252 0.526592 1.24471
524000 0.193065 0.546618 0.482571 1.22225
525000 0.177408 0.522299 0.481233 1.18094
526000 0.173793 0.55286 0.476558 1.20321
527000 0.192509 0.542504 0.473393 1.2084
528000 0.190229 0.557303 0.506521 1.25405
529000 0.196844 0.564234 0.47967 1.24075
530000 0.185217 0.552786 0.50056 1.23856
531000 0.191185 0.566421 0.497536 1.25514
532000 0.211869 0.561488 0.485973 1.25933
533000 0.212091 0.546998 0.516783 1.27587
534000 0.259625 0.572116 0.488832 1.32057
535000 0.185009 0.546296 0.479454 1.21076
536000 0.174055 0.557517 0.494267 1.22584
537000 0.222559 0.561558 0.498868 1.28299
538000 0.202817 0.56108 0.506323 1.27022
539000 0.225031 0.569325 0.480354 1.27471
540000 0.179684 0.5688 0.495957 1.24444
541000 0.185811 0.583616 0.492138 1.26156
542000 0.20446 0.567755 0.501763 1.27398
543000 0.194972 0.596698 0.489199 1.28087
544000 0.205063 0.565866 0.500149 1.27108
545000 0.187677 0.571428 0.500401 1.25951
546000 0.187032 0.557001 0.494048 1.23808
547000 0.205739 0.558743 0.49347 1.25795
548000 0.185285 0.552562 0.482665 1.22051
549000 0.198704 0.563704 0.48392 1.24633
550000 0.182739 0.564847 0.504595 1.25218
551000 0.177494 0.554096 0.494484 1.22607
552000 0.197156 0.574344 0.485696 1.2572
553000 0.173891 0.564472 0.489171 1.22753
554000 0.177275 0.562754 0.493053 1.23308
555000 0.216269 0.58115 0.495893 1.29331
556000 0.193157 0.572209 0.499358 1.26472
557000 0.186878 0.583666 0.495129 1.26567
558000 0.181751 0.566634 0.491736 1.24012
559000 0.202081 0.579604 0.502607 1.28429
560000 0.19329 0.572817 0.498545 1.26465
561000 0.18834 0.559419 0.497864 1.24562
562000 0.19462 0.576894 0.504506 1.27602
563000 0.193174 0.560553 0.504169 1.2579
564000 0.206898 0.584805 0.502606 1.29431
565000 0.187796 0.577311 0.501942 1.26705
566000 0.20196 0.583544 0.492985 1.27849
567000 0.188133 0.617069 0.495082 1.30028
568000 0.18813 0.574048 0.504124 1.2663
569000 0.196395 0.609286 0.499032 1.30471
570000 0.187052 0.586571 0.530785 1.30441
571000 0.21091 0.577552 0.50271 1.29117
572000 0.204078 0.617947 0.497512 1.31954
573000 0.20307 0.572872 0.510923 1.28687
574000 0.190598 0.586607 0.502092 1.2793
575000 0.196878 0.600487 0.521793 1.31916
576000 0.209532 0.590109 0.522391 1.32203
577000 0.194441 0.610156 0.501526 1.30612
578000 0.19658 0.596944 0.534508 1.32803
579000 0.201946 0.621763 0.53626 1.35997
580000 0.203646 0.615491 0.518047 1.33718
581000 0.20123 0.611044 0.520061 1.33233
582000 0.199918 0.646868 0.527503 1.37429
583000 0.208067 0.606352 0.588783 1.4032
584000 0.207956 0.636439 0.548567 1.39296
585000 0.214635 0.603865 0.514655 1.33315
586000 0.197796 0.593097 0.512244 1.30314
587000 0.203949 0.633183 0.531885 1.36902
588000 0.21748 0.620213 0.558347 1.39604
589000 0.200735 0.606841 0.518647 1.32622
590000 0.21662 0.611177 0.527293 1.35509
591000 0.207007 0.596637 0.518306 1.32195
592000 0.1962 0.61932 0.520737 1.33626
593000 0.212445 0.611356 0.544576 1.36838
594000 0.201894 0.606412 0.536679 1.34499
595000 0.225212 0.616516 0.521362 1.36309
596000 0.20461 0.609693 0.509523 1.32383
597000 0.212106 0.638679 0.524367 1.37515
598000 0.218242 0.611561 0.530187 1.35999
599000 0.214149 0.610154 0.494821 1.31912
600000 0.235922 0.614912 0.527239 1.37807
601000 0.205932 0.602392 0.518199 1.32652
602000 0.194472 0.611709 0.533051 1.33923
603000 0.222893 0.630268 0.527487 1.38065
604000 0.219167 0.6144 0.533678 1.36724
605000 0.214929 0.621143 0.506685 1.34276
606000 0.204432 0.610054 0.515142 1.32963
607000 0.228149 0.641877 0.502106 1.37213
608000 0.208457 0.606038 0.53373 1.34823
609000 0.207508 0.598537 0.532522 1.33857
610000 0.209213 0.6144 0.543474 1.36709
611000 0.206343 0.600997 0.513569 1.32091
612000 0.221586 0.650399 0.518217 1.3902
613000 0.206331 0.610551 0.543204 1.36009
614000 0.217856 0.652948 0.512313 1.38312
615000 0.215918 0.613655 0.579593 1.40917
616000 0.205244 0.609239 0.526964 1.34145
617000 0.223795 0.660572 0.525471 1.40984
618000 0.20818 0.628799 0.522255 1.35923
619000 0.213835 0.656258 0.509377 1.37947
620000 0.213648 0.605358 0.556095 1.3751
621000 0.212787 0.619764 0.514448 1.347
622000 0.237533 0.653505 0.524155 1.41519
623000 0.211409 0.621828 0.542692 1.37593
624000 0.226304 0.635663 0.529618 1.39159
625000 0.217302 0.621932 0.541766 1.381
626000 0.211071 0.62164 0.543457 1.37617
627000 0.230028 0.641512 0.534909 1.40645
628000 0.214262 0.644368 0.570166 1.4288
629000 0.229132 0.631943 0.542728 1.4038
630000 0.215069 0.632552 0.567546 1.41517
631000 0.211621 0.63637 0.540896 1.38889
632000 0.225323 0.643193 0.515423 1.38394
633000 0.219678 0.648585 0.572211 1.44047
634000 0.21324 0.647468 0.556433 1.41714
635000 0.212106 0.623606 0.584611 1.42032
636000 0.228644 0.653452 0.548151 1.43025
637000 0.212453 0.634676 0.54068 1.38781
638000 0.220675 0.642366 0.563525 1.42657
639000 0.210415 0.658005 0.526595 1.39501
640000 0.215588 0.632827 0.544358 1.39277
641000 0.214896 0.655605 0.530109 1.40061
642000 0.215214 0.649295 0.54006 1.40457
643000 0.224099 0.620176 0.567832 1.41211
644000 0.202066 0.635533 0.566849 1.40445
645000 0.213787 0.613442 0.554755 1.38198
646000 0.231476 0.652623 0.555195 1.43929
647000 0.219424 0.644956 0.545094 1.40947
648000 0.220682 0.643193 0.569872 1.43375
649000 0.225076 0.665627 0.561888 1.45259
650000 0.219128 0.62986 0.557835 1.40682
651000 0.21931 0.630967 0.540085 1.39036
652000 0.221296 0.63979 0.555033 1.41612
653000 0.239494 0.654846 0.584341 1.47868
654000 0.230243 0.665837 0.560169 1.45625
655000 0.23005 0.668414 0.581099 1.47956
656000 0.221195 0.68546 0.561195 1.46785
657000 0.233131 0.648959 0.566857 1.44895
658000 0.236974 0.677732 0.548807 1.46351
659000 0.221776 0.665154 0.564319 1.45125
660000 0.238888 0.655213 0.584999 1.4791
661000 0.22395 0.64534 0.558556 1.42785
662000 0.23746 0.653197 0.558184 1.44884
663000 0.236928 0.68943 0.575119 1.50148
664000 0.225492 0.646644 0.534471 1.40661
665000 0.240252 0.685973 0.563919 1.49014
666000 0.220209 0.659279 0.566261 1.44575
667000 0.232536 0.676264 0.566153 1.47495
668000 0.224511 0.67976 0.577973 1.48224
669000 0.228146 0.656204 0.573792 1.45814
670000 0.237722 0.694016 0.590037 1.52177
671000 0.25279 0.676485 0.576882 1.50616
672000 0.216652 0.679078 0.579567 1.4753
673000 0.246373 0.656852 0.574488 1.47771
674000 0.249379 0.66051 0.559307 1.4692
675000 0.242213 0.681122 0.572492 1.49583
676000 0.234784 0.661838 0.573147 1.46977
677000 0.224058 0.664811 0.562455 1.45132
678000 0.240262 0.675366 0.578377 1.49401
679000 0.239432 0.671426 0.575087 1.48594
680000 0.255688 0.663452 0.569559 1.4887
681000 0.229915 0.648292 0.572553 1.45076
682000 0.235205 0.677359 0.575651 1.48822
683000 0.253434 0.675984 0.585463 1.51488
684000 0.231475 0.655766 0.569088 1.45633
685000 0.244643 0.679883 0.573242 1.49777
686000 0.232202 0.661289 0.561223 1.45471
687000 0.24093 0.689458 0.568502 1.49889
688000 0.245716 0.674297 0.588059 1.50807
689000 0.243334 0.676857 0.570712 1.4909
690000 0.244118 0.714691 0.606562 1.56537
691000 0.245234 0.683088 0.593548 1.52187
692000 0.252183 0.704105 0.576946 1.53323
693000 0.238883 0.682425 0.574356 1.49566
694000 0.228707 0.683432 0.573273 1.48541
695000 0.23665 0.66396 0.581202 1.48181
696000 0.231324 0.670057 0.608271 1.50965
697000 0.23491 0.686986 0.591181 1.51308
698000 0.230696 0.679935 0.567864 1.4785
699000 0.236713 0.691089 0.585379 1.51318
700000 0.227679 0.691729 0.600087 1.5195
701000 0.229949 0.665275 0.593224 1.48845
702000 0.258555 0.690186 0.613127 1.56187
703000 0.224548 0.695737 0.601776 1.52206
704000 0.24228 0.694335 0.567717 1.50433
705000 0.232292 0.700195 0.593677 1.52616
706000 0.235515 0.672307 0.571428 1.47925
707000 0.254279 0.686497 0.599796 1.54057
708000 0.228572 0.665667 0.585883 1.48012
709000 0.242337 0.687712 0.591258 1.52131
710000 0.248425 0.719295 0.603003 1.57072
711000 0.230711 0.689913 0.611013 1.53164
712000 0.238575 0.698616 0.609107 1.5463
713000 0.24131 0.681539 0.579686 1.50253
714000 0.243929 0.680052 0.606332 1.53031
715000 0.227398 0.704529 0.58912 1.52105
716000 0.235805 0.655985 0.590093 1.48188
717000 0.250848 0.697224 0.606097 1.55417
718000 0.235334 0.678396 0.59907 1.5128
719000 0.238713 0.684463 0.598628 1.5218
720000 0.230781 0.691535 0.578386 1.5007
721000 0.249174 0.668639 0.588017 1.50583
722000 0.24324 0.702131 0.598236 1.54361
723000 0.257271 0.678894 0.589135 1.5253
724000 0.244121 0.699726 0.599632 1.54348
725000 0.247654 0.682857 0.587229 1.51774
726000 0.247683 0.685589 0.584195 1.51747
727000 0.237774 0.698535 0.592036 1.52835
728000 0.25775 0.69583 0.599048 1.55263
729000 0.242194 0.695549 0.588193 1.52594
730000 0.234597 0.691742 0.585463 1.5118
731000 0.240325 0.675826 0.584683 1.50083
732000 0.237367 0.681326 0.598794 1.51749
733000 0.259839 0.675272 0.579104 1.51422
734000 0.247434 0.679954 0.597563 1.52495
735000 0.287688 0.693214 0.589465 1.57037
736000 0.242208 0.688215 0.601858 1.53228
737000 0.263384 0.705222 0.592169 1.56078
738000 0.247333 0.711681 0.611967 1.57098
739000 0.233462 0.676734 0.590218 1.50041
740000 0.237058 0.695192 0.611178 1.54343
741000 0.23641 0.683298 0.6021 1.52181
742000 0.246624 0.669873 0.597281 1.51378
743000 0.247797 0.682655 0.607764 1.53822
744000 0.234047 0.673025 0.58023 1.4873
745000 0.271997 0.7059 0.615015 1.59291
746000 0.246745 0.675489 0.596025 1.51826
747000 0.248616 0.68673 0.619247 1.55459
748000 0.245363 0.685663 0.592099 1.52313
749000 0.236515 0.699929 0.609024 1.54547
750000 0.268284 0.68716 0.59012 1.54556
751000 0.250885 0.703094 0.601083 1.55506
752000 0.241494 0.678989 0.588883 1.50937
753000 0.254996 0.699161 0.602273 1.55643
754000 0.238344 0.690373 0.583037 1.51175
755000 0.252063 0.691156 0.597515 1.54073
756000 0.230056 0.700204 0.615801 1.54606
757000 0.256265 0.714584 0.612165 1.58301
758000 0.248068 0.673529 0.602503 1.5241
759000 0.251039 0.677224 0.593866 1.52213
760000 0.241067 0.687564 0.605075 1.53371
761000 0.235602 0.688454 0.620546 1.5446
762000 0.244158 0.703744 0.61333 1.56123
763000 0.243962 0.705716 0.613271 1.56295
764000 0.260844 0.698576 0.581055 1.54048
765000 0.238533 0.698901 0.589949 1.52738
766000 0.243509 0.692187 0.598236 1.53393
767000 0.244704 0.688899 0.61155 1.54515
768000 0.242438 0.699403 0.637782 1.57962
769000 0.254859 0.707106 0.637611 1.59958
770000 0.237704 0.709006 0.631938 1.57865
771000 0.252 0.702568 0.61697 1.57154
772000 0.256107 0.691318 0.625483 1.57291
773000 0.243376 0.721102 0.63893 1.60341
774000 0.246189 0.699952 0.606478 1.55262
775000 0.238063 0.68127 0.639974 1.55931
776000 0.254839 0.713912 0.62293 1.59168
777000 0.251685 0.72581 0.640712 1.61821
778000 0.242104 0.701982 0.627371 1.57146
779000 0.258852 0.72307 0.628245 1.61017
780000 0.24338 0.695284 0.651327 1.58999
781000 0.238692 0.705244 0.603827 1.54776
782000 0.246803 0.698726 0.646376 1.5919
783000 0.248249 0.708207 0.616688 1.57314
784000 0.281964 0.724491 0.634929 1.64138
785000 0.25585 0.704296 0.63253 1.59268
786000 0.265512 0.696759 0.624884 1.58715
787000 0.25856 0.712041 0.645722 1.61632
788000 0.244217 0.699628 0.633171 1.57702
789000 0.247573 0.709391 0.624743 1.58171
790000 0.252533 0.709823 0.655707 1.61806
791000 0.262862 0.719829 0.634079 1.61677
792000 0.260737 0.715318 0.638636 1.61469
793000 0.272536 0.710109 0.629171 1.61182
794000 0.262402 0.699753 0.630855 1.59301
795000 0.249849 0.715345 0.670373 1.63557
796000 0.259465 0.703593 0.624278 1.58734
797000 0.261884 0.695003 0.650905 1.60779
798000 0.254891 0.734526 0.640059 1.62948
799000 0.259648 0.717396 0.633715 1.61076
800000 0.24903 0.710606 0.679282 1.63892
801000 0.25163 0.723192 0.619199 1.59402
802000 0.276626 0.721807 0.639857 1.63829
803000 0.2524 0.699448 0.620446 1.57229
804000 0.253537 0.700973 0.639865 1.59437
805000 0.255642 0.711184 0.653884 1.62071
806000 0.257494 0.708809 0.627116 1.59342
807000 0.263027 0.70681 0.62662 1.59646
808000 0.260313 0.697758 0.639548 1.59762
809000 0.259679 0.694799 0.637269 1.59175
810000 0.255338 0.711546 0.633528 1.60041
811000 0.253617 0.688774 0.624965 1.56736
812000 0.258403 0.698324 0.638271 1.595
813000 0.247543 0.697129 0.668111 1.61278
814000 0.253904 0.713681 0.650285 1.61787
815000 0.281525 0.719007 0.668288 1.66882
816000 0.252164 0.711323 0.627494 1.59098
817000 0.255208 0.723557 0.649893 1.62866
818000 0.263909 0.754271 0.680367 1.69855
819000 0.248364 0.720745 0.646093 1.6152
820000 0.265824 0.710714 0.678834 1.65537
821000 0.254718 0.724833 0.6493 1.62885
822000 0.271298 0.719932 0.640633 1.63186
823000 0.263026 0.711964 0.653833 1.62882
824000 0.270668 0.721696 0.63199 1.62435
825000 0.255093 0.72846 0.657048 1.6406
826000 0.259358 0.722752 0.658087 1.6402
827000 0.269901 0.728013 0.645941 1.64385
828000 0.256678 0.750494 0.675441 1.68261
829000 0.312882 0.750487 0.653719 1.71709
830000 0.25414 0.744905 0.68576 1.68481
831000 0.277056 0.733274 0.650797 1.66113
832000 0.270712 0.758378 0.659657 1.68875
833000 0.258113 0.747221 0.686607 1.69194
834000 0.291596 0.761374 0.659088 1.71206
835000 0.276788 0.734431 0.672554 1.68377
836000 0.287306 0.77101 0.642309 1.70062
837000 0.269398 0.753227 0.636319 1.65894
838000 0.269285 0.76703 0.667879 1.70419
839000 0.276184 0.758836 0.625567 1.66059
840000 0.260948 0.752127 0.681577 1.69465
841000 0.289307 0.726813 0.657875 1.67399
842000 0.279342 0.782796 0.660669 1.72281
843000 0.294224 0.749126 0.666257 1.70961
844000 0.285472 0.752226 0.647351 1.68505
845000 0.273007 0.774085 0.663376 1.71047
846000 0.281364 0.770753 0.655056 1.70717
847000 0.295671 0.762458 0.666857 1.72499
848000 0.290701 0.743119 0.689715 1.72353
849000 0.291598 0.772496 0.649234 1.71333
850000 0.267735 0.753154 0.677279 1.69817
851000 0.286816 0.744352 0.690441 1.72161
852000 0.279751 0.767139 0.663998 1.71089
853000 0.269322 0.743569 0.704941 1.71783
854000 0.285591 0.791296 0.667968 1.74485
855000 0.27864 0.771181 0.665429 1.71525
856000 0.27548 0.774195 0.670326 1.72
857000 0.29288 0.763942 0.677309 1.73413
858000 0.281543 0.758089 0.695627 1.73526
859000 0.289164 0.774319 0.662378 1.72586
860000 0.305694 0.783893 0.665195 1.75478
861000 0.290311 0.777368 0.682891 1.75057
862000 0.299165 0.759549 0.657233 1.71595
863000 0.301965 0.765584 0.711608 1.77916
864000 0.289069 0.766813 0.678599 1.73448
865000 0.312162 0.763271 0.687766 1.7632
866000 0.288655 0.77929 0.704888 1.77283
867000 0.284312 0.780927 0.688952 1.75419
868000 0.29874 0.742041 0.715469 1.75625
869000 0.303835 0.762233 0.685138 1.75121
870000 0.305553 0.791381 0.690085 1.78702
871000 0.277229 0.757514 0.705282 1.74002
872000 0.323842 0.815298 0.683636 1.82278
873000 0.299784 0.782412 0.704628 1.78682
874000 0.303426 0.780001 0.674377 1.7578
875000 0.311743 0.777168 0.676279 1.76519
876000 0.305367 0.750476 0.711339 1.76718
877000 0.337595 0.779391 0.669333 1.78632
878000 0.303331 0.758536 0.694393 1.75626
879000 0.326882 0.781667 0.647775 1.75633
880000 0.294762 0.759581 0.678544 1.73289
881000 0.323902 0.797093 0.696529 1.81752
882000 0.316802 0.782933 0.667973 1.76771
883000 0.302209 0.757555 0.707815 1.76758
884000 0.327253 0.77833 0.66361 1.76919
885000 0.314997 0.752068 0.674516 1.74158
886000 0.316552 0.775819 0.701752 1.79412
887000 0.30833 0.764377 0.681639 1.75435
888000 0.31072 0.761956 0.740468 1.81314
889000 0.321274 0.776719 0.681721 1.77971
890000 0.29349 0.782221 0.684213 1.75992
891000 0.31193 0.750148 0.717272 1.77935
892000 0.302319 0.763981 0.703876 1.77018
893000 0.30962 0.789526 0.753855 1.853
894000 0.320977 0.788731 0.674055 1.78376
895000 0.304585 0.781986 0.706791 1.79336
896000 0.338316 0.813819 0.745103 1.89724
897000 0.303283 0.777675 0.738848 1.81981
898000 0.330818 0.80988 0.757172 1.89787
899000 0.30657 0.805126 0.711212 1.82291
900000 0.316332 0.801865 0.695411 1.81361
901000 0.330189 0.817955 0.713696 1.86184
902000 0.310901 0.793837 0.72285 1.82759
903000 0.346715 0.812031 0.738228 1.89697
904000 0.307634 0.790213 0.736434 1.83428
905000 0.326915 0.813763 0.742013 1.88269
906000 0.312459 0.824471 0.708812 1.84574
907000 0.304712 0.818436 0.714771 1.83792
908000 0.317997 0.803254 0.746413 1.86766
909000 0.31197 0.813176 0.721268 1.84641
910000 0.335174 0.826744 0.72142 1.88334
911000 0.312735 0.801286 0.735725 1.84975
912000 0.315877 0.831455 0.733484 1.88082
913000 0.320905 0.814186 0.720873 1.85596
914000 0.311163 0.821129 0.709569 1.84186
915000 0.322943 0.822213 0.709987 1.85514
916000 0.312531 0.812603 0.732977 1.85811
917000 0.326098 0.850805 0.707424 1.88433
918000 0.316997 0.81573 0.742715 1.87544
919000 0.316612 0.83058 0.709777 1.85697
920000 0.364666 0.816521 0.747358 1.92854
921000 0.296963 0.826433 0.722802 1.8462
922000 0.327425 0.837317 0.734079 1.89882
923000 0.32223 0.823201 0.747715 1.89315
924000 0.327684 0.858577 0.712596 1.89886
925000 0.36106 0.826483 0.724753 1.9123
926000 0.308296 0.837558 0.71407 1.85992
927000 0.355067 0.835422 0.708067 1.89856
928000 0.315507 0.833998 0.748166 1.89767
929000 0.303994 0.854746 0.727249 1.88599
930000 0.331755 0.875722 0.743793 1.95127
931000 0.313811 0.838371 0.73667 1.88885
932000 0.334265 0.842894 0.730689 1.90785
933000 0.307655 0.857799 0.759795 1.92525
934000 0.313008 0.849661 0.761211 1.92388
935000 0.325873 0.848774 0.740468 1.91511
936000 0.316009 0.858784 0.725783 1.90058
937000 0.33035 0.865626 0.764354 1.96033
938000 0.302092 0.870248 0.72573 1.89807
939000 0.344953 0.843252 0.743429 1.93163
940000 0.334458 0.856953 0.764602 1.95601
941000 0.324134 0.844403 0.725576 1.89411
942000 0.345732 0.86516 0.737811 1.9487
943000 0.315367 0.850024 0.720777 1.88617
944000 0.364047 0.863504 0.719651 1.9472
945000 0.321307 0.877185 0.74199 1.94048
946000 0.319263 0.845451 0.731316 1.89603
947000 0.332073 0.831442 0.770008 1.93352
948000 0.322653 0.874401 0.756246 1.9533
949000 0.334003 0.856657 0.756379 1.94704
950000 0.308211 0.872188 0.782815 1.96321
951000 0.326658 0.870696 0.755183 1.95254
952000 0.3288 0.86469 0.750941 1.94443
953000 0.327525 0.876762 0.765404 1.96969
954000 0.330814 0.866334 0.757924 1.95507
955000 0.328474 0.874671 0.765105 1.96825
956000 0.348932 0.898554 0.757254 2.00474
957000 0.312928 0.863806 0.759155 1.93589
958000 0.32167 0.876484 0.763448 1.9616
959000 0.338132 0.863112 0.736657 1.9379
960000 0.327343 0.859296 0.783789 1.97043
961000 0.336264 0.882732 0.743338 1.96233
962000 0.326903 0.871968 0.761804 1.96068
963000 0.352188 0.890412 0.778595 2.0212
964000 0.338023 0.876571 0.752962 1.96756
965000 0.330243 0.864482 0.775022 1.96975
966000 0.359441 0.918675 0.776805 2.05492
967000 0.330094 0.892993 0.779189 2.00228
968000 0.339891 0.904102 0.781465 2.02546
969000 0.336592 0.899375 0.766315 2.00228
970000 0.310295 0.878578 0.787159 1.97603
971000 0.347334 0.896338 0.785271 2.02894
972000 0.337184 0.893674 0.786146 2.017
973000 0.330867 0.86953 0.799497 1.99989
974000 0.341044 0.912269 0.761944 2.01526
975000 0.342805 0.874789 0.782545 2.00014
976000 0.368332 0.899001 0.783657 2.05099
977000 0.327418 0.904855 0.777088 2.00936
978000 0.376629 0.914989 0.792452 2.08407
979000 0.342343 0.910744 0.776867 2.02995
980000 0.342862 0.887508 0.787938 2.01831
981000 0.370647 0.895838 0.773464 2.03995
982000 0.343637 0.917033 0.80085 2.06152
983000 0.349322 0.906695 0.786898 2.04291
984000 0.351684 0.919017 0.750428 2.02113
985000 0.345755 0.886044 0.80988 2.04168
986000 0.338902 0.915646 0.76548 2.02003
987000 0.34082 0.895767 0.791851 2.02844
988000 0.339568 0.879585 0.785191 2.00434
989000 0.333673 0.883535 0.785139 2.00235
990000 0.341649 0.886105 0.814545 2.0423
991000 0.329598 0.915959 0.789716 2.03527
992000 0.332044 0.8912 0.810546 2.03379
993000 0.330497 0.896757 0.816708 2.04396
994000 0.342078 0.917176 0.777288 2.03654
995000 0.344996 0.908827 0.860526 2.11435
996000 0.341002 0.91739 0.781953 2.04034
997000 0.337759 0.88164 0.801409 2.02081
998000 0.33497 0.89171 0.791493 2.01817
999000 0.344397 0.89334 0.77037 2.00811
1000000 0.32061 0.888193 0.863646 2.07245
1001000 0.348455 0.880002 0.794209 2.02267
1002000 0.33901 0.8956 0.798334 2.03294
1003000 0.342666 0.922223 0.781684 2.04657
1004000 0.360996 0.910106 0.775092 2.04619
1005000 0.342762 0.94055 0.874711 2.15802
1006000 0.370349 0.93343 0.789027 2.09281
1007000 0.337934 0.905365 0.793533 2.03683
1008000 0.344424 0.96121 0.801567 2.1072
1009000 0.331996 0.902353 0.793455 2.0278
1010000 0.341795 0.921004 0.82573 2.08853
1011000 0.340134 0.929084 0.790609 2.05983
1012000 0.342411 0.911118 0.80555 2.05908
1013000 0.344572 0.914309 0.771419 2.0303
1014000 0.344394 0.910933 0.779979 2.03531
1015000 0.34458 0.925569 0.820923 2.09107
1016000 0.357917 0.902073 0.77619 2.03618
1017000 0.332277 0.919202 0.822974 2.07445
1018000 0.346723 0.923859 0.776108 2.04669
1019000 0.350175 0.915438 0.788973 2.05459
1020000 0.365331 0.918083 0.842127 2.12554
1021000 0.347011 0.919691 0.789853 2.05655
1022000 0.335983 0.932671 0.823392 2.09205
1023000 0.373476 0.920603 0.775836 2.06991
1024000 0.342636 0.926973 0.772857 2.04246
1025000 0.349277 0.959076 0.816662 2.12502
1026000 0.360407 0.932529 0.799493 2.09243
1027000 0.36915 0.975654 0.823781 2.16859
1028000 0.363462 0.970017 0.798737 2.13222
1029000 0.337968 0.943437 0.805567 2.08697
1030000 0.370364 0.964593 0.849404 2.18436
