# Time-averaged data for fix 1
# TimeStep c_msd_all[1] c_msd_all[2] c_msd_all[3] c_msd_all[4]
31000 0.109467 0.076055 0.0779744 0.263496
32000 0.0785906 0.0798339 0.0810587 0.239483
33000 0.0695089 0.0639464 0.0766162 0.210071
34000 0.131486 0.0764407 0.0796415 0.287568
35000 0.0713228 0.0696527 0.0663857 0.207361
36000 0.0822131 0.076352 0.074964 0.233529
37000 0.11782 0.0921088 0.0753349 0.285264
38000 0.0796745 0.0716696 0.0860079 0.237352
39000 0.0982111 0.0808284 0.082497 0.261537
40000 0.0634078 0.0855312 0.0848368 0.233776
41000 0.103097 0.093179 0.0905681 0.286844
42000 0.0785005 0.0832915 0.0825328 0.244325
43000 0.102908 0.0829524 0.0818058 0.267666
44000 0.0733798 0.0796477 0.0864175 0.239445
45000 0.094938 0.0864815 0.0954925 0.276912
46000 0.0876071 0.0799548 0.0948297 0.262392
47000 0.0798887 0.092085 0.0928372 0.264811
48000 0.11749 0.0902073 0.0976218 0.305319
49000 0.0731804 0.10172 0.0919818 0.266882
50000 0.104575 0.0950622 0.0981203 0.297758
51000 0.0895252 0.0969599 0.0942295 0.280715
52000 0.076878 0.10469 0.0989714 0.28054
53000 0.120936 0.113259 0.0981406 0.332336
54000 0.0772112 0.133504 0.0960493 0.306765
55000 0.0991541 0.125429 0.118013 0.342597
56000 0.090559 0.117104 0.0922439 0.299907
57000 0.0932694 0.114274 0.105348 0.312892
58000 0.0877942 0.100107 0.0890334 0.276934
59000 0.0879847 0.110168 0.0950912 0.293244
60000 0.10861 0.115532 0.120199 0.344342
61000 0.0887172 0.114393 0.102352 0.305462
62000 0.112538 0.127975 0.11735 0.357864
63000 0.0822181 0.116672 0.104541 0.303431
64000 0.134807 0.122027 0.100401 0.357235
65000 0.0924613 0.129438 0.132361 0.35426
66000 0.104603 0.133669 0.107253 0.345524
67000 0.095165 0.140526 0.118669 0.35436
68000 0.087465 0.1299 0.125896 0.34326
69000 0.113135 0.126742 0.096447 0.336324
70000 0.0835932 0.134112 0.112305 0.33001
71000 0.118689 0.135221 0.11346 0.36737
72000 0.0869176 0.129006 0.112588 0.328512
73000 0.101349 0.127385 0.122236 0.35097
74000 0.111335 0.127301 0.114703 0.353338
75000 0.0809369 0.124733 0.11567 0.32134
76000 0.12779 0.146647 0.110653 0.38509
77000 0.0797658 0.122718 0.111476 0.313959
78000 0.101794 0.119502 0.114394 0.335689
79000 0.10032 0.129166 0.117258 0.346744
80000 0.0853001 0.130864 0.108978 0.325142
81000 0.114775 0.142104 0.117164 0.374043
82000 0.0891132 0.134657 0.113603 0.337373
83000 0.107273 0.131264 0.129563 0.3681
84000 0.108637 0.141391 0.119054 0.369083
85000 0.092441 0.123935 0.111911 0.328288
86000 0.0970766 0.135541 0.134957 0.367574
87000 0.0925502 0.141044 0.121758 0.355352
88000 0.0847959 0.141267 0.123671 0.349734
89000 0.13392 0.141414 0.123296 0.39863
90000 0.0860598 0.135603 0.124285 0.345948
91000 0.0967097 0.13737 0.16469 0.398769
92000 0.116987 0.147277 0.127302 0.391566
93000 0.088959 0.13609 0.135837 0.360886
94000 0.116112 0.130234 0.146742 0.393088
95000 0.0837104 0.130539 0.127952 0.342202
96000 0.0985214 0.133717 0.170443 0.402681
97000 0.0940296 0.140704 0.127383 0.362117
98000 0.100603 0.143612 0.138898 0.383113
99000 0.0846063 0.132614 0.146314 0.363534
100000 0.127499 0.14497 0.153993 0.426462
101000 0.0806464 0.135354 0.150159 0.366159
102000 0.101054 0.13987 0.138399 0.379323
103000 0.119965 0.138122 0.135348 0.393436
104000 0.0936671 0.149462 0.158493 0.401622
105000 0.11935 0.158112 0.147054 0.424516
106000 0.0987955 0.140629 0.151689 0.391113
107000 0.116855 0.147763 0.151345 0.415963
108000 0.107463 0.138328 0.146096 0.391887
109000 0.108925 0.145266 0.177134 0.431325
110000 0.102374 0.146657 0.160896 0.409928
111000 0.0972678 0.144099 0.18584 0.427207
112000 0.0957478 0.144264 0.144558 0.38457
113000 0.113488 0.14433 0.150081 0.407899
114000 0.110038 0.144449 0.164976 0.419463
115000 0.102236 0.152839 0.156589 0.411664
116000 0.10893 0.14297 0.180445 0.432345
117000 0.102113 0.16259 0.161267 0.425971
118000 0.112988 0.147348 0.184667 0.445002
119000 0.114063 0.141121 0.166429 0.421612
120000 0.089867 0.137931 0.16112 0.388918
121000 0.143626 0.153171 0.18385 0.480647
122000 0.0883327 0.166342 0.166295 0.42097
123000 0.115268 0.159019 0.166224 0.44051
124000 0.119012 0.157281 0.168211 0.444503
125000 0.095314 0.149517 0.157826 0.402658
126000 0.129867 0.160119 0.177514 0.467501
127000 0.0972001 0.177075 0.165532 0.439807
128000 0.11714 0.157422 0.181361 0.455923
129000 0.117059 0.175733 0.168492 0.461284
130000 0.114162 0.157089 0.163845 0.435096
131000 0.119378 0.162058 0.179166 0.460602
132000 0.0986542 0.181358 0.154845 0.434857
133000 0.111567 0.166611 0.176449 0.454627
134000 0.0946317 0.154012 0.170888 0.419532
135000 0.125109 0.161337 0.159699 0.446146
136000 0.10912 0.156333 0.175282 0.440734
137000 0.11145 0.169463 0.167142 0.448055
138000 0.107013 0.170486 0.189593 0.467092
139000 0.109449 0.174756 0.164314 0.448519
140000 0.141454 0.157268 0.171014 0.469737
141000 0.0983493 0.164681 0.173233 0.436264
142000 0.117895 0.165965 0.158754 0.442615
143000 0.11014 0.166423 0.192425 0.468987
144000 0.109335 0.170991 0.176573 0.456899
145000 0.110027 0.160278 0.18876 0.459065
146000 0.122476 0.164278 0.171715 0.458469
147000 0.12944 0.159254 0.17375 0.462444
148000 0.106307 0.154889 0.185613 0.446808
149000 0.127461 0.184395 0.171859 0.483715
150000 0.110485 0.17325 0.193109 0.476844
151000 0.127435 0.174176 0.177505 0.479116
152000 0.0996205 0.159063 0.167413 0.426096
153000 0.123826 0.177419 0.187377 0.488622
154000 0.111855 0.193983 0.180987 0.486825
155000 0.117979 0.180396 0.199529 0.497904
156000 0.134048 0.182919 0.185144 0.502112
157000 0.093954 0.188379 0.179264 0.461598
158000 0.136815 0.195947 0.185673 0.518435
159000 0.100922 0.180145 0.179785 0.460852
160000 0.13709 0.178074 0.177905 0.49307
161000 0.122592 0.175827 0.182095 0.480514
162000 0.0969554 0.16851 0.171714 0.437179
163000 0.169982 0.204901 0.183249 0.558132
164000 0.106517 0.200538 0.194438 0.501492
165000 0.130685 0.191076 0.202165 0.523926
166000 0.109424 0.188289 0.195089 0.492803
167000 0.115127 0.18405 0.193433 0.49261
168000 0.148822 0.186573 0.197606 0.533001
169000 0.111578 0.189008 0.197614 0.4982
170000 0.116355 0.1934 0.195741 0.505496
171000 0.121826 0.187318 0.188233 0.497377
172000 0.121402 0.191649 0.196224 0.509275
173000 0.113025 0.193403 0.19906 0.505488
174000 0.125743 0.196012 0.201758 0.523513
175000 0.134067 0.204235 0.191917 0.530219
176000 0.117325 0.190499 0.200021 0.507844
177000 0.102768 0.196782 0.203346 0.502896
178000 0.115212 0.193193 0.204646 0.513051
179000 0.114505 0.191874 0.215197 0.521576
180000 0.123401 0.189996 0.199215 0.512612
181000 0.122809 0.203647 0.204818 0.531273
182000 0.11697 0.195592 0.193874 0.506436
183000 0.130033 0.200611 0.1939 0.524544
184000 0.129343 0.198452 0.207181 0.534977
185000 0.124454 0.192481 0.195297 0.512233
186000 0.147171 0.203664 0.212566 0.5634
187000 0.132096 0.203474 0.19915 0.534719
188000 0.117072 0.199053 0.205677 0.521803
189000 0.14365 0.211012 0.212882 0.567543
190000 0.116194 0.199948 0.203368 0.51951
191000 0.11637 0.200363 0.212886 0.529619
192000 0.147928 0.210692 0.204349 0.562969
193000 0.101428 0.191727 0.202691 0.495846
194000 0.137738 0.205139 0.208427 0.551304
195000 0.136745 0.214429 0.209228 0.560402
196000 0.110675 0.20707 0.217149 0.534894
197000 0.155583 0.200941 0.219771 0.576294
198000 0.103076 0.218157 0.204867 0.5261
199000 0.16242 0.232246 0.225253 0.619918
200000 0.109666 0.21927 0.222507 0.551444
201000 0.114747 0.211113 0.227979 0.553839
202000 0.151457 0.227077 0.217805 0.596339
203000 0.101272 0.220996 0.218648 0.540916
204000 0.148444 0.220326 0.254521 0.62329
205000 0.107445 0.22078 0.213876 0.5421
206000 0.143256 0.220951 0.223848 0.588055
207000 0.12017 0.204746 0.211282 0.536199
208000 0.118022 0.205812 0.216353 0.540187
209000 0.127665 0.200523 0.24757 0.575758
210000 0.148279 0.209232 0.218047 0.575559
211000 0.112695 0.217231 0.234392 0.564318
212000 0.125926 0.229817 0.223445 0.579188
213000 0.147118 0.225564 0.2361 0.608782
214000 0.113873 0.223392 0.251558 0.588823
215000 0.149681 0.218454 0.216764 0.584898
216000 0.106303 0.22318 0.260366 0.589849
217000 0.153235 0.213783 0.234171 0.601189
218000 0.130325 0.227877 0.230778 0.58898
219000 0.122162 0.226532 0.246327 0.595021
220000 0.135962 0.230765 0.247594 0.614321
221000 0.131278 0.231805 0.286399 0.649482
222000 0.120531 0.224043 0.235711 0.580285
223000 0.151321 0.239207 0.254793 0.645322
224000 0.114896 0.230866 0.256192 0.601954
225000 0.136266 0.231996 0.242139 0.610402
226000 0.181124 0.220043 0.26626 0.667427
227000 0.123561 0.232727 0.248049 0.604338
228000 0.162241 0.238118 0.237017 0.637377
229000 0.117868 0.228561 0.247527 0.593956
230000 0.139992 0.226266 0.235619 0.601877
231000 0.135321 0.237657 0.241587 0.614566
232000 0.12863 0.236461 0.243015 0.608106
233000 0.156145 0.24129 0.241852 0.639287
234000 0.125289 0.237013 0.251887 0.614189
235000 0.146582 0.236891 0.244434 0.627907
236000 0.143869 0.223606 0.246177 0.613652
237000 0.128598 0.231787 0.242746 0.603131
238000 0.138675 0.234333 0.24994 0.622948
239000 0.128228 0.234296 0.266383 0.628907
240000 0.162844 0.232074 0.245564 0.640482
241000 0.120916 0.238111 0.239725 0.598751
242000 0.15299 0.244868 0.251778 0.649637
243000 0.126058 0.250277 0.255077 0.631412
244000 0.161459 0.233988 0.2702 0.665646
245000 0.1472 0.23513 0.255968 0.638298
246000 0.14201 0.246038 0.273965 0.662014
247000 0.139873 0.24057 0.265864 0.646308
248000 0.146089 0.248558 0.263653 0.6583
249000 0.115629 0.241705 0.276936 0.634271
250000 0.18509 0.247994 0.262079 0.695162
251000 0.121429 0.23807 0.278454 0.637953
252000 0.146877 0.253763 0.257973 0.658613
253000 0.179099 0.259027 0.268754 0.70688
254000 0.122599 0.254047 0.272048 0.648694
255000 0.155384 0.256228 0.271648 0.68326
256000 0.147054 0.265653 0.290348 0.703055
257000 0.155876 0.274812 0.283978 0.714666
258000 0.163332 0.271638 0.289709 0.724679
259000 0.147858 0.26795 0.278957 0.694764
260000 0.179738 0.278768 0.266612 0.725118
261000 0.133784 0.286017 0.30106 0.720861
262000 0.153495 0.291106 0.2763 0.720901
263000 0.180538 0.27996 0.28616 0.746659
264000 0.141998 0.28638 0.277282 0.70566
265000 0.160404 0.2623 0.278398 0.701101
266000 0.154057 0.260094 0.296536 0.710686
267000 0.142692 0.272064 0.29444 0.709195
268000 0.150795 0.280314 0.280859 0.711968
269000 0.145545 0.271604 0.293012 0.710161
270000 0.15244 0.291987 0.274279 0.718706
271000 0.157547 0.277846 0.293136 0.728529
272000 0.141613 0.277718 0.285532 0.704863
273000 0.150297 0.281279 0.295312 0.726889
274000 0.147423 0.277395 0.275815 0.700633
275000 0.142395 0.2973 0.285021 0.724716
276000 0.13349 0.29612 0.312988 0.742597
277000 0.15469 0.313429 0.297048 0.765167
278000 0.154346 0.291848 0.308393 0.754587
279000 0.147425 0.280773 0.297106 0.725305
280000 0.167196 0.3033 0.303779 0.774275
281000 0.147148 0.299294 0.30041 0.746853
282000 0.160588 0.297184 0.297234 0.755005
283000 0.149085 0.309647 0.329171 0.787903
284000 0.157267 0.284315 0.295845 0.737428
285000 0.13174 0.285094 0.296918 0.713751
286000 0.193539 0.290204 0.309433 0.793175
287000 0.137655 0.294286 0.297478 0.729419
288000 0.177797 0.308249 0.329261 0.815307
289000 0.165714 0.3173 0.310473 0.793488
290000 0.123106 0.289359 0.307856 0.720321
291000 0.20158 0.307385 0.310348 0.819312
292000 0.140749 0.313998 0.310926 0.765673
293000 0.154863 0.29874 0.331064 0.784667
294000 0.160299 0.30727 0.313125 0.780693
295000 0.147226 0.305685 0.312204 0.765115
296000 0.180236 0.29976 0.312625 0.792621
297000 0.135898 0.30087 0.30892 0.745687
298000 0.218733 0.297082 0.330323 0.846138
299000 0.139281 0.290492 0.297259 0.727033
300000 0.216969 0.302039 0.316504 0.835513
301000 0.141077 0.295558 0.310342 0.746978
302000 0.181099 0.300892 0.299097 0.781088
303000 0.178176 0.295352 0.328357 0.801886
304000 0.13015 0.313882 0.303269 0.747301
305000 0.195133 0.314005 0.315809 0.824947
306000 0.14673 0.297399 0.320015 0.764143
307000 0.159756 0.304405 0.306251 0.770412
308000 0.160237 0.304857 0.318194 0.783287
309000 0.149302 0.304111 0.308083 0.761495
310000 0.206786 0.313432 0.290757 0.810974
311000 0.157532 0.325699 0.323355 0.806586
312000 0.178913 0.310778 0.312696 0.802387
313000 0.152619 0.313905 0.332264 0.798789
314000 0.162469 0.313127 0.316445 0.792041
315000 0.168353 0.327106 0.31897 0.814429
316000 0.160332 0.322263 0.322741 0.805337
317000 0.174435 0.330921 0.317785 0.823141
318000 0.150656 0.338599 0.338346 0.827601
319000 0.160289 0.324075 0.320568 0.804932
320000 0.163689 0.337535 0.312124 0.813348
321000 0.165642 0.32441 0.32412 0.814172
322000 0.156267 0.333453 0.32149 0.81121
323000 0.152531 0.337653 0.341797 0.831981
324000 0.154024 0.327387 0.323383 0.804794
325000 0.165639 0.328783 0.339847 0.834269
326000 0.16332 0.322651 0.333705 0.819676
327000 0.155426 0.331069 0.331106 0.817602
328000 0.167579 0.324641 0.357343 0.849562
329000 0.174374 0.345184 0.322664 0.842221
330000 0.181022 0.337453 0.347646 0.866121
331000 0.157028 0.332185 0.322163 0.811376
332000 0.188439 0.328497 0.331802 0.848738
333000 0.151284 0.347864 0.36203 0.861179
334000 0.155866 0.324589 0.32869 0.809145
335000 0.173085 0.345422 0.355977 0.874484
336000 0.162749 0.348284 0.34974 0.860773
337000 0.144611 0.336068 0.331 0.81168
338000 0.176154 0.330344 0.343714 0.850213
339000 0.152917 0.338009 0.326805 0.817731
340000 0.164152 0.3534 0.371139 0.888691
341000 0.172576 0.336836 0.350175 0.859587
342000 0.162961 0.345215 0.345972 0.854148
343000 0.186658 0.355427 0.368683 0.910768
344000 0.166012 0.34885 0.355479 0.87034
345000 0.186989 0.349222 0.369416 0.905627
346000 0.155742 0.359999 0.343626 0.859367
347000 0.193512 0.3415 0.350202 0.885214
348000 0.154435 0.35111 0.386059 0.891604
349000 0.191422 0.336865 0.3507 0.878987
350000 0.16607 0.350093 0.38709 0.903253
351000 0.155555 0.34915 0.344785 0.84949
352000 0.17815 0.354438 0.337412 0.87
353000 0.142547 0.368653 0.395105 0.906305
354000 0.196187 0.365648 0.353067 0.914902
355000 0.153796 0.345386 0.369155 0.868338
356000 0.173367 0.344326 0.32895 0.846644
357000 0.227192 0.341652 0.328597 0.897441
358000 0.154558 0.357832 0.367363 0.879753
359000 0.238466 0.373133 0.329224 0.940823
360000 0.147224 0.348903 0.344065 0.840191
361000 0.214273 0.347292 0.342495 0.90406
362000 0.160844 0.345759 0.351741 0.858344
363000 0.159895 0.366353 0.373062 0.89931
364000 0.201544 0.338409 0.356506 0.896459
365000 0.1454 0.354084 0.374844 0.874328
366000 0.221043 0.360586 0.348523 0.930152
367000 0.152479 0.353993 0.350948 0.857419
368000 0.202934 0.368976 0.362134 0.934044
369000 0.161121 0.371776 0.362498 0.895395
370000 0.168951 0.370328 0.36721 0.906489
371000 0.20406 0.367775 0.366655 0.938491
372000 0.154744 0.359035 0.361553 0.875332
373000 0.200269 0.381841 0.374668 0.956779
374000 0.161017 0.35803 0.366668 0.885715
375000 0.188299 0.35993 0.397193 0.945422
376000 0.183631 0.385317 0.377322 0.94627
377000 0.150117 0.365194 0.369579 0.884889
378000 0.225527 0.374194 0.373104 0.972825
379000 0.148202 0.36246 0.361833 0.872495
380000 0.240276 0.378791 0.369824 0.988891
381000 0.162127 0.367558 0.382233 0.911918
382000 0.170072 0.366735 0.383228 0.920035
383000 0.221824 0.369656 0.377401 0.968882
384000 0.148889 0.370971 0.390352 0.910212
385000 0.210678 0.381952 0.403626 0.996256
386000 0.164465 0.372595 0.380312 0.917372
387000 0.212132 0.385125 0.386521 0.983778
388000 0.160324 0.367958 0.381543 0.909825
389000 0.187589 0.38782 0.387642 0.963051
390000 0.192038 0.396774 0.386397 0.975209
391000 0.162585 0.391822 0.404097 0.958504
392000 0.227955 0.383684 0.390625 1.00226
393000 0.161916 0.375923 0.400654 0.938493
394000 0.161848 0.381758 0.375133 0.91874
395000 0.214937 0.383246 0.39012 0.988303
396000 0.16037 0.376165 0.37004 0.906576
397000 0.214169 0.388153 0.391482 0.993804
398000 0.162769 0.382969 0.388613 0.934352
399000 0.175989 0.393427 0.394439 0.963856
400000 0.18714 0.390559 0.388666 0.966365
401000 0.17171 0.389211 0.381782 0.942703
402000 0.198394 0.377588 0.39459 0.970572
403000 0.167754 0.383302 0.385245 0.936301
404000 0.177631 0.388959 0.392373 0.958964
405000 0.180252 0.395475 0.399402 0.975129
406000 0.171866 0.40285 0.403707 0.978422
407000 0.187857 0.39868 0.410412 0.99695
408000 0.160801 0.422358 0.404384 0.987544
409000 0.197757 0.434719 0.399575 1.03205
410000 0.154231 0.401556 0.395986 0.951772
411000 0.178205 0.404881 0.389463 0.97255
412000 0.212598 0.405132 0.412029 1.02976
413000 0.162268 0.405495 0.390649 0.958412
414000 0.208537 0.442789 0.404513 1.05584
415000 0.17331 0.428193 0.417093 1.0186
416000 0.179889 0.422355 0.418175 1.02042
417000 0.18482 0.414752 0.413103 1.01267
418000 0.154818 0.397219 0.416932 0.968969
419000 0.211886 0.424973 0.409785 1.04664
420000 0.159902 0.430848 0.418305 1.00905
421000 0.184756 0.43222 0.408592 1.02557
422000 0.195564 0.422031 0.396016 1.01361
423000 0.162114 0.432057 0.429186 1.02336
424000 0.191291 0.426566 0.430789 1.04865
425000 0.162046 0.434879 0.409819 1.00674
426000 0.182226 0.420823 0.42194 1.02499
427000 0.187194 0.426703 0.409366 1.02326
428000 0.165812 0.415226 0.413906 0.994945
429000 0.234442 0.41973 0.419231 1.0734
430000 0.164868 0.429585 0.410253 1.00471
431000 0.229678 0.425073 0.41479 1.06954
432000 0.16319 0.433941 0.417697 1.01483
433000 0.177974 0.438697 0.420956 1.03763
434000 0.228055 0.436626 0.416948 1.08163
435000 0.154885 0.424172 0.40969 0.988748
436000 0.269974 0.440524 0.453194 1.16369
437000 0.166442 0.421831 0.408614 0.996888
438000 0.164156 0.43766 0.429544 1.03136
439000 0.217279 0.438807 0.419063 1.07515
440000 0.14937 0.435919 0.40205 0.987339
441000 0.234675 0.417885 0.448314 1.10087
442000 0.156884 0.407457 0.429196 0.993537
443000 0.198224 0.419476 0.426997 1.0447
444000 0.191672 0.425974 0.432347 1.04999
445000 0.175556 0.412152 0.409718 0.997425
446000 0.214293 0.424051 0.473741 1.11208
447000 0.18132 0.413943 0.447583 1.04285
448000 0.195623 0.424319 0.454029 1.07397
449000 0.168567 0.42039 0.437318 1.02628
450000 0.20706 0.439616 0.447909 1.09459
451000 0.190972 0.426601 0.454764 1.07234
452000 0.172157 0.414779 0.451453 1.03839
453000 0.198265 0.417709 0.4638 1.07977
454000 0.171453 0.417107 0.439551 1.02811
455000 0.205046 0.42268 0.448846 1.07657
456000 0.16641 0.407789 0.463599 1.0378
457000 0.208652 0.431879 0.45716 1.09769
458000 0.18085 0.428787 0.460059 1.0697
459000 0.194284 0.411009 0.447037 1.05233
460000 0.20888 0.431064 0.477093 1.11704
461000 0.18315 0.440398 0.501553 1.1251
462000 0.182295 0.443256 0.497425 1.12298
463000 0.177848 0.436389 0.505125 1.11936
464000 0.203273 0.448626 0.495488 1.14739
465000 0.16267 0.42888 0.496033 1.08758
466000 0.183693 0.431529 0.500788 1.11601
467000 0.204669 0.442515 0.485517 1.1327
468000 0.162995 0.429929 0.506478 1.0994
469000 0.205184 0.448563 0.474944 1.12869
470000 0.165121 0.425531 0.500689 1.09134
471000 0.178787 0.441655 0.473204 1.09365
472000 0.199515 0.43701 0.461134 1.09766
473000 0.166047 0.437994 0.502947 1.10699
474000 0.233534 0.453736 0.480812 1.16808
475000 0.164509 0.445785 0.522735 1.13303
476000 0.215252 0.459651 0.478582 1.15349
477000 0.177298 0.44441 0.482311 1.10402
478000 0.179578 0.441384 0.511102 1.13206
479000 0.200594 0.465488 0.478011 1.14409
480000 0.172372 0.456415 0.516821 1.14561
481000 0.23162 0.447862 0.471568 1.15105
482000 0.169797 0.445597 0.466651 1.08204
483000 0.231264 0.465805 0.508483 1.20555
484000 0.188671 0.44134 0.482402 1.11241
485000 0.180428 0.456851 0.524324 1.1616
486000 0.228379 0.460845 0.482249 1.17147
487000 0.177005 0.439086 0.482822 1.09891
488000 0.224412 0.449843 0.498909 1.17316
489000 0.185383 0.469277 0.481651 1.13631
490000 0.207845 0.451889 0.506518 1.16625
491000 0.19905 0.471691 0.478032 1.14877
492000 0.200229 0.445993 0.486803 1.13302
493000 0.203597 0.45583 0.504347 1.16377
494000 0.183189 0.45813 0.484429 1.12575
495000 0.23002 0.472061 0.533683 1.23576
496000 0.197275 0.472691 0.493208 1.16317
497000 0.204751 0.464569 0.497708 1.16703
498000 0.199515 0.465504 0.504548 1.16957
499000 0.196203 0.465704 0.486563 1.14847
500000 0.221239 0.457663 0.479263 1.15816
501000 0.202202 0.472822 0.49596 1.17098
502000 0.208435 0.489441 0.495131 1.19301
503000 0.231327 0.487202 0.491274 1.2098
504000 0.20595 0.478562 0.51021 1.19472
505000 0.209857 0.482956 0.502468 1.19528
506000 0.215803 0.471203 0.489399 1.17641
507000 0.197167 0.479118 0.515147 1.19143
508000 0.23891 0.497952 0.499023 1.23589
509000 0.207535 0.514774 0.51212 1.23443
510000 0.24215 0.487104 0.541684 1.27094
511000 0.216708 0.470863 0.506259 1.19383
512000 0.201707 0.473432 0.50994 1.18508
513000 0.25007 0.50082 0.518271 1.26916
514000 0.196658 0.505615 0.502373 1.20465
515000 0.255404 0.498596 0.539 1.293
516000 0.202062 0.490964 0.526255 1.21928
517000 0.206163 0.471746 0.51742 1.19533
518000 0.218458 0.483133 0.515894 1.21749
519000 0.200816 0.487356 0.495828 1.184
520000 0.23455 0.48988 0.523156 1.24759
521000 0.195226 0.487375 0.527519 1.21012
522000 0.257709 0.491813 0.493145 1.24267
523000 0.207261 0.494477 0.532871 1.23461
524000 0.218287 0.485387 0.519748 1.22342
525000 0.21611 0.483957 0.51799 1.21806
526000 0.188402 0.495401 0.53667 1.22047
527000 0.25106 0.497742 0.525928 1.27473
528000 0.192267 0.491054 0.522962 1.20628
529000 0.259757 0.494539 0.538303 1.2926
530000 0.208345 0.500769 0.54722 1.25633
531000 0.210573 0.499441 0.532696 1.24271
532000 0.244974 0.518208 0.551244 1.31443
533000 0.202429 0.506306 0.539616 1.24835
534000 0.259838 0.495678 0.532704 1.28822
535000 0.202038 0.509179 0.551322 1.26254
536000 0.249546 0.5158 0.54152 1.30687
537000 0.227096 0.506595 0.524393 1.25808
538000 0.219551 0.523191 0.517297 1.26004
539000 0.22972 0.532682 0.54216 1.30456
540000 0.248413 0.523463 0.547419 1.31929
541000 0.206062 0.51784 0.531424 1.25533
542000 0.241514 0.514089 0.548097 1.3037
543000 0.224321 0.52153 0.556107 1.30196
544000 0.237138 0.527152 0.553559 1.31785
545000 0.218561 0.531797 0.547827 1.29819
546000 0.212586 0.512489 0.541317 1.26639
547000 0.251265 0.508311 0.541151 1.30073
548000 0.239847 0.522805 0.553767 1.31642
549000 0.220001 0.524566 0.548277 1.29284
550000 0.252032 0.532101 0.562818 1.34695
551000 0.222142 0.522579 0.551487 1.29621
552000 0.233332 0.532417 0.556065 1.32181
553000 0.235221 0.523072 0.570867 1.32916
554000 0.232047 0.512526 0.544786 1.28936
555000 0.235474 0.528695 0.572477 1.33665
556000 0.222397 0.534858 0.551036 1.30829
557000 0.243748 0.53861 0.583072 1.36543
558000 0.215717 0.512965 0.577694 1.30638
559000 0.2256 0.512454 0.577452 1.31551
560000 0.241031 0.531709 0.590348 1.36309
561000 0.227282 0.531534 0.582404 1.34122
562000 0.227649 0.541826 0.561043 1.33052
563000 0.257704 0.547659 0.586022 1.39138
564000 0.211492 0.540527 0.580488 1.33251
565000 0.282683 0.534912 0.59058 1.40818
566000 0.231281 0.540195 0.570938 1.34241
567000 0.23304 0.552741 0.594771 1.38055
568000 0.224267 0.549177 0.592966 1.36641
569000 0.227756 0.560313 0.567077 1.35515
570000 0.232356 0.536042 0.585157 1.35356
571000 0.226735 0.556799 0.590463 1.374
572000 0.241592 0.5397 0.602552 1.38384
573000 0.230492 0.550352 0.589977 1.37082
574000 0.22883 0.550241 0.577298 1.35637
575000 0.232026 0.553507 0.591002 1.37654
576000 0.213099 0.538549 0.576062 1.32771
577000 0.223118 0.53875 0.596949 1.35882
578000 0.238023 0.554481 0.580976 1.37348
579000 0.248114 0.587783 0.595051 1.43095
580000 0.22853 0.579385 0.590636 1.39855
581000 0.230304 0.556037 0.593964 1.38031
582000 0.230991 0.563402 0.609149 1.40354
583000 0.242219 0.572088 0.575222 1.38953
584000 0.236362 0.575861 0.589967 1.40219
585000 0.216998 0.581439 0.606411 1.40485
586000 0.250055 0.561139 0.590138 1.40133
587000 0.229533 0.568914 0.624767 1.42321
588000 0.238296 0.568093 0.599776 1.40617
589000 0.231698 0.590307 0.599068 1.42107
590000 0.228715 0.578502 0.624423 1.43164
591000 0.229763 0.582925 0.609267 1.42195
592000 0.230215 0.558327 0.629765 1.41831
593000 0.231562 0.576246 0.607257 1.41507
594000 0.225742 0.563448 0.617639 1.40683
595000 0.247159 0.566039 0.61377 1.42697
596000 0.232361 0.581811 0.619973 1.43414
597000 0.263207 0.580429 0.619105 1.46274
598000 0.220501 0.561854 0.586367 1.36872
599000 0.246447 0.575151 0.612233 1.43383
600000 0.236229 0.578571 0.619683 1.43448
601000 0.226525 0.57295 0.606913 1.40639
602000 0.282635 0.572887 0.616789 1.47231
603000 0.224976 0.575717 0.614916 1.41561
604000 0.265354 0.587662 0.634563 1.48758
605000 0.245375 0.592652 0.636399 1.47443
606000 0.240678 0.586397 0.619866 1.44694
607000 0.255898 0.599346 0.618607 1.47385
608000 0.227903 0.602179 0.639582 1.46966
609000 0.264327 0.587096 0.625167 1.47659
610000 0.242495 0.614741 0.621033 1.47827
611000 0.239155 0.611202 0.633063 1.48342
612000 0.259344 0.615632 0.638991 1.51397
613000 0.233772 0.607933 0.647842 1.48955
614000 0.246192 0.621229 0.658691 1.52611
615000 0.24384 0.604999 0.63877 1.48761
616000 0.235118 0.615062 0.656511 1.50669
617000 0.272552 0.628431 0.641917 1.5429
618000 0.248094 0.614132 0.646856 1.50908
619000 0.240977 0.625265 0.657768 1.52401
620000 0.279034 0.616727 0.654376 1.55014
621000 0.235908 0.613461 0.663846 1.51322
622000 0.293853 0.636877 0.658701 1.58943
623000 0.239388 0.621633 0.654765 1.51579
624000 0.239441 0.606272 0.652718 1.49843
625000 0.26276 0.655412 0.652782 1.57095
626000 0.238371 0.673706 0.677901 1.58998
627000 0.296248 0.705948 0.640129 1.64233
628000 0.254965 0.648769 0.665073 1.56881
629000 0.249485 0.624243 0.656904 1.53063
630000 0.268806 0.667816 0.633949 1.57057
631000 0.23924 0.685969 0.692329 1.61754
632000 0.26373 0.678403 0.646374 1.58851
633000 0.23618 0.642822 0.645856 1.52486
634000 0.266236 0.651045 0.714879 1.63216
635000 0.240948 0.637658 0.655647 1.53425
636000 0.250094 0.649097 0.689426 1.58862
637000 0.272944 0.657078 0.657732 1.58775
638000 0.242744 0.632916 0.640691 1.51635
639000 0.257559 0.636316 0.680637 1.57451
640000 0.258024 0.654863 0.665648 1.57854
641000 0.277548 0.658156 0.704845 1.64055
642000 0.24515 0.670226 0.702151 1.61753
643000 0.258373 0.653138 0.689405 1.60092
644000 0.25227 0.666869 0.693707 1.61285
645000 0.257844 0.670421 0.687438 1.6157
646000 0.238391 0.673944 0.721336 1.63367
647000 0.25537 0.676026 0.698431 1.62983
648000 0.257123 0.673835 0.685419 1.61638
649000 0.24493 0.670021 0.726571 1.64152
650000 0.279779 0.684486 0.685946 1.65021
651000 0.252851 0.68664 0.718713 1.6582
652000 0.258382 0.69945 0.690431 1.64826
653000 0.265529 0.681781 0.70467 1.65198
654000 0.252173 0.678366 0.71151 1.64205
655000 0.289804 0.679029 0.702437 1.67127
656000 0.247057 0.701508 0.697102 1.64567
657000 0.276244 0.694737 0.724432 1.69541
658000 0.275924 0.699772 0.702709 1.67841
659000 0.244695 0.69125 0.700937 1.63688
660000 0.252452 0.676927 0.713325 1.6427
661000 0.270406 0.690564 0.709524 1.67049
662000 0.250174 0.699412 0.717383 1.66697
663000 0.267702 0.710038 0.729523 1.70726
664000 0.271513 0.711011 0.708473 1.691
665000 0.240481 0.678362 0.718573 1.63742
666000 0.302887 0.708035 0.692959 1.70388
667000 0.246829 0.702711 0.706187 1.65573
668000 0.287345 0.689611 0.736472 1.71343
669000 0.268021 0.696802 0.716388 1.68121
670000 0.252739 0.711547 0.727716 1.692
671000 0.268574 0.718895 0.720138 1.70761
672000 0.240603 0.70564 0.727503 1.67375
673000 0.267594 0.706506 0.788744 1.76284
674000 0.26963 0.701827 0.714209 1.68567
675000 0.258581 0.706044 0.740291 1.70492
676000 0.285135 0.712879 0.722627 1.72064
677000 0.248916 0.732212 0.719332 1.70046
678000 0.255961 0.710634 0.773974 1.74057
679000 0.266027 0.710178 0.738695 1.7149
680000 0.25833 0.709971 0.743007 1.71131
681000 0.287598 0.720719 0.766842 1.77516
682000 0.249683 0.720739 0.752764 1.72319
683000 0.260465 0.703806 0.775449 1.73972
684000 0.268255 0.72464 0.72054 1.71344
685000 0.262548 0.715353 0.735728 1.71363
686000 0.289857 0.73753 0.7517 1.77909
687000 0.256148 0.725215 0.732504 1.71387
688000 0.265606 0.724109 0.78058 1.7703
689000 0.271743 0.722141 0.752821 1.7467
690000 0.24964 0.727405 0.764156 1.7412
691000 0.281973 0.710191 0.741756 1.73392
692000 0.270079 0.730402 0.757362 1.75784
693000 0.274595 0.719091 0.793097 1.78678
694000 0.279308 0.744014 0.730694 1.75402
695000 0.248859 0.710476 0.729841 1.68918
696000 0.292809 0.72596 0.76599 1.78476
697000 0.259395 0.726816 0.727796 1.71401
698000 0.295546 0.733869 0.759558 1.78897
699000 0.265069 0.719241 0.745992 1.7303
700000 0.275646 0.731736 0.737242 1.74462
701000 0.291923 0.726915 0.742378 1.76122
702000 0.260069 0.722104 0.708145 1.69032
703000 0.316488 0.726789 0.749987 1.79326
704000 0.250576 0.740169 0.762175 1.75292
705000 0.288679 0.761223 0.76796 1.81786
706000 0.278307 0.71266 0.762506 1.75347
707000 0.259422 0.712335 0.735039 1.7068
708000 0.273974 0.749894 0.719346 1.74321
709000 0.268089 0.742138 0.733891 1.74412
710000 0.277806 0.742541 0.746155 1.7665
711000 0.263646 0.743164 0.751889 1.7587
712000 0.297365 0.738465 0.737902 1.77373
713000 0.256359 0.743095 0.766371 1.76583
714000 0.293512 0.736396 0.761481 1.79139
715000 0.274633 0.7597 0.751747 1.78608
716000 0.297688 0.749959 0.760627 1.80827
717000 0.266241 0.756989 0.761259 1.78449
718000 0.273516 0.723985 0.733826 1.73133
719000 0.302626 0.73603 0.749125 1.78778
720000 0.279008 0.749703 0.757457 1.78617
721000 0.260155 0.7556 0.76428 1.78003
722000 0.276085 0.751858 0.762167 1.79011
723000 0.288253 0.731702 0.763733 1.78369
724000 0.282924 0.735659 0.771265 1.78985
725000 0.282182 0.746309 0.761311 1.7898
726000 0.266937 0.767058 0.791244 1.82524
727000 0.277834 0.72195 0.771354 1.77114
728000 0.295667 0.758394 0.756431 1.81049
729000 0.277475 0.761584 0.788812 1.82787
730000 0.295516 0.737791 0.760737 1.79404
731000 0.272839 0.763841 0.778855 1.81554
732000 0.298851 0.766536 0.771585 1.83697
733000 0.27816 0.749046 0.787258 1.81446
734000 0.285974 0.75467 0.765663 1.80631
735000 0.27226 0.755521 0.787799 1.81558
736000 0.28374 0.754778 0.789967 1.82849
737000 0.29989 0.751259 0.766569 1.81772
738000 0.27485 0.757126 0.78905 1.82103
739000 0.270841 0.764481 0.770252 1.80557
740000 0.286165 0.755393 0.779842 1.8214
741000 0.287422 0.78547 0.778764 1.85166
742000 0.27438 0.781217 0.769538 1.82513
743000 0.272859 0.770328 0.78695 1.83014
744000 0.282829 0.766167 0.781493 1.83049
745000 0.325787 0.749555 0.765149 1.84049
746000 0.265813 0.769541 0.769922 1.80528
747000 0.292637 0.751184 0.761679 1.8055
748000 0.278589 0.766257 0.767078 1.81192
749000 0.272906 0.732122 0.808748 1.81378
750000 0.295893 0.759178 0.783849 1.83892
751000 0.261563 0.747454 0.802365 1.81138
752000 0.287071 0.760188 0.784037 1.8313
753000 0.301732 0.762716 0.798115 1.86256
754000 0.26696 0.763042 0.799216 1.82922
755000 0.304579 0.757912 0.785829 1.84832
756000 0.261133 0.761757 0.791682 1.81457
757000 0.297098 0.753278 0.767864 1.81824
758000 0.276454 0.742905 0.785346 1.8047
759000 0.273995 0.761834 0.810172 1.846
760000 0.280864 0.765489 0.77337 1.81972
761000 0.267489 0.75752 0.785658 1.81067
762000 0.31333 0.784083 0.77885 1.87626
763000 0.264193 0.77881 0.785296 1.8283
764000 0.307475 0.759273 0.774015 1.84076
765000 0.30459 0.772509 0.78765 1.86475
766000 0.281573 0.786341 0.800391 1.86831
767000 0.35091 0.786436 0.791479 1.92883
768000 0.262915 0.803262 0.811351 1.87753
769000 0.308394 0.790242 0.788433 1.88707
770000 0.301025 0.785734 0.789037 1.8758
771000 0.264855 0.772096 0.813604 1.85055
772000 0.331311 0.804913 0.803647 1.93987
773000 0.263905 0.790581 0.805807 1.86029
774000 0.349113 0.782664 0.769684 1.90146
775000 0.268532 0.781372 0.811034 1.86094
776000 0.283206 0.804997 0.825131 1.91333
777000 0.287278 0.784705 0.805532 1.87752
778000 0.274001 0.782059 0.812801 1.86886
779000 0.315626 0.782355 0.779931 1.87791
780000 0.292375 0.798817 0.811789 1.90298
781000 0.300781 0.776959 0.798795 1.87654
782000 0.29835 0.764914 0.802263 1.86553
783000 0.280565 0.787911 0.825719 1.89419
784000 0.319278 0.806048 0.800536 1.92586
785000 0.278739 0.813364 0.819747 1.91185
786000 0.280257 0.794036 0.799202 1.8735
787000 0.303208 0.803004 0.799708 1.90592
788000 0.276565 0.772425 0.820393 1.86938
789000 0.314928 0.820363 0.825641 1.96093
790000 0.27709 0.77827 0.804046 1.85941
791000 0.301969 0.81821 0.81159 1.93177
792000 0.298867 0.800865 0.830254 1.92999
793000 0.27972 0.801138 0.810134 1.89099
794000 0.325021 0.803945 0.790799 1.91977
795000 0.293507 0.812968 0.845708 1.95218
796000 0.284403 0.808004 0.804791 1.8972
797000 0.306648 0.802703 0.81105 1.9204
798000 0.285112 0.803349 0.829618 1.91808
799000 0.314637 0.814227 0.796477 1.92534
800000 0.3017 0.787329 0.868369 1.9574
801000 0.281002 0.79382 0.80556 1.88038
802000 0.295459 0.804196 0.834291 1.93395
803000 0.280019 0.812018 0.844168 1.93621
804000 0.300579 0.788332 0.829394 1.9183
805000 0.265648 0.795719 0.881958 1.94332
806000 0.330224 0.801359 0.821877 1.95346
807000 0.284763 0.798766 0.852761 1.93629
808000 0.29829 0.802151 0.850333 1.95077
809000 0.309712 0.819683 0.799205 1.9286
810000 0.285771 0.828808 0.855119 1.9697
811000 0.303593 0.824281 0.797414 1.92529
812000 0.298634 0.8317 0.821291 1.95163
813000 0.29726 0.832551 0.815529 1.94534
814000 0.306669 0.822414 0.799068 1.92815
815000 0.298134 0.81976 0.809224 1.92712
816000 0.273948 0.831458 0.815232 1.92064
817000 0.330099 0.833382 0.819572 1.98305
818000 0.283115 0.830208 0.807524 1.92085
819000 0.337777 0.844193 0.802485 1.98445
820000 0.299547 0.830726 0.796844 1.92712
821000 0.284874 0.836565 0.810232 1.93167
822000 0.329818 0.856359 0.812056 1.99823
823000 0.285152 0.848333 0.827658 1.96114
824000 0.352917 0.843293 0.814915 2.01112
825000 0.292393 0.85156 0.848756 1.99271
826000 0.332793 0.856416 0.822746 2.01196
827000 0.32766 0.852473 0.811335 1.99147
828000 0.293134 0.848898 0.833187 1.97522
829000 0.36473 0.843243 0.808821 2.01679
830000 0.301761 0.831452 0.830301 1.96351
831000 0.352122 0.84669 0.831359 2.03017
832000 0.300796 0.833487 0.835467 1.96975
833000 0.323688 0.868245 0.829817 2.02175
834000 0.334503 0.861646 0.868147 2.0643
835000 0.28661 0.836812 0.851095 1.97452
836000 0.375439 0.851525 0.830228 2.05719
837000 0.286975 0.86103 0.82657 1.97458
838000 0.334655 0.861045 0.843112 2.03881
839000 0.308544 0.867267 0.836681 2.01249
840000 0.321302 0.896779 0.860336 2.07842
841000 0.321309 0.84769 0.824417 1.99342
842000 0.306964 0.844371 0.82686 1.9782
843000 0.360483 0.859824 0.848614 2.06892
844000 0.293775 0.850245 0.834341 1.97836
845000 0.366811 0.879476 0.829822 2.07611
846000 0.316923 0.862636 0.825702 2.00526
847000 0.325636 0.86249 0.853348 2.04147
848000 0.332389 0.855083 0.846 2.03347
849000 0.306406 0.87029 0.845955 2.02265
850000 0.36943 0.88375 0.838169 2.09135
851000 0.316635 0.881807 0.838613 2.03705
852000 0.375118 0.860683 0.854576 2.09038
853000 0.337103 0.860402 0.859247 2.05675
854000 0.310122 0.887295 0.830092 2.02751
855000 0.371153 0.88223 0.840857 2.09424
856000 0.331088 0.871668 0.874027 2.07678
857000 0.35278 0.880738 0.841741 2.07526
858000 0.306712 0.855831 0.881554 2.0441
859000 0.327537 0.888984 0.845252 2.06177
860000 0.352361 0.866544 0.859649 2.07855
861000 0.315846 0.864727 0.877152 2.05773
862000 0.3618 0.901995 0.847384 2.11118
863000 0.334949 0.862411 0.886985 2.08435
864000 0.340119 0.875313 0.859617 2.07505
865000 0.363778 0.869519 0.85498 2.08828
866000 0.328251 0.878786 0.90806 2.1151
867000 0.378333 0.906433 0.874382 2.15915
868000 0.325211 0.871104 0.901445 2.09776
869000 0.350138 0.873799 0.89456 2.1185
870000 0.352876 0.898178 0.876208 2.12726
871000 0.317026 0.87086 0.888079 2.07596
872000 0.385572 0.909352 0.887544 2.18247
873000 0.324231 0.885312 0.931156 2.1407
874000 0.322482 0.866639 0.889405 2.07853
875000 0.340829 0.888715 0.89339 2.12293
876000 0.3232 0.895002 0.897465 2.11567
877000 0.419257 0.892551 0.874594 2.1864
878000 0.330805 0.912012 0.913295 2.15611
879000 0.335491 0.921365 0.889572 2.14643
880000 0.366555 0.92413 0.881019 2.1717
881000 0.32554 0.925577 0.900303 2.15142
882000 0.369109 0.94598 0.893884 2.20897
883000 0.327577 0.938013 0.918875 2.18447
884000 0.409315 0.914249 0.867873 2.19144
885000 0.33003 0.935294 0.911508 2.17683
886000 0.381743 0.977132 0.918654 2.27753
887000 0.341432 0.928396 0.88405 2.15388
888000 0.342406 0.921649 0.88279 2.14685
889000 0.406567 0.919872 0.879423 2.20586
890000 0.336032 0.945878 0.896477 2.17839
891000 0.429046 0.933807 0.887608 2.25046
892000 0.328393 0.913714 0.89396 2.13607
893000 0.367529 0.945621 0.894979 2.20813
894000 0.37463 0.91728 0.878615 2.17053
895000 0.335035 0.933029 0.914615 2.18268
896000 0.434232 0.953493 0.875621 2.26335
897000 0.336866 0.929408 0.88816 2.15444
898000 0.35531 0.931744 0.911416 2.19847
899000 0.369357 0.934119 0.894166 2.19764
900000 0.335116 0.925171 0.911004 2.17129
901000 0.391979 0.927567 0.886117 2.20566
902000 0.331878 0.924928 0.890198 2.147
903000 0.357842 0.926396 0.909535 2.19377
904000 0.349535 0.929943 0.886784 2.16626
905000 0.330655 0.954283 0.908105 2.19304
906000 0.384008 0.927486 0.882842 2.19434
907000 0.33602 0.925081 0.917752 2.17885
908000 0.389281 0.933467 0.928269 2.25102
909000 0.33756 0.949818 0.909579 2.19696
910000 0.346385 0.933761 0.935763 2.21591
911000 0.372897 0.961232 0.927552 2.26168
912000 0.330066 0.958387 0.925278 2.21373
913000 0.403047 0.933546 0.923649 2.26024
914000 0.324542 0.948606 0.913334 2.18648
915000 0.351105 0.967559 0.938234 2.2569
916000 0.355164 0.968803 0.935113 2.25908
917000 0.341258 0.9386 0.936983 2.21684
918000 0.401976 0.968267 0.952377 2.32262
919000 0.312845 0.953684 0.906626 2.17315
920000 0.385942 0.963247 0.941342 2.29053
921000 0.343836 0.959017 0.912546 2.2154
922000 0.356011 0.941466 0.913444 2.21092
923000 0.382465 0.93957 0.929366 2.2514
924000 0.332775 0.954245 0.913049 2.20007
925000 0.37865 0.954519 0.906206 2.23938
926000 0.324502 0.929728 0.930734 2.18496
927000 0.343878 0.949582 0.912439 2.2059
928000 0.354654 0.938605 0.906745 2.2
929000 0.329858 0.943815 0.903113 2.17679
930000 0.378759 0.950101 0.899405 2.22826
931000 0.344649 0.953614 0.909238 2.2075
932000 0.345194 0.96918 0.920267 2.23464
933000 0.389857 0.966644 0.916164 2.27267
934000 0.3575 0.959755 0.913772 2.23103
935000 0.357827 0.96783 0.9047 2.23036
936000 0.338743 0.975454 0.94179 2.25599
937000 0.37852 1.00017 0.95104 2.32973
938000 0.36637 0.967102 0.919877 2.25335
939000 0.359777 0.949031 0.943676 2.25248
940000 0.355362 0.950186 0.913143 2.21869
941000 0.342855 0.981316 0.917201 2.24137
942000 0.379339 0.97345 0.934039 2.28683
943000 0.367048 0.960536 0.919872 2.24746
944000 0.345624 0.959909 0.924005 2.22954
945000 0.371918 0.950543 0.92971 2.25217
946000 0.346109 0.982906 0.917458 2.24647
947000 0.365836 0.961002 0.925389 2.25223
948000 0.346858 0.965068 0.911703 2.22363
949000 0.349406 0.954718 0.923983 2.22811
950000 0.394762 0.987685 0.912973 2.29542
951000 0.331577 0.982007 0.920021 2.23361
952000 0.393276 0.948863 0.921043 2.26318
953000 0.352212 0.973504 0.913004 2.23872
954000 0.35163 0.982551 0.922433 2.25661
955000 0.379179 0.968477 0.916861 2.26452
956000 0.33471 0.969298 0.916434 2.22044
957000 0.437302 0.974168 0.930525 2.342
958000 0.343966 0.960091 0.932721 2.23678
959000 0.370977 0.956847 0.928924 2.25675
960000 0.372789 0.973625 0.927322 2.27374
961000 0.353115 0.977117 0.921021 2.25125
962000 0.367429 0.952209 0.928282 2.24792
963000 0.343552 0.974259 0.916035 2.23385
964000 0.353914 0.988299 0.933186 2.2754
965000 0.371895 0.978762 0.940059 2.29072
966000 0.345298 0.946094 0.939529 2.23092
967000 0.411452 0.964086 0.942064 2.3176
968000 0.351171 0.96416 0.916331 2.23166
969000 0.405999 0.957622 0.944658 2.30828
970000 0.377987 0.94775 0.944869 2.27061
971000 0.339176 0.954166 0.937785 2.23113
972000 0.391771 0.974754 0.925896 2.29242
973000 0.330606 1.0039 0.913315 2.24783
974000 0.378947 0.963713 0.984838 2.3275
975000 0.363944 0.966862 0.925578 2.25638
976000 0.333398 0.963112 0.947519 2.24403
977000 0.398616 0.974909 0.952798 2.32632
978000 0.350232 0.978656 0.918842 2.24773
979000 0.360676 0.972013 0.969433 2.30212
980000 0.366742 0.969901 0.922701 2.25934
981000 0.341691 0.972426 0.941124 2.25524
982000 0.416436 0.965087 0.95688 2.3384
983000 0.368888 0.957981 0.932811 2.25968
984000 0.375251 0.98359 1.00907 2.36791
985000 0.369543 0.978305 0.935675 2.28352
986000 0.357411 0.970589 0.954126 2.28213
987000 0.400458 0.96658 0.947522 2.31456
988000 0.354365 0.963067 0.923203 2.24063
989000 0.379189 0.974318 0.980621 2.33413
990000 0.355887 0.974625 0.941098 2.27161
991000 0.361106 0.989727 0.983927 2.33476
992000 0.413972 0.96588 0.938047 2.3179
993000 0.340564 0.965994 0.938869 2.24543
994000 0.387087 0.990389 0.965851 2.34333
995000 0.358758 0.979401 0.935316 2.27347
996000 0.363132 1.00119 0.991923 2.35625
997000 0.419045 0.969558 0.943772 2.33237
998000 0.357378 0.972245 0.958189 2.28781
999000 0.432412 0.973572 0.94612 2.3521
1000000 0.354736 0.982377 0.939006 2.27612
1001000 0.410236 1.00695 1.02718 2.44437
1002000 0.379962 0.970875 0.942172 2.29301
1003000 0.356124 0.983499 0.955442 2.29506
1004000 0.396466 0.994217 0.949063 2.33975
1005000 0.373065 0.980487 0.955165 2.30872
1006000 0.409941 0.967907 0.990568 2.36842
1007000 0.345093 0.99731 0.965939 2.30834
1008000 0.389013 0.980879 0.957551 2.32744
1009000 0.426596 0.994111 0.933991 2.3547
1010000 0.384373 0.988947 0.936069 2.30939
1011000 0.443451 1.01281 0.986488 2.44275
1012000 0.376529 0.988883 0.95744 2.32285
1013000 0.380517 0.969315 0.975805 2.32564
1014000 0.414817 0.988248 0.944518 2.34758
1015000 0.363105 0.967072 0.965405 2.29558
1016000 0.436604 0.967826 0.972293 2.37672
1017000 0.364913 0.974765 0.954807 2.29448
1018000 0.416892 0.968545 0.994396 2.37983
1019000 0.404707 0.970533 0.937328 2.31257
1020000 0.384483 0.954727 0.972386 2.3116
1021000 0.478422 1.00176 0.996539 2.47672
1022000 0.373318 0.954964 0.944664 2.27295
1023000 0.423343 0.981901 0.976843 2.38209
1024000 0.393258 0.980173 0.961262 2.33469
1025000 0.382751 0.955763 0.967386 2.3059
1026000 0.421986 1.01111 0.979794 2.41289
1027000 0.36924 0.993075 0.957984 2.3203
1028000 0.466575 0.975397 0.989895 2.43187
1029000 0.378877 0.988674 0.956222 2.32377
1030000 0.399136 0.966465 0.958711 2.32431
