         941
Lattice="  38.7200   0.0000   0.0000   0.0000  38.7200   0.0000   0.0000   0.0000   7.0400 " Time=0.000E+00  Step=0  Energy=-4167.832  Barrier=0.000
Ni     0.88484497    0.88432223    2.64000000       1
Ni     2.64780275    0.88568873    0.87999506       2
Ni     4.40993910    0.88742097    2.64000000       3
Ni     6.16932163    0.88746054    0.88000493       4
Ni     7.92609535    0.88424883    2.64000000       5
Ni     9.68499618    0.88439178    0.87757473       6
Ni    11.44363898    0.88352643    2.64000000       7
Ni    13.19975865    0.88645349    0.88005861       8
Ni    16.71824108    0.88466888    0.88000198       9
Ni    14.95787560    0.88636723    2.64000000      10
Ni    18.47871896    0.88348938    2.64000000      11
Ni     0.88494986    2.64578891    0.87991023      12
Ni     0.88536722    4.40651762    2.64000000      13
Ni     4.41143925    2.64972009    0.88000303      14
Ni     2.64849208    4.40796999    0.87953668      15
Ni     2.64780046    2.64696492    2.64000000      16
Ni     4.41018511    4.40934210    2.64000000      17
Ni     6.17627823    4.41454725    0.88081198      18
Ni     6.17439266    2.65343292    2.64000000      19
Ni     7.93157689    2.65213720    0.88069590      20
Ni     7.94214310    4.42172709    2.64000000      21
Ni    11.44131468    2.65112611    0.88092896      22
Ni     9.68963605    4.42193776    0.89312656      23
Ni     9.68659296    2.63779049    2.64000000      24
Ni    11.43469323    4.42213423    2.64000000      25
Ni    13.19948901    4.41261715    0.88112426      26
Ni    13.19689711    2.65187505    2.64000000      27
Ni    14.95826624    2.64763662    0.88005515      28
Ni    16.72026840    4.40645868    0.87949908      29
Ni    14.96253381    4.40718092    2.64000000      30
Ni    16.71944538    2.64517224    2.64000000      31
Ni    18.47907755    2.64455854    0.87990036      32
Ni    18.47915062    4.40592582    2.64000000      33
Ni     0.88522772    6.16629626    0.88022282      34
Ni     4.41231503    6.17043783    0.87740680      35
Ni     2.64985344    6.16799040    2.64000000      36
Ni     6.16488435    6.17281575    2.64000000      37
Ni     7.94838349    6.17495548    0.89506231      38
Ni    11.43790583    6.17536130    0.89587632      39
NiV   13.23309157   18.48000000    4.40000000      40
Ni    13.21727643    6.17285940    2.64000000      41
Ni    14.96375335    6.16999940    0.87724449      42
Ni    16.72038473    6.16824475    2.64000000      43
Ni    18.47967694    6.16758278    0.88025417      44
Ni     0.88554953    7.92526462    2.64000000      45
Ni     2.64934290    7.92698966    0.87951159      46
Ni     4.41242601    7.93019604    2.64000000      47
Ni     6.18116594    7.93004901    0.88116866      48
Ni     7.95156260    7.92536949    2.64000000      49
Ni     9.69937697    7.92986907    0.89325353      50
Ni    11.44719771    7.93147348    2.64000000      51
Ni    13.20857555    7.93512666    0.88082414      52
Ni    16.72239447    7.93070408    0.87950415      53
Ni    14.96772019    7.93462610    2.64000000      54
Ni    18.47942469    7.92962234    2.64000000      55
Ni     0.88518606    9.68377961    0.87990076      56
Ni     0.88496299   11.44210381    2.64000000      57
Ni     4.41527929    9.68624680    0.88006449      58
Ni     2.64894525   11.44238300    0.88000385      59
Ni     2.64905934    9.68512391    2.64000000      60
Ni     4.41371879   11.44342906    2.64000000      61
Ni     6.17753922   11.44786252    0.88009875      62
Ni     6.18264177    9.68704673    2.64000000      63
Ni     7.94420122    9.69401054    0.88109907      64
Ni     7.94069179   11.45730462    2.64000000      65
Ni    11.46131088    9.70264524    0.88056387      66
Ni     9.70653799   11.46388832    0.87745857      67
Ni     9.70411073    9.71331437    2.64000000      68
Ni    11.47093172   11.47080574    2.64000000      69
Ni    13.22942441   11.47208127    0.87996923      70
Ni    13.21656192    9.70169290    2.64000000      71
Ni    14.97158668    9.70042642    0.88000478      72
Ni    16.73243346   11.46505710    0.87998777      73
Ni    14.98462562   11.47274216    2.64000000      74
Ni    16.72459329    9.69496101    2.64000000      75
Ni    18.47970308    9.69142678    0.87988251      76
NiV   18.48000000   11.45140102    2.64000000      77
Ni     0.88472232   13.20058576    0.88000164      78
Ni     4.41015815   13.20242980    0.88001647      79
Ni     2.64756936   13.20073204    2.64000000      80
Ni     6.17301678   13.20661977    2.64000000      81
Ni     7.93857044   13.21236045    0.87951127      82
Ni    11.47410597   13.23047762    0.87956732      83
Ni     9.70645129   13.22009742    2.64000000      84
Ni    13.23936849   13.23897820    2.64000000      85
NiV   14.99952054   13.24395097    0.88000000      86
NiV   16.75454134   13.24254051    2.64000000      87
NiV   18.48000000   13.23309157    0.88000000      88
Ni     0.88331589   16.71957830    0.88000150      89
Ni     0.88408026   14.95979827    2.64000000      90
Ni     2.64582548   14.96020980    0.88000463      91
Ni     4.40606438   16.72066962    0.87997776      92
Ni     4.40747065   14.96161071    2.64000000      93
Ni     2.64461170   16.71996734    2.64000000      94
Ni     6.16991484   14.96370696    0.87990032      95
Ni     6.16795187   16.72155715    2.64000000      96
Ni     7.93049117   16.72289694    0.88008547      97
Ni     7.93415574   14.96686125    2.64000000      98
Ni     9.70207658   14.97385376    0.88024331      99
Ni    11.46552262   16.73340653    0.88008454     100
Ni    11.47435127   14.98610459    2.64000000     101
Ni     9.69481765   16.72517370    2.64000000     102
NiV   13.24395097   14.99952054    0.88000000     103
NiV   13.24254051   16.75454134    2.64000000     104
NiV   16.75857422   14.99837258    0.88000000     105
NiV   14.99837258   16.75857422    0.88000000     106
NiV   15.00767448   15.00767448    2.64000000     107
Ni     0.88276288   18.47949956    2.64000000     108
Ni     2.64401998   18.47965276    0.87999438     109
Ni     4.40546541   18.47983472    2.64000000     110
Ni     6.16723136   18.48002895    0.88002466     111
Ni     7.92937617   18.48015009    2.64000000     112
Ni     9.69125718   18.48012112    0.87998774     113
NiV   11.45140102   18.48000000    2.64000000     114
NiV   13.23309157   18.48000000    0.88000000     115
Ni     0.88505408    0.88449612    6.16000000     116
Ni     2.64780275    0.88568873    4.40000494     117
Ni     4.40943364    0.88690694    6.16000000     118
Ni     6.16932163    0.88746054    4.39999507     119
Ni     7.92779758    0.88737838    6.16000000     120
Ni     9.68499618    0.88439178    4.40242527     121
Ni    11.44200338    0.88680102    6.16000000     122
Ni    13.19975865    0.88645349    4.39994139     123
Ni    16.71824108    0.88466888    4.39999802     124
Ni    14.95846483    0.88576269    6.16000000     125
Ni    18.47848345    0.88368083    6.16000000     126
Ni     0.88494986    2.64578891    4.40008977     127
Ni     0.88477861    4.40638382    6.16000000     128
Ni     4.41143925    2.64972009    4.39999697     129
Ni     2.64849208    4.40796999    4.40046332     130
Ni     2.64858385    2.64754617    6.16000000     131
Ni     4.41353545    4.41112925    6.16000000     132
Ni     6.17627823    4.41454725    4.39918802     133
Ni     6.17283375    2.65187748    6.16000000     134
Ni     7.93157689    2.65213720    4.39930410     135
Ni     7.93699793    4.41724548    6.16000000     136
Ni    11.44131468    2.65112611    4.39907104     137
Ni     9.68963605    4.42193776    4.38687344     138
Ni     9.68680760    2.65655577    6.16000000     139
Ni    11.44161388    4.41608044    6.16000000     140
Ni    13.19948901    4.41261715    4.39887574     141
Ni    13.19882682    2.64995924    6.16000000     142
Ni    14.95826624    2.64763662    4.39994485     143
Ni    16.72026840    4.40645868    4.40050092     144
Ni    14.95891275    4.40897678    6.16000000     145
Ni    16.71857421    2.64579146    6.16000000     146
Ni    18.47907755    2.64455854    4.40009964     147
Ni    18.47980186    4.40576255    6.16000000     148
Ni     0.88522772    6.16629626    4.39977718     149
Ni     4.41231503    6.17043783    4.40259320     150
Ni     2.64813067    6.16800954    6.16000000     151
Ni     6.18477586    6.17314130    6.16000000     152
Ni     7.94838349    6.17495548    4.38493769     153
Ni    11.43790583    6.17536130    4.38412368     154
Ni     9.69434615    6.17603908    6.16000000     155
Ni    13.19676680    6.17271020    6.16000000     156
Ni    14.96375335    6.16999940    4.40275551     157
Ni    16.72228259    6.16819758    6.16000000     158
Ni    18.47967694    6.16758278    4.39974583     159
Ni     0.88494161    7.92541131    6.16000000     160
Ni     2.64934290    7.92698966    4.40048841     161
Ni     4.41603655    7.92848340    6.16000000     162
Ni     6.18116594    7.93004901    4.39883134     163
Ni     7.94413135    7.93206108    6.16000000     164
Ni     9.69937697    7.92986907    4.38674647     165
Ni    11.45193868    7.93531828    6.16000000     166
Ni    13.20857555    7.93512666    4.39917586     167
Ni    16.72239447    7.93070408    4.40049585     168
Ni    14.96432379    7.93277269    6.16000000     169
Ni    18.48006396    7.92975297    6.16000000     170
Ni     0.88518606    9.68377961    4.40009924     171
Ni     0.88519955   11.44191723    6.16000000     172
Ni     4.41527929    9.68624680    4.39993551     173
Ni     2.64894525   11.44238300    4.39999615     174
Ni     2.64993698    9.68452560    6.16000000     175
Ni     4.41310347   11.44406749    6.16000000     176
Ni     6.17753922   11.44786252    4.39990125     177
Ni     6.18058387    9.68910468    6.16000000     178
Ni     7.94420122    9.69401054    4.39890093     179
Ni     7.94233241   11.45390179    6.16000000     180
Ni    11.46131088    9.70264524    4.39943613     181
Ni     9.70653799   11.46388832    4.40254143     182
Ni     9.70361370    9.69429310    6.16000000     183
Ni    11.46924100   11.46779862    6.16000000     184
Ni    13.22942441   11.47208127    4.40003077     185
Ni    13.21801803    9.70307345    6.16000000     186
Ni    14.97158668    9.70042642    4.39999522     187
Ni    16.73243346   11.46505710    4.40001223     188
Ni    14.98504088   11.47317985    6.16000000     189
Ni    16.72383562    9.69441400    6.16000000     190
Ni    18.47970308    9.69142678    4.40011749     191
NiV   18.48000000   11.45140102    6.16000000     192
Ni     0.88472232   13.20058576    4.39999836     193
Ni     4.41015815   13.20242980    4.39998353     194
Ni     2.64737168   13.20093651    6.16000000     195
Ni     6.17359352   13.20577777    6.16000000     196
Ni     7.93857044   13.21236045    4.40048873     197
Ni    11.47410597   13.23047762    4.40043268     198
Ni     9.70644033   13.22186743    6.16000000     199
Ni    13.23890070   13.23839744    6.16000000     200
NiV   14.99952054   13.24395097    4.40000000     201
NiV   16.75454134   13.24254051    6.16000000     202
NiV   18.48000000   13.23309157    4.40000000     203
Ni     0.88331589   16.71957830    4.39999850     204
Ni     0.88401653   14.95986363    6.16000000     205
Ni     2.64582548   14.96020980    4.39999537     206
Ni     4.40606438   16.72066962    4.40002224     207
Ni     2.64466792   16.71989839    6.16000000     208
Ni     4.40765138   14.96137772    6.16000000     209
Ni     6.16991484   14.96370696    4.40009968     210
Ni     6.16787446   16.72174513    6.16000000     211
Ni     7.93049117   16.72289694    4.39991453     212
Ni     7.93400417   14.96747695    6.16000000     213
Ni     9.70207658   14.97385376    4.39975669     214
Ni     9.69484024   16.72508904    6.16000000     215
Ni    11.46552262   16.73340653    4.39991546     216
Ni    11.47449973   14.98664954    6.16000000     217
NiV   13.24254051   16.75454134    6.16000000     218
NiV   13.24395097   14.99952054    4.40000000     219
NiV   16.75857422   14.99837258    4.40000000     220
NiV   14.99837258   16.75857422    4.40000000     221
NiV   15.00767448   15.00767448    6.16000000     222
Ni     0.88278044   18.47947842    6.16000000     223
Ni     2.64401998   18.47965276    4.40000562     224
Ni     4.40543577   18.47989165    6.16000000     225
Ni     6.16723136   18.48002895    4.39997534     226
Ni     7.92939136   18.48007971    6.16000000     227
NiV   11.45140102   18.48000000    6.16000000     228
Ni     9.69125718   18.48012112    4.40001226     229
Ni     0.88249923   20.23933763    0.87999850     230
Ni     4.40554887   20.23893076    0.88000670     231
Ni     2.64390305   20.23922168    2.64000000     232
Ni     6.16761458   20.23835868    2.64000000     233
Ni     7.93033974   20.23731582    0.87999063     234
Ni    11.46547478   20.22674868    0.87999960     235
Ni     9.69476629   20.23510885    2.64000000     236
NiV   13.24254051   20.20545866    2.64000000     237
NiV   14.99837258   20.20142578    0.88000000     238
Ni     0.88274149   23.75844096    0.88000041     239
Ni     0.88249810   21.99900650    2.64000000     240
Ni     2.64422112   21.99857040    0.88000192     241
Ni     4.40780079   23.75590807    0.87999885     242
Ni     4.40633664   21.99767661    2.64000000     243
Ni     2.64495930   23.75758808    2.64000000     244
Ni     6.16921644   21.99605322    0.87999615     245
Ni     6.17184169   23.75292034    2.64000000     246
Ni     7.93790487   23.74769543    0.88000088     247
Ni     7.93372928   21.99299206    2.64000000     248
Ni     9.70186543   21.98644963    0.88000025     249
Ni    11.47385387   23.72988328    0.88000007     250
Ni    11.47427999   21.97387819    2.64000000     251
Ni     9.70605478   23.73945308    2.64000000     252
NiV   13.24395097   21.96047946    0.88000000     253
Ni    13.23915929   23.72120211    2.64000000     254
NiV   16.75857422   21.96162742    0.88000000     255
NiV   14.99952054   23.71604903    0.88000000     256
NiV   15.00767448   21.95232552    2.64000000     257
NiV   16.75454134   23.71745949    2.64000000     258
NiV   18.48000000   23.72690843    0.88000000     259
Ni     0.88319190   25.51762627    2.64000000     260
Ni     2.64600213   25.51628830    0.87999920     261
Ni     4.40957667   25.51378082    2.64000000     262
Ni     6.17431082   25.50970556    0.88000085     263
Ni     7.94014414   25.50385632    2.64000000     264
Ni     9.70593811   25.49702298    0.88000033     265
Ni    11.47005591   25.49076279    2.64000000     266
Ni    13.23075982   25.48677914    0.88000032     267
Ni    16.73343061   25.49475585    0.87999965     268
Ni    14.98654608   25.48611166    2.64000000     269
NiV   18.48000000   25.50859898    2.64000000     270
Ni     0.88374384   27.27667479    0.88000035     271
Ni     4.41094190   27.27189749    0.87999902     272
Ni     2.64704228   27.27491867    2.64000000     273
Ni     6.17539369   27.26764628    2.64000000     274
Ni     7.93978111   27.26268128    0.88000033     275
Ni    11.46393876   27.25502701    0.88000036     276
Ni     9.70303626   27.25805007    2.64000000     277
Ni    13.22136631   27.25478023    2.64000000     278
Ni    14.97418944   27.25883874    0.87999892     279
Ni    16.72533074   27.26581230    2.64000000     280
Ni    18.48008436   27.26925885    0.88000034     281
Ni     0.88450684   30.79557428    0.87999864     282
Ni     0.88422847   29.03586487    2.64000000     283
Ni     2.64769056   29.03394016    0.88000176     284
Ni     4.41069450   30.79129552    0.88000601     285
Ni     4.41132780   29.03094970    2.64000000     286
Ni     2.64774388   30.79380495    2.64000000     287
Ni     6.17481239   29.02734090    0.87999659     288
Ni     6.17299063   30.78866571    2.64000000     289
Ni     7.93413208   30.78667016    0.87999225     290
Ni     7.93747824   29.02385376    2.64000000     291
Ni     9.69851647   29.02142731    0.87999872     292
Ni    11.45142628   30.78695465    0.87999236     293
Ni    11.45720913   29.02096320    2.64000000     294
Ni     9.69365776   30.78595059    2.64000000     295
Ni    13.21321699   29.02312153    0.87999679     296
Ni    13.20801325   30.78938683    2.64000000     297
Ni    16.72315644   29.03062513    0.88000165     298
Ni    14.96461723   30.79206793    0.88000608     299
Ni    14.96772914   29.02724042    2.64000000     300
Ni    16.72197669   30.79380078    2.64000000     301
Ni    18.47988366   30.79438442    0.87999857     302
Ni    18.48004103   29.03166274    2.64000000     303
Ni     0.88458495   32.55613278    2.64000000     304
Ni     2.64731570   32.55473936    0.87999503     305
Ni     4.40943193   32.55291949    2.64000000     306
Ni     6.17063038   32.55123637    0.88002181     307
Ni     7.93068073   32.55031471    2.64000000     308
Ni     9.68950375   32.55057720    0.87999407     309
Ni    11.44738566   32.55185755    2.64000000     310
Ni    13.20496364   32.55371146    0.88002228     311
Ni    16.72106952   32.55641641    0.87999471     312
Ni    14.96280387   32.55537132    2.64000000     313
Ni    18.47959806   32.55683495    2.64000000     314
Ni     0.88462889   34.31767421    0.88000100     315
Ni     0.88477530   36.07996621    2.64000000     316
Ni     4.40810430   34.31554120    0.87998081     317
Ni     2.64666552   36.07970317    0.88000127     318
Ni     2.64678023   34.31674891    2.64000000     319
Ni     4.40732680   36.07890816    2.64000000     320
Ni     6.16712549   36.07827070    0.87991571     321
Ni     6.16849190   34.31462510    2.64000000     322
Ni     7.92789443   34.31422557    0.88007662     323
Ni     7.92625912   36.07826642    2.64000000     324
Ni    11.44486242   34.31571275    0.88007792     325
Ni     9.68490763   36.07824746    0.88021125     326
Ni     9.68657446   34.31466050    2.64000000     327
Ni    11.44339778   36.07912698    2.64000000     328
Ni    13.20197720   36.07967750    0.87990962     329
Ni    13.20309975   34.31700499    2.64000000     330
Ni    14.96157036   34.31801474    0.87997922     331
Ni    16.71934559   36.08106766    0.88000352     332
Ni    14.96060052   36.08044721    2.64000000     333
Ni    16.72025426   34.31875494    2.64000000     334
Ni    18.47916180   34.31905171    0.88000142     335
Ni    18.47865865   36.08101843    2.64000000     336
Ni     0.88490297   37.84237647    0.88000019     337
Ni     4.40792168   37.84309532    0.87999800     338
Ni     2.64719808   37.84305704    2.64000000     339
Ni     6.16690053   37.84206642    2.64000000     340
Ni     7.92578542   37.84167245    0.87957254     341
Ni    11.44290656   37.84174092    0.87955664     342
Ni     9.68438780   37.84228050    2.64000000     343
Ni    13.20135706   37.84219201    2.64000000     344
Ni    14.95935396   37.84330936    0.88000904     345
Ni    16.71841491   37.84326891    2.64000000     346
Ni    18.47842363   37.84250799    0.88000105     347
Ni     0.88249923   20.23933763    4.40000150     348
Ni     4.40554887   20.23893076    4.39999330     349
Ni     2.64389258   20.23923924    6.16000000     350
Ni     6.16762442   20.23832955    6.16000000     351
Ni     7.93033974   20.23731582    4.40000937     352
Ni    11.46547478   20.22674868    4.40000040     353
Ni     9.69476218   20.23511213    6.16000000     354
NiV   13.24254051   20.20545866    6.16000000     355
NiV   14.99837258   20.20142578    4.40000000     356
Ni     0.88274149   23.75844096    4.39999959     357
Ni     0.88249443   21.99901180    6.16000000     358
Ni     2.64422112   21.99857040    4.39999808     359
Ni     4.40780079   23.75590807    4.40000115     360
Ni     4.40634117   21.99766630    6.16000000     361
Ni     2.64496089   23.75758404    6.16000000     362
Ni     6.16921644   21.99605322    4.40000385     363
Ni     6.17184052   23.75292418    6.16000000     364
Ni     7.93790487   23.74769543    4.39999912     365
Ni     7.93372719   21.99299859    6.16000000     366
Ni     9.70186543   21.98644963    4.39999975     367
Ni    11.47385387   23.72988328    4.39999993     368
Ni    11.47427966   21.97387824    6.16000000     369
Ni     9.70605500   23.73945356    6.16000000     370
NiV   13.24395097   21.96047946    4.40000000     371
Ni    13.23915913   23.72120216    6.16000000     372
NiV   16.75857422   21.96162742    4.40000000     373
NiV   14.99952054   23.71604903    4.40000000     374
NiV   15.00767448   21.95232552    6.16000000     375
NiV   16.75454134   23.71745949    6.16000000     376
NiV   18.48000000   23.72690843    4.40000000     377
Ni     0.88319309   25.51762610    6.16000000     378
Ni     2.64600213   25.51628830    4.40000080     379
Ni     4.40957570   25.51378118    6.16000000     380
Ni     6.17431082   25.50970556    4.39999915     381
Ni     7.94014430   25.50385576    6.16000000     382
Ni     9.70593811   25.49702298    4.39999967     383
Ni    11.47005598   25.49076269    6.16000000     384
Ni    13.23075982   25.48677914    4.39999968     385
Ni    16.73343061   25.49475585    4.40000035     386
Ni    14.98654630   25.48611070    6.16000000     387
NiV   18.48000000   25.50859898    6.16000000     388
Ni     0.88374384   27.27667479    4.39999965     389
Ni     4.41094190   27.27189749    4.40000098     390
Ni     2.64704344   27.27492230    6.16000000     391
Ni     6.17539325   27.26764335    6.16000000     392
Ni     7.93978111   27.26268128    4.39999967     393
Ni    11.46393876   27.25502701    4.39999964     394
Ni     9.70303630   27.25804833    6.16000000     395
Ni    13.22136691   27.25477791    6.16000000     396
Ni    14.97418944   27.25883874    4.40000108     397
Ni    16.72532948   27.26581507    6.16000000     398
Ni    18.48008436   27.26925885    4.39999966     399
Ni     0.88450684   30.79557428    4.40000136     400
Ni     0.88422534   29.03586034    6.16000000     401
Ni     2.64769056   29.03394016    4.39999824     402
Ni     4.41069450   30.79129552    4.39999399     403
Ni     4.41133134   29.03095840    6.16000000     404
Ni     2.64773506   30.79378967    6.16000000     405
Ni     6.17481239   29.02734090    4.40000341     406
Ni     6.17299782   30.78869028    6.16000000     407
Ni     7.93413208   30.78667016    4.40000775     408
Ni     7.93747793   29.02385068    6.16000000     409
Ni     9.69851647   29.02142731    4.40000128     410
Ni    11.45142628   30.78695465    4.40000764     411
Ni    11.45720965   29.02096025    6.16000000     412
Ni     9.69365787   30.78595784    6.16000000     413
Ni    13.21321699   29.02312153    4.40000321     414
Ni    13.20800569   30.78941143    6.16000000     415
Ni    16.72315644   29.03062513    4.39999835     416
Ni    14.96461723   30.79206793    4.39999392     417
Ni    14.96772563   29.02724923    6.16000000     418
Ni    16.72198607   30.79378482    6.16000000     419
Ni    18.47988366   30.79438442    4.40000143     420
Ni    18.48004426   29.03165783    6.16000000     421
Ni     0.88460035   32.55615118    6.16000000     422
Ni     2.64731570   32.55473936    4.40000497     423
Ni     4.40940711   32.55286986    6.16000000     424
Ni     6.17063038   32.55123637    4.39997819     425
Ni     7.93069072   32.55037193    6.16000000     426
Ni     9.68950375   32.55057720    4.40000593     427
Ni    11.44737474   32.55191512    6.16000000     428
Ni    13.20496364   32.55371146    4.39997772     429
Ni    16.72106952   32.55641641    4.40000529     430
Ni    14.96283023   32.55531930    6.16000000     431
Ni    18.47958151   32.55685508    6.16000000     432
Ni     0.88462889   34.31767421    4.39999900     433
Ni     0.88471983   36.07990996    6.16000000     434
Ni     4.40810430   34.31554120    4.40001919     435
Ni     2.64666552   36.07970317    4.39999873     436
Ni     2.64683050   34.31680894    6.16000000     437
Ni     4.40749405   36.07911132    6.16000000     438
Ni     6.16712549   36.07827070    4.40008429     439
Ni     6.16842831   34.31445926    6.16000000     440
Ni     7.92789443   34.31422557    4.39992338     441
Ni     7.92613236   36.07771635    6.16000000     442
Ni    11.44486242   34.31571275    4.39992208     443
Ni     9.68490763   36.07824746    4.39978875     444
Ni     9.68657401   34.31472145    6.16000000     445
Ni    11.44353686   36.07856380    6.16000000     446
Ni    13.20197720   36.07967750    4.40009038     447
Ni    13.20316775   34.31683254    6.16000000     448
Ni    14.96157036   34.31801474    4.40002078     449
Ni    16.71934559   36.08106766    4.39999648     450
Ni    14.96042646   36.08066770    6.16000000     451
Ni    16.72020092   34.31882035    6.16000000     452
Ni    18.47916180   34.31905171    4.39999858     453
Ni    18.47872059   36.08095467    6.16000000     454
Ni     0.88490297   37.84237647    4.39999981     455
Ni     4.40792168   37.84309532    4.40000200     456
Ni     2.64702890   37.84288503    6.16000000     457
Ni     6.16745511   37.84281345    6.16000000     458
Ni     7.92578542   37.84167245    4.40042746     459
Ni     9.68440999   37.84064767    6.16000000     460
Ni    11.44290656   37.84174092    4.40044336     461
Ni    13.20079696   37.84299322    6.16000000     462
Ni    16.71860597   37.84307163    6.16000000     463
Ni    14.95935396   37.84330936    4.39999096     464
Ni    18.47842363   37.84250799    4.39999895     465
Ni    20.23867868    0.88303472    0.87997778     466
Ni    23.75791044    0.88298751    0.88000708     467
Ni    21.99841271    0.88288590    2.64000000     468
Ni    25.51711297    0.88330703    2.64000000     469
Ni    27.27614784    0.88371764    0.87999878     470
Ni    30.79493698    0.88410920    0.87999897     471
Ni    29.03529945    0.88403467    2.64000000     472
Ni    32.55538325    0.88393216    2.64000000     473
Ni    34.31679331    0.88365736    0.88000623     474
Ni    36.07908521    0.88352088    2.64000000     475
Ni    37.84190102    0.88370477    0.87998028     476
Ni    20.23855282    4.40590118    0.88009296     477
Ni    20.23865113    2.64435041    2.64000000     478
Ni    21.99812498    2.64453667    0.88002629     479
Ni    23.75558580    4.40797640    0.87999028     480
Ni    21.99735332    4.40660689    2.64000000     481
Ni    23.75717841    2.64516647    2.64000000     482
Ni    25.51588023    2.64609775    0.87999591     483
Ni    25.51347959    4.40964847    2.64000000     484
Ni    27.27160314    4.41090769    0.88000057     485
Ni    27.27450918    2.64701320    2.64000000     486
Ni    29.03350335    2.64751792    0.88000082     487
Ni    30.79094261    4.41040344    0.88000043     488
Ni    29.03064352    4.41117868    2.64000000     489
Ni    30.79329653    2.64739102    2.64000000     490
Ni    32.55411133    2.64672697    0.87999640     491
Ni    32.55245906    4.40894261    2.64000000     492
Ni    36.07855911    2.64521730    0.88002321     493
Ni    34.31493498    4.40734735    0.87999168     494
Ni    34.31592060    2.64585987    2.64000000     495
Ni    36.07802509    4.40616659    2.64000000     496
Ni    37.84152052    4.40582024    0.88008240     497
Ni    37.84176265    2.64516494    2.64000000     498
Ni    20.23806006    6.16793175    2.64000000     499
Ni    21.99578208    6.16943951    0.87999175     500
Ni    23.75270425    6.17197156    2.64000000     501
Ni    25.50950905    6.17435691    0.87999842     502
Ni    27.26745322    6.17535444    2.64000000     503
Ni    29.02714210    6.17467860    0.88000059     504
Ni    30.78845857    6.17274759    2.64000000     505
Ni    32.55097643    6.17024186    0.87999856     506
Ni    36.07776866    6.16623846    0.87999414     507
Ni    34.31420421    6.16787861    2.64000000     508
Ni    37.84142968    6.16567243    2.64000000     509
Ni    20.23704209    7.93057458    0.88009067     510
Ni    23.74756771    7.93798724    0.87998954     511
Ni    21.99285579    7.93387860    2.64000000     512
Ni    25.50374509    7.94016782    2.64000000     513
Ni    27.26257727    7.93973939    0.88000050     514
Ni    30.78655682    7.93391566    0.88000044     515
Ni    29.02374576    7.93735755    2.64000000     516
Ni    32.55022150    7.93035100    2.64000000     517
Ni    34.31409032    7.92741134    0.87999175     518
Ni    36.07781423    7.92552432    2.64000000     519
Ni    37.84149588    7.92482185    0.88008421     520
Ni    20.22670738   11.46547806    0.88000676     521
Ni    20.23484567    9.69480614    2.64000000     522
Ni    21.98636384    9.70193220    0.88002855     523
Ni    23.72986944   11.47387398    0.88000408     524
Ni    21.97382521   11.47428323    2.64000000     525
Ni    23.73941411    9.70610325    2.64000000     526
Ni    25.49697982    9.70594781    0.87999489     527
Ni    25.49076836   11.47006028    2.64000000     528
Ni    27.25503762   11.46390279    0.87999893     529
Ni    27.25801012    9.70299499    2.64000000     530
Ni    29.02139324    9.69840820    0.88000092     531
Ni    30.78697840   11.45125818    0.87999899     532
Ni    29.02097952   11.45711550    2.64000000     533
Ni    30.78592412    9.69346408    2.64000000     534
Ni    32.55055108    9.68920463    0.87999642     535
Ni    32.55191237   11.44712060    2.64000000     536
Ni    36.07828101    9.68430207    0.88002433     537
Ni    34.31575850   11.44448235    0.88000662     538
Ni    34.31466686    9.68614620    2.64000000     539
Ni    36.07895540   11.44291658    2.64000000     540
Ni    37.84188364   11.44216787    0.87997769     541
Ni    37.84173521    9.68351765    2.64000000     542
NiV   20.20545866   13.24254051    2.64000000     543
NiV   21.96047946   13.24395097    0.88000000     544
Ni    23.72120534   13.23916156    2.64000000     545
Ni    25.48680358   13.23076134    0.88000083     546
Ni    27.25482053   13.22134082    2.64000000     547
Ni    29.02316957   13.21314648    0.87999932     548
Ni    30.78944352   13.20788295    2.64000000     549
Ni    32.55374474   13.20476874    0.88000188     550
Ni    36.07957286   13.20167065    0.87999445     551
Ni    34.31692720   13.20286156    2.64000000     552
Ni    37.84205850   13.20096534    2.64000000     553
NiV   20.20142578   14.99837258    0.88000000     554
NiV   23.71604903   14.99952054    0.88000000     555
NiV   21.96162742   16.75857422    0.88000000     556
NiV   21.95232552   15.00767448    2.64000000     557
NiV   23.71745949   16.75454134    2.64000000     558
Ni    25.49478496   16.73343137    0.88000031     559
Ni    25.48614139   14.98654682    2.64000000     560
Ni    27.25889071   14.97417930    0.88000003     561
Ni    27.26585561   16.72535008    2.64000000     562
Ni    30.79209217   14.96456491    0.88000042     563
Ni    29.03064418   16.72319757    0.88000016     564
Ni    29.02729571   14.96769817    2.64000000     565
Ni    30.79374269   16.72205422    2.64000000     566
Ni    32.55622351   16.72121427    0.87999956     567
Ni    32.55530634   14.96275016    2.64000000     568
Ni    34.31782590   14.96154132    0.87999854     569
Ni    36.08019382   16.72000178    0.88000039     570
Ni    36.08001896   14.96068589    2.64000000     571
Ni    34.31832975   16.72054384    2.64000000     572
Ni    37.84209331   14.96007942    0.88000091     573
Ni    37.84186529   16.71962934    2.64000000     574
NiV   23.72690843   18.48000000    0.88000000     575
NiV   25.50859898   18.48000000    2.64000000     576
Ni    27.26926207   18.48015757    0.88000015     577
Ni    30.79421792   18.48013081    0.87999989     578
Ni    29.03161013   18.48019131    2.64000000     579
Ni    32.55648307   18.47998697    2.64000000     580
Ni    34.31841677   18.47978580    0.88000012     581
Ni    36.08007928   18.47958123    2.64000000     582
Ni    37.84150518   18.47946299    0.88000050     583
Ni    20.23867868    0.88303472    4.40002222     584
Ni    23.75791044    0.88298751    4.39999292     585
Ni    21.99847140    0.88285578    6.16000000     586
Ni    25.51710246    0.88331135    6.16000000     587
Ni    27.27614784    0.88371764    4.40000122     588
Ni    30.79493698    0.88410920    4.40000103     589
Ni    29.03529967    0.88403379    6.16000000     590
Ni    32.55539243    0.88393589    6.16000000     591
Ni    34.31679331    0.88365736    4.39999377     592
Ni    36.07903342    0.88349479    6.16000000     593
Ni    37.84190102    0.88370477    4.40001972     594
Ni    20.23855282    4.40590118    4.39990704     595
Ni    20.23884826    2.64427191    6.16000000     596
Ni    21.99812498    2.64453667    4.39997371     597
Ni    23.75558580    4.40797640    4.40000972     598
Ni    21.99728278    4.40661903    6.16000000     599
Ni    23.75714861    2.64517546    6.16000000     600
Ni    25.51588023    2.64609775    4.40000409     601
Ni    25.51348403    4.40964767    6.16000000     602
Ni    27.27160314    4.41090769    4.39999943     603
Ni    27.27451262    2.64701242    6.16000000     604
Ni    29.03350335    2.64751792    4.39999918     605
Ni    30.79094261    4.41040344    4.39999957     606
Ni    29.03064344    4.41117872    6.16000000     607
Ni    30.79329357    2.64739049    6.16000000     608
Ni    32.55411133    2.64672697    4.40000360     609
Ni    32.55245571    4.40894225    6.16000000     610
Ni    36.07855911    2.64521730    4.39997679     611
Ni    34.31493498    4.40734735    4.40000832     612
Ni    34.31594673    2.64586761    6.16000000     613
Ni    36.07808630    4.40617746    6.16000000     614
Ni    37.84152052    4.40582024    4.39991760     615
Ni    37.84158685    2.64509764    6.16000000     616
Ni    20.23798100    6.16792696    6.16000000     617
Ni    21.99578208    6.16943951    4.40000825     618
Ni    23.75269648    6.17197091    6.16000000     619
Ni    25.50950905    6.17435691    4.40000158     620
Ni    27.26745532    6.17535461    6.16000000     621
Ni    29.02714210    6.17467860    4.39999941     622
Ni    30.78845659    6.17274760    6.16000000     623
Ni    32.55097643    6.17024186    4.40000144     624
Ni    36.07776866    6.16623846    4.40000586     625
Ni    34.31421228    6.16787869    6.16000000     626
Ni    37.84149137    6.16567278    6.16000000     627
Ni    20.23704209    7.93057458    4.39990933     628
Ni    23.74756771    7.93798724    4.40001046     629
Ni    21.99278468    7.93386446    6.16000000     630
Ni    25.50374877    7.94016907    6.16000000     631
Ni    27.26257727    7.93973939    4.39999950     632
Ni    30.78655682    7.93391566    4.39999956     633
Ni    29.02374593    7.93735751    6.16000000     634
Ni    32.55021824    7.93035155    6.16000000     635
Ni    34.31409032    7.92741134    4.40000825     636
Ni    36.07787575    7.92551294    6.16000000     637
Ni    37.84149588    7.92482185    4.39991579     638
Ni    20.22670738   11.46547806    4.39999324     639
Ni    20.23504695    9.69488660    6.16000000     640
Ni    21.98636384    9.70193220    4.39997145     641
Ni    23.72986944   11.47387398    4.39999592     642
Ni    21.97385987   11.47431516    6.16000000     643
Ni    23.73937819    9.70609674    6.16000000     644
Ni    25.49697982    9.70594781    4.40000511     645
Ni    25.49075896   11.47005626    6.16000000     646
Ni    27.25503762   11.46390279    4.40000107     647
Ni    27.25801445    9.70299561    6.16000000     648
Ni    29.02139324    9.69840820    4.39999908     649
Ni    30.78697840   11.45125818    4.40000101     650
Ni    29.02097983   11.45711640    6.16000000     651
Ni    30.78592119    9.69346471    6.16000000     652
Ni    32.55055108    9.68920463    4.40000358     653
Ni    32.55192183   11.44711672    6.16000000     654
Ni    36.07828101    9.68430207    4.39997567     655
Ni    34.31575850   11.44448235    4.39999338     656
Ni    34.31469354    9.68613812    6.16000000     657
Ni    36.07889923   11.44294485    6.16000000     658
Ni    37.84188364   11.44216787    4.40002231     659
Ni    37.84154808    9.68359030    6.16000000     660
NiV   20.20545866   13.24254051    6.16000000     661
NiV   21.96047946   13.24395097    4.40000000     662
Ni    23.72121546   13.23917056    6.16000000     663
Ni    25.48680358   13.23076134    4.39999917     664
Ni    27.25481729   13.22133953    6.16000000     665
Ni    29.02316957   13.21314648    4.40000068     666
Ni    30.78944729   13.20788162    6.16000000     667
Ni    32.55374474   13.20476874    4.39999812     668
Ni    36.07957286   13.20167065    4.40000555     669
Ni    34.31691002   13.20287156    6.16000000     670
Ni    37.84212747   13.20090844    6.16000000     671
NiV   20.20142578   14.99837258    4.40000000     672
NiV   23.71604903   14.99952054    4.40000000     673
NiV   21.96162742   16.75857422    4.40000000     674
NiV   21.95232552   15.00767448    6.16000000     675
NiV   23.71745949   16.75454134    6.16000000     676
Ni    25.49478496   16.73343137    4.39999969     677
Ni    25.48614416   14.98654979    6.16000000     678
Ni    27.25889071   14.97417930    4.39999997     679
Ni    27.26585661   16.72535082    6.16000000     680
Ni    30.79209217   14.96456491    4.39999958     681
Ni    29.03064418   16.72319757    4.39999984     682
Ni    29.02729595   14.96769712    6.16000000     683
Ni    30.79374078   16.72205521    6.16000000     684
Ni    32.55622351   16.72121427    4.40000044     685
Ni    32.55530119   14.96275366    6.16000000     686
Ni    34.31782590   14.96154132    4.40000146     687
Ni    34.31833632   16.72053838    6.16000000     688
Ni    36.08019382   16.72000178    4.39999961     689
Ni    36.08003990   14.96066835    6.16000000     690
Ni    37.84184485   16.71965007    6.16000000     691
Ni    37.84209331   14.96007942    4.39999909     692
NiV   23.72690843   18.48000000    4.40000000     693
NiV   25.50859898   18.48000000    6.16000000     694
Ni    27.26926207   18.48015757    4.39999985     695
Ni    30.79421792   18.48013081    4.40000011     696
Ni    29.03160979   18.48019194    6.16000000     697
Ni    32.55648505   18.47998520    6.16000000     698
Ni    36.08007278   18.47958777    6.16000000     699
Ni    34.31841677   18.47978580    4.39999988     700
Ni    37.84150518   18.47946299    4.39999950     701
NiV   21.96162742   20.20142578    0.88000000     702
NiV   23.71745949   20.20545866    2.64000000     703
Ni    25.49478459   20.22674486    0.88000003     704
Ni    27.26578880   20.23501449    2.64000000     705
Ni    29.03058461   20.23723044    0.88000000     706
Ni    30.79368284   20.23826126    2.64000000     707
Ni    32.55612065   20.23883670    0.88000004     708
Ni    36.07975684   20.23927783    0.88000014     709
Ni    34.31810837   20.23913645    2.64000000     710
Ni    37.84117286   20.23934106    2.64000000     711
NiV   20.20142578   21.96162742    0.88000000     712
NiV   20.20545866   23.71745949    2.64000000     713
NiV   23.71604903   21.96047946    0.88000000     714
NiV   21.96047946   23.71604903    0.88000000     715
NiV   21.95232552   21.95232552    2.64000000     716
Ni    23.72110542   23.72119552    2.64000000     717
Ni    25.48662175   23.72982457    0.87999998     718
Ni    25.48607357   21.97382518    2.64000000     719
Ni    27.25878466   21.98634728    0.87999997     720
Ni    27.25464848   23.73938498    2.64000000     721
Ni    30.79198120   21.99590410    0.88000002     722
Ni    29.02302270   23.74760586    0.88000000     723
Ni    29.02718793   21.99285947    2.64000000     724
Ni    30.78929771   23.75281085    2.64000000     725
Ni    32.55352372   23.75578867    0.88000001     726
Ni    32.55512178   21.99751181    2.64000000     727
Ni    34.31745166   21.99842289    0.88000006     728
Ni    36.07879910   23.75837717    0.87999991     729
Ni    36.07931411   21.99891793    2.64000000     730
Ni    34.31650113   23.75748055    2.64000000     731
Ni    37.84092974   21.99910686    0.87999953     732
Ni    37.84078339   23.75868133    2.64000000     733
Ni    20.22669002   25.49478769    0.88000018     734
Ni    23.72960528   25.48679164    0.87999996     735
Ni    21.97369128   25.48613846    2.64000000     736
Ni    25.49048533   25.49077897    2.64000000     737
Ni    27.25479328   25.49703072    0.88000001     738
Ni    30.78681645   25.50968855    0.88000001     739
Ni    29.02079162   25.50385302    2.64000000     740
Ni    32.55170688   25.51375656    2.64000000     741
Ni    34.31538910   25.51626633    0.87999993     742
Ni    36.07825805   25.51761353    2.64000000     743
Ni    37.84073407   25.51804202    0.88000029     744
Ni    20.23485703   27.26584970    2.64000000     745
Ni    21.98607722   27.25892537    0.87999990     746
Ni    23.73901315   27.25488536    2.64000000     747
Ni    25.49659454   27.25513320    0.88000001     748
Ni    27.25769668   27.25814440    2.64000000     749
Ni    29.02117161   27.26276256    0.88000001     750
Ni    30.78577144   27.26771966    2.64000000     751
Ni    32.55039980   27.27197011    0.88000000     752
Ni    36.07779568   27.27671450    0.87999993     753
Ni    34.31442449   27.27498454    2.64000000     754
Ni    37.84078160   27.27726002    2.64000000     755
Ni    20.23694480   29.03072957    0.87999959     756
Ni    20.23782893   30.79396037    2.64000000     757
Ni    23.74707323   29.02332556    0.88000003     758
Ni    21.99531518   30.79233028    0.88000013     759
Ni    21.99243566   29.02742241    2.64000000     760
Ni    23.75212927   30.78965894    2.64000000     761
Ni    25.50898472   30.78715208    0.88000006     762
Ni    25.50327128   29.02114492    2.64000000     763
Ni    27.26220417   29.02157309    0.88000001     764
Ni    27.26706112   30.78608054    2.64000000     765
Ni    30.78643827   29.02745580    0.88000000     766
Ni    29.02691136   30.78675000    0.87999993     767
Ni    29.02350826   29.02397200    2.64000000     768
Ni    30.78838136   30.78874406    2.64000000     769
Ni    32.55101194   30.79136768    0.88000005     770
Ni    32.55016024   29.03107514    2.64000000     771
Ni    34.31399036   29.03405336    0.88000006     772
Ni    36.07773217   30.79562091    0.88000013     773
Ni    36.07757779   29.03593335    2.64000000     774
Ni    34.31427260   30.79387006    2.64000000     775
Ni    37.84092443   29.03654500    0.87999956     776
Ni    37.84116029   30.79622711    2.64000000     777
Ni    20.23822587   32.55658328    0.88000049     778
Ni    23.75500566   32.55391763    0.88000013     779
Ni    21.99677138   32.55558947    2.64000000     780
Ni    25.51298204   32.55199916    2.64000000     781
Ni    27.27124232   32.55059631    0.87999991     782
Ni    30.79090424   32.55114310    0.87999994     783
Ni    29.03044441   32.55029310    2.64000000     784
Ni    32.55255736   32.55277338    2.64000000     785
Ni    34.31512159   32.55460941    0.88000009     786
Ni    36.07822241   32.55605276    2.64000000     787
Ni    37.84148019   32.55662862    0.88000044     788
Ni    20.23838311   36.08049681    0.88000076     789
Ni    20.23833719   34.31876355    2.64000000     790
Ni    21.99759514   34.31798982    0.88000036     791
Ni    23.75762363   36.07914667    0.87999852     792
Ni    21.99811059   36.07983766    2.64000000     793
Ni    23.75667480   34.31688751    2.64000000     794
Ni    25.51548694   34.31562591    0.87999953     795
Ni    25.51688901   36.07844252    2.64000000     796
Ni    27.27600145   36.07781717    0.88000043     797
Ni    27.27423633   34.31451824    2.64000000     798
Ni    29.03335790   34.31395949    0.88000030     799
Ni    30.79493306   36.07743574    0.88000034     800
Ni    29.03522314   36.07743500    2.64000000     801
Ni    30.79328133   34.31416472    2.64000000     802
Ni    32.55422409   34.31503022    0.87999959     803
Ni    32.55546205   36.07782721    2.64000000     804
Ni    36.07882433   34.31728434    0.88000030     805
Ni    34.31694094   36.07846800    0.87999872     806
Ni    34.31615170   34.31621200    2.64000000     807
Ni    36.07925273   36.07915051    2.64000000     808
Ni    37.84205779   36.07970430    0.88000060     809
Ni    37.84182736   34.31786000    2.64000000     810
Ni    20.23853147   37.84182963    2.64000000     811
Ni    21.99839713   37.84138849    0.87999447     812
Ni    23.75802580   37.84108075    2.64000000     813
Ni    25.51741497   37.84087706    0.88000201     814
Ni    27.27662741   37.84076622    2.64000000     815
Ni    29.03588152   37.84073270    0.87999917     816
Ni    30.79551875   37.84076873    2.64000000     817
Ni    32.55588851   37.84087789    0.88000178     818
Ni    36.07934204   37.84135887    0.87999511     819
Ni    34.31718786   37.84107173    2.64000000     820
Ni    37.84204917   37.84176326    2.64000000     821
NiV   21.96162742   20.20142578    4.40000000     822
NiV   23.71745949   20.20545866    6.16000000     823
Ni    25.49478459   20.22674486    4.39999997     824
Ni    27.26578864   20.23501451    6.16000000     825
Ni    29.03058461   20.23723044    4.40000000     826
Ni    30.79368351   20.23826077    6.16000000     827
Ni    32.55612065   20.23883670    4.39999996     828
Ni    36.07975684   20.23927783    4.39999986     829
Ni    34.31810631   20.23913854    6.16000000     830
Ni    37.84117837   20.23933439    6.16000000     831
NiV   20.20142578   21.96162742    4.40000000     832
NiV   20.20545866   23.71745949    6.16000000     833
NiV   23.71604903   21.96047946    4.40000000     834
NiV   21.96047946   23.71604903    4.40000000     835
NiV   21.95232552   21.95232552    6.16000000     836
Ni    23.72110555   23.72119538    6.16000000     837
Ni    25.48662175   23.72982457    4.40000002     838
Ni    25.48607356   21.97382514    6.16000000     839
Ni    27.25878466   21.98634728    4.40000003     840
Ni    27.25464847   23.73938498    6.16000000     841
Ni    30.79198120   21.99590410    4.39999998     842
Ni    29.02302270   23.74760586    4.40000000     843
Ni    29.02718813   21.99285929    6.16000000     844
Ni    30.78929757   23.75281108    6.16000000     845
Ni    32.55352372   23.75578867    4.39999999     846
Ni    32.55512112   21.99751243    6.16000000     847
Ni    34.31745166   21.99842289    4.39999994     848
Ni    36.07879910   23.75837717    4.40000009     849
Ni    36.07931594   21.99891596    6.16000000     850
Ni    34.31650159   23.75747975    6.16000000     851
Ni    37.84092974   21.99910686    4.40000047     852
Ni    37.84078238   23.75868340    6.16000000     853
Ni    20.22669002   25.49478769    4.39999982     854
Ni    23.72960528   25.48679164    4.40000004     855
Ni    21.97369157   25.48613795    6.16000000     856
Ni    25.49048520   25.49077917    6.16000000     857
Ni    27.25479328   25.49703072    4.39999999     858
Ni    30.78681645   25.50968855    4.39999999     859
Ni    29.02079157   25.50385296    6.16000000     860
Ni    32.55170719   25.51375655    6.16000000     861
Ni    34.31538910   25.51626633    4.40000007     862
Ni    36.07825732   25.51761360    6.16000000     863
Ni    37.84073407   25.51804202    4.39999971     864
Ni    20.23485810   27.26584804    6.16000000     865
Ni    21.98607722   27.25892537    4.40000010     866
Ni    23.73901260   27.25488596    6.16000000     867
Ni    25.49659454   27.25513320    4.39999999     868
Ni    27.25769692   27.25814426    6.16000000     869
Ni    29.02117161   27.26276256    4.39999999     870
Ni    30.78577125   27.26771948    6.16000000     871
Ni    32.55039980   27.27197011    4.40000000     872
Ni    36.07779568   27.27671450    4.40000007     873
Ni    34.31442485   27.27498528    6.16000000     874
Ni    37.84078081   27.27725812    6.16000000     875
Ni    20.23694480   29.03072957    4.40000041     876
Ni    20.23782372   30.79396666    6.16000000     877
Ni    23.74707323   29.02332556    4.39999997     878
Ni    21.99531518   30.79233028    4.39999987     879
Ni    21.99243400   29.02742438    6.16000000     880
Ni    23.75213131   30.78965694    6.16000000     881
Ni    25.50898472   30.78715208    4.39999994     882
Ni    25.50327187   29.02114424    6.16000000     883
Ni    27.26220417   29.02157309    4.39999999     884
Ni    27.26706032   30.78608098    6.16000000     885
Ni    30.78643827   29.02745580    4.40000000     886
Ni    29.02691136   30.78675000    4.40000007     887
Ni    29.02350825   29.02397231    6.16000000     888
Ni    30.78838209   30.78874442    6.16000000     889
Ni    32.55101194   30.79136768    4.39999995     890
Ni    32.55015970   29.03107459    6.16000000     891
Ni    34.31399036   29.03405336    4.39999994     892
Ni    36.07773217   30.79562091    4.39999987     893
Ni    36.07757936   29.03593503    6.16000000     894
Ni    34.31427081   30.79386826    6.16000000     895
Ni    37.84092443   29.03654500    4.40000044     896
Ni    37.84116506   30.79623292    6.16000000     897
Ni    20.23822587   32.55658328    4.39999951     898
Ni    23.75500566   32.55391763    4.39999987     899
Ni    21.99677769   32.55558303    6.16000000     900
Ni    25.51298010   32.55200098    6.16000000     901
Ni    27.27124232   32.55059631    4.40000009     902
Ni    30.79090424   32.55114310    4.40000006     903
Ni    29.03044450   32.55029236    6.16000000     904
Ni    32.55255902   32.55277497    6.16000000     905
Ni    34.31512159   32.55460941    4.39999991     906
Ni    36.07821679   32.55604707    6.16000000     907
Ni    37.84148019   32.55662862    4.39999956     908
Ni    20.23838311   36.08049681    4.39999924     909
Ni    20.23835706   34.31874322    6.16000000     910
Ni    21.99759514   34.31798982    4.39999964     911
Ni    23.75762363   36.07914667    4.40000148     912
Ni    21.99808962   36.07985553    6.16000000     913
Ni    23.75666820   34.31689305    6.16000000     914
Ni    25.51548694   34.31562591    4.40000047     915
Ni    25.51689435   36.07843885    6.16000000     916
Ni    27.27600145   36.07781717    4.39999957     917
Ni    27.27423842   34.31451724    6.16000000     918
Ni    29.03335790   34.31395949    4.39999970     919
Ni    30.79493306   36.07743574    4.39999966     920
Ni    29.03522299   36.07743620    6.16000000     921
Ni    30.79327944   34.31416391    6.16000000     922
Ni    32.55422409   34.31503022    4.40000041     923
Ni    32.55545746   36.07782400    6.16000000     924
Ni    36.07882433   34.31728434    4.39999970     925
Ni    34.31694094   36.07846800    4.40000128     926
Ni    34.31615748   34.31621683    6.16000000     927
Ni    36.07927119   36.07916625    6.16000000     928
Ni    37.84205779   36.07970430    4.39999940     929
Ni    37.84180956   34.31784198    6.16000000     930
Ni    20.23846258   37.84188776    6.16000000     931
Ni    21.99839713   37.84138849    4.40000553     932
Ni    23.75804368   37.84107017    6.16000000     933
Ni    25.51741497   37.84087706    4.39999799     934
Ni    27.27662331   37.84076774    6.16000000     935
Ni    29.03588152   37.84073270    4.40000083     936
Ni    30.79552248   37.84077000    6.16000000     937
Ni    32.55588851   37.84087789    4.39999822     938
Ni    36.07934204   37.84135887    4.40000489     939
Ni    34.31717218   37.84106256    6.16000000     940
Ni    37.84211007   37.84181506    6.16000000     941
