# Time-averaged data for fix 1
# TimeStep c_msd_all[1] c_msd_all[2] c_msd_all[3] c_msd_all[4]
31000 0.0779361 0.0806723 0.0558279 0.214436
32000 0.0696089 0.0731771 0.0662373 0.209023
33000 0.0711926 0.0648046 0.0674711 0.203468
34000 0.0717242 0.0705463 0.0776821 0.219953
35000 0.0630502 0.0634677 0.0710584 0.197576
36000 0.0686379 0.0657273 0.0745684 0.208934
37000 0.074857 0.06961 0.0758349 0.220302
38000 0.0673198 0.0701762 0.0652047 0.202701
39000 0.0652303 0.0699207 0.0701795 0.20533
40000 0.0770304 0.0733466 0.0672678 0.217645
41000 0.0667279 0.0642882 0.0708181 0.201834
42000 0.0705717 0.0749773 0.0776781 0.223227
43000 0.0647961 0.0643864 0.0762028 0.205385
44000 0.0747889 0.0655352 0.0765947 0.216919
45000 0.071818 0.0761807 0.0844572 0.232456
46000 0.06269 0.0686526 0.0704389 0.201781
47000 0.0666793 0.0696016 0.0714749 0.207756
48000 0.0695363 0.077245 0.0729141 0.219695
49000 0.0605779 0.071027 0.0820825 0.213688
50000 0.0695183 0.0795783 0.0705596 0.219656
51000 0.0791541 0.081192 0.0707868 0.231133
52000 0.0722353 0.0715479 0.0726869 0.21647
53000 0.0785832 0.0837038 0.072425 0.234712
54000 0.0664212 0.0725072 0.0766056 0.215534
55000 0.0681961 0.0787163 0.0741803 0.221093
56000 0.0682257 0.084196 0.0779005 0.230322
57000 0.0657801 0.0730308 0.0735089 0.21232
58000 0.0753877 0.0800509 0.072065 0.227504
59000 0.0750547 0.0740028 0.0756666 0.224724
60000 0.080046 0.0843112 0.0741357 0.238493
61000 0.0755394 0.0919602 0.0773096 0.244809
62000 0.0678816 0.0697127 0.0838994 0.221494
63000 0.0765498 0.0869166 0.0808148 0.244281
64000 0.0725208 0.0785342 0.0816441 0.232699
65000 0.0720381 0.0789841 0.081704 0.232726
66000 0.0676012 0.0813552 0.0817618 0.230718
67000 0.0722014 0.0732387 0.0847113 0.230151
68000 0.084652 0.0896877 0.0876392 0.261979
69000 0.0756442 0.0715274 0.0818665 0.229038
70000 0.0780151 0.089495 0.082012 0.249522
71000 0.0681574 0.0753619 0.0810929 0.224612
72000 0.0639621 0.0768499 0.0779451 0.218757
73000 0.0809489 0.083512 0.0850907 0.249552
74000 0.0729879 0.0748383 0.080713 0.228539
75000 0.0731092 0.080945 0.0860464 0.240101
76000 0.0851238 0.0923913 0.088116 0.265631
77000 0.0727397 0.079616 0.0887006 0.241056
78000 0.075751 0.0869269 0.0882038 0.250882
79000 0.0728109 0.0805437 0.0949897 0.248344
80000 0.07781 0.0774171 0.0905756 0.245803
81000 0.0733689 0.0921501 0.0927509 0.25827
82000 0.0766932 0.0900918 0.0904084 0.257193
83000 0.0762996 0.0906383 0.0917592 0.258697
84000 0.0748632 0.0885869 0.0898085 0.253259
85000 0.077437 0.0846416 0.10208 0.264159
86000 0.0749659 0.0889278 0.0938484 0.257742
87000 0.0787997 0.104133 0.0947332 0.277666
88000 0.0772029 0.087188 0.0869604 0.251351
89000 0.0779836 0.100359 0.0927848 0.271127
90000 0.0810132 0.0976107 0.0922552 0.270879
91000 0.0841093 0.0832502 0.0939921 0.261352
92000 0.0759224 0.0803392 0.090496 0.246758
93000 0.0888204 0.101368 0.0880621 0.278251
94000 0.0731368 0.0829043 0.0959648 0.252006
95000 0.0794949 0.0815276 0.0949602 0.255983
96000 0.0804694 0.0890356 0.0894732 0.258978
97000 0.0742739 0.0801866 0.0943832 0.248844
98000 0.0827251 0.10261 0.0924614 0.277796
99000 0.0827872 0.0950477 0.094213 0.272048
100000 0.0843084 0.0997321 0.0898563 0.273897
101000 0.078234 0.0930989 0.0863909 0.257724
102000 0.0887679 0.0930742 0.0917 0.273542
103000 0.0781153 0.0915896 0.0902882 0.259993
104000 0.0854871 0.0944649 0.0952922 0.275244
105000 0.0820608 0.0974535 0.0978035 0.277318
106000 0.0801597 0.0919086 0.0916214 0.26369
107000 0.0835653 0.0868333 0.0926096 0.263008
108000 0.0884577 0.0884171 0.0995692 0.276444
109000 0.0778138 0.0936949 0.101063 0.272572
110000 0.089369 0.105848 0.0979037 0.293121
111000 0.0815947 0.0864124 0.0906802 0.258687
112000 0.0799147 0.089353 0.0893121 0.25858
113000 0.0858747 0.091965 0.0936054 0.271445
114000 0.0777853 0.0902311 0.104877 0.272894
115000 0.0854803 0.0984258 0.113063 0.296969
116000 0.0833453 0.100002 0.105854 0.289201
117000 0.0891781 0.0995925 0.111189 0.299959
118000 0.0899422 0.104424 0.104608 0.298975
119000 0.0865255 0.0948759 0.104455 0.285857
120000 0.0841595 0.102728 0.0962004 0.283088
121000 0.0827906 0.107299 0.105764 0.295854
122000 0.0790507 0.0927963 0.0977761 0.269623
123000 0.0799391 0.101257 0.103787 0.284983
124000 0.0718399 0.0956843 0.0935987 0.261123
125000 0.0879367 0.100552 0.101748 0.290236
126000 0.0824696 0.0940562 0.107725 0.284251
127000 0.0801052 0.103445 0.1043 0.28785
128000 0.106621 0.123964 0.0997386 0.330324
129000 0.0859147 0.0990243 0.103026 0.287965
130000 0.084978 0.108352 0.103857 0.297187
131000 0.0865508 0.105279 0.10699 0.29882
132000 0.0827746 0.0915039 0.104435 0.278714
133000 0.0906976 0.103037 0.097344 0.291079
134000 0.0819593 0.102809 0.1079 0.292668
135000 0.090786 0.113317 0.109824 0.313927
136000 0.0875284 0.103543 0.113077 0.304148
137000 0.0976588 0.10537 0.10496 0.307989
138000 0.0931094 0.109749 0.107794 0.310653
139000 0.0879545 0.108662 0.100721 0.297337
140000 0.0889312 0.0937821 0.103694 0.286408
141000 0.0850084 0.107826 0.110519 0.303354
142000 0.0848062 0.110063 0.101156 0.296025
143000 0.0881552 0.11033 0.107103 0.305588
144000 0.0836826 0.116097 0.113193 0.312972
145000 0.0910812 0.111919 0.117414 0.320415
146000 0.0827277 0.0977883 0.107639 0.288155
147000 0.0922693 0.106074 0.115516 0.313859
148000 0.0892048 0.108711 0.101581 0.299497
149000 0.0800387 0.105907 0.100952 0.286897
150000 0.0908454 0.106439 0.107485 0.30477
151000 0.0961388 0.106991 0.110216 0.313346
152000 0.0896229 0.101415 0.114468 0.305505
153000 0.0878404 0.101036 0.110161 0.299037
154000 0.0923051 0.100545 0.110957 0.303807
155000 0.0933375 0.105933 0.102569 0.30184
156000 0.104927 0.110924 0.115532 0.331384
157000 0.100786 0.11136 0.10904 0.321186
158000 0.0888948 0.104938 0.116173 0.310006
159000 0.0915052 0.100586 0.113908 0.305999
160000 0.0919976 0.107043 0.112621 0.311663
161000 0.0937611 0.105 0.11552 0.314281
162000 0.0967612 0.104618 0.120024 0.321403
163000 0.0972413 0.114105 0.116609 0.327954
164000 0.108538 0.114747 0.106528 0.329813
165000 0.10389 0.11856 0.105567 0.328017
166000 0.102489 0.122167 0.112209 0.336864
167000 0.100172 0.106061 0.125711 0.331944
168000 0.0928415 0.0972432 0.115391 0.305476
169000 0.106428 0.116876 0.119569 0.342873
170000 0.0983925 0.0992423 0.120048 0.317682
171000 0.101231 0.107985 0.11458 0.323795
172000 0.0981114 0.112886 0.125779 0.336776
173000 0.108192 0.121265 0.130578 0.360035
174000 0.103564 0.114187 0.126614 0.344365
175000 0.101094 0.117315 0.125827 0.344237
176000 0.106644 0.113013 0.124221 0.343878
177000 0.109438 0.107567 0.119859 0.336864
178000 0.103642 0.114656 0.127799 0.346098
179000 0.101494 0.109196 0.122109 0.332799
180000 0.108167 0.111841 0.12394 0.343948
181000 0.112089 0.111727 0.12477 0.348586
182000 0.105473 0.112235 0.123937 0.341645
183000 0.107698 0.120213 0.124409 0.35232
184000 0.101739 0.104877 0.131177 0.337794
185000 0.112279 0.124118 0.129521 0.365919
186000 0.0982771 0.117278 0.125381 0.340936
187000 0.103454 0.118053 0.114657 0.336163
188000 0.107028 0.113923 0.115713 0.336663
189000 0.106641 0.11319 0.12093 0.340761
190000 0.115181 0.130434 0.119769 0.365384
191000 0.102953 0.102129 0.120855 0.325936
192000 0.108176 0.114233 0.124895 0.347304
193000 0.11942 0.121141 0.128768 0.369329
194000 0.110919 0.11795 0.131474 0.360343
195000 0.107948 0.116885 0.126255 0.351088
196000 0.105233 0.115082 0.122332 0.342647
197000 0.114151 0.11704 0.131902 0.363093
198000 0.102822 0.113145 0.13118 0.347147
199000 0.106104 0.111239 0.131618 0.348962
200000 0.109666 0.11957 0.126066 0.355303
201000 0.107811 0.117683 0.135273 0.360767
202000 0.105843 0.118866 0.12 0.344709
203000 0.108549 0.107449 0.123952 0.33995
204000 0.108771 0.109428 0.122533 0.340731
205000 0.111338 0.116466 0.131799 0.359603
206000 0.113958 0.111831 0.120939 0.346727
207000 0.111005 0.126635 0.129119 0.366759
208000 0.116179 0.126995 0.123902 0.367075
209000 0.105262 0.108897 0.117331 0.33149
210000 0.111928 0.124009 0.118549 0.354486
211000 0.104214 0.123243 0.116055 0.343511
212000 0.117309 0.128227 0.116329 0.361865
213000 0.119802 0.126104 0.126643 0.372549
214000 0.112659 0.121701 0.135887 0.370247
215000 0.117319 0.127453 0.136365 0.381137
216000 0.104737 0.115706 0.139089 0.359532
217000 0.105564 0.110721 0.120985 0.337271
218000 0.114804 0.128838 0.125831 0.369473
219000 0.104414 0.133125 0.119036 0.356575
220000 0.108219 0.115562 0.121365 0.345146
221000 0.110546 0.121514 0.120631 0.352691
222000 0.111625 0.11004 0.125588 0.347253
223000 0.102343 0.12382 0.126327 0.35249
224000 0.10929 0.110963 0.126871 0.347125
225000 0.112426 0.12435 0.125121 0.361898
226000 0.115208 0.127218 0.122799 0.365225
227000 0.111197 0.11805 0.12448 0.353727
228000 0.117434 0.123475 0.135634 0.376543
229000 0.113851 0.118232 0.13838 0.370463
230000 0.107994 0.11217 0.130559 0.350723
231000 0.106931 0.122078 0.120999 0.350008
232000 0.104387 0.123764 0.124163 0.352313
233000 0.108398 0.125603 0.121129 0.35513
234000 0.108108 0.113504 0.130388 0.352
235000 0.114463 0.121834 0.130551 0.366849
236000 0.120993 0.128062 0.118219 0.367274
237000 0.10818 0.118875 0.126118 0.353173
238000 0.112471 0.13211 0.136203 0.380784
239000 0.111838 0.113962 0.130587 0.356386
240000 0.115202 0.121231 0.130935 0.367368
241000 0.109205 0.122592 0.12842 0.360217
242000 0.104505 0.10906 0.138944 0.35251
243000 0.112376 0.121541 0.13295 0.366867
244000 0.110599 0.114006 0.124832 0.349437
245000 0.11357 0.130013 0.129989 0.373573
246000 0.104358 0.120656 0.125589 0.350603
247000 0.115596 0.130378 0.125406 0.37138
248000 0.116785 0.12686 0.127082 0.370727
249000 0.1124 0.120995 0.134818 0.368213
250000 0.112149 0.118444 0.136232 0.366826
251000 0.108868 0.121711 0.129137 0.359716
252000 0.113977 0.126853 0.130001 0.370831
253000 0.100349 0.116485 0.127149 0.343983
254000 0.108606 0.117272 0.126978 0.352855
255000 0.108285 0.126959 0.122464 0.357707
256000 0.104285 0.132426 0.115777 0.352488
257000 0.116094 0.14051 0.123974 0.380578
258000 0.109762 0.130478 0.125651 0.365891
259000 0.102428 0.112278 0.130768 0.345473
260000 0.116152 0.124105 0.123439 0.363697
261000 0.115163 0.123359 0.136071 0.374593
262000 0.103008 0.118183 0.135775 0.356966
263000 0.109625 0.122046 0.135999 0.36767
264000 0.113017 0.119152 0.131498 0.363668
265000 0.109252 0.118902 0.133002 0.361156
266000 0.114876 0.116312 0.125812 0.357
267000 0.110031 0.121796 0.128596 0.360423
268000 0.103536 0.119885 0.117344 0.340765
269000 0.109327 0.118797 0.128311 0.356435
270000 0.110579 0.13053 0.132074 0.373183
271000 0.105498 0.110738 0.139616 0.355852
272000 0.115803 0.115791 0.125238 0.356831
273000 0.11619 0.138397 0.136592 0.391179
274000 0.102055 0.119038 0.137919 0.359012
275000 0.107433 0.11231 0.132801 0.352544
276000 0.103614 0.122042 0.125222 0.350878
277000 0.106663 0.123156 0.13155 0.361369
278000 0.103887 0.11425 0.121665 0.339802
279000 0.10884 0.123803 0.121675 0.354318
280000 0.104427 0.119269 0.127558 0.351254
281000 0.107069 0.117735 0.119601 0.344405
282000 0.1137 0.123044 0.122655 0.359399
283000 0.100057 0.112015 0.127009 0.339081
284000 0.109415 0.117954 0.129317 0.356687
285000 0.110443 0.117831 0.124365 0.352639
286000 0.112226 0.126768 0.133389 0.372383
287000 0.11045 0.125898 0.135139 0.371487
288000 0.106606 0.127175 0.145465 0.379245
289000 0.115126 0.123605 0.134563 0.373294
290000 0.113031 0.123168 0.137617 0.373816
291000 0.116777 0.120155 0.129718 0.36665
292000 0.118991 0.120159 0.129952 0.369102
293000 0.102821 0.111684 0.133352 0.347857
294000 0.120562 0.129113 0.123744 0.37342
295000 0.113042 0.118781 0.128128 0.359951
296000 0.117133 0.127122 0.127653 0.371908
297000 0.118835 0.122013 0.129673 0.37052
298000 0.115248 0.118088 0.135046 0.368381
299000 0.114455 0.119244 0.127826 0.361525
300000 0.115991 0.119063 0.12734 0.362393
301000 0.112879 0.120007 0.130207 0.363094
302000 0.109603 0.113151 0.136461 0.359215
303000 0.110854 0.120749 0.136533 0.368135
304000 0.11545 0.118681 0.135353 0.369483
305000 0.117745 0.116406 0.136743 0.370894
306000 0.120476 0.135774 0.12529 0.38154
307000 0.11128 0.110518 0.124176 0.345974
308000 0.122661 0.123553 0.134478 0.380692
309000 0.116142 0.127811 0.121948 0.365901
310000 0.110886 0.123749 0.134168 0.368802
311000 0.116853 0.136116 0.134147 0.387116
312000 0.114772 0.123472 0.127459 0.365703
313000 0.113234 0.122038 0.139561 0.374833
314000 0.119025 0.12468 0.135823 0.379529
315000 0.119429 0.125344 0.143579 0.388352
316000 0.114959 0.11936 0.144164 0.378483
317000 0.114722 0.123649 0.137066 0.375438
318000 0.115382 0.1303 0.125163 0.370844
319000 0.114185 0.117138 0.131921 0.363244
320000 0.118797 0.126792 0.131424 0.377012
321000 0.117753 0.121434 0.138431 0.377619
322000 0.116244 0.123602 0.141905 0.381751
323000 0.117544 0.128277 0.135159 0.380979
324000 0.11865 0.122443 0.132453 0.373546
325000 0.125809 0.119431 0.134382 0.379622
326000 0.115634 0.124495 0.139274 0.379404
327000 0.114694 0.122487 0.131837 0.369018
328000 0.135274 0.133043 0.124274 0.392591
329000 0.116996 0.121539 0.130362 0.368897
330000 0.113253 0.127504 0.136154 0.376912
331000 0.118597 0.129078 0.145944 0.39362
332000 0.122232 0.119355 0.145518 0.387105
333000 0.135047 0.124136 0.141778 0.400962
334000 0.119422 0.137469 0.137939 0.39483
335000 0.121729 0.132955 0.138004 0.392688
336000 0.126369 0.141066 0.139725 0.40716
337000 0.112234 0.131415 0.139552 0.383201
338000 0.116568 0.113085 0.136782 0.366435
339000 0.118505 0.114822 0.133315 0.366643
340000 0.115838 0.12574 0.145977 0.387555
341000 0.119639 0.119166 0.129266 0.36807
342000 0.122248 0.126717 0.136072 0.385037
343000 0.117587 0.112476 0.135686 0.365749
344000 0.115425 0.114293 0.142844 0.372562
345000 0.116903 0.121073 0.134368 0.372344
346000 0.114543 0.119579 0.138314 0.372436
347000 0.117383 0.121658 0.140147 0.379189
348000 0.117654 0.123389 0.14346 0.384503
349000 0.117765 0.130735 0.146249 0.39475
350000 0.120223 0.120261 0.135277 0.375761
351000 0.119666 0.121375 0.144294 0.385335
352000 0.120874 0.125733 0.145324 0.39193
353000 0.12505 0.124259 0.134814 0.384124
354000 0.119988 0.120067 0.122172 0.362228
355000 0.112477 0.127711 0.128569 0.368758
356000 0.119242 0.116116 0.135652 0.37101
357000 0.1205 0.124291 0.143621 0.388412
358000 0.117006 0.121006 0.143083 0.381095
359000 0.11416 0.10509 0.148273 0.367523
360000 0.117832 0.119453 0.14343 0.380715
361000 0.107435 0.114644 0.142185 0.364263
362000 0.119286 0.13437 0.13377 0.387426
363000 0.123361 0.122018 0.143339 0.388719
364000 0.119917 0.115378 0.140118 0.375413
365000 0.121658 0.123508 0.143649 0.388814
366000 0.113003 0.122904 0.147049 0.382957
367000 0.1186 0.135839 0.151778 0.406217
368000 0.117483 0.123446 0.149386 0.390315
369000 0.116201 0.122459 0.142101 0.38076
370000 0.118714 0.132193 0.143506 0.394413
371000 0.120076 0.124599 0.148836 0.393511
372000 0.125599 0.129374 0.140763 0.395736
373000 0.124971 0.12544 0.143844 0.394255
374000 0.12523 0.126567 0.144345 0.396142
375000 0.116088 0.126397 0.145121 0.387607
376000 0.120945 0.137015 0.15309 0.411049
377000 0.123753 0.126112 0.156685 0.40655
378000 0.118864 0.130112 0.148064 0.39704
379000 0.114944 0.129963 0.150963 0.395869
380000 0.115989 0.123883 0.15375 0.393623
381000 0.118402 0.14105 0.150898 0.41035
382000 0.134121 0.131258 0.14659 0.411969
383000 0.125886 0.134567 0.15073 0.411182
384000 0.117706 0.136514 0.162344 0.416563
385000 0.122743 0.128179 0.15849 0.409412
386000 0.12327 0.138562 0.160139 0.42197
387000 0.119352 0.130329 0.161887 0.411568
388000 0.122636 0.123861 0.15458 0.401077
389000 0.12343 0.139446 0.158385 0.421261
390000 0.130557 0.130571 0.15714 0.418268
391000 0.122109 0.121954 0.156608 0.400671
392000 0.121698 0.133089 0.155078 0.409865
393000 0.119187 0.133806 0.147449 0.400441
394000 0.123816 0.13641 0.153234 0.413461
395000 0.122542 0.141225 0.151376 0.415143
396000 0.135992 0.126164 0.14719 0.409345
397000 0.122238 0.141007 0.152476 0.415721
398000 0.121124 0.130171 0.152691 0.403985
399000 0.125304 0.138986 0.154016 0.418306
400000 0.117186 0.125779 0.149496 0.392462
401000 0.12504 0.129938 0.156734 0.411711
402000 0.130554 0.136397 0.160813 0.427765
403000 0.119122 0.133002 0.165617 0.417741
404000 0.132129 0.142757 0.170526 0.445412
405000 0.120941 0.130909 0.163252 0.415101
406000 0.132876 0.133546 0.157071 0.423492
407000 0.118032 0.124188 0.15593 0.398149
408000 0.123127 0.126427 0.154179 0.403733
409000 0.123253 0.126647 0.153354 0.403254
410000 0.126287 0.131558 0.152949 0.410794
411000 0.123229 0.140135 0.15076 0.414124
412000 0.122481 0.12651 0.159334 0.408325
413000 0.125387 0.137122 0.152998 0.415507
414000 0.122537 0.131652 0.148784 0.402973
415000 0.1154 0.124075 0.142172 0.381647
416000 0.132596 0.149946 0.144061 0.426602
417000 0.118129 0.11992 0.153254 0.391304
418000 0.119117 0.131467 0.179017 0.429601
419000 0.131112 0.131687 0.167509 0.430308
420000 0.124373 0.131563 0.146573 0.402508
421000 0.121705 0.146807 0.148838 0.417351
422000 0.127413 0.137162 0.153008 0.417583
423000 0.119127 0.132362 0.147861 0.39935
424000 0.127053 0.146104 0.147438 0.420595
425000 0.13053 0.128137 0.147469 0.406136
426000 0.12721 0.126527 0.155366 0.409103
427000 0.129564 0.137092 0.163456 0.430111
428000 0.117233 0.131385 0.170907 0.419525
429000 0.128841 0.130792 0.156475 0.416108
430000 0.119702 0.131653 0.163902 0.415257
431000 0.142431 0.139868 0.152256 0.434555
432000 0.132031 0.137075 0.146338 0.415444
433000 0.12053 0.12926 0.149548 0.399338
434000 0.124045 0.124921 0.157456 0.406421
435000 0.125732 0.125547 0.154603 0.405882
436000 0.131424 0.130584 0.161215 0.423223
437000 0.129982 0.126549 0.161282 0.417813
438000 0.129085 0.127896 0.166388 0.423368
439000 0.133585 0.147828 0.159408 0.440821
440000 0.12945 0.141539 0.160366 0.431354
441000 0.13057 0.12802 0.155405 0.413995
442000 0.135024 0.137992 0.152478 0.425494
443000 0.120381 0.131539 0.151757 0.403677
444000 0.126439 0.137731 0.158213 0.422382
445000 0.126542 0.135334 0.152996 0.414871
446000 0.13157 0.135017 0.152385 0.418972
447000 0.126416 0.129048 0.150411 0.405875
448000 0.130138 0.143422 0.161702 0.435261
449000 0.137854 0.141762 0.15384 0.433456
450000 0.129804 0.138784 0.158721 0.427308
451000 0.133697 0.142055 0.157533 0.433286
452000 0.136265 0.142168 0.15447 0.432903
453000 0.129391 0.147619 0.157242 0.434252
454000 0.118606 0.140747 0.160064 0.419417
455000 0.128724 0.145455 0.15535 0.429529
456000 0.138747 0.140505 0.152545 0.431797
457000 0.130773 0.148791 0.161106 0.440669
458000 0.127487 0.144346 0.17065 0.442483
459000 0.128661 0.149158 0.160756 0.438576
460000 0.130971 0.154807 0.161943 0.447722
461000 0.125652 0.149514 0.157038 0.432204
462000 0.129334 0.143348 0.155598 0.42828
463000 0.138954 0.142893 0.151381 0.433228
464000 0.129286 0.152921 0.153886 0.436094
465000 0.127997 0.144754 0.155258 0.42801
466000 0.134227 0.141426 0.158311 0.433965
467000 0.126249 0.140045 0.158594 0.424888
468000 0.130652 0.143518 0.15709 0.43126
469000 0.132315 0.144219 0.162406 0.43894
470000 0.13214 0.14139 0.154359 0.42789
471000 0.133861 0.152795 0.157216 0.443872
472000 0.130761 0.146895 0.155836 0.433492
473000 0.14205 0.153412 0.166665 0.462127
474000 0.131675 0.146186 0.167149 0.445011
475000 0.13426 0.14673 0.156177 0.437167
476000 0.131392 0.141702 0.156905 0.43
477000 0.124086 0.140627 0.158436 0.423149
478000 0.133138 0.153572 0.159862 0.446572
479000 0.143088 0.146287 0.16011 0.449485
480000 0.126657 0.141631 0.162262 0.430551
481000 0.135628 0.144518 0.160475 0.440622
482000 0.139257 0.145659 0.159535 0.444451
483000 0.143849 0.160768 0.167362 0.471979
484000 0.135114 0.150392 0.152217 0.437723
485000 0.121163 0.145487 0.152959 0.41961
486000 0.13117 0.152352 0.164914 0.448436
487000 0.137518 0.155324 0.168427 0.461269
488000 0.142857 0.156075 0.162413 0.461345
489000 0.144054 0.16114 0.177273 0.482467
490000 0.139421 0.157181 0.166429 0.463031
491000 0.140605 0.14517 0.159077 0.444852
492000 0.147324 0.162755 0.159022 0.469101
493000 0.146371 0.158921 0.162449 0.467741
494000 0.155782 0.16331 0.168071 0.487163
495000 0.155322 0.173024 0.163788 0.492134
496000 0.147049 0.15206 0.172539 0.471648
497000 0.14436 0.159904 0.169548 0.473813
498000 0.150497 0.16399 0.1817 0.496186
499000 0.142562 0.157895 0.177495 0.477952
500000 0.146551 0.161293 0.177806 0.48565
501000 0.145079 0.170805 0.179726 0.49561
502000 0.142388 0.159376 0.160055 0.461819
503000 0.146452 0.161961 0.167013 0.475426
504000 0.144965 0.159751 0.183181 0.487897
505000 0.148229 0.171544 0.179508 0.499281
506000 0.144475 0.149994 0.180499 0.474968
507000 0.151766 0.162419 0.173118 0.487303
508000 0.150611 0.16524 0.175396 0.491246
509000 0.138191 0.158273 0.172249 0.468713
510000 0.152709 0.177252 0.183582 0.513543
511000 0.169579 0.158815 0.186567 0.51496
512000 0.145345 0.162359 0.182708 0.490413
513000 0.144726 0.163089 0.181363 0.489178
514000 0.155287 0.176783 0.181592 0.513661
515000 0.152802 0.175145 0.189092 0.517039
516000 0.145172 0.164754 0.184245 0.494171
517000 0.153517 0.165154 0.178358 0.497029
518000 0.158344 0.167954 0.180036 0.506334
519000 0.154125 0.175502 0.183435 0.513061
520000 0.15275 0.156731 0.179754 0.489236
521000 0.155428 0.176133 0.180733 0.512295
522000 0.149043 0.166333 0.177875 0.493251
523000 0.158911 0.174262 0.175009 0.508182
524000 0.158854 0.172803 0.180172 0.511829
525000 0.151129 0.165761 0.189486 0.506375
526000 0.15244 0.168794 0.192149 0.513383
527000 0.151905 0.162367 0.1876 0.501871
528000 0.141958 0.152524 0.187949 0.482432
529000 0.158342 0.166248 0.188898 0.513488
530000 0.160418 0.171538 0.183188 0.515144
531000 0.14848 0.16208 0.186924 0.497484
532000 0.15472 0.161813 0.193395 0.509928
533000 0.163779 0.161986 0.196678 0.522443
534000 0.15358 0.162325 0.195515 0.51142
535000 0.171205 0.178167 0.190458 0.539831
536000 0.152726 0.162017 0.196582 0.511325
537000 0.157298 0.171106 0.192841 0.521245
538000 0.162239 0.17022 0.194768 0.527227
539000 0.159238 0.164471 0.197264 0.520972
540000 0.155149 0.170181 0.189146 0.514476
541000 0.163026 0.164792 0.19098 0.518798
542000 0.155307 0.165567 0.195707 0.516581
543000 0.16086 0.170318 0.196731 0.527909
544000 0.167141 0.172597 0.206598 0.546336
545000 0.163124 0.16685 0.202744 0.532718
546000 0.156702 0.176022 0.207785 0.54051
547000 0.168623 0.167529 0.203375 0.539528
548000 0.162041 0.166007 0.201181 0.52923
549000 0.161309 0.168672 0.193609 0.523591
550000 0.168826 0.171562 0.190181 0.53057
551000 0.157604 0.167614 0.190906 0.516124
552000 0.16022 0.169537 0.196205 0.525962
553000 0.158458 0.165703 0.19544 0.519601
554000 0.168293 0.172474 0.205959 0.546725
555000 0.169845 0.175731 0.197191 0.542767
556000 0.16931 0.173082 0.198499 0.540891
557000 0.160008 0.172641 0.199289 0.531938
558000 0.165127 0.169771 0.195819 0.530717
559000 0.157126 0.171948 0.201723 0.530797
560000 0.158937 0.167807 0.203746 0.53049
561000 0.170204 0.174638 0.210907 0.555749
562000 0.157828 0.172712 0.206766 0.537307
563000 0.157154 0.173015 0.206969 0.537139
564000 0.16579 0.179977 0.196835 0.542602
565000 0.166753 0.171166 0.208467 0.546386
566000 0.154677 0.17249 0.203281 0.530448
567000 0.161518 0.183022 0.199067 0.543608
568000 0.177928 0.168377 0.205871 0.552176
569000 0.163556 0.177862 0.194778 0.536197
570000 0.167367 0.178546 0.199551 0.545464
571000 0.1666 0.174349 0.203129 0.544078
572000 0.169719 0.179939 0.210989 0.560647
573000 0.171416 0.167104 0.209976 0.548496
574000 0.171441 0.171819 0.213688 0.556948
575000 0.167681 0.178096 0.20383 0.549608
576000 0.166663 0.169868 0.207825 0.544356
577000 0.173233 0.177786 0.206678 0.557697
578000 0.163579 0.177842 0.204939 0.54636
579000 0.162835 0.183194 0.201664 0.547693
580000 0.169286 0.178164 0.214648 0.562098
581000 0.169767 0.192939 0.211308 0.574014
582000 0.161429 0.171678 0.204353 0.53746
583000 0.17028 0.176839 0.201262 0.54838
584000 0.166828 0.16849 0.202105 0.537424
585000 0.169342 0.17767 0.20485 0.551862
586000 0.170709 0.172264 0.198312 0.541286
587000 0.161131 0.171218 0.212537 0.544887
588000 0.168283 0.173946 0.214028 0.556256
589000 0.166178 0.179636 0.19958 0.545395
590000 0.168744 0.17848 0.207509 0.554733
591000 0.178713 0.17637 0.206752 0.561835
592000 0.16709 0.175834 0.194351 0.537275
593000 0.163631 0.169845 0.199156 0.532632
594000 0.166267 0.176366 0.207634 0.550266
595000 0.16186 0.176986 0.200685 0.53953
596000 0.169845 0.18149 0.211322 0.562657
597000 0.175702 0.172576 0.205447 0.553725
598000 0.17606 0.171438 0.20661 0.554108
599000 0.186604 0.181414 0.212985 0.581003
600000 0.171951 0.176791 0.21563 0.564372
601000 0.168523 0.177746 0.212153 0.558422
602000 0.169135 0.174146 0.209769 0.55305
603000 0.17015 0.185699 0.219684 0.575533
604000 0.177561 0.189995 0.221494 0.58905
605000 0.179303 0.193444 0.211863 0.584611
606000 0.162312 0.171532 0.216871 0.550716
607000 0.178173 0.183027 0.210686 0.571886
608000 0.18155 0.176122 0.219232 0.576904
609000 0.181906 0.175305 0.215258 0.572469
610000 0.190745 0.194038 0.211286 0.596069
611000 0.175993 0.185612 0.208238 0.569843
612000 0.186551 0.176815 0.213579 0.576944
613000 0.189848 0.19281 0.212906 0.595564
614000 0.182085 0.179178 0.219881 0.581145
615000 0.188874 0.184211 0.218439 0.591523
616000 0.175962 0.178824 0.227769 0.582556
617000 0.174674 0.182091 0.218663 0.575429
618000 0.185194 0.172446 0.225663 0.583303
619000 0.179423 0.182746 0.222155 0.584324
620000 0.198202 0.177612 0.217489 0.593303
621000 0.191989 0.186163 0.217312 0.595464
622000 0.180873 0.178009 0.216472 0.575353
623000 0.190813 0.188705 0.217994 0.597512
624000 0.182657 0.186703 0.222465 0.591825
625000 0.191316 0.199222 0.22697 0.617508
626000 0.192927 0.18435 0.229631 0.606907
627000 0.189518 0.191847 0.227802 0.609167
628000 0.181104 0.188861 0.225324 0.59529
629000 0.189416 0.186372 0.223787 0.599575
630000 0.193211 0.189739 0.224095 0.607044
631000 0.185589 0.193839 0.222733 0.60216
632000 0.199318 0.195891 0.220984 0.616193
633000 0.196167 0.19793 0.231361 0.625458
634000 0.191782 0.186793 0.231332 0.609907
635000 0.185546 0.186028 0.227076 0.598649
636000 0.185599 0.190042 0.224845 0.600486
637000 0.186255 0.192171 0.22349 0.601915
638000 0.192374 0.185715 0.223236 0.601325
639000 0.189833 0.183674 0.22448 0.597988
640000 0.196735 0.185206 0.221906 0.603847
641000 0.187117 0.19604 0.225219 0.608376
642000 0.196426 0.207507 0.22933 0.633263
643000 0.188282 0.187841 0.232228 0.60835
644000 0.190713 0.194902 0.248219 0.633834
645000 0.202276 0.211373 0.247057 0.660705
646000 0.197366 0.188671 0.238878 0.624915
647000 0.198922 0.194747 0.234521 0.628191
648000 0.197463 0.200473 0.226171 0.624108
649000 0.207338 0.186837 0.238307 0.632482
650000 0.207512 0.200943 0.23207 0.640525
651000 0.200296 0.191407 0.241987 0.63369
652000 0.195367 0.183441 0.240452 0.61926
653000 0.193929 0.197139 0.233807 0.624875
654000 0.197018 0.192837 0.233933 0.623787
655000 0.194223 0.193823 0.235814 0.623859
656000 0.206442 0.19744 0.23695 0.640832
657000 0.206556 0.212882 0.237794 0.657232
658000 0.205086 0.191522 0.232829 0.629436
659000 0.202889 0.194633 0.240104 0.637626
660000 0.195536 0.18246 0.243583 0.621579
661000 0.195652 0.188511 0.249109 0.633272
662000 0.200953 0.197116 0.248273 0.646342
663000 0.192711 0.192894 0.239455 0.62506
664000 0.203832 0.202753 0.240377 0.646962
665000 0.20479 0.192771 0.234814 0.632375
666000 0.200691 0.204427 0.240836 0.645954
667000 0.201619 0.201349 0.238393 0.641361
668000 0.192857 0.190438 0.230025 0.61332
669000 0.205769 0.204392 0.246075 0.656236
670000 0.197124 0.196973 0.230688 0.624784
671000 0.196853 0.194541 0.240278 0.631672
672000 0.207976 0.212776 0.237023 0.657776
673000 0.198094 0.191022 0.247948 0.637064
674000 0.204326 0.200199 0.243651 0.648176
675000 0.207336 0.207224 0.246295 0.660854
676000 0.20188 0.205633 0.236536 0.644049
677000 0.197993 0.189815 0.232106 0.619914
678000 0.19489 0.193336 0.240256 0.628481
679000 0.195492 0.190854 0.242797 0.629143
680000 0.196347 0.194432 0.236488 0.627267
681000 0.214538 0.213412 0.237742 0.665693
682000 0.198492 0.192104 0.242938 0.633534
683000 0.189307 0.184163 0.240759 0.61423
684000 0.20861 0.191812 0.24011 0.640532
685000 0.209013 0.210347 0.238024 0.657384
686000 0.200781 0.190843 0.23369 0.625314
687000 0.218133 0.204417 0.237124 0.659674
688000 0.218863 0.207266 0.229726 0.655856
689000 0.202522 0.198385 0.232081 0.632987
690000 0.209927 0.194858 0.241649 0.646433
691000 0.203607 0.19875 0.23635 0.638707
692000 0.203003 0.203171 0.242206 0.648379
693000 0.193372 0.189746 0.235351 0.618468
694000 0.199318 0.19412 0.230392 0.623831
695000 0.202749 0.210556 0.2443 0.657605
696000 0.203282 0.212032 0.236679 0.651993
697000 0.205361 0.201646 0.238423 0.645429
698000 0.196752 0.196271 0.24103 0.634053
699000 0.210234 0.203234 0.233137 0.646605
700000 0.198312 0.201365 0.237131 0.636808
701000 0.204326 0.202168 0.244771 0.651265
702000 0.206501 0.198519 0.240925 0.645944
703000 0.198966 0.204225 0.253049 0.656239
704000 0.216515 0.20676 0.246676 0.669951
705000 0.210614 0.217574 0.250106 0.678294
706000 0.21601 0.203991 0.246714 0.666715
707000 0.217831 0.210459 0.23906 0.66735
708000 0.212623 0.210678 0.244557 0.667858
709000 0.213186 0.209294 0.256204 0.678684
710000 0.213008 0.197811 0.254836 0.665655
711000 0.205741 0.211439 0.250013 0.667194
712000 0.218123 0.20837 0.259993 0.686486
713000 0.210381 0.204529 0.252202 0.667113
714000 0.212332 0.222943 0.242584 0.67786
715000 0.212611 0.203188 0.253944 0.669743
716000 0.211129 0.226572 0.242993 0.680695
717000 0.208632 0.206798 0.244464 0.659894
718000 0.221327 0.207546 0.253409 0.682283
719000 0.211962 0.201369 0.25512 0.668452
720000 0.219544 0.211083 0.248699 0.679326
721000 0.221431 0.222582 0.245804 0.689817
722000 0.217281 0.209555 0.263892 0.690728
723000 0.205558 0.196959 0.259818 0.662335
724000 0.212189 0.209695 0.250423 0.672307
725000 0.213346 0.215262 0.261544 0.690153
726000 0.214377 0.211031 0.255202 0.680611
727000 0.217641 0.208888 0.254156 0.680685
728000 0.232444 0.214301 0.254219 0.700964
729000 0.225139 0.222616 0.254291 0.702047
730000 0.214495 0.209335 0.249183 0.673013
731000 0.218608 0.202947 0.252881 0.674436
732000 0.208828 0.206824 0.252526 0.668177
733000 0.229846 0.222275 0.252552 0.704673
734000 0.218645 0.217291 0.248214 0.68415
735000 0.212805 0.217314 0.258538 0.688657
736000 0.22959 0.20993 0.252829 0.692349
737000 0.21215 0.202125 0.255309 0.669584
738000 0.21354 0.218333 0.257496 0.689369
739000 0.22165 0.206348 0.253805 0.681802
740000 0.228823 0.21643 0.251321 0.696573
741000 0.215664 0.212381 0.249506 0.677551
742000 0.230346 0.214647 0.256038 0.70103
743000 0.219196 0.224555 0.250035 0.693786
744000 0.217742 0.220297 0.25088 0.688918
745000 0.216377 0.211752 0.261423 0.689552
746000 0.221821 0.216811 0.263955 0.702588
747000 0.223259 0.210332 0.257072 0.690664
748000 0.217485 0.215897 0.251844 0.685226
749000 0.222363 0.215196 0.25508 0.692639
750000 0.213528 0.215855 0.250592 0.679975
751000 0.217167 0.201831 0.262745 0.681743
752000 0.227124 0.219861 0.267405 0.71439
753000 0.224155 0.212667 0.261266 0.698088
754000 0.237588 0.224255 0.25711 0.718953
755000 0.231836 0.198142 0.255683 0.685661
756000 0.231328 0.209663 0.255806 0.696797
757000 0.231539 0.226084 0.247787 0.705409
758000 0.224976 0.197021 0.252005 0.674002
759000 0.23374 0.20909 0.257063 0.699892
760000 0.226747 0.206049 0.258627 0.691423
761000 0.218158 0.197525 0.254037 0.66972
762000 0.227108 0.21665 0.260374 0.704133
763000 0.21947 0.212474 0.256968 0.688912
764000 0.214669 0.207997 0.257916 0.680581
765000 0.227974 0.216054 0.259847 0.703874
766000 0.228376 0.208709 0.246259 0.683344
767000 0.238765 0.215112 0.253082 0.70696
768000 0.231683 0.231067 0.24805 0.7108
769000 0.228647 0.20906 0.252939 0.690646
770000 0.224008 0.213909 0.253631 0.691548
771000 0.219207 0.20779 0.254498 0.681495
772000 0.211757 0.205488 0.255548 0.672793
773000 0.223139 0.208678 0.2506 0.682416
774000 0.228809 0.209042 0.253905 0.691755
775000 0.225477 0.207218 0.253169 0.685863
776000 0.229744 0.207956 0.272044 0.709745
777000 0.220057 0.208795 0.26849 0.697341
778000 0.229371 0.209455 0.268154 0.70698
779000 0.212064 0.204442 0.245746 0.662251
780000 0.226552 0.2106 0.253406 0.690558
781000 0.223568 0.207352 0.255345 0.686265
782000 0.225735 0.214237 0.258893 0.698864
783000 0.224616 0.21349 0.263894 0.701999
784000 0.218107 0.215122 0.27054 0.703768
785000 0.226288 0.214766 0.257319 0.698373
786000 0.222107 0.210899 0.259152 0.692157
787000 0.214167 0.205579 0.258392 0.678138
788000 0.214481 0.208304 0.248749 0.671534
789000 0.223713 0.220328 0.258478 0.702519
790000 0.223225 0.211053 0.264163 0.69844
791000 0.220284 0.218813 0.256571 0.695668
792000 0.216194 0.213654 0.249234 0.679082
793000 0.228351 0.209462 0.256333 0.694147
794000 0.218811 0.215713 0.262319 0.696843
795000 0.23214 0.208089 0.259702 0.699931
796000 0.227916 0.209382 0.255919 0.693218
797000 0.225036 0.207789 0.255763 0.688588
798000 0.23524 0.213326 0.258001 0.706567
799000 0.237006 0.217678 0.255324 0.710008
800000 0.22803 0.226312 0.255383 0.709725
801000 0.220456 0.206402 0.261951 0.688809
802000 0.232649 0.211105 0.26091 0.704664
803000 0.232404 0.21036 0.262861 0.705624
804000 0.225774 0.206081 0.26367 0.695524
805000 0.228966 0.20936 0.264521 0.702847
806000 0.213432 0.209883 0.266829 0.690144
807000 0.233179 0.209477 0.263128 0.705783
808000 0.224323 0.211327 0.267956 0.703606
809000 0.227232 0.209398 0.264795 0.701425
810000 0.245224 0.222021 0.266571 0.733816
811000 0.237907 0.224767 0.263436 0.72611
812000 0.245175 0.213138 0.25752 0.715834
813000 0.235336 0.216097 0.275795 0.727228
814000 0.23878 0.210834 0.26176 0.711375
815000 0.230212 0.219199 0.255645 0.705056
816000 0.242768 0.213261 0.266181 0.722209
817000 0.235778 0.222727 0.268536 0.727041
818000 0.248076 0.221853 0.277113 0.747042
819000 0.23636 0.20113 0.28164 0.71913
820000 0.231888 0.207732 0.269497 0.709117
821000 0.232299 0.224378 0.278253 0.73493
822000 0.243939 0.222274 0.262738 0.72895
823000 0.237432 0.2181 0.260964 0.716497
824000 0.232721 0.214157 0.266304 0.713182
825000 0.243521 0.22577 0.26831 0.737601
826000 0.236488 0.219152 0.272882 0.728522
827000 0.234136 0.223303 0.272795 0.730234
828000 0.237962 0.223689 0.266693 0.728344
829000 0.237054 0.208382 0.27456 0.719996
830000 0.225027 0.213728 0.272237 0.710992
831000 0.234289 0.224787 0.272455 0.731531
832000 0.231399 0.211706 0.268473 0.711579
833000 0.245133 0.228446 0.270495 0.744074
834000 0.235831 0.216283 0.27068 0.722794
835000 0.242977 0.219035 0.274564 0.736576
836000 0.243601 0.224522 0.26986 0.737983
837000 0.228563 0.22192 0.26971 0.720193
838000 0.237361 0.21791 0.265936 0.721207
839000 0.250924 0.219088 0.265814 0.735826
840000 0.244879 0.208916 0.272731 0.726527
841000 0.244198 0.215724 0.269196 0.729117
842000 0.247528 0.212069 0.279562 0.739159
843000 0.244706 0.218062 0.283766 0.746534
844000 0.25252 0.220431 0.279025 0.751975
845000 0.246092 0.230244 0.272503 0.748839
846000 0.236193 0.223962 0.274915 0.73507
847000 0.239094 0.218018 0.280529 0.737641
848000 0.241576 0.223653 0.280313 0.745541
849000 0.24297 0.232387 0.270614 0.745971
850000 0.24387 0.221743 0.279168 0.744782
851000 0.246937 0.230604 0.27319 0.750731
852000 0.243318 0.221743 0.271915 0.736977
853000 0.239694 0.215713 0.267451 0.722858
854000 0.249101 0.220779 0.272911 0.742791
855000 0.246141 0.236326 0.276206 0.758673
856000 0.247956 0.217218 0.275965 0.74114
857000 0.249352 0.22638 0.283042 0.758775
858000 0.252287 0.225476 0.285723 0.763486
859000 0.257278 0.216735 0.289377 0.76339
860000 0.239626 0.223841 0.288985 0.752453
861000 0.248761 0.223397 0.280869 0.753027
862000 0.248452 0.232117 0.285068 0.765637
863000 0.245815 0.231538 0.278156 0.755508
864000 0.246743 0.22567 0.290369 0.762782
865000 0.253859 0.226072 0.279316 0.759247
866000 0.247634 0.239679 0.281012 0.768326
867000 0.246879 0.232889 0.28318 0.762947
868000 0.256314 0.234846 0.282778 0.773938
869000 0.237852 0.230053 0.273875 0.74178
870000 0.250322 0.235254 0.282391 0.767967
871000 0.253275 0.22892 0.295272 0.777467
872000 0.244226 0.229551 0.275667 0.749444
873000 0.240046 0.226397 0.284904 0.751347
874000 0.25114 0.231155 0.2843 0.766595
875000 0.251691 0.24081 0.279381 0.771882
876000 0.243589 0.22788 0.284935 0.756404
877000 0.248013 0.239877 0.285114 0.773004
878000 0.249265 0.239419 0.303243 0.791927
879000 0.249769 0.231574 0.28166 0.763003
880000 0.260462 0.239209 0.296289 0.795959
881000 0.249375 0.238873 0.293291 0.781539
882000 0.243505 0.238132 0.291497 0.773135
883000 0.251337 0.249589 0.286411 0.787336
884000 0.252156 0.234009 0.287645 0.773811
885000 0.25594 0.24029 0.284492 0.780722
886000 0.254792 0.233259 0.283154 0.771205
887000 0.250059 0.238579 0.289003 0.777641
888000 0.251587 0.231079 0.287017 0.769683
889000 0.260922 0.236723 0.281232 0.778877
890000 0.258394 0.232017 0.290754 0.781164
891000 0.251688 0.244266 0.289355 0.785309
892000 0.24539 0.237965 0.285564 0.768919
893000 0.257276 0.254976 0.283484 0.795737
894000 0.249863 0.234298 0.284766 0.768927
895000 0.239271 0.228282 0.279237 0.74679
896000 0.257692 0.236444 0.281531 0.775667
897000 0.247405 0.226232 0.28076 0.754396
898000 0.256338 0.249188 0.29167 0.797196
899000 0.244957 0.244493 0.284993 0.774442
900000 0.252533 0.236918 0.286436 0.775887
901000 0.249578 0.225728 0.284222 0.759528
902000 0.24928 0.240753 0.291957 0.781989
903000 0.24899 0.235422 0.293903 0.778315
904000 0.257953 0.240992 0.283619 0.782563
905000 0.248838 0.235246 0.281224 0.765308
906000 0.250832 0.227775 0.289208 0.767815
907000 0.257133 0.229173 0.283285 0.769591
908000 0.263563 0.246542 0.290969 0.801074
909000 0.244925 0.239246 0.296219 0.78039
910000 0.264038 0.230453 0.293436 0.787926
911000 0.256849 0.235703 0.29144 0.783992
912000 0.254506 0.23907 0.291633 0.785209
913000 0.262382 0.252257 0.286167 0.800805
914000 0.255286 0.23635 0.290057 0.781693
915000 0.261053 0.242291 0.289565 0.792909
916000 0.249404 0.235026 0.296514 0.780943
917000 0.253103 0.232312 0.298745 0.78416
918000 0.260406 0.252902 0.287821 0.801128
919000 0.253733 0.237226 0.284083 0.775042
920000 0.250119 0.237411 0.288501 0.776031
921000 0.250657 0.248271 0.297913 0.796842
922000 0.254012 0.236983 0.298959 0.789954
923000 0.262509 0.235409 0.299129 0.797047
924000 0.278022 0.245743 0.316346 0.840111
925000 0.275677 0.234184 0.302723 0.812584
926000 0.267788 0.250568 0.293669 0.812024
927000 0.253473 0.23028 0.29566 0.779413
928000 0.255975 0.243163 0.304582 0.803721
929000 0.26559 0.250273 0.307438 0.8233
930000 0.260578 0.244591 0.320904 0.826073
931000 0.255332 0.229725 0.304105 0.789162
932000 0.270148 0.233367 0.320081 0.823597
933000 0.278275 0.248434 0.305707 0.832416
934000 0.285809 0.240769 0.298401 0.824979
935000 0.263809 0.242167 0.312485 0.818461
936000 0.270292 0.245059 0.294285 0.809636
937000 0.274168 0.240983 0.298115 0.813266
938000 0.268088 0.252235 0.315124 0.835447
939000 0.259972 0.246706 0.303919 0.810598
940000 0.265017 0.251246 0.303448 0.819711
941000 0.263005 0.241847 0.307635 0.812487
942000 0.275444 0.256026 0.314784 0.846254
943000 0.261615 0.23334 0.308944 0.803898
944000 0.262982 0.24018 0.300882 0.804043
945000 0.266453 0.252534 0.303437 0.822424
946000 0.272607 0.246555 0.303562 0.822724
947000 0.277947 0.253833 0.308977 0.840756
948000 0.273561 0.262864 0.308863 0.845288
949000 0.267594 0.250636 0.311618 0.829848
950000 0.272727 0.238767 0.309135 0.820629
951000 0.278405 0.252071 0.310195 0.840671
952000 0.274116 0.239584 0.310837 0.824538
953000 0.280852 0.243614 0.309349 0.833815
954000 0.282066 0.246002 0.308843 0.836911
955000 0.277748 0.255887 0.311483 0.845118
956000 0.277932 0.240284 0.306172 0.824388
957000 0.270072 0.244603 0.319212 0.833887
958000 0.279952 0.257677 0.312057 0.849686
959000 0.276622 0.243942 0.311234 0.831798
960000 0.279954 0.253139 0.310186 0.843278
961000 0.279751 0.254206 0.320791 0.854748
962000 0.270698 0.2467 0.325191 0.84259
963000 0.27248 0.253003 0.318263 0.843747
964000 0.270666 0.24835 0.307797 0.826813
965000 0.274127 0.248086 0.317423 0.839635
966000 0.272207 0.247151 0.313712 0.83307
967000 0.280144 0.247071 0.312457 0.839671
968000 0.276155 0.25914 0.321543 0.856837
969000 0.276215 0.244972 0.300829 0.822016
970000 0.274774 0.257589 0.297811 0.830173
971000 0.276638 0.258404 0.325399 0.860441
972000 0.28421 0.251479 0.330211 0.8659
973000 0.262686 0.24424 0.333559 0.840484
974000 0.273134 0.250096 0.328417 0.851647
975000 0.272452 0.251529 0.320781 0.844762
976000 0.281068 0.2448 0.315896 0.841764
977000 0.284996 0.264548 0.323281 0.872825
978000 0.277672 0.26626 0.318382 0.862315
979000 0.280652 0.266111 0.312125 0.858888
980000 0.278356 0.264539 0.318092 0.860987
981000 0.283217 0.257399 0.329486 0.870102
982000 0.288445 0.253489 0.319163 0.861098
983000 0.284995 0.259751 0.309684 0.85443
984000 0.283525 0.262371 0.310041 0.855937
985000 0.285143 0.263465 0.320468 0.869076
986000 0.277103 0.253637 0.320809 0.851549
987000 0.28022 0.252406 0.315453 0.848079
988000 0.283117 0.246885 0.318692 0.848694
989000 0.276848 0.25762 0.317438 0.851906
990000 0.287223 0.251433 0.327377 0.866033
991000 0.282909 0.258965 0.323782 0.865656
992000 0.283414 0.258858 0.328552 0.870824
993000 0.283617 0.261811 0.32774 0.873169
994000 0.279903 0.256135 0.326092 0.86213
995000 0.284427 0.268699 0.310685 0.863811
996000 0.291608 0.256161 0.318687 0.866456
997000 0.283195 0.268916 0.326679 0.87879
998000 0.276089 0.271157 0.328262 0.875509
999000 0.290371 0.271235 0.301921 0.863527
1000000 0.28797 0.262253 0.331054 0.881277
1001000 0.277097 0.258269 0.319405 0.854771
1002000 0.278787 0.258615 0.328112 0.865513
1003000 0.286006 0.260429 0.32584 0.872275
1004000 0.273886 0.255864 0.324482 0.854232
1005000 0.280765 0.2586 0.334789 0.874153
1006000 0.289496 0.276008 0.330814 0.896318
1007000 0.27983 0.265313 0.323747 0.86889
1008000 0.29033 0.280588 0.315907 0.886825
1009000 0.274262 0.269644 0.329133 0.873039
1010000 0.285193 0.27252 0.331255 0.888968
1011000 0.290166 0.268856 0.329104 0.888126
1012000 0.293172 0.269707 0.336663 0.899543
1013000 0.291603 0.265199 0.354849 0.91165
1014000 0.283945 0.273193 0.341533 0.89867
1015000 0.280518 0.266601 0.345639 0.892758
1016000 0.278538 0.263653 0.334766 0.876957
1017000 0.287639 0.274869 0.328137 0.890644
1018000 0.283501 0.270519 0.341737 0.895757
1019000 0.293799 0.262887 0.336221 0.892907
1020000 0.290523 0.260679 0.344265 0.895467
1021000 0.288939 0.264509 0.335719 0.889167
1022000 0.298756 0.280324 0.32819 0.90727
1023000 0.295262 0.284271 0.319328 0.898861
1024000 0.292397 0.271606 0.323925 0.887928
1025000 0.282253 0.272544 0.326466 0.881263
1026000 0.282992 0.276306 0.335906 0.895205
1027000 0.283105 0.270823 0.344888 0.898815
1028000 0.284218 0.263593 0.334158 0.881969
1029000 0.288149 0.267479 0.326855 0.882484
1030000 0.290496 0.272805 0.334124 0.897424
