# Time-averaged data for fix 1
# TimeStep c_msd_all[1] c_msd_all[2] c_msd_all[3] c_msd_all[4]
31000 0.0828446 0.0749522 0.0656825 0.223479
32000 0.0668514 0.0770163 0.0690931 0.212961
33000 0.0580237 0.0675344 0.0597824 0.18534
34000 0.0634465 0.0806028 0.0718184 0.215868
35000 0.071641 0.0835122 0.0688804 0.224034
36000 0.0693407 0.0798431 0.0797578 0.228942
37000 0.0699135 0.0729034 0.0755405 0.218357
38000 0.0760174 0.0953294 0.0762691 0.247616
39000 0.0796334 0.0851502 0.0766515 0.241435
40000 0.0758687 0.0733569 0.0725269 0.221752
41000 0.0697344 0.0877552 0.0829919 0.240481
42000 0.0797574 0.103143 0.0830833 0.265984
43000 0.0753469 0.0889787 0.0877402 0.252066
44000 0.0779633 0.0963823 0.086974 0.26132
45000 0.0724874 0.0914044 0.107193 0.271085
46000 0.0767789 0.10363 0.0959699 0.276379
47000 0.0858315 0.11466 0.0939372 0.294428
48000 0.0731813 0.114516 0.0958037 0.283501
49000 0.0795896 0.108528 0.1061 0.294218
50000 0.0704727 0.11733 0.109502 0.297305
51000 0.0747927 0.118766 0.102335 0.295893
52000 0.0691864 0.119548 0.111089 0.299824
53000 0.0887409 0.127606 0.118744 0.335091
54000 0.0866634 0.131643 0.118763 0.33707
55000 0.0809334 0.135652 0.121692 0.338277
56000 0.0870948 0.123948 0.114615 0.325659
57000 0.0803064 0.13809 0.131268 0.349665
58000 0.092049 0.130818 0.13113 0.353998
59000 0.0755908 0.130146 0.136923 0.34266
60000 0.0759895 0.143812 0.131531 0.351332
61000 0.0973309 0.139318 0.129208 0.365857
62000 0.0843365 0.13403 0.124098 0.342465
63000 0.0919803 0.143583 0.133806 0.36937
64000 0.0994478 0.138582 0.137038 0.375068
65000 0.0779055 0.140117 0.130542 0.348565
66000 0.0811376 0.127601 0.123102 0.331841
67000 0.0909811 0.146886 0.125373 0.36324
68000 0.0794728 0.153801 0.13472 0.367994
69000 0.0897272 0.151 0.122485 0.363212
70000 0.0840997 0.142939 0.119669 0.346707
71000 0.0946216 0.162265 0.126312 0.383199
72000 0.102428 0.161074 0.135633 0.399135
73000 0.0849393 0.144162 0.133699 0.3628
74000 0.0982328 0.140913 0.119729 0.358874
75000 0.0918378 0.151526 0.133136 0.3765
76000 0.0886246 0.144946 0.131217 0.364787
77000 0.0878821 0.14401 0.125714 0.357606
78000 0.0862542 0.150637 0.121935 0.358826
79000 0.107532 0.15926 0.138883 0.405675
80000 0.0928862 0.159073 0.133406 0.385366
81000 0.105672 0.144567 0.134264 0.384502
82000 0.0856328 0.14443 0.132349 0.362413
83000 0.0882079 0.144738 0.143739 0.376685
84000 0.0902965 0.149644 0.153939 0.39388
85000 0.0808807 0.142464 0.149343 0.372687
86000 0.0869581 0.162057 0.158841 0.407857
87000 0.0782002 0.156064 0.149991 0.384255
88000 0.0962098 0.165264 0.151811 0.413284
89000 0.087694 0.161693 0.161741 0.411127
90000 0.0868583 0.158926 0.165587 0.411371
91000 0.105029 0.151329 0.147216 0.403575
92000 0.0928257 0.150047 0.143139 0.386012
93000 0.100458 0.170698 0.155325 0.426481
94000 0.0892141 0.161194 0.150001 0.400409
95000 0.0928078 0.163889 0.179088 0.435785
96000 0.111754 0.158006 0.153921 0.423681
97000 0.0933886 0.164524 0.149546 0.407459
98000 0.0938202 0.162544 0.172068 0.428432
99000 0.0936366 0.174059 0.165869 0.433565
100000 0.0969018 0.193779 0.173957 0.464638
101000 0.0928552 0.183011 0.155772 0.431638
102000 0.0897893 0.201451 0.155154 0.446394
103000 0.0940929 0.149088 0.183726 0.426907
104000 0.0930111 0.168891 0.169552 0.431453
105000 0.0890663 0.201192 0.168934 0.459192
106000 0.0976577 0.206328 0.162243 0.466229
107000 0.10611 0.221858 0.16321 0.491178
108000 0.101742 0.177369 0.192472 0.471583
109000 0.110137 0.173318 0.196066 0.47952
110000 0.0895918 0.189267 0.211914 0.490772
111000 0.114935 0.230322 0.189188 0.534445
112000 0.109531 0.22274 0.173664 0.505935
113000 0.0961013 0.180894 0.192903 0.469898
114000 0.0927181 0.166478 0.187855 0.447051
115000 0.0901379 0.18152 0.190519 0.462177
116000 0.103593 0.191493 0.169694 0.46478
117000 0.0884092 0.2209 0.176177 0.485486
118000 0.100556 0.192485 0.184301 0.477343
119000 0.106082 0.185277 0.183657 0.475017
120000 0.0952986 0.195789 0.206366 0.497454
121000 0.0994026 0.189786 0.180166 0.469354
122000 0.0870601 0.211462 0.180665 0.479188
123000 0.0894372 0.194287 0.175299 0.459024
124000 0.111369 0.190299 0.192662 0.49433
125000 0.0902258 0.185575 0.182084 0.457885
126000 0.103756 0.178382 0.185971 0.468108
127000 0.0876293 0.178943 0.189837 0.456409
128000 0.0913695 0.201408 0.202442 0.495219
129000 0.0997764 0.190879 0.201779 0.492434
130000 0.0920092 0.190922 0.196522 0.479453
131000 0.0918065 0.189811 0.186734 0.468352
132000 0.101384 0.202966 0.192667 0.497017
133000 0.102376 0.193436 0.198181 0.493992
134000 0.100285 0.198913 0.196566 0.495764
135000 0.0934163 0.197651 0.206912 0.497979
136000 0.0996025 0.184898 0.211378 0.495878
137000 0.0864083 0.191119 0.201255 0.478782
138000 0.0971493 0.200083 0.19118 0.488412
139000 0.0983103 0.197988 0.191916 0.488215
140000 0.0942063 0.203675 0.21538 0.513262
141000 0.101283 0.204177 0.227828 0.533289
142000 0.0938824 0.208215 0.239854 0.541951
143000 0.094688 0.196615 0.2225 0.513804
144000 0.101921 0.202742 0.214713 0.519375
145000 0.0977201 0.198063 0.224843 0.520626
146000 0.0911502 0.193313 0.239999 0.524462
147000 0.0959075 0.20595 0.255001 0.556859
148000 0.105624 0.192487 0.222815 0.520927
149000 0.0996218 0.211514 0.226939 0.538075
150000 0.108388 0.208765 0.237731 0.554885
151000 0.130177 0.239065 0.253205 0.622447
152000 0.107108 0.228332 0.265078 0.600517
153000 0.113762 0.213653 0.247797 0.575212
154000 0.100674 0.222782 0.22752 0.550976
155000 0.103816 0.223981 0.254766 0.582563
156000 0.142683 0.242124 0.270602 0.655409
157000 0.115899 0.237703 0.267837 0.621439
158000 0.114117 0.228844 0.246163 0.589124
159000 0.105618 0.222393 0.248752 0.576763
160000 0.109618 0.224469 0.284982 0.619069
161000 0.109236 0.224166 0.286118 0.61952
162000 0.108547 0.231319 0.265082 0.604948
163000 0.112335 0.230812 0.240477 0.583624
164000 0.111267 0.228402 0.240082 0.57975
165000 0.103273 0.225675 0.27246 0.601408
166000 0.108303 0.226993 0.274858 0.610154
167000 0.120876 0.241695 0.277378 0.639949
168000 0.119742 0.251829 0.248341 0.619913
169000 0.119677 0.245592 0.254139 0.619408
170000 0.109334 0.239662 0.281129 0.630125
171000 0.107453 0.250194 0.30914 0.666787
172000 0.115832 0.252216 0.267653 0.635701
173000 0.113076 0.263904 0.284709 0.661689
174000 0.116471 0.252818 0.279121 0.648409
175000 0.109795 0.260736 0.303898 0.674429
176000 0.127204 0.240499 0.275124 0.642827
177000 0.113859 0.255792 0.282966 0.652618
178000 0.116606 0.298385 0.272285 0.687276
179000 0.128499 0.286273 0.273498 0.68827
180000 0.114724 0.289692 0.274778 0.679195
181000 0.120444 0.271774 0.276437 0.668656
182000 0.127135 0.267384 0.285212 0.679731
183000 0.120358 0.267612 0.275149 0.663119
184000 0.126298 0.265498 0.277097 0.668893
185000 0.11791 0.285582 0.296155 0.699648
186000 0.130122 0.263351 0.285257 0.67873
187000 0.127006 0.267377 0.290786 0.685169
188000 0.12617 0.263186 0.268721 0.658077
189000 0.122054 0.26675 0.268313 0.657116
190000 0.122135 0.281661 0.30497 0.708766
191000 0.161608 0.283984 0.27495 0.720542
192000 0.123925 0.275975 0.28304 0.68294
193000 0.147439 0.272113 0.271314 0.690866
194000 0.124913 0.260496 0.280605 0.666014
195000 0.129543 0.276359 0.314669 0.720571
196000 0.136399 0.286822 0.302697 0.725917
197000 0.14111 0.287761 0.31075 0.739621
198000 0.134539 0.272049 0.28668 0.693268
199000 0.127215 0.284543 0.295465 0.707223
200000 0.127461 0.277221 0.331519 0.7362
201000 0.13831 0.288204 0.319584 0.746097
202000 0.132918 0.293946 0.315663 0.742527
203000 0.139239 0.287884 0.300046 0.727169
204000 0.126753 0.288367 0.309734 0.724854
205000 0.12696 0.286859 0.336968 0.750787
206000 0.126333 0.287197 0.327453 0.740983
207000 0.130006 0.289756 0.322932 0.742694
208000 0.12851 0.29209 0.325954 0.746554
209000 0.122597 0.294242 0.308663 0.725501
210000 0.132738 0.292723 0.340489 0.76595
211000 0.130156 0.296946 0.321562 0.748664
212000 0.122004 0.304067 0.325077 0.751148
213000 0.131187 0.285497 0.316327 0.733011
214000 0.126127 0.300672 0.311359 0.738158
215000 0.146851 0.303496 0.344967 0.795314
216000 0.136667 0.305399 0.32579 0.767857
217000 0.122295 0.306002 0.328971 0.757268
218000 0.12923 0.304361 0.301326 0.734916
219000 0.126949 0.303374 0.313106 0.74343
220000 0.144836 0.317316 0.324845 0.786996
221000 0.139994 0.30584 0.325208 0.771041
222000 0.141 0.318521 0.331338 0.790859
223000 0.132707 0.312031 0.316599 0.761337
224000 0.133048 0.31624 0.309162 0.75845
225000 0.149005 0.331014 0.340502 0.820521
226000 0.151871 0.337147 0.311197 0.800215
227000 0.151361 0.33014 0.339533 0.821035
228000 0.137963 0.317768 0.32408 0.779811
229000 0.135607 0.324616 0.317556 0.777779
230000 0.157865 0.333654 0.347169 0.838688
231000 0.144634 0.323392 0.335255 0.803282
232000 0.161775 0.335684 0.336848 0.834306
233000 0.13798 0.323183 0.332704 0.793867
234000 0.138401 0.33414 0.346049 0.818589
235000 0.14433 0.325607 0.333026 0.802962
236000 0.144216 0.327496 0.330235 0.801947
237000 0.138477 0.316937 0.332106 0.78752
238000 0.138458 0.307654 0.337779 0.78389
239000 0.145167 0.336343 0.342641 0.824151
240000 0.167587 0.328614 0.339697 0.835899
241000 0.138981 0.342838 0.340985 0.822803
242000 0.142019 0.313956 0.337619 0.793594
243000 0.152002 0.345829 0.350134 0.847965
244000 0.13412 0.34701 0.344852 0.825983
245000 0.1333 0.331576 0.352328 0.817204
246000 0.138082 0.333044 0.34217 0.813295
247000 0.156473 0.34299 0.360858 0.860321
248000 0.140472 0.346093 0.357529 0.844094
249000 0.146135 0.340434 0.366363 0.852931
250000 0.143728 0.338382 0.365496 0.847606
251000 0.136677 0.343675 0.357569 0.83792
252000 0.135766 0.336961 0.360419 0.833145
253000 0.15015 0.34056 0.368745 0.859455
254000 0.140781 0.335899 0.363837 0.840517
255000 0.150209 0.34392 0.36374 0.857869
256000 0.168096 0.331304 0.366371 0.865772
257000 0.144506 0.351273 0.365279 0.861058
258000 0.145597 0.334415 0.356091 0.836103
259000 0.142401 0.32496 0.357533 0.824894
260000 0.143894 0.354747 0.370054 0.868695
261000 0.147051 0.352383 0.348767 0.848201
262000 0.141801 0.347287 0.37514 0.864229
263000 0.141311 0.34165 0.353884 0.836844
264000 0.142985 0.343319 0.374587 0.860891
265000 0.144944 0.355299 0.365363 0.865606
266000 0.141141 0.345893 0.360385 0.847418
267000 0.14188 0.345365 0.375038 0.862283
268000 0.139776 0.353765 0.365701 0.859243
269000 0.14383 0.365632 0.382093 0.891554
270000 0.156677 0.347256 0.373519 0.877451
271000 0.155743 0.350382 0.370688 0.876813
272000 0.15466 0.362876 0.376455 0.893992
273000 0.14961 0.371061 0.368998 0.889669
274000 0.13737 0.340981 0.377862 0.856213
275000 0.141563 0.351033 0.385115 0.877711
276000 0.13943 0.370635 0.391391 0.901456
277000 0.136405 0.377114 0.379528 0.893048
278000 0.144847 0.364984 0.366528 0.876359
279000 0.139354 0.355811 0.377362 0.872527
280000 0.143879 0.348829 0.382579 0.875287
281000 0.145806 0.363889 0.397387 0.907082
282000 0.150052 0.380542 0.38039 0.910984
283000 0.14303 0.377124 0.404546 0.924699
284000 0.138108 0.367843 0.384792 0.890743
285000 0.140755 0.379664 0.37812 0.898539
286000 0.148039 0.372094 0.398685 0.918818
287000 0.149196 0.378556 0.386727 0.914479
288000 0.145937 0.378883 0.403291 0.928111
289000 0.137648 0.38044 0.395996 0.914084
290000 0.147325 0.377016 0.392126 0.916467
291000 0.145674 0.383115 0.42158 0.95037
292000 0.149878 0.381271 0.398698 0.929847
293000 0.163076 0.37596 0.406991 0.946027
294000 0.159614 0.410074 0.390554 0.960242
295000 0.145292 0.38212 0.394894 0.922306
296000 0.151136 0.390711 0.418778 0.960625
297000 0.163217 0.388267 0.397918 0.949401
298000 0.148056 0.381405 0.409416 0.938878
299000 0.154134 0.405694 0.416436 0.976264
300000 0.166265 0.401505 0.405001 0.972771
301000 0.16278 0.404642 0.418307 0.985729
302000 0.152874 0.38165 0.393699 0.928223
303000 0.159522 0.380013 0.408022 0.947557
304000 0.213653 0.398534 0.420237 1.03242
305000 0.211462 0.407121 0.387931 1.00651
306000 0.223636 0.402292 0.427128 1.05306
307000 0.160105 0.402233 0.38564 0.947977
308000 0.147875 0.399306 0.393355 0.940535
309000 0.171712 0.409829 0.407179 0.98872
310000 0.213742 0.399919 0.3927 1.00636
311000 0.186619 0.393279 0.413627 0.993525
312000 0.161596 0.399435 0.424062 0.985093
313000 0.158297 0.396801 0.411806 0.966904
314000 0.157094 0.434087 0.432956 1.02414
315000 0.155042 0.385413 0.409393 0.949848
316000 0.178594 0.399395 0.415699 0.993688
317000 0.162969 0.399314 0.431959 0.994242
318000 0.186793 0.390464 0.40435 0.981607
319000 0.162828 0.425581 0.406199 0.994607
320000 0.161813 0.412402 0.422488 0.996703
321000 0.155111 0.409687 0.420603 0.985401
322000 0.152746 0.398939 0.42419 0.975874
323000 0.155785 0.403294 0.437054 0.996132
324000 0.157136 0.41568 0.418796 0.991611
325000 0.15662 0.414616 0.417836 0.989072
326000 0.165301 0.404458 0.448529 1.01829
327000 0.175901 0.426522 0.432564 1.03499
328000 0.16309 0.414491 0.445779 1.02336
329000 0.175686 0.41735 0.441428 1.03446
330000 0.167327 0.425329 0.428453 1.02111
331000 0.170665 0.408139 0.450281 1.02908
332000 0.159972 0.423388 0.423019 1.00638
333000 0.161701 0.417266 0.438629 1.0176
334000 0.174735 0.406756 0.441072 1.02256
335000 0.165826 0.416773 0.42895 1.01155
336000 0.166341 0.425596 0.444176 1.03611
337000 0.16144 0.394841 0.42369 0.979971
338000 0.164221 0.424577 0.454015 1.04281
339000 0.173706 0.422754 0.448153 1.04461
340000 0.157743 0.431906 0.42624 1.01589
341000 0.167075 0.426617 0.459615 1.05331
342000 0.177215 0.420731 0.444531 1.04248
343000 0.179739 0.431932 0.494903 1.10657
344000 0.173875 0.426947 0.432078 1.0329
345000 0.189779 0.433975 0.441927 1.06568
346000 0.16701 0.429263 0.462213 1.05849
347000 0.164979 0.427863 0.458365 1.05121
348000 0.170533 0.431284 0.482534 1.08435
349000 0.172532 0.41262 0.428523 1.01367
350000 0.167204 0.422111 0.439858 1.02917
351000 0.168928 0.427188 0.472718 1.06883
352000 0.174465 0.426569 0.439936 1.04097
353000 0.181579 0.427298 0.47287 1.08175
354000 0.162056 0.432718 0.434063 1.02884
355000 0.17908 0.427504 0.446596 1.05318
356000 0.165234 0.412894 0.444896 1.02302
357000 0.169071 0.442728 0.441724 1.05352
358000 0.171124 0.424334 0.448371 1.04383
359000 0.173161 0.426442 0.458726 1.05833
360000 0.179421 0.430021 0.432712 1.04215
361000 0.163599 0.435543 0.480321 1.07946
362000 0.167285 0.438673 0.442636 1.04859
363000 0.165198 0.433094 0.459929 1.05822
364000 0.168483 0.43986 0.450201 1.05854
365000 0.171968 0.425947 0.45288 1.0508
366000 0.161293 0.431858 0.458687 1.05184
367000 0.182721 0.436786 0.458056 1.07756
368000 0.172441 0.436661 0.472805 1.08191
369000 0.174 0.442152 0.457846 1.074
370000 0.182007 0.442836 0.467995 1.09284
371000 0.165926 0.444659 0.499579 1.11016
372000 0.176587 0.447831 0.448831 1.07325
373000 0.176588 0.44727 0.472552 1.09641
374000 0.192295 0.469976 0.474529 1.1368
375000 0.17173 0.430916 0.470018 1.07266
376000 0.175721 0.446769 0.488426 1.11092
377000 0.168247 0.4457 0.472606 1.08655
378000 0.175676 0.432134 0.465454 1.07326
379000 0.176457 0.445898 0.477814 1.10017
380000 0.181403 0.425688 0.466597 1.07369
381000 0.183884 0.450721 0.468227 1.10283
382000 0.182366 0.427831 0.447055 1.05725
383000 0.170296 0.436965 0.457689 1.06495
384000 0.170412 0.433163 0.481078 1.08465
385000 0.185681 0.454257 0.475624 1.11556
386000 0.17776 0.464307 0.477724 1.11979
387000 0.177933 0.443629 0.47212 1.09368
388000 0.174387 0.464024 0.46068 1.09909
389000 0.167698 0.478518 0.483863 1.13008
390000 0.188829 0.442113 0.481245 1.11219
391000 0.181369 0.470889 0.471879 1.12414
392000 0.189406 0.459386 0.465371 1.11416
393000 0.17288 0.4425 0.473495 1.08888
394000 0.186549 0.467674 0.462378 1.1166
395000 0.18713 0.44839 0.474132 1.10965
396000 0.176163 0.45635 0.466632 1.09915
397000 0.174187 0.447797 0.453115 1.0751
398000 0.173563 0.433303 0.483939 1.09081
399000 0.177707 0.449228 0.473124 1.10006
400000 0.188227 0.454602 0.469186 1.11201
401000 0.175449 0.456217 0.487954 1.11962
402000 0.200108 0.458904 0.463696 1.12271
403000 0.193502 0.460717 0.474086 1.12831
404000 0.186369 0.472888 0.470307 1.12956
405000 0.187277 0.462227 0.470617 1.12012
406000 0.183126 0.477738 0.487598 1.14846
407000 0.190523 0.485583 0.476626 1.15273
408000 0.173557 0.469756 0.492888 1.1362
409000 0.184877 0.477914 0.471843 1.13463
410000 0.182339 0.461278 0.464151 1.10777
411000 0.18638 0.477236 0.472203 1.13582
412000 0.187834 0.465688 0.469669 1.12319
413000 0.187128 0.46962 0.516591 1.17334
414000 0.187876 0.46952 0.478586 1.13598
415000 0.183138 0.475829 0.493307 1.15227
416000 0.177838 0.458665 0.481069 1.11757
417000 0.194579 0.478686 0.463612 1.13688
418000 0.186486 0.486214 0.483338 1.15604
419000 0.178426 0.476601 0.473326 1.12835
420000 0.203155 0.482303 0.495914 1.18137
421000 0.18574 0.465146 0.478775 1.12966
422000 0.186416 0.4568 0.465073 1.10829
423000 0.18343 0.482661 0.48523 1.15132
424000 0.188342 0.487846 0.467595 1.14378
425000 0.179502 0.481676 0.499961 1.16114
426000 0.180736 0.478467 0.483629 1.14283
427000 0.180392 0.495956 0.467409 1.14376
428000 0.194274 0.49604 0.482497 1.17281
429000 0.187444 0.505503 0.480893 1.17384
430000 0.184811 0.506365 0.487293 1.17847
431000 0.194135 0.502656 0.468349 1.16514
432000 0.186615 0.514244 0.475107 1.17597
433000 0.194085 0.490932 0.502821 1.18784
434000 0.183317 0.514345 0.483486 1.18115
435000 0.190259 0.510725 0.4964 1.19738
436000 0.204863 0.522892 0.481813 1.20957
437000 0.190271 0.509651 0.503992 1.20391
438000 0.206619 0.513604 0.487767 1.20799
439000 0.1804 0.494753 0.49374 1.16889
440000 0.182551 0.503117 0.498721 1.18439
441000 0.191938 0.500931 0.48361 1.17648
442000 0.183697 0.508161 0.482045 1.1739
443000 0.207469 0.513783 0.506171 1.22742
444000 0.196203 0.495604 0.502015 1.19382
445000 0.192144 0.514584 0.508199 1.21493
446000 0.197157 0.525344 0.479873 1.20237
447000 0.187422 0.505775 0.507169 1.20037
448000 0.207848 0.5188 0.484534 1.21118
449000 0.192641 0.528438 0.498293 1.21937
450000 0.208393 0.516451 0.515795 1.24064
451000 0.217347 0.5544 0.507833 1.27958
452000 0.204964 0.524864 0.500435 1.23026
453000 0.203142 0.52781 0.492877 1.22383
454000 0.201545 0.517491 0.476638 1.19568
455000 0.196219 0.528561 0.512675 1.23745
456000 0.200763 0.546275 0.494152 1.24119
457000 0.210602 0.547627 0.502548 1.26078
458000 0.208202 0.525376 0.524364 1.25794
459000 0.202553 0.527672 0.499481 1.22971
460000 0.201284 0.522749 0.527093 1.25113
461000 0.196658 0.538878 0.491755 1.22729
462000 0.198836 0.5401 0.509022 1.24796
463000 0.189515 0.538161 0.495491 1.22317
464000 0.199375 0.549538 0.497925 1.24684
465000 0.19372 0.536851 0.569916 1.30049
466000 0.205368 0.547497 0.523126 1.27599
467000 0.202515 0.543854 0.543937 1.29031
468000 0.205254 0.542851 0.523398 1.2715
469000 0.197466 0.555824 0.521004 1.27429
470000 0.207432 0.549428 0.536975 1.29384
471000 0.188445 0.558098 0.52711 1.27365
472000 0.209395 0.549264 0.564988 1.32365
473000 0.194989 0.551031 0.541351 1.28737
474000 0.204142 0.560414 0.547965 1.31252
475000 0.195306 0.537209 0.562631 1.29515
476000 0.19835 0.551245 0.568367 1.31796
477000 0.209506 0.541735 0.557988 1.30923
478000 0.19754 0.562845 0.557861 1.31825
479000 0.203812 0.538642 0.54921 1.29166
480000 0.205452 0.554788 0.554108 1.31435
481000 0.205336 0.564427 0.587841 1.3576
482000 0.210033 0.558172 0.57635 1.34456
483000 0.203615 0.562702 0.570558 1.33687
484000 0.203905 0.555911 0.557416 1.31723
485000 0.199684 0.577418 0.564569 1.34167
486000 0.216975 0.555049 0.584647 1.35667
487000 0.209453 0.564699 0.565931 1.34008
488000 0.190075 0.584483 0.57728 1.35184
489000 0.216394 0.573598 0.583594 1.37359
490000 0.202102 0.591656 0.590479 1.38424
491000 0.208475 0.560896 0.574056 1.34343
492000 0.204265 0.560139 0.581844 1.34625
493000 0.203755 0.594022 0.567749 1.36553
494000 0.194386 0.573486 0.578876 1.34675
495000 0.204805 0.584437 0.598352 1.38759
496000 0.200788 0.567957 0.584043 1.35279
497000 0.195081 0.586287 0.600097 1.38147
498000 0.216183 0.569106 0.592443 1.37773
499000 0.202548 0.593751 0.615958 1.41226
500000 0.206305 0.567559 0.574803 1.34867
501000 0.203817 0.560957 0.572135 1.33691
502000 0.210926 0.589134 0.567799 1.36786
503000 0.226548 0.580237 0.581736 1.38852
504000 0.205398 0.572454 0.581987 1.35984
505000 0.233808 0.590189 0.581956 1.40595
506000 0.208735 0.581176 0.595809 1.38572
507000 0.22773 0.592259 0.574622 1.39461
508000 0.215544 0.581348 0.581388 1.37828
509000 0.195969 0.577475 0.579897 1.35334
510000 0.230221 0.570993 0.590776 1.39199
511000 0.195465 0.580852 0.604514 1.38083
512000 0.201035 0.576495 0.561402 1.33893
513000 0.205363 0.584102 0.590771 1.38024
514000 0.201752 0.584676 0.583078 1.36951
515000 0.214276 0.568064 0.605957 1.3883
516000 0.195104 0.590805 0.596906 1.38281
517000 0.219419 0.577556 0.577672 1.37465
518000 0.197045 0.566965 0.603036 1.36705
519000 0.200604 0.582827 0.587709 1.37114
520000 0.220896 0.598352 0.595601 1.41485
521000 0.217834 0.593823 0.581082 1.39274
522000 0.209117 0.573906 0.587321 1.37034
523000 0.207765 0.575097 0.60372 1.38658
524000 0.207241 0.589993 0.591705 1.38894
525000 0.216547 0.580195 0.620384 1.41713
526000 0.201793 0.579636 0.619968 1.4014
527000 0.224353 0.599275 0.614992 1.43862
528000 0.211497 0.628318 0.631859 1.47167
529000 0.226514 0.597421 0.593051 1.41699
530000 0.189079 0.600127 0.624489 1.4137
531000 0.221624 0.611064 0.607955 1.44064
532000 0.219176 0.600981 0.619901 1.44006
533000 0.206754 0.600456 0.632907 1.44012
534000 0.224511 0.609093 0.615563 1.44917
535000 0.212237 0.617281 0.640576 1.47009
536000 0.233187 0.581712 0.600842 1.41574
537000 0.208431 0.625784 0.592897 1.42711
538000 0.21301 0.590214 0.640508 1.44373
539000 0.206734 0.583928 0.605713 1.39637
540000 0.208771 0.608601 0.61873 1.4361
541000 0.205438 0.596568 0.599764 1.40177
542000 0.201597 0.584279 0.582167 1.36804
543000 0.221563 0.579667 0.597933 1.39916
544000 0.203828 0.598408 0.600863 1.4031
545000 0.21277 0.578975 0.5893 1.38104
546000 0.213749 0.588527 0.605249 1.40753
547000 0.205842 0.599013 0.603333 1.40819
548000 0.216562 0.593847 0.598036 1.40845
549000 0.204727 0.62251 0.596171 1.42341
550000 0.221358 0.600374 0.611143 1.43288
551000 0.224757 0.600611 0.608438 1.43381
552000 0.212772 0.63892 0.61424 1.46593
553000 0.222679 0.621668 0.620616 1.46496
554000 0.216143 0.636417 0.602747 1.45531
555000 0.222355 0.593821 0.614823 1.431
556000 0.21091 0.617121 0.604915 1.43295
557000 0.224882 0.645016 0.611076 1.48097
558000 0.229599 0.61598 0.605937 1.45152
559000 0.217263 0.634577 0.629948 1.48179
560000 0.226545 0.620267 0.620517 1.46733
561000 0.211308 0.621427 0.613255 1.44599
562000 0.218558 0.641556 0.619648 1.47976
563000 0.232653 0.61087 0.627591 1.47111
564000 0.218309 0.623422 0.629384 1.47111
565000 0.232725 0.609166 0.618512 1.4604
566000 0.22509 0.624006 0.609608 1.4587
567000 0.218781 0.653574 0.619413 1.49177
568000 0.235402 0.635797 0.624694 1.49589
569000 0.232052 0.624451 0.632162 1.48867
570000 0.230842 0.639726 0.633786 1.50435
571000 0.226424 0.640131 0.663881 1.53044
572000 0.242783 0.67007 0.633033 1.54589
573000 0.220775 0.648903 0.653202 1.52288
574000 0.220769 0.657582 0.62332 1.50167
575000 0.241699 0.644723 0.646641 1.53306
576000 0.220631 0.649821 0.664875 1.53533
577000 0.230396 0.63829 0.623949 1.49264
578000 0.234107 0.659768 0.667763 1.56164
579000 0.239284 0.642207 0.655503 1.53699
580000 0.228674 0.637806 0.658164 1.52464
581000 0.226192 0.648766 0.666713 1.54167
582000 0.229956 0.643857 0.637931 1.51174
583000 0.231465 0.650429 0.674913 1.55681
584000 0.233863 0.63945 0.639123 1.51244
585000 0.236373 0.641219 0.639233 1.51682
586000 0.2278 0.625558 0.675408 1.52877
587000 0.23019 0.641818 0.653847 1.52586
588000 0.227472 0.651211 0.68744 1.56612
589000 0.221064 0.652947 0.63242 1.50643
590000 0.24369 0.613133 0.668631 1.52545
591000 0.231397 0.636188 0.637506 1.50509
592000 0.235957 0.646853 0.678971 1.56178
593000 0.240859 0.642441 0.671668 1.55497
594000 0.234488 0.638172 0.652473 1.52513
595000 0.242121 0.641971 0.684722 1.56881
596000 0.230775 0.645075 0.669197 1.54505
597000 0.228675 0.650065 0.671453 1.55019
598000 0.248703 0.659322 0.67156 1.57959
599000 0.236505 0.702741 0.659051 1.5983
600000 0.236706 0.636259 0.676635 1.5496
601000 0.240947 0.63522 0.683945 1.56011
602000 0.230533 0.670072 0.669042 1.56965
603000 0.248422 0.653795 0.657526 1.55974
604000 0.236659 0.662417 0.679419 1.57849
605000 0.243746 0.63992 0.700616 1.58428
606000 0.24459 0.681753 0.676072 1.60241
607000 0.241312 0.663132 0.665096 1.56954
608000 0.237535 0.641513 0.706664 1.58571
609000 0.240728 0.692484 0.672347 1.60556
610000 0.239643 0.665421 0.706142 1.61121
611000 0.242554 0.673026 0.663434 1.57901
612000 0.252421 0.673506 0.667491 1.59342
613000 0.247129 0.644268 0.699 1.5904
614000 0.245074 0.670093 0.672776 1.58794
615000 0.243424 0.659413 0.715715 1.61855
616000 0.248625 0.673924 0.689181 1.61173
617000 0.24501 0.689045 0.704817 1.63887
618000 0.242571 0.665419 0.723864 1.63186
619000 0.249562 0.679936 0.707072 1.63657
620000 0.245888 0.674856 0.739576 1.66032
621000 0.249873 0.669964 0.709671 1.62951
622000 0.256498 0.690548 0.733035 1.68008
623000 0.266565 0.697816 0.717003 1.68138
624000 0.25836 0.686406 0.717061 1.66183
625000 0.25356 0.683976 0.735344 1.67288
626000 0.242184 0.679738 0.688651 1.61057
627000 0.263051 0.689847 0.714093 1.66699
628000 0.247952 0.709971 0.734019 1.69194
629000 0.249094 0.694663 0.712979 1.65674
630000 0.248409 0.702788 0.736315 1.68751
631000 0.26137 0.746639 0.719721 1.72773
632000 0.247807 0.702917 0.719982 1.67071
633000 0.249287 0.717503 0.751131 1.71792
634000 0.249838 0.704329 0.716082 1.67025
635000 0.248922 0.714366 0.754503 1.71779
636000 0.262617 0.71878 0.716129 1.69753
637000 0.27068 0.714235 0.728045 1.71296
638000 0.261479 0.719292 0.740066 1.72084
639000 0.267439 0.723631 0.733836 1.72491
640000 0.253654 0.703455 0.745277 1.70239
641000 0.266271 0.710735 0.739041 1.71605
642000 0.254026 0.740564 0.760207 1.7548
643000 0.272824 0.762251 0.755838 1.79091
644000 0.262239 0.716491 0.728819 1.70755
645000 0.247127 0.73613 0.773586 1.75684
646000 0.264741 0.719216 0.746165 1.73012
647000 0.267772 0.721671 0.792154 1.7816
648000 0.265916 0.712015 0.752576 1.73051
649000 0.264001 0.716664 0.749172 1.72984
650000 0.261402 0.726111 0.76613 1.75364
651000 0.260357 0.733949 0.770986 1.76529
652000 0.25709 0.748935 0.814129 1.82015
653000 0.271827 0.732536 0.771312 1.77567
654000 0.256334 0.744611 0.779785 1.78073
655000 0.261839 0.747719 0.778322 1.78788
656000 0.256432 0.749111 0.765854 1.7714
657000 0.271888 0.732551 0.829153 1.83359
658000 0.270211 0.734477 0.780525 1.78521
659000 0.255814 0.730894 0.772246 1.75895
660000 0.271486 0.772244 0.764618 1.80835
661000 0.257695 0.722774 0.748541 1.72901
662000 0.264085 0.741582 0.809593 1.81526
663000 0.273946 0.733045 0.767325 1.77432
664000 0.266894 0.735441 0.810947 1.81328
665000 0.273502 0.741064 0.781671 1.79624
666000 0.264875 0.737251 0.786064 1.78819
667000 0.260488 0.724271 0.781552 1.76631
668000 0.277989 0.726381 0.761902 1.76627
669000 0.276484 0.739615 0.805352 1.82145
670000 0.276323 0.727621 0.776894 1.78084
671000 0.291561 0.734997 0.797312 1.82387
672000 0.27934 0.753078 0.768851 1.80127
673000 0.273653 0.748582 0.762736 1.78497
674000 0.282656 0.754086 0.774868 1.81161
675000 0.271484 0.763687 0.763293 1.79846
676000 0.271008 0.757624 0.78264 1.81127
677000 0.270865 0.779744 0.780906 1.83152
678000 0.282123 0.754524 0.767964 1.80461
679000 0.272241 0.755183 0.782538 1.80996
680000 0.264603 0.788019 0.75366 1.80628
681000 0.281533 0.763224 0.771753 1.81651
682000 0.271729 0.754246 0.812484 1.83846
683000 0.266571 0.748109 0.777551 1.79223
684000 0.284032 0.742464 0.813298 1.83979
685000 0.266931 0.790074 0.774187 1.83119
686000 0.278375 0.754203 0.774191 1.80677
687000 0.276735 0.744236 0.81539 1.83636
688000 0.276708 0.755291 0.791485 1.82348
689000 0.266021 0.758674 0.790942 1.81564
690000 0.273767 0.771207 0.774253 1.81923
691000 0.272159 0.773995 0.786519 1.83267
692000 0.296558 0.783688 0.797637 1.87788
693000 0.275889 0.7658 0.792115 1.8338
694000 0.27604 0.790047 0.843495 1.90958
695000 0.289901 0.756476 0.77997 1.82635
696000 0.286646 0.765269 0.794981 1.8469
697000 0.288078 0.771202 0.778558 1.83784
698000 0.276059 0.765747 0.77155 1.81336
699000 0.288431 0.779822 0.796251 1.8645
700000 0.281925 0.777254 0.784618 1.8438
701000 0.293766 0.787063 0.788972 1.8698
702000 0.278774 0.795292 0.78663 1.8607
703000 0.283697 0.784056 0.795386 1.86314
704000 0.287385 0.799547 0.80984 1.89677
705000 0.284194 0.781856 0.774646 1.8407
706000 0.297745 0.786989 0.835698 1.92043
707000 0.28163 0.775057 0.809342 1.86603
708000 0.296109 0.797432 0.796911 1.89045
709000 0.275304 0.769308 0.840519 1.88513
710000 0.279188 0.796163 0.792426 1.86778
711000 0.299544 0.778586 0.802011 1.88014
712000 0.302714 0.811283 0.815061 1.92906
713000 0.296921 0.790212 0.789663 1.8768
714000 0.281378 0.783546 0.831223 1.89615
715000 0.289145 0.79806 0.78671 1.87391
716000 0.293443 0.79458 0.803825 1.89185
717000 0.277206 0.843322 0.812095 1.93262
718000 0.311438 0.796527 0.784484 1.89245
719000 0.29329 0.788812 0.841432 1.92353
720000 0.291263 0.814949 0.798933 1.90515
721000 0.282884 0.808234 0.814034 1.90515
722000 0.292051 0.839524 0.776928 1.9085
723000 0.297923 0.79484 0.805736 1.8985
724000 0.281452 0.824197 0.857223 1.96287
725000 0.317597 0.806639 0.831003 1.95524
726000 0.281892 0.796464 0.848623 1.92698
727000 0.28963 0.829932 0.814332 1.93389
728000 0.289738 0.811494 0.800176 1.90141
729000 0.285028 0.799846 0.864726 1.9496
730000 0.294688 0.801137 0.82966 1.92549
731000 0.30423 0.824106 0.873526 2.00186
732000 0.286342 0.819262 0.809621 1.91523
733000 0.304801 0.816034 0.806586 1.92742
734000 0.294554 0.821479 0.862787 1.97882
735000 0.28241 0.816879 0.817838 1.91713
736000 0.280984 0.815849 0.887641 1.98447
737000 0.297685 0.823597 0.811981 1.93326
738000 0.294608 0.839414 0.817776 1.9518
739000 0.292074 0.797596 0.852946 1.94262
740000 0.293211 0.815888 0.822777 1.93188
741000 0.287506 0.835734 0.877096 2.00034
742000 0.284517 0.817475 0.826772 1.92876
743000 0.278252 0.816507 0.852859 1.94762
744000 0.287572 0.817484 0.843642 1.9487
745000 0.274833 0.837147 0.827605 1.93958
746000 0.294213 0.82568 0.902029 2.02192
747000 0.296919 0.853207 0.828988 1.97911
748000 0.286001 0.846093 0.821049 1.95314
749000 0.291538 0.842208 0.832574 1.96632
750000 0.284304 0.825805 0.810882 1.92099
751000 0.284061 0.820896 0.85619 1.96115
752000 0.2915 0.832057 0.822273 1.94583
753000 0.28746 0.83975 0.854832 1.98204
754000 0.287224 0.826322 0.85085 1.9644
755000 0.279672 0.834853 0.852211 1.96674
756000 0.293123 0.826971 0.86902 1.98911
757000 0.283774 0.842995 0.839102 1.96587
758000 0.296815 0.842677 0.864583 2.00407
759000 0.291278 0.82984 0.85702 1.97814
760000 0.297462 0.851144 0.83837 1.98698
761000 0.303188 0.852751 0.89905 2.05499
762000 0.291226 0.83118 0.822152 1.94456
763000 0.289216 0.847976 0.841804 1.979
764000 0.301508 0.83177 0.85653 1.98981
765000 0.285251 0.887631 0.860152 2.03303
766000 0.281774 0.836922 0.909803 2.0285
767000 0.299716 0.877891 0.8511 2.02871
768000 0.304383 0.881299 0.838384 2.02407
769000 0.304978 0.843965 0.874262 2.02321
770000 0.298134 0.876683 0.848213 2.02303
771000 0.312431 0.867731 0.908566 2.08873
772000 0.290215 0.877126 0.84214 2.00948
773000 0.292001 0.880365 0.851886 2.02425
774000 0.306164 0.868112 0.87119 2.04547
775000 0.299296 0.845509 0.860552 2.00536
776000 0.30266 0.849563 0.872269 2.02449
777000 0.293785 0.865142 0.863145 2.02207
778000 0.293359 0.87448 0.853882 2.02172
779000 0.30795 0.846507 0.86916 2.02362
780000 0.291142 0.912546 0.876539 2.08023
781000 0.304701 0.878628 0.857717 2.04105
782000 0.290787 0.864552 0.859977 2.01532
783000 0.289384 0.885407 0.862336 2.03713
784000 0.305316 0.885677 0.857506 2.0485
785000 0.298883 0.922018 0.854585 2.07549
786000 0.314328 0.894381 0.883204 2.09191
787000 0.303547 0.890303 0.857867 2.05172
788000 0.307604 0.918057 0.885066 2.11073
789000 0.331425 0.910274 0.875458 2.11716
790000 0.310373 0.923498 0.865564 2.09944
791000 0.318554 0.902943 0.875927 2.09742
792000 0.310054 0.879443 0.856586 2.04608
793000 0.29981 0.94025 0.882005 2.12207
794000 0.315552 0.906706 0.854537 2.07679
795000 0.304071 0.920048 0.876121 2.10024
796000 0.306307 0.912898 0.868072 2.08728
797000 0.318651 0.919686 0.865451 2.10379
798000 0.300932 0.909502 0.892114 2.10255
799000 0.301802 0.907662 0.855032 2.0645
800000 0.317215 0.930725 0.889113 2.13705
801000 0.314378 0.924362 0.843356 2.0821
802000 0.303591 0.926299 0.863141 2.09303
803000 0.306877 0.937276 0.896102 2.14026
804000 0.303605 0.927897 0.858668 2.09017
805000 0.308282 0.92309 0.86872 2.10009
806000 0.31175 0.918913 0.870053 2.10072
807000 0.302139 0.952777 0.834592 2.08951
808000 0.313391 0.928647 0.882093 2.12413
809000 0.309081 0.929054 0.852254 2.09039
810000 0.308193 0.94882 0.874932 2.13194
811000 0.315685 0.93602 0.857159 2.10887
812000 0.317457 0.927844 0.877548 2.12285
813000 0.30929 0.925683 0.874235 2.10921
814000 0.299295 0.945017 0.854496 2.09881
815000 0.301559 0.944176 0.889374 2.13511
816000 0.311889 0.941078 0.869287 2.12225
817000 0.31057 0.947034 0.872601 2.1302
818000 0.307522 0.92971 0.892831 2.13006
819000 0.305889 0.962698 0.852387 2.12097
820000 0.319848 0.947592 0.860416 2.12786
821000 0.307796 0.962506 0.88357 2.15387
822000 0.326827 0.95027 0.858232 2.13533
823000 0.309795 0.959542 0.877758 2.14709
824000 0.305148 0.943444 0.864219 2.11281
825000 0.33401 0.958443 0.879506 2.17196
826000 0.302756 0.962993 0.871135 2.13688
827000 0.329901 0.944568 0.872473 2.14694
828000 0.312698 0.955726 0.868356 2.13678
829000 0.318365 0.957162 0.898711 2.17424
830000 0.322302 0.938677 0.900358 2.16134
831000 0.314741 0.99187 0.859595 2.16621
832000 0.328767 0.954203 0.905547 2.18852
833000 0.316795 0.988828 0.872348 2.17797
834000 0.315983 0.965183 0.901707 2.18287
835000 0.33136 0.97027 0.917735 2.21937
836000 0.309705 0.978339 0.885293 2.17334
837000 0.33085 0.95798 0.904015 2.19284
838000 0.325413 0.984403 0.90192 2.21174
839000 0.337495 0.978898 0.87246 2.18885
840000 0.316781 1.00461 0.908682 2.23007
841000 0.322088 0.99872 0.86609 2.1869
842000 0.330257 0.959936 0.915204 2.2054
843000 0.313392 1.00595 0.856428 2.17577
844000 0.363896 0.993317 0.900414 2.25763
845000 0.335057 0.998746 0.91454 2.24834
846000 0.341569 0.961103 0.902056 2.20473
847000 0.322322 0.972448 0.941079 2.23585
848000 0.316223 1.0128 0.885071 2.21409
849000 0.330207 0.954434 0.905339 2.18998
850000 0.334208 0.987011 0.910305 2.23152
851000 0.348602 0.97238 0.895394 2.21638
852000 0.324858 0.992642 0.909235 2.22674
853000 0.316903 0.978464 0.900377 2.19574
854000 0.327816 0.991869 0.897603 2.21729
855000 0.333715 0.967568 0.903756 2.20504
856000 0.325846 0.974537 0.895526 2.19591
857000 0.321314 0.986595 0.95214 2.26005
858000 0.327649 0.966244 0.905428 2.19932
859000 0.351823 1.00184 0.883588 2.23725
860000 0.33389 0.9817 0.942635 2.25822
861000 0.331767 0.971996 0.895491 2.19925
862000 0.307437 0.999644 0.970239 2.27732
863000 0.321097 0.970204 0.886039 2.17734
864000 0.321983 0.987974 0.883292 2.19325
865000 0.328792 0.98219 0.907096 2.21808
866000 0.360479 0.980347 0.900873 2.2417
867000 0.320514 0.970846 0.951931 2.24329
868000 0.334298 0.959862 0.881716 2.17588
869000 0.329907 0.98503 0.913125 2.22806
870000 0.339393 1.00186 0.925665 2.26692
871000 0.338118 0.992993 0.899014 2.23013
872000 0.320246 0.983865 0.949589 2.2537
873000 0.339484 0.985505 0.897255 2.22224
874000 0.329432 0.953338 0.933595 2.21636
875000 0.332042 1.00714 0.914872 2.25405
876000 0.339039 0.979434 0.910645 2.22912
877000 0.347566 0.985115 0.941404 2.27409
878000 0.329953 0.992392 0.885468 2.20781
879000 0.32155 0.991051 0.90811 2.22071
880000 0.330855 0.998595 0.933212 2.26266
881000 0.326007 0.98412 0.927861 2.23799
882000 0.32484 0.9927 0.938617 2.25616
883000 0.331078 1.01351 0.908425 2.25301
884000 0.322323 1.0045 0.933497 2.26032
885000 0.344015 0.981292 0.904822 2.23013
886000 0.328807 0.99136 0.90438 2.22455
887000 0.329637 0.970461 0.949703 2.2498
888000 0.323903 0.978018 0.92821 2.23013
889000 0.324683 0.985849 0.93755 2.24808
890000 0.333088 0.971418 0.940002 2.24451
891000 0.333933 0.981463 0.926983 2.24238
892000 0.338252 1.00987 1.02338 2.3715
893000 0.329297 0.994099 0.929002 2.2524
894000 0.328276 0.993357 0.974263 2.2959
895000 0.347908 0.994505 0.962497 2.30491
896000 0.338196 1.00985 0.982793 2.33084
897000 0.33873 0.971151 0.986644 2.29653
898000 0.341463 1.00233 0.961684 2.30548
899000 0.34925 0.992316 0.96508 2.30665
900000 0.347704 0.972925 0.9882 2.30883
901000 0.345002 1.00785 0.966784 2.31964
902000 0.336942 1.01896 0.970855 2.32675
903000 0.35087 1.02061 0.998429 2.36991
904000 0.355053 1.03565 0.967545 2.35825
905000 0.378592 1.0188 0.964516 2.3619
906000 0.337411 1.03094 0.955757 2.32411
907000 0.347347 1.02018 0.989957 2.35748
908000 0.334641 1.03508 0.982833 2.35255
909000 0.347194 1.01699 0.970898 2.33509
910000 0.340133 1.03224 0.98726 2.35963
911000 0.357234 1.03176 0.974889 2.36388
912000 0.344308 1.03951 0.994676 2.37849
913000 0.344123 1.05498 0.976105 2.37521
914000 0.352786 1.02393 0.983292 2.36001
915000 0.341725 1.03148 0.99782 2.37103
916000 0.357962 1.04718 0.976369 2.38151
917000 0.351435 1.03343 0.991746 2.37661
918000 0.339424 1.04984 0.995258 2.38452
919000 0.341351 1.02571 0.988278 2.35534
920000 0.353534 1.03868 0.999937 2.39215
921000 0.350644 1.03358 1.01799 2.40221
922000 0.362327 1.04158 0.99974 2.40365
923000 0.346521 1.07118 0.982429 2.40013
924000 0.358178 1.05395 1.01322 2.42535
925000 0.356371 1.02171 0.993005 2.37109
926000 0.344567 1.03674 1.01255 2.39385
927000 0.357018 1.03317 1.02263 2.41282
928000 0.334311 1.05265 1.00404 2.39099
929000 0.349455 1.04917 1.00528 2.4039
930000 0.347346 1.05074 1.00515 2.40324
931000 0.351931 1.05876 1.01009 2.42078
932000 0.347883 1.02879 1.03153 2.4082
933000 0.351438 1.02874 0.993414 2.37359
934000 0.357231 1.05275 1.01417 2.42415
935000 0.353025 1.04262 0.989511 2.38515
936000 0.35552 1.01706 0.999613 2.3722
937000 0.355958 1.05031 1.0303 2.43657
938000 0.355132 1.03027 1.01009 2.39549
939000 0.354819 1.06666 1.04406 2.46554
940000 0.345757 1.05539 1.02013 2.42128
941000 0.370178 1.04843 1.02647 2.44508
942000 0.338384 1.04014 1.03298 2.4115
943000 0.381985 1.07497 0.99428 2.45123
944000 0.368721 1.08176 1.03896 2.48944
945000 0.368215 1.05595 1.01121 2.43537
946000 0.366646 1.0691 1.00206 2.43781
947000 0.372142 1.09408 0.982964 2.44918
948000 0.360828 1.06259 1.03064 2.45406
949000 0.365554 1.07703 1.02327 2.46585
950000 0.370311 1.07011 1.02935 2.46977
951000 0.370792 1.07099 1.02774 2.46953
952000 0.372403 1.06568 1.0187 2.45678
953000 0.370369 1.0724 1.02574 2.46851
954000 0.372983 1.08724 1.04486 2.50508
955000 0.364455 1.06948 1.02156 2.4555
956000 0.371852 1.08509 1.03252 2.48946
957000 0.353032 1.09075 1.02172 2.46551
958000 0.369645 1.06113 1.02678 2.45755
959000 0.368555 1.10386 1.03455 2.50697
960000 0.36952 1.07608 1.04146 2.48706
961000 0.363326 1.10117 1.05422 2.51872
962000 0.375815 1.06251 1.01371 2.45204
963000 0.359272 1.09023 1.02826 2.47775
964000 0.359608 1.07329 1.01995 2.45284
965000 0.382472 1.06308 1.0509 2.49646
966000 0.367851 1.09379 1.08205 2.54369
967000 0.395563 1.10138 1.03521 2.53215
968000 0.380663 1.11269 1.07495 2.5683
969000 0.378716 1.07428 1.04777 2.50077
970000 0.37013 1.06866 1.02331 2.4621
971000 0.361528 1.09106 1.02818 2.48077
972000 0.378977 1.1091 1.03989 2.52796
973000 0.370576 1.11337 1.03094 2.51489
974000 0.386646 1.0686 1.04319 2.49843
975000 0.383507 1.11486 1.03063 2.529
976000 0.37019 1.1248 1.07676 2.57175
977000 0.379329 1.08252 1.01248 2.47433
978000 0.376814 1.10957 1.02781 2.51419
979000 0.375004 1.11261 1.04687 2.53448
980000 0.384236 1.10443 1.0204 2.50907
981000 0.381626 1.08997 1.05324 2.52483
982000 0.367218 1.07154 1.04678 2.48554
983000 0.3942 1.08671 1.07446 2.55536
984000 0.382168 1.0886 1.04465 2.51541
985000 0.386004 1.09448 1.04136 2.52184
986000 0.374079 1.08387 1.03313 2.49108
987000 0.390233 1.11231 0.999282 2.50182
988000 0.373169 1.09237 1.03711 2.50265
989000 0.382732 1.0887 1.03509 2.50652
990000 0.381806 1.11438 1.05632 2.55251
991000 0.377999 1.1042 1.04189 2.52409
992000 0.372689 1.08405 1.02254 2.47928
993000 0.36864 1.08731 1.04466 2.50061
994000 0.376443 1.07525 1.02109 2.47279
995000 0.371519 1.10767 1.0708 2.54999
996000 0.381978 1.10566 1.03922 2.52686
997000 0.381105 1.10165 1.0572 2.53995
998000 0.377237 1.09916 1.04511 2.52151
999000 0.381857 1.0919 1.03524 2.509
1000000 0.394353 1.12242 1.06376 2.58054
1001000 0.376035 1.11718 1.04841 2.54162
1002000 0.385473 1.11437 1.04969 2.54953
1003000 0.386148 1.11417 1.07541 2.57573
1004000 0.372876 1.09504 1.04432 2.51224
1005000 0.394085 1.11931 1.05122 2.56461
1006000 0.37529 1.09272 1.06289 2.53089
1007000 0.397417 1.13076 1.05946 2.58764
1008000 0.386974 1.11435 1.08527 2.5866
1009000 0.382835 1.1086 1.04525 2.53668
1010000 0.398802 1.11724 1.07714 2.59318
1011000 0.37365 1.10348 1.04097 2.51809
1012000 0.368507 1.11311 1.07128 2.5529
1013000 0.371738 1.10909 1.05142 2.53225
1014000 0.385628 1.10964 1.0303 2.52556
1015000 0.377197 1.09346 1.07848 2.54914
1016000 0.392075 1.10806 1.07723 2.57737
1017000 0.407675 1.09761 1.05206 2.55734
1018000 0.391374 1.13305 1.05603 2.58045
1019000 0.387085 1.11541 1.05783 2.56032
1020000 0.386282 1.09112 1.06971 2.54711
1021000 0.37837 1.14322 1.06206 2.58365
1022000 0.410467 1.10021 1.06906 2.57973
1023000 0.386425 1.137 1.06381 2.58724
1024000 0.401246 1.1195 1.11917 2.63992
1025000 0.388913 1.12558 1.07051 2.58501
1026000 0.386355 1.12543 1.09088 2.60267
1027000 0.42913 1.14433 1.09002 2.66348
1028000 0.407102 1.14129 1.05425 2.60264
1029000 0.407967 1.11979 1.11694 2.6447
1030000 0.403283 1.14194 1.09767 2.64289
