# Time-averaged data for fix 1
# TimeStep c_msd_all[1] c_msd_all[2] c_msd_all[3] c_msd_all[4]
31000 0.0800555 0.0707236 0.0713075 0.222087
32000 0.0745864 0.0785279 0.0977407 0.250855
33000 0.0728375 0.0814661 0.0662116 0.220515
34000 0.068557 0.0934823 0.0948513 0.256891
35000 0.071451 0.101774 0.0788227 0.252047
36000 0.0878671 0.0935187 0.0778811 0.259267
37000 0.070961 0.0913673 0.0917855 0.254114
38000 0.0843368 0.0788898 0.0666033 0.22983
39000 0.0687993 0.0857392 0.092163 0.246701
40000 0.0737861 0.089416 0.08137 0.244572
41000 0.0686752 0.08748 0.0928141 0.248969
42000 0.0602324 0.076865 0.0958867 0.232984
43000 0.08572 0.0859047 0.0719884 0.243613
44000 0.0807431 0.0880308 0.0861396 0.254914
45000 0.0834902 0.0841858 0.0798401 0.247516
46000 0.0743019 0.0904891 0.0833816 0.248173
47000 0.0661516 0.0792605 0.0802113 0.225623
48000 0.0720889 0.0895275 0.0821076 0.243724
49000 0.0720846 0.0893705 0.0794173 0.240872
50000 0.0853317 0.0945128 0.0770423 0.256887
51000 0.075483 0.0902997 0.0765504 0.242333
52000 0.0793008 0.0881864 0.0955137 0.263001
53000 0.0739448 0.0994618 0.0894092 0.262816
54000 0.0722779 0.102099 0.0972973 0.271674
55000 0.0861213 0.105976 0.0937335 0.285831
56000 0.076792 0.100591 0.0935814 0.270964
57000 0.0782775 0.108913 0.110363 0.297553
58000 0.0740541 0.107401 0.093477 0.274932
59000 0.0674195 0.109545 0.0996331 0.276598
60000 0.0926779 0.130525 0.102878 0.326082
61000 0.0778966 0.12217 0.0927971 0.292863
62000 0.0775003 0.114005 0.117274 0.308779
63000 0.0966842 0.120885 0.0991553 0.316724
64000 0.0877323 0.128382 0.0949835 0.311098
65000 0.0893456 0.134529 0.105981 0.329856
66000 0.0831802 0.119697 0.100507 0.303384
67000 0.0875829 0.118486 0.11743 0.323499
68000 0.0817668 0.131743 0.100969 0.314479
69000 0.0860115 0.123852 0.104051 0.313915
70000 0.0842202 0.115559 0.126689 0.326468
71000 0.106182 0.131681 0.112178 0.35004
72000 0.113598 0.136655 0.14263 0.392884
73000 0.0994824 0.133487 0.116092 0.349061
74000 0.0800258 0.12489 0.100972 0.305888
75000 0.0891627 0.119922 0.137325 0.34641
76000 0.0964315 0.146057 0.115979 0.358467
77000 0.122267 0.148902 0.148866 0.420035
78000 0.0990272 0.159934 0.141657 0.400619
79000 0.104061 0.153432 0.124808 0.3823
80000 0.0846427 0.148522 0.156474 0.389638
81000 0.0874664 0.139672 0.121994 0.349132
82000 0.0866524 0.14986 0.119846 0.356359
83000 0.0885013 0.145437 0.146128 0.380067
84000 0.0846734 0.136881 0.114837 0.336391
85000 0.0878716 0.138141 0.1469 0.372913
86000 0.095096 0.13862 0.121302 0.355018
87000 0.0952128 0.152167 0.121217 0.368596
88000 0.105681 0.154078 0.170274 0.430033
89000 0.0931044 0.143042 0.133418 0.369565
90000 0.093313 0.141243 0.163896 0.398451
91000 0.102905 0.142732 0.142312 0.387949
92000 0.0981059 0.147159 0.146887 0.392152
93000 0.106124 0.160812 0.14936 0.416296
94000 0.0928643 0.162757 0.127141 0.382763
95000 0.0977651 0.163361 0.1739 0.435026
96000 0.0946876 0.14986 0.139058 0.383605
97000 0.0917427 0.146094 0.168609 0.406446
98000 0.105315 0.149949 0.173763 0.429027
99000 0.0942512 0.153834 0.150095 0.39818
100000 0.0924541 0.15527 0.169829 0.417553
101000 0.113133 0.166976 0.142706 0.422816
102000 0.103299 0.171762 0.155451 0.430512
103000 0.120344 0.147002 0.149354 0.416699
104000 0.102222 0.164072 0.149653 0.415947
105000 0.0973028 0.151779 0.161682 0.410764
106000 0.0963574 0.152726 0.146403 0.395487
107000 0.107766 0.172709 0.157972 0.438448
108000 0.101706 0.159354 0.184326 0.445387
109000 0.100754 0.162514 0.13749 0.400759
110000 0.10091 0.176444 0.16906 0.446413
111000 0.102643 0.190164 0.133882 0.426689
112000 0.108705 0.198952 0.133049 0.440705
113000 0.105854 0.196586 0.138362 0.440801
114000 0.103832 0.18239 0.128669 0.414891
115000 0.102637 0.186447 0.155841 0.444924
116000 0.098705 0.199529 0.14814 0.446374
117000 0.100603 0.193858 0.140966 0.435426
118000 0.0987859 0.19812 0.163852 0.460758
119000 0.110414 0.215545 0.1442 0.470159
120000 0.121057 0.203072 0.162671 0.4868
121000 0.102926 0.198608 0.151289 0.452823
122000 0.103858 0.21074 0.17518 0.489778
123000 0.101623 0.239736 0.185661 0.52702
124000 0.106964 0.23511 0.164126 0.506199
125000 0.0984011 0.226731 0.170593 0.495725
126000 0.113671 0.215256 0.176054 0.50498
127000 0.101686 0.200901 0.162622 0.465209
128000 0.103843 0.21853 0.185562 0.507936
129000 0.106726 0.206624 0.17054 0.483889
130000 0.105647 0.223736 0.192048 0.521431
131000 0.103657 0.222786 0.179133 0.505575
132000 0.109803 0.211441 0.174899 0.496142
133000 0.110316 0.215614 0.200433 0.526363
134000 0.105778 0.226548 0.173137 0.505463
135000 0.0992628 0.237365 0.203462 0.54009
136000 0.105224 0.245789 0.171666 0.522679
137000 0.11541 0.22758 0.176178 0.519168
138000 0.10475 0.243404 0.204861 0.553015
139000 0.1134 0.235773 0.183454 0.532627
140000 0.10712 0.259925 0.217721 0.584766
141000 0.122653 0.241634 0.204844 0.569131
142000 0.122241 0.232608 0.203589 0.558439
143000 0.119723 0.241488 0.207363 0.568574
144000 0.12547 0.22804 0.218245 0.571755
145000 0.106502 0.23204 0.236358 0.5749
146000 0.112969 0.242095 0.221621 0.576685
147000 0.128859 0.247884 0.235856 0.612599
148000 0.125139 0.241284 0.23338 0.599804
149000 0.116622 0.231098 0.223213 0.570933
150000 0.123592 0.256678 0.267592 0.647862
151000 0.11607 0.244219 0.227796 0.588085
152000 0.132568 0.258939 0.23166 0.623167
153000 0.118457 0.267734 0.246738 0.632929
154000 0.125418 0.273824 0.244719 0.64396
155000 0.118823 0.257194 0.266828 0.642845
156000 0.122559 0.271776 0.23619 0.630525
157000 0.128046 0.260794 0.222896 0.611737
158000 0.11976 0.2726 0.252984 0.645344
159000 0.12362 0.266336 0.232402 0.622358
160000 0.125471 0.256345 0.283802 0.665618
161000 0.125061 0.253338 0.244776 0.623176
162000 0.129326 0.27865 0.253333 0.661309
163000 0.126454 0.265608 0.269582 0.661644
164000 0.120648 0.260278 0.257807 0.638732
165000 0.126149 0.255922 0.286152 0.668222
166000 0.131086 0.272751 0.24138 0.645216
167000 0.140786 0.273518 0.263748 0.678052
168000 0.131241 0.282239 0.25811 0.67159
169000 0.127955 0.275446 0.257562 0.660963
170000 0.123678 0.27325 0.287908 0.684837
171000 0.117277 0.279973 0.256511 0.653761
172000 0.11514 0.288214 0.284624 0.687978
173000 0.131556 0.274978 0.272807 0.679341
174000 0.130209 0.266525 0.242974 0.639709
175000 0.121954 0.269876 0.282318 0.674148
176000 0.131492 0.278135 0.254936 0.664563
177000 0.121016 0.286528 0.302298 0.709843
178000 0.130736 0.285369 0.270283 0.686388
179000 0.125602 0.285828 0.272517 0.683947
180000 0.126336 0.290644 0.287832 0.704812
181000 0.121887 0.279497 0.250701 0.652085
182000 0.130932 0.280886 0.311701 0.723519
183000 0.118138 0.295969 0.269741 0.683847
184000 0.151914 0.2807 0.272992 0.705606
185000 0.132501 0.300173 0.358612 0.791286
186000 0.144263 0.288295 0.272805 0.705363
187000 0.126645 0.289838 0.315373 0.731856
188000 0.137713 0.296222 0.27325 0.707185
189000 0.165861 0.291729 0.264933 0.722523
190000 0.147358 0.303199 0.336211 0.786768
191000 0.139889 0.292439 0.27644 0.708769
192000 0.12604 0.285349 0.313676 0.725065
193000 0.131108 0.292981 0.277043 0.701133
194000 0.16248 0.291258 0.268706 0.722445
195000 0.148835 0.293633 0.33919 0.781658
196000 0.154163 0.296142 0.271203 0.721508
197000 0.133984 0.285487 0.306055 0.725525
198000 0.135628 0.317951 0.287042 0.740621
199000 0.145747 0.316492 0.275189 0.737429
200000 0.141068 0.302804 0.286022 0.729894
201000 0.143632 0.296864 0.277543 0.718039
202000 0.132736 0.3118 0.296354 0.740891
203000 0.143395 0.296417 0.289766 0.729578
204000 0.130128 0.304723 0.281606 0.716458
205000 0.136143 0.291574 0.291397 0.719115
206000 0.133416 0.304385 0.287677 0.725479
207000 0.128887 0.312109 0.299909 0.740905
208000 0.134898 0.318251 0.299361 0.75251
209000 0.133494 0.310018 0.306369 0.749881
210000 0.138 0.321548 0.2871 0.746647
211000 0.138676 0.310769 0.315826 0.765271
212000 0.133422 0.321902 0.293242 0.748566
213000 0.137596 0.307408 0.288855 0.733859
214000 0.137113 0.313919 0.32538 0.776413
215000 0.13778 0.320058 0.289353 0.747191
216000 0.148403 0.322269 0.342644 0.813316
217000 0.134469 0.318654 0.303952 0.757075
218000 0.131441 0.333709 0.307642 0.772792
219000 0.137896 0.326804 0.353692 0.818392
220000 0.143425 0.334937 0.310617 0.788979
221000 0.13689 0.319048 0.331152 0.78709
222000 0.132206 0.333223 0.323244 0.788672
223000 0.145622 0.331853 0.301649 0.779124
224000 0.137379 0.317259 0.339382 0.79402
225000 0.134212 0.320284 0.300316 0.754812
226000 0.146466 0.325163 0.320944 0.792573
227000 0.133448 0.338416 0.332587 0.80445
228000 0.148203 0.320161 0.314261 0.782625
229000 0.127468 0.324698 0.355496 0.807661
230000 0.137874 0.343222 0.317496 0.798591
231000 0.150435 0.3351 0.332402 0.817937
232000 0.141498 0.356177 0.353416 0.851091
233000 0.152996 0.362998 0.328469 0.844463
234000 0.133838 0.34004 0.342729 0.816607
235000 0.144161 0.347485 0.337205 0.82885
236000 0.13671 0.350835 0.333068 0.820613
237000 0.152089 0.377866 0.364524 0.89448
238000 0.14373 0.365792 0.312424 0.821946
239000 0.134437 0.368304 0.360789 0.86353
240000 0.132117 0.347489 0.351284 0.83089
241000 0.142369 0.346459 0.34288 0.831708
242000 0.136451 0.375301 0.373448 0.885201
243000 0.14179 0.356791 0.33053 0.829111
244000 0.14178 0.357565 0.353665 0.853011
245000 0.146323 0.344141 0.350389 0.840853
246000 0.14903 0.355464 0.324258 0.828752
247000 0.146795 0.349363 0.370876 0.867034
248000 0.146313 0.354301 0.322384 0.822998
249000 0.144666 0.383596 0.354178 0.88244
250000 0.146959 0.36134 0.356209 0.864508
251000 0.141364 0.361596 0.326682 0.829643
252000 0.150564 0.380799 0.400985 0.932348
253000 0.143778 0.347276 0.338106 0.82916
254000 0.147389 0.360211 0.357789 0.865388
255000 0.139516 0.357329 0.381785 0.87863
256000 0.145661 0.368173 0.353786 0.86762
257000 0.14249 0.35584 0.397046 0.895377
258000 0.144023 0.36134 0.339764 0.845127
259000 0.156906 0.367144 0.337732 0.861781
260000 0.143763 0.372779 0.372753 0.889296
261000 0.143872 0.372843 0.343857 0.860571
262000 0.156393 0.369217 0.376922 0.902532
263000 0.140247 0.394807 0.358839 0.893893
264000 0.1617 0.379597 0.341806 0.883103
265000 0.16619 0.396755 0.378771 0.941716
266000 0.146621 0.369529 0.343318 0.859468
267000 0.164275 0.36572 0.382764 0.912759
268000 0.154412 0.380896 0.35316 0.888468
269000 0.152552 0.366542 0.366003 0.885097
270000 0.151311 0.376191 0.35488 0.882382
271000 0.149796 0.366269 0.349423 0.865488
272000 0.15732 0.392683 0.380535 0.930538
273000 0.16446 0.379297 0.35662 0.900377
274000 0.14899 0.377298 0.366052 0.89234
275000 0.151386 0.392353 0.373129 0.916868
276000 0.161334 0.393994 0.362863 0.918191
277000 0.179773 0.385423 0.379687 0.944883
278000 0.153754 0.391374 0.368432 0.913559
279000 0.161165 0.403406 0.390419 0.95499
280000 0.159049 0.382868 0.352157 0.894074
281000 0.159476 0.387644 0.384961 0.932082
282000 0.158949 0.374709 0.372038 0.905695
283000 0.167907 0.386566 0.369593 0.924065
284000 0.176738 0.381451 0.3869 0.945088
285000 0.153062 0.376407 0.355981 0.885451
286000 0.149728 0.383306 0.363196 0.89623
287000 0.15104 0.382778 0.346712 0.88053
288000 0.15908 0.376861 0.383487 0.919428
289000 0.16734 0.376283 0.383162 0.926784
290000 0.144931 0.388066 0.352402 0.885398
291000 0.153579 0.378218 0.403561 0.935358
292000 0.143745 0.399532 0.368257 0.911534
293000 0.161153 0.387114 0.36555 0.913817
294000 0.162991 0.396365 0.385375 0.944731
295000 0.16215 0.392126 0.370318 0.924594
296000 0.155069 0.411762 0.393254 0.960085
297000 0.149025 0.398605 0.381804 0.929433
298000 0.159095 0.395979 0.415967 0.971041
299000 0.157354 0.406928 0.396567 0.960849
300000 0.151531 0.393955 0.380199 0.925686
301000 0.156122 0.396859 0.439926 0.992907
302000 0.158774 0.392351 0.38143 0.932554
303000 0.156747 0.39856 0.417888 0.973195
304000 0.164151 0.40935 0.420404 0.993905
305000 0.155048 0.403011 0.403112 0.961171
306000 0.156863 0.407912 0.43379 0.998565
307000 0.156574 0.411114 0.399159 0.966847
308000 0.167925 0.393723 0.444499 1.00615
309000 0.156065 0.410913 0.400438 0.967416
310000 0.172041 0.384465 0.403659 0.960165
311000 0.156799 0.412319 0.421035 0.990154
312000 0.146105 0.390845 0.399501 0.936451
313000 0.167648 0.399451 0.456055 1.02315
314000 0.164332 0.442083 0.405514 1.01193
315000 0.179434 0.436068 0.416041 1.03154
316000 0.154795 0.423771 0.416461 0.995026
317000 0.167974 0.404792 0.396929 0.969695
318000 0.165044 0.417819 0.430403 1.01327
319000 0.171855 0.420834 0.403597 0.996285
320000 0.181328 0.415426 0.429382 1.02614
321000 0.161782 0.424489 0.4177 1.00397
322000 0.165888 0.423246 0.40313 0.992264
323000 0.163726 0.42011 0.438112 1.02195
324000 0.169522 0.421601 0.417096 1.00822
325000 0.159825 0.413125 0.42963 1.00258
326000 0.165427 0.43275 0.411651 1.00983
327000 0.166366 0.431753 0.405034 1.00315
328000 0.163861 0.427036 0.443861 1.03476
329000 0.177176 0.457068 0.427648 1.06189
330000 0.188557 0.416757 0.416632 1.02195
331000 0.179031 0.434541 0.41241 1.02598
332000 0.184707 0.438029 0.43172 1.05446
333000 0.179863 0.436709 0.423666 1.04024
334000 0.172876 0.428459 0.41564 1.01698
335000 0.179106 0.413191 0.418016 1.01031
336000 0.173807 0.41615 0.434834 1.02479
337000 0.196904 0.431173 0.425285 1.05336
338000 0.179955 0.442284 0.467508 1.08975
339000 0.177905 0.435607 0.447043 1.06055
340000 0.189953 0.442551 0.423844 1.05635
341000 0.182971 0.420901 0.465736 1.06961
342000 0.225392 0.41995 0.428441 1.07378
343000 0.173568 0.426289 0.429723 1.02958
344000 0.168673 0.416952 0.435079 1.0207
345000 0.171296 0.426711 0.418191 1.0162
346000 0.178974 0.419405 0.441532 1.03991
347000 0.186441 0.430567 0.430579 1.04759
348000 0.190132 0.43239 0.462569 1.08509
349000 0.172605 0.416016 0.415026 1.00365
350000 0.172689 0.415514 0.415794 1.004
351000 0.180051 0.425048 0.467869 1.07297
352000 0.194383 0.436987 0.434368 1.06574
353000 0.179403 0.419487 0.467335 1.06623
354000 0.180491 0.43577 0.415356 1.03162
355000 0.172067 0.416847 0.428324 1.01724
356000 0.179668 0.427679 0.433946 1.04129
357000 0.179858 0.456645 0.415811 1.05231
358000 0.182762 0.435726 0.426414 1.0449
359000 0.190388 0.417794 0.43519 1.04337
360000 0.184655 0.431176 0.410969 1.0268
361000 0.17851 0.439757 0.442053 1.06032
362000 0.181391 0.440622 0.415415 1.03743
363000 0.1876 0.433904 0.431429 1.05293
364000 0.176991 0.431805 0.428962 1.03776
365000 0.191599 0.451109 0.425154 1.06786
366000 0.181652 0.45454 0.448135 1.08433
367000 0.170931 0.417284 0.425698 1.01391
368000 0.189983 0.436809 0.434097 1.06089
369000 0.182145 0.451767 0.464671 1.09858
370000 0.171487 0.445232 0.453494 1.07021
371000 0.178287 0.454724 0.481838 1.11485
372000 0.181586 0.449853 0.444974 1.07641
373000 0.182346 0.458221 0.470707 1.11127
374000 0.181519 0.46093 0.46359 1.10604
375000 0.179528 0.452072 0.446666 1.07827
376000 0.189915 0.452068 0.476914 1.1189
377000 0.188682 0.488293 0.449711 1.12669
378000 0.183614 0.461366 0.47634 1.12132
379000 0.196003 0.449388 0.472189 1.11758
380000 0.190934 0.464608 0.459579 1.11512
381000 0.191673 0.447744 0.477593 1.11701
382000 0.184165 0.468411 0.480839 1.13341
383000 0.188089 0.463458 0.472556 1.1241
384000 0.197511 0.467962 0.506746 1.17222
385000 0.201045 0.466319 0.470652 1.13802
386000 0.17893 0.465943 0.510887 1.15576
387000 0.198001 0.456779 0.464858 1.11964
388000 0.194668 0.468604 0.489294 1.15257
389000 0.191825 0.463345 0.483983 1.13915
390000 0.189218 0.462092 0.463569 1.11488
391000 0.204022 0.452287 0.535983 1.19229
392000 0.205016 0.478035 0.47538 1.15843
393000 0.191241 0.481703 0.513355 1.1863
394000 0.189546 0.504736 0.513614 1.2079
395000 0.19283 0.47495 0.470822 1.1386
396000 0.200782 0.481013 0.539576 1.22137
397000 0.193718 0.486707 0.481515 1.16194
398000 0.19625 0.486292 0.5104 1.19294
399000 0.188444 0.499756 0.503634 1.19183
400000 0.193741 0.486462 0.483932 1.16413
401000 0.195242 0.489779 0.520947 1.20597
402000 0.185936 0.492862 0.495262 1.17406
403000 0.188337 0.489334 0.496937 1.17461
404000 0.205347 0.522247 0.511159 1.23875
405000 0.18755 0.477763 0.478326 1.14364
406000 0.203426 0.493065 0.535267 1.23176
407000 0.186617 0.486431 0.49897 1.17202
408000 0.197347 0.469805 0.500052 1.1672
409000 0.19899 0.472495 0.490829 1.16231
410000 0.214762 0.471947 0.47142 1.15813
411000 0.186112 0.479346 0.521799 1.18726
412000 0.189126 0.488906 0.492322 1.17035
413000 0.195602 0.47712 0.544856 1.21758
414000 0.200659 0.510591 0.50062 1.21187
415000 0.200109 0.498606 0.496341 1.19506
416000 0.206667 0.492728 0.514817 1.21421
417000 0.201091 0.489184 0.496127 1.1864
418000 0.202039 0.508868 0.547986 1.25889
419000 0.192468 0.494598 0.497994 1.18506
420000 0.20098 0.491638 0.507611 1.20023
421000 0.203521 0.50623 0.501242 1.21099
422000 0.20532 0.509102 0.505345 1.21977
423000 0.204907 0.513296 0.529598 1.2478
424000 0.204148 0.511904 0.514235 1.23029
425000 0.201187 0.493166 0.526443 1.2208
426000 0.20035 0.519469 0.507731 1.22755
427000 0.221611 0.526999 0.502071 1.25068
428000 0.201631 0.499467 0.534335 1.23543
429000 0.207572 0.51356 0.528447 1.24958
430000 0.210226 0.509984 0.549786 1.27
431000 0.205312 0.541177 0.527532 1.27402
432000 0.205155 0.519136 0.535896 1.26019
433000 0.203224 0.525885 0.504228 1.23334
434000 0.212936 0.543096 0.538427 1.29446
435000 0.203215 0.528666 0.567823 1.2997
436000 0.216748 0.535754 0.527988 1.28049
437000 0.214644 0.548361 0.570115 1.33312
438000 0.207484 0.542072 0.536734 1.28629
439000 0.20884 0.540682 0.555767 1.30529
440000 0.208122 0.545461 0.570759 1.32434
441000 0.201527 0.55902 0.567066 1.32761
442000 0.212771 0.557181 0.60968 1.37963
443000 0.212957 0.555346 0.58777 1.35607
444000 0.212874 0.561974 0.589452 1.3643
445000 0.213344 0.55828 0.60641 1.37803
446000 0.207855 0.549699 0.588147 1.3457
447000 0.215774 0.54758 0.607671 1.37103
448000 0.213191 0.547033 0.62407 1.38429
449000 0.224171 0.579309 0.630357 1.43384
450000 0.230524 0.57756 0.645016 1.4531
451000 0.229342 0.570585 0.62075 1.42068
452000 0.222614 0.5528 0.640451 1.41587
453000 0.233374 0.57341 0.614064 1.42085
454000 0.226056 0.584071 0.631142 1.44127
455000 0.233033 0.58781 0.651287 1.47213
456000 0.225139 0.578571 0.619992 1.4237
457000 0.234582 0.589519 0.649135 1.47324
458000 0.233475 0.582034 0.652212 1.46772
459000 0.225102 0.585158 0.639471 1.44973
460000 0.231075 0.58213 0.630191 1.4434
461000 0.228752 0.5879 0.62591 1.44256
462000 0.231808 0.586983 0.643359 1.46215
463000 0.232351 0.60301 0.626211 1.46157
464000 0.231011 0.593696 0.631858 1.45656
465000 0.242437 0.571914 0.622928 1.43728
466000 0.235651 0.586283 0.629162 1.4511
467000 0.240333 0.591164 0.660397 1.49189
468000 0.223078 0.597426 0.639025 1.45953
469000 0.225256 0.594095 0.641343 1.46069
470000 0.226613 0.586603 0.632102 1.44532
471000 0.236351 0.587086 0.629285 1.45272
472000 0.235206 0.582262 0.616916 1.43438
473000 0.235855 0.588084 0.644366 1.46831
474000 0.222422 0.594186 0.636239 1.45285
475000 0.253104 0.605723 0.64096 1.49979
476000 0.234347 0.608061 0.62565 1.46806
477000 0.230745 0.581397 0.616977 1.42912
478000 0.239029 0.609831 0.681641 1.5305
479000 0.24442 0.60765 0.644854 1.49692
480000 0.236848 0.597234 0.647905 1.48199
481000 0.228773 0.596545 0.658035 1.48335
482000 0.246186 0.593275 0.644477 1.48394
483000 0.236372 0.61941 0.688554 1.54434
484000 0.245237 0.624728 0.662463 1.53243
485000 0.239523 0.603076 0.656617 1.49922
486000 0.237029 0.621246 0.675736 1.53401
487000 0.237751 0.634261 0.659392 1.5314
488000 0.250251 0.610819 0.700936 1.56201
489000 0.245848 0.636518 0.65898 1.54135
490000 0.243895 0.637025 0.669346 1.55027
491000 0.236271 0.61822 0.652949 1.50744
492000 0.238979 0.62264 0.672367 1.53399
493000 0.239434 0.63015 0.708457 1.57804
494000 0.239591 0.620576 0.647546 1.50771
495000 0.246541 0.622352 0.686899 1.55579
496000 0.237924 0.618179 0.662023 1.51813
497000 0.247962 0.644368 0.676219 1.56855
498000 0.255773 0.642224 0.692884 1.59088
499000 0.252757 0.621882 0.658336 1.53298
500000 0.24914 0.614992 0.666282 1.53041
501000 0.243337 0.620138 0.658067 1.52154
502000 0.253213 0.64225 0.660382 1.55584
503000 0.245474 0.649542 0.693477 1.58849
504000 0.247845 0.660599 0.669452 1.5779
505000 0.242093 0.641663 0.704157 1.58791
506000 0.25051 0.658824 0.668662 1.578
507000 0.242653 0.658482 0.670719 1.57185
508000 0.251628 0.664857 0.712427 1.62891
509000 0.236021 0.625794 0.670796 1.53261
510000 0.247908 0.640676 0.698035 1.58662
511000 0.261586 0.662159 0.680245 1.60399
512000 0.259264 0.658806 0.691462 1.60953
513000 0.253425 0.665202 0.708288 1.62692
514000 0.238963 0.665153 0.667003 1.57112
515000 0.240055 0.665538 0.718631 1.62422
516000 0.251046 0.671905 0.692992 1.61594
517000 0.251713 0.683166 0.666421 1.6013
518000 0.25077 0.685734 0.719014 1.65552
519000 0.255195 0.677483 0.678674 1.61135
520000 0.261415 0.693933 0.708858 1.66421
521000 0.258522 0.692888 0.695104 1.64651
522000 0.258957 0.685751 0.691509 1.63622
523000 0.259102 0.684762 0.718225 1.66209
524000 0.250071 0.680646 0.691707 1.62242
525000 0.26663 0.678673 0.711549 1.65685
526000 0.261272 0.691969 0.709099 1.66234
527000 0.244161 0.67744 0.692183 1.61378
528000 0.2474 0.679926 0.697028 1.62435
529000 0.248184 0.685018 0.695405 1.62861
530000 0.253543 0.701508 0.718295 1.67335
531000 0.261001 0.689772 0.705148 1.65592
532000 0.2519 0.681993 0.708028 1.64192
533000 0.252417 0.713434 0.701544 1.6674
534000 0.254876 0.700843 0.710966 1.66669
535000 0.264309 0.713081 0.696704 1.67409
536000 0.256296 0.723477 0.70716 1.68693
537000 0.260941 0.715492 0.702226 1.67866
538000 0.250807 0.70218 0.713854 1.66684
539000 0.258614 0.711937 0.700397 1.67095
540000 0.265633 0.729578 0.711995 1.70721
541000 0.271152 0.708892 0.708585 1.68863
542000 0.276728 0.714069 0.700256 1.69105
543000 0.252617 0.703267 0.7299 1.68578
544000 0.267586 0.71753 0.715748 1.70086
545000 0.278775 0.744151 0.712492 1.73542
546000 0.275081 0.761848 0.763086 1.80001
547000 0.266731 0.750469 0.711819 1.72902
548000 0.272326 0.71964 0.736453 1.72842
549000 0.271017 0.74502 0.713665 1.7297
550000 0.288842 0.740007 0.721235 1.75008
551000 0.257062 0.733238 0.749459 1.73976
552000 0.257476 0.749069 0.74036 1.7469
553000 0.282069 0.733405 0.734143 1.74962
554000 0.281695 0.754692 0.716907 1.75329
555000 0.264285 0.745342 0.749366 1.75899
556000 0.271326 0.72647 0.712409 1.71021
557000 0.276635 0.739191 0.734158 1.74998
558000 0.252796 0.745421 0.776569 1.77479
559000 0.26263 0.754302 0.739073 1.756
560000 0.281086 0.755615 0.746082 1.78278
561000 0.267224 0.750827 0.743205 1.76126
562000 0.285431 0.756486 0.743929 1.78585
563000 0.272767 0.758692 0.749056 1.78051
564000 0.268372 0.754818 0.746135 1.76933
565000 0.273698 0.800562 0.747348 1.82161
566000 0.272809 0.766249 0.742142 1.7812
567000 0.270191 0.753608 0.741295 1.76509
568000 0.289373 0.772425 0.739477 1.80128
569000 0.284545 0.756051 0.731235 1.77183
570000 0.279287 0.772609 0.735205 1.7871
571000 0.27771 0.776736 0.740457 1.7949
572000 0.274126 0.767839 0.732787 1.77475
573000 0.27747 0.771718 0.769902 1.81909
574000 0.285542 0.787138 0.731569 1.80425
575000 0.278631 0.775253 0.741934 1.79582
576000 0.289366 0.77 0.768272 1.82764
577000 0.289841 0.784737 0.732373 1.80695
578000 0.287547 0.771765 0.753635 1.81295
579000 0.272944 0.771361 0.746325 1.79063
580000 0.283003 0.769137 0.742087 1.79423
581000 0.288428 0.772223 0.768032 1.82868
582000 0.283315 0.769009 0.745693 1.79802
583000 0.276104 0.763135 0.739858 1.7791
584000 0.286738 0.761652 0.764914 1.8133
585000 0.299926 0.755308 0.742457 1.79769
586000 0.289515 0.774346 0.766763 1.83062
587000 0.293548 0.784752 0.750919 1.82922
588000 0.280308 0.775519 0.766522 1.82235
589000 0.290824 0.750046 0.748815 1.78968
590000 0.281904 0.776143 0.75068 1.80873
591000 0.286286 0.778281 0.779842 1.84441
592000 0.30109 0.795431 0.749977 1.8465
593000 0.299699 0.763509 0.752875 1.81608
594000 0.285528 0.776501 0.738844 1.80087
595000 0.2907 0.772069 0.758869 1.82164
596000 0.292295 0.795666 0.782953 1.87091
597000 0.293603 0.782385 0.758446 1.83443
598000 0.304789 0.803352 0.788693 1.89683
599000 0.30623 0.794543 0.751825 1.8526
600000 0.296766 0.796872 0.76522 1.85886
601000 0.292965 0.799822 0.766487 1.85927
602000 0.317401 0.78204 0.728297 1.82774
603000 0.303965 0.80721 0.769491 1.88067
604000 0.316511 0.794252 0.760002 1.87077
605000 0.294059 0.793897 0.76798 1.85594
606000 0.300832 0.814558 0.75235 1.86774
607000 0.29886 0.796649 0.754459 1.84997
608000 0.299266 0.7998 0.781224 1.88029
609000 0.303893 0.788575 0.741545 1.83401
610000 0.298698 0.79565 0.770209 1.86456
611000 0.303099 0.76741 0.748605 1.81911
612000 0.295942 0.801251 0.770398 1.86759
613000 0.296383 0.801341 0.741911 1.83964
614000 0.316882 0.811897 0.753052 1.88183
615000 0.296239 0.789606 0.751616 1.83746
616000 0.308603 0.792807 0.750508 1.85192
617000 0.302415 0.788251 0.770872 1.86154
618000 0.305263 0.785634 0.735674 1.82657
619000 0.300592 0.810829 0.758805 1.87023
620000 0.313787 0.803964 0.775818 1.89357
621000 0.309669 0.800406 0.743325 1.8534
622000 0.305078 0.801231 0.762281 1.86859
623000 0.308767 0.812726 0.757635 1.87913
624000 0.303699 0.799564 0.759289 1.86255
625000 0.307273 0.825248 0.780482 1.913
626000 0.298664 0.807777 0.758172 1.86461
627000 0.319267 0.834848 0.777146 1.93126
628000 0.301895 0.827045 0.760712 1.88965
629000 0.30876 0.824832 0.757244 1.89083
630000 0.309552 0.837582 0.771389 1.91852
631000 0.306363 0.820907 0.771005 1.89828
632000 0.300287 0.843053 0.768055 1.91139
633000 0.301568 0.834675 0.747975 1.88422
634000 0.300728 0.84626 0.750368 1.89736
635000 0.316621 0.836224 0.763858 1.9167
636000 0.297848 0.846406 0.798424 1.94268
637000 0.293758 0.851388 0.807148 1.95229
638000 0.299136 0.871297 0.797667 1.9681
639000 0.305799 0.891146 0.818949 2.01589
640000 0.308804 0.880332 0.795474 1.98461
641000 0.303274 0.853536 0.788397 1.94521
642000 0.300922 0.848727 0.802152 1.9518
643000 0.307949 0.826062 0.818362 1.95237
644000 0.306229 0.843357 0.839617 1.9892
645000 0.297438 0.864323 0.844179 2.00594
646000 0.316106 0.875125 0.814462 2.00569
647000 0.308877 0.852985 0.854513 2.01637
648000 0.317809 0.843269 0.831565 1.99264
649000 0.321906 0.856785 0.881385 2.06008
650000 0.307444 0.862895 0.859133 2.02947
651000 0.31085 0.887732 0.814918 2.0135
652000 0.313313 0.87612 0.919642 2.10907
653000 0.302896 0.862464 0.833405 1.99877
654000 0.310615 0.863768 0.901674 2.07606
655000 0.292896 0.850744 0.842783 1.98642
656000 0.316958 0.87816 0.840954 2.03607
657000 0.329097 0.875539 0.891069 2.0957
658000 0.307765 0.881765 0.852104 2.04163
659000 0.316491 0.893504 0.905308 2.1153
660000 0.309961 0.867309 0.871627 2.0489
661000 0.313183 0.884268 0.82323 2.02068
662000 0.316842 0.867493 0.909964 2.0943
663000 0.328072 0.89025 0.853135 2.07146
664000 0.325831 0.90633 0.900181 2.13234
665000 0.311283 0.881275 0.845416 2.03797
666000 0.306161 0.882615 0.841255 2.03003
667000 0.310351 0.87457 0.880893 2.06581
668000 0.316777 0.911989 0.883478 2.11224
669000 0.320548 0.909775 0.912238 2.14256
670000 0.330895 0.89349 0.89161 2.11599
671000 0.32863 0.877229 0.882059 2.08792
672000 0.312508 0.870129 0.900639 2.08327
673000 0.317876 0.89886 0.901339 2.11807
674000 0.328305 0.904468 0.879232 2.11201
675000 0.321143 0.881894 0.875828 2.07887
676000 0.315147 0.909801 0.880208 2.10516
677000 0.311463 0.882719 0.853208 2.04739
678000 0.324341 0.894888 0.879832 2.09906
679000 0.318683 0.898043 0.890906 2.10763
680000 0.308274 0.880559 0.87597 2.0648
681000 0.318235 0.90391 0.887457 2.1096
682000 0.330117 0.893642 0.872847 2.09661
683000 0.321192 0.895661 0.877926 2.09478
684000 0.327358 0.897035 0.896345 2.12074
685000 0.312032 0.900215 0.866069 2.07832
686000 0.324913 0.902499 0.890486 2.1179
687000 0.327691 0.884259 0.867158 2.07911
688000 0.319829 0.90772 0.877275 2.10483
689000 0.327713 0.902324 0.886376 2.11641
690000 0.32712 0.881343 0.868554 2.07702
691000 0.324491 0.891229 0.948801 2.16452
692000 0.331054 0.904184 0.853013 2.08825
693000 0.329469 0.899494 0.869323 2.09829
694000 0.344516 0.908259 0.909901 2.16268
695000 0.320158 0.930991 0.868484 2.11963
696000 0.337171 0.912159 0.941374 2.1907
697000 0.328526 0.890958 0.87374 2.09322
698000 0.326624 0.920305 0.893321 2.14025
699000 0.325825 0.90289 0.91092 2.13964
700000 0.319007 0.905079 0.867955 2.09204
701000 0.334496 0.889263 0.918885 2.14264
702000 0.321838 0.890018 0.884386 2.09624
703000 0.31273 0.904415 0.898954 2.1161
704000 0.329804 0.881715 0.888601 2.10012
705000 0.32778 0.90572 0.891945 2.12545
706000 0.339824 0.894539 0.935553 2.16992
707000 0.324607 0.915551 0.888256 2.12841
708000 0.323683 0.903724 0.943196 2.1706
709000 0.31848 0.919048 0.895733 2.13326
710000 0.330066 0.883979 0.901361 2.11541
711000 0.322388 0.911972 0.918331 2.15269
712000 0.340536 0.901524 0.877796 2.11985
713000 0.337402 0.901102 0.895269 2.13377
714000 0.336667 0.928629 0.892249 2.15755
715000 0.339124 0.909192 0.895068 2.14338
716000 0.359862 0.944251 0.915822 2.21993
717000 0.338582 0.945438 0.900329 2.18435
718000 0.347511 0.936623 0.913287 2.19742
719000 0.327103 0.933879 0.902041 2.16302
720000 0.31842 0.933373 0.900746 2.15254
721000 0.341396 0.923166 0.911998 2.17656
722000 0.325536 0.929346 0.89554 2.15042
723000 0.342749 0.905717 0.909159 2.15763
724000 0.322067 0.92774 0.910136 2.15994
725000 0.332108 0.921178 0.910446 2.16373
726000 0.330951 0.928134 0.956457 2.21554
727000 0.335556 0.949073 0.923186 2.20782
728000 0.318065 0.931283 0.898991 2.14834
729000 0.338953 0.932457 0.940506 2.21192
730000 0.332518 0.918992 0.913685 2.1652
731000 0.337369 0.921226 0.967491 2.22609
732000 0.331235 0.918214 0.935792 2.18524
733000 0.334675 0.936236 0.949435 2.22035
734000 0.337868 0.930292 0.962684 2.23084
735000 0.353723 0.91536 0.928633 2.19772
736000 0.33359 0.916936 1.00131 2.25184
737000 0.360556 0.930111 0.932242 2.22291
738000 0.335897 0.941282 0.952891 2.23007
739000 0.322756 0.913155 0.924721 2.16063
740000 0.343235 0.980891 0.932558 2.25668
741000 0.339599 0.945932 0.977595 2.26313
742000 0.318409 0.941538 0.951866 2.21181
743000 0.335161 0.975015 0.956316 2.26649
744000 0.343923 0.932277 0.935399 2.2116
745000 0.350017 0.968345 0.946783 2.26514
746000 0.326194 0.942847 0.980143 2.24918
747000 0.351398 0.957935 0.921401 2.23073
748000 0.333462 0.962701 0.967743 2.26391
749000 0.337007 0.965365 0.928462 2.23083
750000 0.338113 1.00045 0.954372 2.29293
751000 0.345831 0.973582 0.977257 2.29667
752000 0.342058 0.987794 0.948677 2.27853
753000 0.345166 0.954814 0.951098 2.25108
754000 0.343502 0.985702 0.991394 2.3206
755000 0.338718 1.00012 0.986197 2.32503
756000 0.344001 0.976356 1.01097 2.33133
757000 0.337349 0.985086 0.965798 2.28823
758000 0.338658 0.993539 0.991428 2.32362
759000 0.345066 0.977391 0.993938 2.31639
760000 0.348211 0.995818 0.960873 2.3049
761000 0.336745 1.01065 1.01205 2.35945
762000 0.335295 1.03152 0.970451 2.33726
763000 0.335935 0.98811 1.00649 2.33054
764000 0.342988 1.00683 0.969908 2.31972
765000 0.337109 0.997175 0.997626 2.33191
766000 0.360624 1.00893 0.987755 2.35731
767000 0.33994 0.991203 0.97795 2.30909
768000 0.340088 0.999474 1.0185 2.35806
769000 0.349915 0.989002 0.996525 2.33544
770000 0.3437 0.986748 0.990751 2.3212
771000 0.357767 0.987865 0.992557 2.33819
772000 0.346267 1.00259 0.985287 2.33414
773000 0.332082 0.992857 1.03379 2.35873
774000 0.358098 1.00211 0.981561 2.34177
775000 0.349567 0.982464 1.01062 2.34265
776000 0.344364 1.00651 1.01559 2.36646
777000 0.341176 1.00504 0.991405 2.33762
778000 0.33433 0.999496 1.02281 2.35664
779000 0.33987 1.03282 0.985868 2.35855
780000 0.34755 1.00529 0.998104 2.35095
781000 0.344499 1.00385 0.995289 2.34363
782000 0.346995 1.01327 1.00619 2.36646
783000 0.344887 1.00479 1.00366 2.35334
784000 0.345088 0.974193 1.0118 2.33108
785000 0.363073 0.995659 0.990248 2.34898
786000 0.35165 0.973939 0.987473 2.31306
787000 0.352736 0.992263 0.98774 2.33274
788000 0.351409 0.995131 1.00569 2.35223
789000 0.324503 0.989319 1.00571 2.31953
790000 0.349491 0.994443 0.999979 2.34391
791000 0.339157 0.980209 1.01091 2.33028
792000 0.339975 1.00929 1.01958 2.36885
793000 0.356248 1.00288 1.00564 2.36477
794000 0.350389 1.01328 1.06413 2.4278
795000 0.339142 0.987436 1.00162 2.3282
796000 0.345789 1.02228 1.02768 2.39575
797000 0.348016 1.00813 1.01676 2.3729
798000 0.357047 0.994862 1.00521 2.35712
799000 0.334817 1.00672 1.04725 2.38879
800000 0.346345 1.00816 0.998832 2.35334
801000 0.344476 1.01593 1.05782 2.41823
802000 0.338619 1.00097 1.01192 2.3515
803000 0.348896 1.01192 1.02823 2.38904
804000 0.342856 1.05854 1.04766 2.44906
805000 0.352278 1.03054 1.01363 2.39644
806000 0.346414 1.01992 1.05815 2.42448
807000 0.346161 1.03879 1.00227 2.38722
808000 0.354791 1.05415 1.01807 2.42701
809000 0.356532 1.04648 1.03655 2.43956
810000 0.360132 1.02123 1.0144 2.39576
811000 0.352279 1.0348 1.04651 2.43358
812000 0.355381 1.04973 0.994943 2.40006
813000 0.353134 1.07714 1.01858 2.44886
814000 0.354312 1.04954 1.02914 2.433
815000 0.346096 1.0339 1.02546 2.40545
816000 0.3613 1.05895 1.09226 2.51251
817000 0.356271 1.06024 1.02095 2.43746
818000 0.360933 1.08255 1.0409 2.48438
819000 0.344573 1.04013 1.07331 2.45801
820000 0.336158 1.04939 1.00573 2.39127
821000 0.351042 1.04557 1.09804 2.49465
822000 0.346173 1.04792 1.01626 2.41035
823000 0.358754 1.08228 1.04961 2.49064
824000 0.36662 1.0511 1.04743 2.46515
825000 0.35747 1.05171 1.03266 2.44184
826000 0.351757 1.05198 1.07763 2.48136
827000 0.342288 1.07025 1.04382 2.45636
828000 0.358717 1.04939 1.06374 2.47185
829000 0.362728 1.05343 1.0251 2.44125
830000 0.359707 1.06655 1.00663 2.43289
831000 0.339135 1.05639 1.06303 2.45856
832000 0.365622 1.0428 1.04278 2.4512
833000 0.356436 1.07433 1.0767 2.50746
834000 0.366275 1.06436 1.05028 2.48092
835000 0.377201 1.0775 1.05361 2.50831
836000 0.368046 1.07168 1.09995 2.53968
837000 0.361103 1.06509 1.04568 2.47188
838000 0.367123 1.07059 1.07407 2.51179
839000 0.386046 1.10234 1.05966 2.54805
840000 0.361625 1.07237 1.0488 2.48279
841000 0.371031 1.0633 1.06515 2.49949
842000 0.360652 1.06831 1.04909 2.47805
843000 0.372284 1.09999 1.10595 2.57822
844000 0.360613 1.08649 1.06192 2.50902
845000 0.35808 1.08747 1.07272 2.51827
846000 0.366836 1.09471 1.08628 2.54782
847000 0.370271 1.13012 1.04255 2.54295
848000 0.371165 1.10973 1.08831 2.56921
849000 0.36103 1.10681 1.05985 2.5277
850000 0.364596 1.09946 1.08363 2.54768
851000 0.378617 1.07095 1.07508 2.52464
852000 0.365944 1.07376 1.07699 2.51669
853000 0.363318 1.08918 1.08091 2.53341
854000 0.374163 1.09341 1.07142 2.539
855000 0.363601 1.10106 1.07299 2.53765
856000 0.376567 1.10847 1.07569 2.56073
857000 0.383921 1.09756 1.07069 2.55218
858000 0.364591 1.08924 1.09112 2.54495
859000 0.372086 1.09616 1.08038 2.54863
860000 0.376123 1.10994 1.08325 2.56931
861000 0.372937 1.10763 1.06458 2.54515
862000 0.369443 1.10449 1.08312 2.55705
863000 0.376081 1.12347 1.06631 2.56586
864000 0.371253 1.122 1.07863 2.57188
865000 0.38657 1.11767 1.06631 2.57055
866000 0.361215 1.10539 1.11299 2.57959
867000 0.365377 1.1289 1.0932 2.58748
868000 0.376259 1.12258 1.09784 2.59668
869000 0.367113 1.12492 1.08974 2.58177
870000 0.379642 1.09617 1.07385 2.54967
871000 0.380704 1.12578 1.10307 2.60955
872000 0.382886 1.111 1.07511 2.569
873000 0.363595 1.11948 1.08878 2.57185
874000 0.388381 1.12204 1.10372 2.61415
875000 0.361429 1.14198 1.07047 2.57388
876000 0.369795 1.10872 1.12678 2.60529
877000 0.37812 1.13437 1.08324 2.59573
878000 0.372937 1.14352 1.07939 2.59585
879000 0.387979 1.13524 1.08958 2.6128
880000 0.374333 1.14512 1.09637 2.61582
881000 0.361741 1.11399 1.09762 2.57335
882000 0.380578 1.1397 1.1073 2.62758
883000 0.387533 1.11829 1.104 2.60983
884000 0.376337 1.13084 1.09347 2.60065
885000 0.362231 1.11856 1.10223 2.58303
886000 0.383151 1.1466 1.11125 2.641
887000 0.376 1.14258 1.10606 2.62464
888000 0.366941 1.13916 1.09639 2.60248
889000 0.382594 1.13138 1.09958 2.61356
890000 0.372621 1.1473 1.09025 2.61017
891000 0.370663 1.14186 1.12162 2.63415
892000 0.39766 1.13966 1.08836 2.62568
893000 0.384546 1.1787 1.09667 2.65992
894000 0.38018 1.16477 1.10267 2.64762
895000 0.378565 1.16791 1.08686 2.63333
896000 0.380177 1.14127 1.12833 2.64978
897000 0.381972 1.16286 1.07243 2.61726
898000 0.381485 1.13852 1.08562 2.60563
899000 0.380992 1.15518 1.13093 2.6671
900000 0.383372 1.15326 1.09928 2.63591
901000 0.371605 1.12969 1.11357 2.61486
902000 0.395382 1.16982 1.09109 2.65629
903000 0.372223 1.16158 1.09328 2.62709
904000 0.371907 1.15047 1.13286 2.65524
905000 0.391175 1.16006 1.10333 2.65456
906000 0.368129 1.14711 1.1387 2.65394
907000 0.385869 1.14099 1.08647 2.61333
908000 0.376113 1.13965 1.10303 2.6188
909000 0.372141 1.16827 1.11954 2.65995
910000 0.373823 1.16701 1.09022 2.63106
911000 0.366545 1.17511 1.13895 2.68061
912000 0.379649 1.1562 1.09011 2.62597
913000 0.387864 1.18934 1.13437 2.71157
914000 0.377025 1.18372 1.13389 2.69464
915000 0.375269 1.18869 1.12202 2.68598
916000 0.389419 1.15801 1.14262 2.69005
917000 0.385343 1.14472 1.13106 2.66112
918000 0.378396 1.16589 1.14144 2.68572
919000 0.379789 1.19774 1.16907 2.74661
920000 0.370897 1.19262 1.10834 2.67186
921000 0.377699 1.18265 1.17695 2.7373
922000 0.389995 1.1681 1.12235 2.68045
923000 0.384686 1.17207 1.1179 2.67466
924000 0.393712 1.23751 1.1626 2.79382
925000 0.408348 1.18657 1.13629 2.73121
926000 0.391475 1.18451 1.14826 2.72425
927000 0.3804 1.15764 1.10728 2.64531
928000 0.407158 1.17391 1.13252 2.71359
929000 0.398304 1.17188 1.14895 2.71914
930000 0.386879 1.20722 1.11524 2.70935
931000 0.385475 1.19098 1.14057 2.71702
932000 0.391366 1.17898 1.14621 2.71657
933000 0.402506 1.1728 1.12556 2.70087
934000 0.401813 1.16963 1.16371 2.73515
935000 0.434392 1.18338 1.12119 2.73895
936000 0.405651 1.1833 1.17647 2.76542
937000 0.393221 1.17217 1.13344 2.69883
938000 0.409953 1.18578 1.1285 2.72423
939000 0.393172 1.20467 1.19909 2.79693
940000 0.421018 1.221 1.15344 2.79546
941000 0.385663 1.18353 1.16448 2.73368
942000 0.393735 1.21005 1.11902 2.7228
943000 0.389897 1.21109 1.1218 2.72278
944000 0.386142 1.20386 1.19366 2.78367
945000 0.400863 1.18362 1.13821 2.72269
946000 0.375263 1.2075 1.15146 2.73422
947000 0.381778 1.21034 1.14468 2.7368
948000 0.391408 1.19641 1.15279 2.74061
949000 0.413044 1.19497 1.17429 2.7823
950000 0.382594 1.21213 1.12952 2.72424
951000 0.386491 1.22511 1.15205 2.76365
952000 0.394198 1.17866 1.17511 2.74797
953000 0.386194 1.20908 1.1439 2.73917
954000 0.409565 1.22123 1.16781 2.7986
955000 0.396784 1.22224 1.15535 2.77437
956000 0.405383 1.20061 1.16033 2.76632
957000 0.386449 1.21085 1.15267 2.74997
958000 0.399462 1.20778 1.1611 2.76834
959000 0.393423 1.24383 1.18042 2.81767
960000 0.393389 1.21116 1.14151 2.74606
961000 0.421757 1.22984 1.15431 2.80591
962000 0.407543 1.22365 1.1649 2.79609
963000 0.401068 1.21941 1.16107 2.78155
964000 0.41489 1.21722 1.18336 2.81547
965000 0.408588 1.22134 1.14807 2.77799
966000 0.411291 1.20672 1.17431 2.79232
967000 0.416411 1.19696 1.16785 2.78121
968000 0.418576 1.21352 1.14529 2.77739
969000 0.389805 1.2007 1.18844 2.77895
970000 0.405575 1.23279 1.14753 2.7859
971000 0.400956 1.21017 1.18142 2.79255
972000 0.415103 1.22244 1.17345 2.81099
973000 0.426039 1.21248 1.19229 2.8308
974000 0.397185 1.22356 1.18524 2.80598
975000 0.41567 1.24811 1.16675 2.83053
976000 0.415198 1.23439 1.16921 2.81879
977000 0.399013 1.22467 1.18673 2.81041
978000 0.410214 1.22172 1.16172 2.79366
979000 0.400245 1.21179 1.18519 2.79723
980000 0.405357 1.21403 1.17428 2.79367
981000 0.404392 1.2059 1.16066 2.77095
982000 0.40638 1.20436 1.17435 2.78509
983000 0.389142 1.22615 1.1731 2.78839
984000 0.401668 1.218 1.18111 2.80078
985000 0.402561 1.23019 1.1982 2.83095
986000 0.416596 1.24601 1.17923 2.84183
987000 0.40488 1.2349 1.16961 2.80939
988000 0.400363 1.22297 1.16986 2.79319
989000 0.417409 1.23036 1.20997 2.85774
990000 0.404662 1.22597 1.19887 2.82951
991000 0.409753 1.21736 1.18843 2.81554
992000 0.405442 1.23495 1.21639 2.85677
993000 0.417759 1.21335 1.17532 2.80643
994000 0.413495 1.24213 1.18047 2.83609
995000 0.400659 1.23752 1.19415 2.83233
996000 0.405541 1.24894 1.18411 2.8386
997000 0.420849 1.23891 1.17441 2.83417
998000 0.412372 1.24587 1.19613 2.85437
999000 0.415977 1.22875 1.21593 2.86066
1000000 0.403892 1.24394 1.19191 2.83975
1001000 0.419514 1.24092 1.18333 2.84377
1002000 0.434946 1.24487 1.21457 2.89438
1003000 0.424488 1.23442 1.22067 2.87958
1004000 0.409938 1.24587 1.20293 2.85874
1005000 0.418195 1.24396 1.20402 2.86618
1006000 0.417935 1.25878 1.21449 2.8912
1007000 0.40335 1.26577 1.20564 2.87476
1008000 0.42549 1.24264 1.21591 2.88404
1009000 0.413295 1.25827 1.2225 2.89406
1010000 0.408493 1.28878 1.22761 2.92488
1011000 0.425259 1.24879 1.20675 2.8808
1012000 0.423534 1.22545 1.23379 2.88278
1013000 0.426188 1.27848 1.23986 2.94452
1014000 0.411373 1.27694 1.2289 2.91722
1015000 0.417084 1.25888 1.21295 2.88891
1016000 0.423361 1.28246 1.21512 2.92095
1017000 0.39844 1.27572 1.23204 2.9062
1018000 0.418442 1.24455 1.25256 2.91555
1019000 0.412149 1.26618 1.24527 2.9236
1020000 0.409403 1.25798 1.21894 2.88632
1021000 0.416859 1.24321 1.24322 2.90329
1022000 0.426167 1.23998 1.21683 2.88298
1023000 0.418998 1.264 1.24919 2.93219
1024000 0.424006 1.26922 1.23346 2.92669
1025000 0.423865 1.26873 1.22055 2.91315
1026000 0.410963 1.25349 1.23843 2.90288
1027000 0.41439 1.25013 1.1953 2.85982
1028000 0.418384 1.27083 1.22413 2.91334
1029000 0.426953 1.27521 1.23495 2.93712
1030000 0.421911 1.27862 1.19725 2.89778
