 #  Elapsed Time    Sqr Displ.      Sqr Displ.     Sqr Displ.  KMC step
 #  ************    ***Total***       Atom Ni        Atom NiV  ********
  0.00000000E+00      0.0000000      0.0000000      0.0000000         0
  0.62938368E-11      6.0273206      6.0271542      0.0001664         1
  0.13671334E-10     12.2974332     12.2968642      0.0005690         2
  0.19047677E-10     18.4072755     18.4059068      0.0013688         3
  0.19703350E-10     24.6945397     24.6922408      0.0022989         4
  0.31884568E-10     30.7802713     30.7781604      0.0021108         5
  0.33746246E-10     37.0352810     37.0315937      0.0036874         6
  0.39495088E-10     43.1015507     43.0991528      0.0023980         7
  0.45445508E-10     49.4851321     49.4805672      0.0045649         8
  0.53046425E-10     43.1015506     43.0991526      0.0023980         9
  0.53733647E-10     49.4305813     49.4277008      0.0028806        10
  0.58019889E-10     55.5366873     55.5306676      0.0060197        11
  0.58798549E-10     61.8135729     61.8089679      0.0046050        12
  0.59322908E-10     55.5366809     55.5306612      0.0060197        13
  0.59842260E-10     61.6447232     61.6369082      0.0078149        14
  0.60742575E-10     67.8244285     67.8112950      0.0131334        15
  0.62518693E-10     74.0614756     74.0501046      0.0113711        16
  0.62983809E-10     80.2103838     80.1972835      0.0131003        17
  0.65721006E-10     86.5420633     86.5302571      0.0118062        18
  0.69064290E-10     92.7270691     92.7170396      0.0100295        19
  0.69946523E-10     98.9331939     98.9224913      0.0107026        20
  0.70440226E-10    105.1333203    105.1210529      0.0122674        21
  0.74353378E-10    111.2969432    111.2822978      0.0146454        22
  0.85777271E-10    117.3578199    117.3418491      0.0159708        23
  0.87375113E-10    123.5968691    123.5782893      0.0185798        24
  0.88295547E-10    142.0673780    142.0532404      0.0141376        25
  0.97812019E-10    142.3559268    142.3439405      0.0119863        26
  0.97823810E-10    142.2253499    142.2152092      0.0101406        27
  0.98368682E-10    148.4958844    148.4870701      0.0088143        28
  0.10001375E-09    154.7931256    154.7869136      0.0062120        29
  0.10336147E-09    160.9726480    160.9668564      0.0057917        30
  0.10485103E-09    173.1678086    173.1608879      0.0069207        31
  0.10619171E-09    179.3325959    179.3249253      0.0076706        32
  0.10918694E-09    179.4480368    179.4416975      0.0063393        33
  0.11131882E-09    185.6265270    185.6159006      0.0106264        34
  0.11252385E-09    191.8812063    191.8694378      0.0117685        35
  0.12641918E-09    204.2499467    204.2379732      0.0119735        36
  0.13216067E-09    216.3392242    216.3290470      0.0101772        37
  0.13944956E-09    216.6063262    216.5978834      0.0084428        38
  0.14856459E-09    222.7309770    222.7209730      0.0100040        39
  0.15047189E-09    229.0212150    229.0123343      0.0088806        40
  0.15149192E-09    235.1980450    235.1877907      0.0102543        41
  0.15800152E-09    241.5282196    241.5184490      0.0097706        42
  0.16218722E-09    247.7819471    247.7716476      0.0102995        43
  0.16265353E-09    254.0339237    254.0265025      0.0074213        44
  0.16636466E-09    260.2454217    260.2381231      0.0072986        45
  0.16929183E-09    266.2960488    266.2872443      0.0088044        46
  0.17351723E-09    278.5520892    278.5426018      0.0094874        47
  0.17586825E-09    291.3210313    291.3128395      0.0081918        48
  0.18286684E-09    297.6325461    297.6249348      0.0076113        49
  0.18311412E-09    303.7267009    303.7198456      0.0068553        50
  0.18688546E-09    309.8658658    309.8605531      0.0053127        51
  0.18892708E-09    315.8413770    315.8358823      0.0054947        52
  0.19448283E-09    328.1374299    328.1308560      0.0065738        53
  0.19684859E-09    322.2575461    322.2483157      0.0092305        54
  0.19825436E-09    328.3352008    328.3238118      0.0113890        55
  0.19890672E-09    334.4820960    334.4662567      0.0158393        56
  0.19919556E-09    340.7464597    340.7310044      0.0154553        57
  0.20358133E-09    346.8061761    346.7890272      0.0171489        58
  0.20645510E-09    352.9565012    352.9387085      0.0177927        59
  0.20753227E-09    359.3189742    359.3062195      0.0127547        60
  0.21422576E-09    365.5663417    365.5523900      0.0139517        61
  0.21430516E-09    371.6282396    371.6127799      0.0154597        62
  0.21889284E-09    377.7386179    377.7229453      0.0156725        63
  0.22293863E-09    384.0669337    384.0533384      0.0135953        64
  0.22622699E-09    390.1399945    390.1217533      0.0182411        65
  0.22737233E-09    396.4427897    396.4244422      0.0183475        66
  0.23169124E-09    402.5861358    402.5661890      0.0199468        67
  0.23915761E-09    408.8123402    408.7937211      0.0186192        68
  0.24716671E-09    415.1412691    415.1193061      0.0219629        69
  0.24794641E-09    421.0370288    421.0074497      0.0295791        70
  0.24907856E-09    427.1805321    427.1497475      0.0307846        71
  0.24997331E-09    433.3798274    433.3487175      0.0311099        72
  0.25030219E-09    439.6634574    439.6340311      0.0294263        73
  0.25084888E-09    445.9194031    445.8924680      0.0269351        74
  0.25718212E-09    452.1478237    452.1234141      0.0244096        75
  0.25812964E-09    464.4625619    464.4401190      0.0224429        76
  0.26638244E-09    477.0763476    477.0528662      0.0234814        77
  0.26706491E-09    483.1602428    483.1354883      0.0247544        78
  0.26797132E-09    489.2821120    489.2601584      0.0219536        79
  0.27270106E-09    495.3997875    495.3755593      0.0242282        80
  0.27524424E-09    501.5313068    501.5003650      0.0309418        81
  0.27581821E-09    507.8815449    507.8538287      0.0277162        82
  0.27724557E-09    514.0586006    514.0290761      0.0295245        83
  0.28027684E-09    520.3206044    520.2951979      0.0254065        84
  0.28686293E-09    526.4383446    526.4103260      0.0280186        85
  0.29389043E-09    532.6334048    532.6066288      0.0267761        86
  0.29970843E-09    538.8682251    538.8423557      0.0258694        87
  0.30536527E-09    545.0185321    544.9902091      0.0283231        88
  0.31361413E-09    551.1285787    551.0986760      0.0299027        89
  0.31543080E-09    557.5304466    557.5039638      0.0264829        90
  0.31545728E-09    551.1286494    551.0987465      0.0299029        91
  0.32562751E-09    557.3776485    557.3435503      0.0340982        92
  0.33643708E-09    563.4706823    563.4352143      0.0354680        93
  0.34510394E-09    569.6386801    569.6027622      0.0359179        94
  0.35095121E-09    575.7219000    575.6814368      0.0404632        95
  0.35130772E-09    582.1058439    582.0682933      0.0375506        96
  0.35198600E-09    588.3044540    588.2721849      0.0322691        97
  0.36367142E-09    588.5402535    588.5126326      0.0276209        98
  0.36436043E-09    594.3286188    594.2967158      0.0319030        99
  0.36454108E-09    588.5402441    588.5126235      0.0276206       100
  0.37800501E-09    588.2659649    588.2334554      0.0325094       101
  0.37803023E-09    594.3373289    594.3047449      0.0325840       102
  0.38108149E-09    600.7247681    600.6892785      0.0354896       103
  0.38245492E-09    606.9938536    606.9577254      0.0361282       104
  0.38318254E-09    613.3081974    613.2784718      0.0297256       105
  0.39851625E-09    606.9938539    606.9577257      0.0361282       106
  0.41031212E-09    612.9670034    612.9235716      0.0434318       107
  0.41278155E-09    619.3769776    619.3400614      0.0369162       108
  0.41615470E-09    625.6914028    625.6588942      0.0325087       109
  0.41892403E-09    631.7260732    631.6912320      0.0348412       110
  0.42016052E-09    637.8040232    637.7678210      0.0362022       111
  0.42033238E-09    644.0842986    644.0517820      0.0325166       112
  0.42484860E-09    650.5176919    650.4888737      0.0288181       113
  0.42491784E-09    656.6700834    656.6431756      0.0269078       114
  0.42642318E-09    662.8466642    662.8194021      0.0272621       115
  0.42900860E-09    669.0770067    669.0471934      0.0298133       116
  0.43397668E-09    675.0925569    675.0604040      0.0321529       117
  0.43678501E-09    681.2227827    681.1826140      0.0401687       118
  0.43729463E-09    687.4067651    687.3636729      0.0430921       119
  0.43957969E-09    693.4982100    693.4477182      0.0504918       120
  0.44104422E-09    699.5900905    699.5349690      0.0551215       121
  0.44198301E-09    705.7941122    705.7294265      0.0646857       122
  0.44201200E-09    712.0241115    711.9619347      0.0621768       123
  0.44491091E-09    718.2608913    718.2029712      0.0579201       124
  0.44727757E-09    724.3985975    724.3459064      0.0526911       125
  0.45502822E-09    730.6881375    730.6323976      0.0557399       126
  0.45544299E-09    736.8753430    736.8225154      0.0528276       127
  0.45598325E-09    743.2311509    743.1825453      0.0486056       128
  0.46088199E-09    749.4701978    749.4248360      0.0453619       129
  0.46113240E-09    755.6132363    755.5710179      0.0422184       130
  0.46541918E-09    761.8482227    761.8065292      0.0416935       131
  0.46553433E-09    768.1613373    768.1268275      0.0345097       132
  0.47150615E-09    774.3523233    774.3189782      0.0333451       133
  0.47757905E-09    768.1613384    768.1268287      0.0345097       134
  0.48417134E-09    774.3237944    774.2932725      0.0305220       135
  0.48595893E-09    780.4385468    780.4029337      0.0356131       136
  0.49679095E-09    786.6717048    786.6317611      0.0399437       137
  0.50107587E-09    792.7810029    792.7400629      0.0409400       138
  0.50404473E-09    798.9330069    798.8901235      0.0428833       139
  0.50890528E-09    805.0894888    805.0463103      0.0431785       140
  0.50999182E-09    811.4800625    811.4437617      0.0363008       141
  0.51419744E-09    817.6634954    817.6275837      0.0359116       142
  0.51627619E-09    823.8934277    823.8567400      0.0366877       143
  0.51995378E-09    817.6634935    817.6275818      0.0359116       144
  0.52010292E-09    823.6706526    823.6338709      0.0367817       145
  0.53173122E-09    830.1402502    830.1096387      0.0306116       146
  0.53454209E-09    836.3852653    836.3594890      0.0257763       147
  0.53895207E-09    842.7211163    842.6994302      0.0216861       148
  0.54143991E-09    848.9557017    848.9373126      0.0183891       149
  0.54275422E-09    855.1105229    855.0927657      0.0177572       150
  0.54332931E-09    855.0733815    855.0518421      0.0215393       151
  0.54476517E-09    861.4899194    861.4675721      0.0223473       152
  0.54891203E-09    867.5628469    867.5395833      0.0232636       153
  0.55368551E-09    873.7397976    873.7116356      0.0281620       154
  0.56093532E-09    879.9185194    879.8863016      0.0322178       155
  0.56928392E-09    886.0342095    885.9949931      0.0392164       156
  0.57503286E-09    898.3835374    898.3448231      0.0387143       157
  0.58022398E-09    886.0341368    885.9949223      0.0392145       158
  0.58061592E-09    898.3835363    898.3448221      0.0387142       159
  0.58190423E-09    904.5442207    904.5044461      0.0397746       160
  0.58713880E-09    910.6257704    910.5778956      0.0478748       161
  0.59547929E-09    916.6995226    916.6425061      0.0570165       162
  0.59949786E-09    922.8864381    922.8303410      0.0560971       163
  0.59972004E-09    929.2426931    929.1809026      0.0617906       164
  0.60795930E-09    941.3604788    941.2957985      0.0646803       165
  0.61158474E-09    947.8022747    947.7416150      0.0606597       166
  0.61237993E-09    953.9492386    953.8822740      0.0669645       167
  0.61307409E-09    966.1516637    966.0936182      0.0580455       168
  0.61418691E-09    972.3098331    972.2449765      0.0648567       169
  0.61695778E-09    978.4240733    978.3571198      0.0669535       170
  0.61717828E-09    984.6773746    984.5976113      0.0797633       171
  0.61932041E-09    991.0237084    984.7113359      6.3123725       172
  0.61980699E-09    996.7958962    984.6277314     12.1681648       173
  0.62228053E-09   1002.8721338    984.7043227     18.1678111       174
  0.62244665E-09   1009.2158859    984.8097240     24.4061619       175
  0.62425534E-09   1015.1771380    984.7309632     30.4461748       176
  0.62630554E-09   1021.1846876    990.7062321     30.4784555       177
  0.62931993E-09   1027.1398189    990.7190948     36.4207242       178
  0.62999031E-09   1021.1847603    990.7063025     30.4784578       179
  0.63028531E-09   1027.4317298    996.9084645     30.5232654       180
  0.63510856E-09   1033.6789937   1003.1155629     30.5634308       181
  0.63536371E-09   1039.7547366   1009.2377878     30.5169488       182
  0.63645476E-09   1045.9705590   1015.5022144     30.4683446       183
  0.63730452E-09   1051.9871485   1021.5156058     30.4715427       184
  0.64391833E-09   1045.9706771   1015.5023268     30.4683503       185
  0.64928271E-09   1051.9284672   1021.4227047     30.5057625       186
  0.65181936E-09   1058.1443539   1027.6432795     30.5010744       187
  0.65229646E-09   1064.6224034   1027.9361834     36.6862200       188
  0.65414183E-09   1071.0117936   1027.9330516     43.0787421       189
  0.65431265E-09   1076.6326617   1027.8336269     48.7990348       190
  0.65518716E-09   1082.5465574   1027.7984991     54.7480583       191
  0.65535904E-09   1088.6437807   1027.8029119     60.8408688       192
  0.65543662E-09   1094.6983015   1027.8126529     66.8856486       193
  0.65602931E-09   1101.2375502   1027.7936204     73.4439298       194
  0.65731550E-09   1106.5520625   1027.8088084     78.7432542       195
  0.66043837E-09   1101.2375534   1027.7936228     73.4439306       196
  0.66178881E-09   1106.5523375   1027.8090307     78.7433068       197
  0.66179025E-09   1101.2375565   1027.7936251     73.4439314       198
  0.66234579E-09   1106.5525087   1027.8091496     78.7433590       199
  0.66282547E-09   1113.0728806   1027.8109612     85.2619194       200
  0.66339103E-09   1106.5527780   1027.8093331     78.7434449       201
  0.66747188E-09   1113.1290276   1027.8599036     85.2691240       202
  0.66774241E-09   1106.5530492   1027.8095358     78.7435134       203
  0.66787658E-09   1113.1290272   1027.8599024     85.2691248       204
  0.67107949E-09   1106.5532186   1027.8096445     78.7435741       205
  0.67374127E-09   1101.2477120   1027.7892688     73.4584432       206
  0.67427390E-09   1106.5533873   1027.8097700     78.7436173       207
  0.68037936E-09   1101.2477138   1027.7892717     73.4584421       208
  0.68074282E-09   1106.5535342   1027.8098935     78.7436407       209
  0.68102233E-09   1101.2477155   1027.7892745     73.4584410       210
  0.68229415E-09   1106.9339286   1027.7341308     79.1997977       211
  0.68260444E-09   1113.4016199   1027.8326671     85.5689528       212
  0.68324608E-09   1131.1157401   1027.8440593    103.2716808       213
  0.68408357E-09   1136.8666611   1027.7956794    109.0709818       214
  0.68427491E-09   1131.1157644   1027.8440730    103.2716914       215
  0.68562016E-09   1136.8666650   1027.7956816    109.0709835       216
  0.68840857E-09   1131.1157762   1027.8440666    103.2717096       217
  0.69029140E-09   1136.8666689   1027.7956837    109.0709852       218
  0.69264706E-09   1131.2994448   1027.7380868    103.5613580       219
  0.69275844E-09   1138.0175623   1027.8106379    110.2069244       220
  0.89811073E-09   1143.7373563   1027.8480047    115.8893516       221
  0.89829015E-09   1138.0176819   1027.8107089    110.2069730       222
  0.93295418E-09   1149.8431566   1028.0116521    121.8315045       223
  0.93757203E-09   1138.0176215   1027.8102009    110.2074206       224
  0.94905167E-09   1144.4317533   1027.8340978    116.5976556       225
  0.94917447E-09   1149.6573986   1027.8629061    121.7944925       226
  0.94966713E-09   1144.5077574   1027.8055187    116.7022387       227
  0.95165078E-09   1175.8227337   1027.9073813    147.9153523       228
  0.11987816E-08   1193.8883152   1039.9073593    153.9809559       229
  0.12030997E-08   1200.0676685   1046.0995808    153.9680877       230
  0.12076282E-08   1206.4529997   1052.5005687    153.9524310       231
  0.12078049E-08   1212.6686413   1058.7187496    153.9498917       232
  0.12120137E-08   1218.8169654   1064.8621254    153.9548401       233
  0.12164325E-08   1224.9718251   1071.0337093    153.9381158       234
  0.12170894E-08   1231.2925441   1077.3868265    153.9057176       235
  0.12176656E-08   1237.2714754   1083.3992968    153.8721786       236
  0.12189508E-08   1243.4869670   1089.4961978    153.9907692       237
  0.12199935E-08   1249.6641264   1095.6856021    153.9785243       238
  0.12248510E-08   1256.0487984   1102.1114032    153.9373951       239
  0.12257010E-08   1262.1288590   1102.1075763    160.0212826       240
  0.12257941E-08   1267.5991597   1102.0726388    165.5265210       241
  0.12259770E-08   1262.1289915   1102.1077128    160.0212788       242
  0.12260350E-08   1256.0480948   1102.1334174    153.9146773       243
  0.12290287E-08   1262.2730654   1102.2515728    160.0214925       244
  0.12300867E-08   1268.4420130   1108.2091146    160.2328983       245
  0.12306558E-08   1273.9886930   1108.2002772    165.7884159       246
  0.12314127E-08   1268.4415326   1108.2094323    160.2321003       247
  0.12326443E-08   1274.5942354   1114.3410231    160.2532123       248
  0.12332032E-08   1280.7346181   1120.5335907    160.2010274       249
  0.12433413E-08   1287.0355156   1126.8693017    160.1662139       250
  0.12464778E-08   1292.9510623   1126.9002253    166.0508370       251
  0.12465656E-08   1299.0254054   1132.9762400    166.0491654       252
  0.12469457E-08   1304.5929542   1132.9498480    171.6431062       253
  0.12470749E-08   1298.8977283   1133.0953441    165.8023842       254
  0.12475368E-08   1305.1173547   1139.2655805    165.8517742       255
  0.12481460E-08   1311.3296164   1145.4513009    165.8783156       256
  0.12493490E-08   1311.6303817   1145.3702329    166.2601488       257
  0.12509735E-08   1317.6568894   1145.2877672    172.3691222       258
  0.12516812E-08   1323.8515550   1151.4118736    172.4396814       259
  0.12519702E-08   1317.7194926   1151.4795116    166.2399810       260
  0.12521459E-08   1330.0470255   1151.5415318    178.5054937       261
  0.12526650E-08   1317.7195680   1151.4795405    166.2400275       262
  0.12527209E-08   1323.9820804   1157.7073750    166.2747054       263
  0.12535973E-08   1330.0708488   1157.8088896    172.2619592       264
  0.12539070E-08   1335.5357164   1157.4457402    178.0899762       265
  0.12539945E-08   1330.0707527   1157.8088353    172.2619174       266
  0.12574263E-08   1336.0555714   1163.7522423    172.3033292       267
  0.12601577E-08   1335.3630600   1163.7272016    171.6358584       268
  0.12605846E-08   1336.3206062   1163.8381852    172.4824209       269
  0.12612392E-08   1330.0282509   1163.6831326    166.3451183       270
  0.12619839E-08   1336.4972653   1170.1320115    166.3652538       271
  0.12626214E-08   1342.2025424   1170.0144709    172.1880715       272
  0.12626861E-08   1348.1616855   1175.9213141    172.2403714       273
  0.12633930E-08   1354.4237014   1182.1510157    172.2726858       274
  0.12695058E-08   1360.6321486   1188.3620300    172.2701186       275
  0.12703446E-08   1366.6298246   1194.2943062    172.3355185       276
  0.12730502E-08   1372.5964088   1194.2441550    178.3522538       277
  0.12731675E-08   1378.8500384   1194.2932021    184.5568363       278
  0.12754755E-08   1372.7708009   1188.2510132    184.5197877       279
  0.12770086E-08   1378.3971277   1188.4188490    189.9782787       280
  0.12773068E-08   1372.9905333   1188.5258093    184.4647240       281
  0.12790055E-08   1385.2687248   1188.5735180    196.6952069       282
  0.12801330E-08   1391.3053427   1194.5555296    196.7498131       283
  0.12813105E-08   1397.6049026   1200.8758681    196.7290346       284
  0.12839433E-08   1410.3585156   1213.5701332    196.7883823       285
  0.12843747E-08   1397.6048388   1200.8758525    196.7289862       286
  0.12906139E-08   1403.7816798   1207.1004690    196.6812107       287
  0.12910542E-08   1410.1356926   1213.4302669    196.7054257       288
  0.12945742E-08   1416.3883922   1219.6702451    196.7181471       289
  0.12965527E-08   1429.1050811   1232.3632318    196.7418492       290
  0.12986794E-08   1434.3133721   1232.0361167    202.2772554       291
  0.12987556E-08   1422.0804494   1219.7015300    202.3789194       292
  0.13007954E-08   1416.3840019   1219.7837409    196.6002610       293
  0.13028284E-08   1422.0804467   1219.7015266    202.3789201       294
  0.13058252E-08   1428.1684608   1225.8277531    202.3407077       295
  0.13068668E-08   1422.5483060   1225.9276914    196.6206146       296
  0.13069875E-08   1428.1684637   1225.8277545    202.3407092       297
  0.13071857E-08   1434.4823957   1232.1357263    202.3466695       298
