# Time-averaged data for fix 1
# TimeStep c_msd_all[1] c_msd_all[2] c_msd_all[3] c_msd_all[4]
31000 0.0728826 0.0854892 0.0635898 0.221962
32000 0.0844161 0.084809 0.0891087 0.258334
33000 0.0610149 0.0721262 0.0725271 0.205668
34000 0.10439 0.0669856 0.0763719 0.247748
35000 0.063692 0.0725212 0.076595 0.212808
36000 0.070813 0.0867463 0.0807101 0.238269
37000 0.0778628 0.0761558 0.0815793 0.235598
38000 0.0598766 0.0790447 0.0656746 0.204596
39000 0.0692631 0.0821471 0.068264 0.219674
40000 0.0780152 0.0861431 0.0784086 0.242567
41000 0.0635232 0.101318 0.0748386 0.23968
42000 0.0807907 0.0942884 0.0814132 0.256492
43000 0.0808334 0.0767291 0.0695318 0.227094
44000 0.0640808 0.0872815 0.0771667 0.228529
45000 0.0654284 0.0881645 0.081939 0.235532
46000 0.0822169 0.106515 0.0716165 0.260348
47000 0.0655026 0.0865491 0.0836935 0.235745
48000 0.071418 0.08803 0.0862245 0.245673
49000 0.0877041 0.0847896 0.0907972 0.263291
50000 0.0609387 0.0943467 0.0698039 0.225089
51000 0.071115 0.112592 0.0758186 0.259525
52000 0.0687426 0.0748235 0.0690228 0.212589
53000 0.0711496 0.0847535 0.0820139 0.237917
54000 0.0765902 0.100955 0.0883891 0.265934
55000 0.0728053 0.0983736 0.0778147 0.248994
56000 0.0802629 0.085829 0.0831969 0.249289
57000 0.0728497 0.0898508 0.0879657 0.250666
58000 0.0907887 0.0845392 0.0933136 0.268641
59000 0.0773254 0.0968286 0.0805041 0.254658
60000 0.0794327 0.085941 0.0783985 0.243772
61000 0.0808238 0.10345 0.0810257 0.265299
62000 0.0705885 0.0950431 0.087217 0.252849
63000 0.0940093 0.0996555 0.084495 0.27816
64000 0.0723223 0.1132 0.0948255 0.280348
65000 0.0912102 0.101534 0.0886978 0.281442
66000 0.0740999 0.1019 0.0992467 0.275247
67000 0.0925142 0.104063 0.117756 0.314334
68000 0.0748645 0.0953725 0.103034 0.273271
69000 0.0805468 0.107011 0.108055 0.295614
70000 0.0772995 0.106155 0.0970727 0.280527
71000 0.0795874 0.112948 0.0986632 0.291198
72000 0.078995 0.11938 0.12258 0.320955
73000 0.0875552 0.116082 0.101135 0.304773
74000 0.0815158 0.106952 0.122649 0.311117
75000 0.0710845 0.120307 0.104142 0.295534
76000 0.0809692 0.109858 0.102286 0.293114
77000 0.0806194 0.103811 0.127883 0.312313
78000 0.0897556 0.122841 0.114722 0.327319
79000 0.0838249 0.113774 0.11685 0.314448
80000 0.0777424 0.0989945 0.0977852 0.274522
81000 0.0715035 0.108012 0.103355 0.28287
82000 0.0840844 0.105961 0.109647 0.299692
83000 0.0876457 0.129083 0.0953552 0.312084
84000 0.0874255 0.1073 0.109872 0.304598
85000 0.0817322 0.113077 0.101863 0.296672
86000 0.081219 0.124917 0.109208 0.315343
87000 0.0981497 0.12212 0.115738 0.336008
88000 0.0863761 0.14011 0.11865 0.345136
89000 0.0931432 0.128154 0.116922 0.338219
90000 0.0869628 0.13047 0.12224 0.339673
91000 0.0933959 0.139123 0.111843 0.344362
92000 0.0878153 0.139386 0.129067 0.356268
93000 0.0924346 0.144958 0.132875 0.370268
94000 0.0808654 0.145762 0.126411 0.353038
95000 0.101762 0.142249 0.130262 0.374273
96000 0.0863573 0.150499 0.136408 0.373264
97000 0.0912015 0.153222 0.141077 0.3855
98000 0.107828 0.158032 0.126818 0.392678
99000 0.0875896 0.15844 0.12575 0.371779
100000 0.0978667 0.146352 0.124711 0.36893
101000 0.0982735 0.15633 0.12196 0.376564
102000 0.0990652 0.156104 0.128185 0.383355
103000 0.108581 0.146558 0.11291 0.368049
104000 0.0936141 0.149441 0.117676 0.360731
105000 0.128585 0.151222 0.131109 0.410916
106000 0.102873 0.157418 0.126153 0.386445
107000 0.105091 0.15182 0.137528 0.394439
108000 0.106547 0.165113 0.122355 0.394014
109000 0.103924 0.158728 0.114454 0.377105
110000 0.140723 0.158215 0.132124 0.431062
111000 0.0986279 0.154687 0.124519 0.377834
112000 0.104463 0.162581 0.140667 0.407711
113000 0.102334 0.189626 0.133742 0.425703
114000 0.0964079 0.164014 0.125989 0.386411
115000 0.107542 0.16044 0.140469 0.408451
116000 0.114926 0.179622 0.141739 0.436287
117000 0.133893 0.173568 0.153986 0.461447
118000 0.0997132 0.202258 0.146331 0.448301
119000 0.115638 0.180966 0.136563 0.433167
120000 0.108584 0.164859 0.141087 0.41453
121000 0.105647 0.161706 0.150302 0.417655
122000 0.143381 0.157233 0.170258 0.470872
123000 0.102739 0.177415 0.146717 0.426871
124000 0.101361 0.178726 0.141619 0.421706
125000 0.097089 0.183661 0.152368 0.433118
126000 0.0979511 0.175614 0.167146 0.440711
127000 0.106305 0.163976 0.173141 0.443422
128000 0.102844 0.162186 0.163552 0.428581
129000 0.108195 0.150424 0.166722 0.425341
130000 0.100538 0.169192 0.176226 0.445956
131000 0.093991 0.166136 0.186678 0.446805
132000 0.127956 0.160148 0.186411 0.474515
133000 0.104215 0.164136 0.184606 0.452957
134000 0.099027 0.157326 0.17679 0.433143
135000 0.0998017 0.193247 0.178754 0.471803
136000 0.100903 0.17373 0.182825 0.457458
137000 0.108954 0.186053 0.207013 0.50202
138000 0.103825 0.180598 0.18548 0.469903
139000 0.147417 0.17134 0.185874 0.504632
140000 0.0992874 0.178533 0.1716 0.449421
141000 0.126925 0.176569 0.174454 0.477948
142000 0.0985677 0.185764 0.189039 0.473371
143000 0.103602 0.182146 0.176466 0.462214
144000 0.119359 0.190424 0.188953 0.498736
145000 0.115592 0.18429 0.176506 0.476388
146000 0.141789 0.181977 0.184187 0.507953
147000 0.10208 0.182933 0.174927 0.45994
148000 0.103637 0.177412 0.181551 0.4626
149000 0.108342 0.192919 0.197076 0.498336
150000 0.110333 0.20109 0.188168 0.499591
151000 0.12442 0.184073 0.185445 0.493938
152000 0.106651 0.189524 0.196717 0.492892
153000 0.120589 0.183332 0.183978 0.487899
154000 0.11122 0.193091 0.20294 0.507251
155000 0.109161 0.187051 0.186189 0.482401
156000 0.12009 0.194864 0.197459 0.512413
157000 0.109373 0.191683 0.198197 0.499252
158000 0.112916 0.198739 0.191919 0.503574
159000 0.0991516 0.187572 0.205119 0.491842
160000 0.113428 0.193881 0.190971 0.49828
161000 0.104395 0.194364 0.197241 0.496
162000 0.121117 0.204398 0.193752 0.519267
163000 0.106737 0.194374 0.193627 0.494737
164000 0.111143 0.204745 0.198302 0.51419
165000 0.11673 0.202548 0.208138 0.527415
166000 0.108519 0.191753 0.203911 0.504182
167000 0.112365 0.22548 0.22374 0.561585
168000 0.130277 0.214304 0.216463 0.561045
169000 0.116379 0.22017 0.225537 0.562086
170000 0.112639 0.212466 0.219677 0.544782
171000 0.109142 0.231618 0.229374 0.570135
172000 0.106806 0.224609 0.218294 0.54971
173000 0.125678 0.22313 0.214939 0.563748
174000 0.111839 0.220637 0.219991 0.552467
175000 0.129535 0.225037 0.219965 0.574537
176000 0.118424 0.226567 0.236026 0.581017
177000 0.121363 0.224692 0.223798 0.569853
178000 0.127303 0.216818 0.2205 0.564621
179000 0.11545 0.224431 0.218206 0.558087
180000 0.12825 0.249304 0.231872 0.609426
181000 0.128248 0.238055 0.240588 0.60689
182000 0.133618 0.254744 0.239027 0.627388
183000 0.121851 0.230121 0.23285 0.584823
184000 0.119008 0.234461 0.240291 0.59376
185000 0.121708 0.219796 0.242762 0.584266
186000 0.11914 0.234111 0.234668 0.587919
187000 0.144548 0.258258 0.234876 0.637683
188000 0.117128 0.230183 0.240824 0.588136
189000 0.115895 0.225466 0.269074 0.610435
190000 0.143579 0.232661 0.237956 0.614196
191000 0.13556 0.235514 0.251576 0.622651
192000 0.144749 0.248465 0.269963 0.663177
193000 0.119455 0.239847 0.266523 0.625825
194000 0.121194 0.237193 0.258543 0.61693
195000 0.142736 0.233512 0.256684 0.632932
196000 0.132039 0.24001 0.272173 0.644222
197000 0.137164 0.270484 0.269665 0.677313
198000 0.126924 0.261194 0.250083 0.638202
199000 0.140359 0.263847 0.25994 0.664146
200000 0.130764 0.256344 0.268053 0.655161
201000 0.127383 0.245872 0.283782 0.657037
202000 0.12707 0.271146 0.28509 0.683306
203000 0.130875 0.251791 0.266014 0.648679
204000 0.136278 0.275395 0.277557 0.689229
205000 0.123548 0.249402 0.294399 0.667349
206000 0.123166 0.269351 0.292274 0.684792
207000 0.131767 0.264122 0.285752 0.68164
208000 0.138973 0.267886 0.278804 0.685663
209000 0.131439 0.274469 0.28519 0.691098
210000 0.157086 0.266612 0.290188 0.713886
211000 0.137683 0.269078 0.293658 0.700419
212000 0.148604 0.280749 0.300998 0.73035
213000 0.126521 0.277321 0.293976 0.697818
214000 0.135895 0.292864 0.306611 0.73537
215000 0.149436 0.293622 0.313336 0.756393
216000 0.141869 0.291737 0.314865 0.74847
217000 0.146583 0.299122 0.327482 0.773186
218000 0.13014 0.294658 0.334668 0.759467
219000 0.147831 0.340772 0.329917 0.81852
220000 0.143686 0.331271 0.321328 0.796285
221000 0.132236 0.324742 0.329267 0.786244
222000 0.148006 0.301718 0.313347 0.763071
223000 0.142508 0.300251 0.320825 0.763583
224000 0.141709 0.321561 0.33722 0.80049
225000 0.154896 0.328944 0.335331 0.81917
226000 0.13573 0.332924 0.313533 0.782187
227000 0.160517 0.303559 0.331232 0.795309
228000 0.14167 0.309862 0.321236 0.772768
229000 0.150873 0.327515 0.335218 0.813606
230000 0.137 0.303482 0.336564 0.777046
231000 0.138892 0.338948 0.329566 0.807407
232000 0.18129 0.309898 0.331032 0.82222
233000 0.131134 0.305884 0.320778 0.757796
234000 0.140965 0.31053 0.332606 0.784101
235000 0.147187 0.334348 0.319768 0.801303
236000 0.136794 0.340838 0.323921 0.801553
237000 0.143522 0.317897 0.329397 0.790815
238000 0.132117 0.325681 0.339044 0.796842
239000 0.174546 0.317887 0.333752 0.826185
240000 0.138924 0.313314 0.326832 0.77907
241000 0.158323 0.349443 0.323338 0.831104
242000 0.139132 0.335184 0.339734 0.81405
243000 0.150621 0.324159 0.354984 0.829764
244000 0.141829 0.301125 0.322017 0.764971
245000 0.139405 0.328344 0.317194 0.784942
246000 0.180886 0.348612 0.322826 0.852323
247000 0.14636 0.352228 0.333576 0.832164
248000 0.183611 0.33022 0.326822 0.840653
249000 0.143807 0.328586 0.337284 0.809677
250000 0.161054 0.335592 0.341859 0.838506
251000 0.14542 0.354187 0.322299 0.821906
252000 0.14576 0.351614 0.327895 0.825268
253000 0.175706 0.355167 0.33496 0.865834
254000 0.131936 0.341859 0.344173 0.817968
255000 0.152966 0.324901 0.325901 0.803767
256000 0.133392 0.351252 0.340496 0.82514
257000 0.159882 0.355748 0.339196 0.854825
258000 0.150486 0.353967 0.340724 0.845176
259000 0.152861 0.331236 0.340599 0.824696
260000 0.140864 0.331226 0.354054 0.826144
261000 0.139111 0.343965 0.347727 0.830802
262000 0.157196 0.349984 0.345964 0.853143
263000 0.148953 0.343646 0.334731 0.827329
264000 0.154243 0.340696 0.347679 0.842618
265000 0.144408 0.337252 0.331754 0.813414
266000 0.135891 0.346134 0.345139 0.827164
267000 0.157727 0.331376 0.342246 0.83135
268000 0.13703 0.332975 0.334592 0.804598
269000 0.131253 0.337552 0.341449 0.810253
270000 0.155856 0.336723 0.345318 0.837897
271000 0.145724 0.345684 0.34532 0.836727
272000 0.162152 0.335586 0.355619 0.853357
273000 0.126959 0.338612 0.350565 0.816136
274000 0.156407 0.347982 0.352502 0.856891
275000 0.137256 0.346142 0.347484 0.830882
276000 0.144367 0.346965 0.350198 0.841529
277000 0.15736 0.344924 0.353332 0.855616
278000 0.140444 0.338791 0.35356 0.832795
279000 0.152927 0.343592 0.363462 0.85998
280000 0.150557 0.356837 0.346856 0.85425
281000 0.154527 0.34668 0.367409 0.868616
282000 0.145287 0.3471 0.359534 0.851921
283000 0.149208 0.351114 0.354756 0.855077
284000 0.176846 0.362582 0.361804 0.901232
285000 0.153419 0.360288 0.355619 0.869327
286000 0.15042 0.365094 0.34664 0.862153
287000 0.15105 0.339749 0.363789 0.854588
288000 0.138901 0.34816 0.35585 0.842912
289000 0.151329 0.371512 0.370348 0.89319
290000 0.148373 0.354585 0.382022 0.884981
291000 0.14547 0.357311 0.369257 0.872038
292000 0.144655 0.359068 0.382115 0.885837
293000 0.156658 0.36908 0.373364 0.899102
294000 0.173378 0.363839 0.376186 0.913404
295000 0.153897 0.356719 0.362506 0.873123
296000 0.170571 0.355302 0.375405 0.901278
297000 0.152123 0.386303 0.389596 0.928023
298000 0.153429 0.388859 0.375665 0.917953
299000 0.175152 0.360033 0.377813 0.912997
300000 0.149385 0.368868 0.386823 0.905075
301000 0.172889 0.379244 0.380063 0.932196
302000 0.152742 0.367871 0.388947 0.90956
303000 0.156252 0.372517 0.382677 0.911446
304000 0.170013 0.367529 0.379831 0.917374
305000 0.146307 0.366283 0.375089 0.887679
306000 0.170645 0.377897 0.38816 0.936702
307000 0.156504 0.373668 0.388197 0.91837
308000 0.152111 0.367029 0.375311 0.894451
309000 0.156677 0.360153 0.379208 0.896037
310000 0.154142 0.37352 0.390747 0.918409
311000 0.167669 0.38219 0.393849 0.943708
312000 0.150516 0.38202 0.396357 0.928893
313000 0.158932 0.364419 0.383168 0.906519
314000 0.162624 0.368095 0.3948 0.92552
315000 0.148324 0.376635 0.396133 0.921093
316000 0.178094 0.372849 0.388831 0.939773
317000 0.141939 0.390238 0.401856 0.934032
318000 0.165001 0.384285 0.413669 0.962956
319000 0.156824 0.380301 0.394589 0.931713
320000 0.147974 0.387285 0.38277 0.918028
321000 0.154686 0.388243 0.378447 0.921375
322000 0.154745 0.4052 0.394098 0.954043
323000 0.184359 0.400496 0.395366 0.980221
324000 0.146577 0.40004 0.406821 0.953438
325000 0.156881 0.391501 0.392657 0.941039
326000 0.161576 0.392758 0.393995 0.948328
327000 0.165584 0.40446 0.403018 0.973062
328000 0.175138 0.397954 0.400476 0.973569
329000 0.158874 0.40172 0.419909 0.980503
330000 0.172564 0.409017 0.413751 0.995332
331000 0.167796 0.39444 0.407381 0.969618
332000 0.170253 0.392861 0.405514 0.968628
333000 0.160316 0.404338 0.411848 0.976502
334000 0.162237 0.411834 0.407138 0.981209
335000 0.166874 0.405724 0.411453 0.984051
336000 0.153712 0.424805 0.409103 0.987619
337000 0.164159 0.397052 0.393475 0.954686
338000 0.159482 0.416439 0.422789 0.99871
339000 0.16448 0.43434 0.427896 1.02672
340000 0.162558 0.431613 0.442092 1.03626
341000 0.169246 0.436677 0.434507 1.04043
342000 0.16847 0.436897 0.423882 1.02925
343000 0.161653 0.438482 0.414398 1.01453
344000 0.182059 0.437663 0.420815 1.04054
345000 0.155816 0.452942 0.434313 1.04307
346000 0.1733 0.444784 0.44771 1.06579
347000 0.161065 0.463236 0.434016 1.05832
348000 0.164455 0.453021 0.436804 1.05428
349000 0.175832 0.443253 0.426797 1.04588
350000 0.166031 0.450014 0.439734 1.05578
351000 0.176801 0.458615 0.465315 1.10073
352000 0.167568 0.449916 0.462387 1.07987
353000 0.182689 0.452488 0.453295 1.08847
354000 0.163916 0.467775 0.445896 1.07759
355000 0.164765 0.457167 0.447078 1.06901
356000 0.191018 0.467773 0.46259 1.12138
357000 0.166613 0.473987 0.454665 1.09526
358000 0.184684 0.477656 0.468378 1.13072
359000 0.165999 0.47787 0.452945 1.09681
360000 0.186216 0.479436 0.458107 1.12376
361000 0.158877 0.48466 0.467396 1.11093
362000 0.173778 0.488776 0.463276 1.12583
363000 0.173155 0.494521 0.455807 1.12348
364000 0.174054 0.477192 0.4642 1.11545
365000 0.170305 0.486577 0.465055 1.12194
366000 0.19553 0.489047 0.463423 1.148
367000 0.170074 0.483694 0.469503 1.12327
368000 0.178708 0.487401 0.470393 1.1365
369000 0.171682 0.483881 0.474504 1.13007
370000 0.179755 0.480654 0.489931 1.15034
371000 0.177591 0.487925 0.476725 1.14224
372000 0.175911 0.485873 0.47067 1.13245
373000 0.194952 0.50098 0.481371 1.1773
374000 0.18046 0.495268 0.476819 1.15255
375000 0.193591 0.481539 0.471668 1.1468
376000 0.182705 0.492898 0.472462 1.14806
377000 0.182304 0.519198 0.458123 1.15962
378000 0.195429 0.506682 0.474798 1.17691
379000 0.177829 0.488795 0.479333 1.14596
380000 0.201159 0.493345 0.466232 1.16074
381000 0.170944 0.489461 0.467954 1.12836
382000 0.185367 0.504364 0.487308 1.17704
383000 0.171082 0.511101 0.475321 1.1575
384000 0.17541 0.511261 0.473035 1.15971
385000 0.180338 0.504902 0.477758 1.163
386000 0.163835 0.512961 0.494221 1.17102
387000 0.180227 0.490864 0.498185 1.16928
388000 0.175528 0.522088 0.480715 1.17833
389000 0.184501 0.520713 0.485657 1.19087
390000 0.186035 0.514256 0.495958 1.19625
391000 0.17944 0.513676 0.504444 1.19756
392000 0.171643 0.521988 0.484904 1.17854
393000 0.177331 0.536264 0.487673 1.20127
394000 0.16831 0.525149 0.488982 1.18244
395000 0.178265 0.531932 0.502409 1.21261
396000 0.178098 0.531727 0.507877 1.2177
397000 0.167513 0.524559 0.533713 1.22579
398000 0.191196 0.541935 0.501049 1.23418
399000 0.194948 0.534526 0.482961 1.21244
400000 0.175332 0.534473 0.499377 1.20918
401000 0.179055 0.538034 0.509199 1.22629
402000 0.189565 0.52156 0.513958 1.22508
403000 0.179646 0.530981 0.495867 1.20649
404000 0.169962 0.537723 0.483302 1.19099
405000 0.173992 0.55032 0.491197 1.21551
406000 0.180863 0.518177 0.499022 1.19806
407000 0.18159 0.527261 0.519316 1.22817
408000 0.197564 0.533156 0.531533 1.26225
409000 0.17986 0.518381 0.500097 1.19834
410000 0.189455 0.545198 0.486357 1.22101
411000 0.177694 0.53098 0.507335 1.21601
412000 0.18628 0.53988 0.5062 1.23236
413000 0.180155 0.524858 0.502419 1.20743
414000 0.177658 0.536745 0.51375 1.22815
415000 0.19176 0.525226 0.495604 1.21259
416000 0.177701 0.553326 0.5056 1.23663
417000 0.180804 0.521528 0.513406 1.21574
418000 0.18225 0.546403 0.516244 1.2449
419000 0.168387 0.534399 0.507651 1.21044
420000 0.183734 0.541473 0.498358 1.22356
421000 0.176383 0.539745 0.504345 1.22047
422000 0.187151 0.535303 0.515974 1.23843
423000 0.180874 0.541344 0.524857 1.24707
424000 0.19078 0.548037 0.523321 1.26214
425000 0.187114 0.547778 0.517601 1.25249
426000 0.177109 0.558086 0.519329 1.25452
427000 0.20419 0.554502 0.505289 1.26398
428000 0.171313 0.538744 0.515094 1.22515
429000 0.178659 0.574002 0.510265 1.26293
430000 0.186439 0.542276 0.518253 1.24697
431000 0.178009 0.554649 0.515944 1.2486
432000 0.18304 0.554702 0.523579 1.26132
433000 0.179699 0.560212 0.509465 1.24938
434000 0.178811 0.551311 0.513916 1.24404
435000 0.185368 0.535955 0.511571 1.23289
436000 0.183418 0.560218 0.527959 1.2716
437000 0.193418 0.559176 0.518417 1.27101
438000 0.199864 0.553793 0.510872 1.26453
439000 0.191725 0.555716 0.515819 1.26326
440000 0.194737 0.556411 0.529041 1.28019
441000 0.186314 0.586455 0.523149 1.29592
442000 0.190851 0.559098 0.529092 1.27904
443000 0.195569 0.573171 0.539203 1.30794
444000 0.188247 0.558664 0.549643 1.29655
445000 0.182906 0.564543 0.536546 1.284
446000 0.201484 0.570329 0.544861 1.31667
447000 0.186295 0.561104 0.528804 1.2762
448000 0.210728 0.572575 0.53811 1.32141
449000 0.198111 0.575449 0.535229 1.30879
450000 0.18712 0.563072 0.541249 1.29144
451000 0.200688 0.574566 0.520476 1.29573
452000 0.184087 0.573785 0.527129 1.285
453000 0.20501 0.568386 0.512714 1.28611
454000 0.182028 0.584987 0.527984 1.295
455000 0.18942 0.57134 0.525485 1.28624
456000 0.194455 0.577433 0.537495 1.30938
457000 0.183005 0.571946 0.538488 1.29344
458000 0.206047 0.575847 0.538643 1.32054
459000 0.193312 0.57963 0.551521 1.32446
460000 0.192729 0.572794 0.539658 1.30518
461000 0.182361 0.571103 0.538598 1.29206
462000 0.198498 0.580066 0.537137 1.3157
463000 0.197507 0.59409 0.544738 1.33634
464000 0.195574 0.580858 0.52723 1.30366
465000 0.202004 0.597084 0.535647 1.33473
466000 0.191685 0.581872 0.541413 1.31497
467000 0.195579 0.57791 0.542711 1.3162
468000 0.196133 0.593387 0.544246 1.33377
469000 0.188709 0.570139 0.555657 1.31451
470000 0.20312 0.576177 0.53865 1.31795
471000 0.196581 0.595027 0.544857 1.33647
472000 0.206047 0.586212 0.546244 1.3385
473000 0.187574 0.605757 0.555441 1.34877
474000 0.190253 0.593695 0.541021 1.32497
475000 0.201478 0.582285 0.545041 1.3288
476000 0.194197 0.580824 0.544839 1.31986
477000 0.194937 0.586774 0.548249 1.32996
478000 0.191293 0.585408 0.549622 1.32632
479000 0.213886 0.610263 0.548922 1.37307
480000 0.186275 0.591168 0.548002 1.32544
481000 0.187703 0.597751 0.548478 1.33393
482000 0.226492 0.599084 0.568175 1.39375
483000 0.212389 0.592006 0.571604 1.376
484000 0.225397 0.605205 0.561631 1.39223
485000 0.193006 0.606402 0.546023 1.34543
486000 0.185581 0.59243 0.544906 1.32292
487000 0.211691 0.608738 0.565546 1.38597
488000 0.18721 0.595762 0.548809 1.33178
489000 0.213903 0.600372 0.547078 1.36135
490000 0.191978 0.621954 0.558029 1.37196
491000 0.205863 0.618766 0.555624 1.38025
492000 0.192267 0.621154 0.558631 1.37205
493000 0.192852 0.623371 0.565057 1.38128
494000 0.236733 0.637288 0.547835 1.42186
495000 0.215656 0.614675 0.568157 1.39849
496000 0.225656 0.615428 0.576716 1.4178
497000 0.208552 0.628903 0.550873 1.38833
498000 0.194244 0.608519 0.559271 1.36204
499000 0.205789 0.63415 0.573481 1.41342
500000 0.200229 0.617851 0.574518 1.3926
501000 0.218773 0.633842 0.559465 1.41208
502000 0.209778 0.631259 0.568213 1.40925
503000 0.208868 0.626794 0.55658 1.39224
504000 0.19224 0.633923 0.566282 1.39244
505000 0.217257 0.631735 0.57398 1.42297
506000 0.229084 0.627981 0.582585 1.43965
507000 0.196328 0.613459 0.570467 1.38025
508000 0.207275 0.640475 0.580091 1.42784
509000 0.194616 0.606383 0.559505 1.3605
510000 0.21376 0.632645 0.60037 1.44677
511000 0.199695 0.619857 0.596352 1.4159
512000 0.211465 0.626235 0.610178 1.44788
513000 0.200139 0.62296 0.607496 1.4306
514000 0.195051 0.620286 0.60565 1.42099
515000 0.215395 0.617835 0.596245 1.42948
516000 0.208873 0.649472 0.587997 1.44634
517000 0.211851 0.632345 0.602579 1.44677
518000 0.214483 0.626245 0.59486 1.43559
519000 0.208788 0.629528 0.603278 1.44159
520000 0.214768 0.648439 0.597552 1.46076
521000 0.215402 0.6341 0.603252 1.45275
522000 0.209671 0.647536 0.616206 1.47341
523000 0.229565 0.627444 0.603585 1.46059
524000 0.208245 0.644789 0.633755 1.48679
525000 0.212284 0.660488 0.632804 1.50558
526000 0.219354 0.638529 0.614358 1.47224
527000 0.20267 0.634175 0.623319 1.46016
528000 0.246491 0.642019 0.604629 1.49314
529000 0.201982 0.629995 0.616428 1.44841
530000 0.223594 0.654833 0.624557 1.50298
531000 0.207338 0.632536 0.608013 1.44789
532000 0.210397 0.626861 0.608722 1.44598
533000 0.228501 0.644145 0.617997 1.49064
534000 0.215477 0.636872 0.61533 1.46768
535000 0.228852 0.644222 0.633861 1.50694
536000 0.204716 0.636654 0.635601 1.47697
537000 0.210554 0.651218 0.625749 1.48752
538000 0.212378 0.652177 0.615608 1.48016
539000 0.203707 0.648602 0.626759 1.47907
540000 0.215166 0.667709 0.659168 1.54204
541000 0.213426 0.647497 0.633388 1.49431
542000 0.216061 0.656262 0.619433 1.49175
543000 0.224201 0.637466 0.643765 1.50543
544000 0.211308 0.668892 0.637712 1.51791
545000 0.226284 0.658824 0.648051 1.53316
546000 0.210713 0.662419 0.636502 1.50963
547000 0.211514 0.662292 0.61776 1.49157
548000 0.225421 0.654667 0.651389 1.53148
549000 0.216561 0.668855 0.639626 1.52504
550000 0.212533 0.649371 0.634387 1.49629
551000 0.21321 0.664271 0.653081 1.53056
552000 0.196108 0.700083 0.653046 1.54924
553000 0.216784 0.653626 0.628309 1.49872
554000 0.196133 0.659048 0.649032 1.50421
555000 0.211846 0.658623 0.643117 1.51359
556000 0.217235 0.662212 0.653457 1.5329
557000 0.203196 0.670278 0.666891 1.54036
558000 0.214344 0.681084 0.658175 1.5536
559000 0.214265 0.664729 0.64808 1.52707
560000 0.231576 0.674046 0.641778 1.5474
561000 0.206403 0.666633 0.670136 1.54317
562000 0.231339 0.651593 0.681602 1.56453
563000 0.209655 0.656386 0.649052 1.51509
564000 0.209138 0.67751 0.64239 1.52904
565000 0.220621 0.67948 0.65281 1.55291
566000 0.202179 0.656576 0.675237 1.53399
567000 0.206387 0.675629 0.660786 1.5428
568000 0.219889 0.668512 0.658326 1.54673
569000 0.208203 0.67335 0.653469 1.53502
570000 0.202377 0.669964 0.665643 1.53798
571000 0.220253 0.671247 0.677649 1.56915
572000 0.196002 0.667573 0.674751 1.53833
573000 0.211315 0.680802 0.659811 1.55193
574000 0.202501 0.687545 0.674738 1.56478
575000 0.200652 0.670176 0.654342 1.52517
576000 0.22866 0.709826 0.68035 1.61884
577000 0.213919 0.671975 0.682728 1.56862
578000 0.207666 0.683776 0.643857 1.5353
579000 0.214393 0.661204 0.661822 1.53742
580000 0.20505 0.681459 0.665861 1.55237
581000 0.230734 0.701186 0.662166 1.59409
582000 0.199449 0.673479 0.645067 1.518
583000 0.225841 0.676572 0.659973 1.56239
584000 0.21498 0.689072 0.658739 1.56279
585000 0.23078 0.699847 0.65518 1.58581
586000 0.207863 0.675255 0.658538 1.54166
587000 0.213156 0.671165 0.661334 1.54566
588000 0.22421 0.692957 0.668921 1.58609
589000 0.204128 0.680286 0.654454 1.53887
590000 0.216845 0.693505 0.652503 1.56285
591000 0.212293 0.69751 0.656176 1.56598
592000 0.208607 0.728774 0.663741 1.60112
593000 0.208767 0.689466 0.655385 1.55362
594000 0.208787 0.685016 0.657296 1.5511
595000 0.20758 0.70843 0.675407 1.59142
596000 0.216142 0.679757 0.682188 1.57809
597000 0.215977 0.721911 0.669552 1.60744
598000 0.221436 0.681508 0.668063 1.57101
599000 0.216589 0.672338 0.648727 1.53765
600000 0.214686 0.690825 0.679659 1.58517
601000 0.226588 0.690158 0.668122 1.58487
602000 0.208113 0.688288 0.662107 1.55851
603000 0.219977 0.684808 0.675392 1.58018
604000 0.210505 0.69439 0.662017 1.56691
605000 0.207109 0.709758 0.676982 1.59385
606000 0.210666 0.674874 0.672924 1.55846
607000 0.215413 0.705721 0.664598 1.58573
608000 0.207505 0.69168 0.66616 1.56535
609000 0.217885 0.711402 0.690175 1.61946
610000 0.210008 0.730454 0.690785 1.63125
611000 0.205337 0.675336 0.669315 1.54999
612000 0.21738 0.721144 0.678852 1.61738
613000 0.220953 0.711565 0.670417 1.60293
614000 0.210403 0.720389 0.666543 1.59734
615000 0.207883 0.69792 0.665913 1.57171
616000 0.206921 0.709035 0.688053 1.60401
617000 0.206186 0.713071 0.679282 1.59854
618000 0.19992 0.692254 0.690636 1.58281
619000 0.218752 0.72387 0.669078 1.6117
620000 0.205545 0.719195 0.66441 1.58915
621000 0.20793 0.70145 0.672025 1.58141
622000 0.218174 0.693001 0.669457 1.58063
623000 0.21901 0.69509 0.677674 1.59177
624000 0.217345 0.707783 0.675686 1.60081
625000 0.223735 0.689673 0.675572 1.58898
626000 0.204981 0.70944 0.679721 1.59414
627000 0.223667 0.718858 0.688601 1.63113
628000 0.212915 0.71828 0.710347 1.64154
629000 0.194823 0.734074 0.686096 1.61499
630000 0.22076 0.723676 0.6933 1.63774
631000 0.212494 0.729651 0.671351 1.6135
632000 0.226599 0.716841 0.691851 1.63529
633000 0.21004 0.729687 0.69682 1.63655
634000 0.210063 0.740901 0.682654 1.63362
635000 0.209471 0.726731 0.688461 1.62466
636000 0.211468 0.743295 0.707712 1.66247
637000 0.210528 0.728146 0.691426 1.6301
638000 0.21419 0.725435 0.691017 1.63064
639000 0.213907 0.757204 0.704698 1.67581
640000 0.215225 0.727668 0.686427 1.62932
641000 0.221603 0.744256 0.679263 1.64512
642000 0.211177 0.718202 0.700344 1.62972
643000 0.207887 0.713404 0.700626 1.62192
644000 0.217176 0.742683 0.686195 1.64605
645000 0.215186 0.721174 0.692142 1.6285
646000 0.210022 0.761004 0.689169 1.66019
647000 0.216539 0.705812 0.683989 1.60634
648000 0.210151 0.729673 0.70184 1.64166
649000 0.216883 0.711858 0.701298 1.63004
650000 0.214939 0.706679 0.70445 1.62607
651000 0.210517 0.759641 0.72249 1.69265
652000 0.221601 0.706793 0.714703 1.6431
653000 0.217344 0.736953 0.703124 1.65742
654000 0.21103 0.726813 0.731019 1.66886
655000 0.229936 0.723314 0.722814 1.67606
656000 0.220876 0.778041 0.730512 1.72943
657000 0.201504 0.723891 0.72375 1.64914
658000 0.210948 0.746976 0.723997 1.68192
659000 0.22638 0.764124 0.73234 1.72284
660000 0.210321 0.744434 0.718893 1.67365
661000 0.232057 0.770016 0.737485 1.73956
662000 0.236242 0.741864 0.736425 1.71453
663000 0.236086 0.783272 0.720054 1.73941
664000 0.253009 0.768756 0.733169 1.75493
665000 0.210689 0.760229 0.735947 1.70686
666000 0.221744 0.770096 0.738335 1.73017
667000 0.242117 0.764156 0.751029 1.7573
668000 0.226187 0.766698 0.743998 1.73688
669000 0.25655 0.776813 0.727492 1.76085
670000 0.215379 0.777087 0.726364 1.71883
671000 0.225058 0.772518 0.712343 1.70992
672000 0.213339 0.756019 0.714539 1.6839
673000 0.222373 0.766004 0.720991 1.70937
674000 0.221032 0.758909 0.732419 1.71236
675000 0.220661 0.763385 0.720478 1.70452
676000 0.215961 0.762022 0.726061 1.70404
677000 0.223578 0.759387 0.741262 1.72423
678000 0.227003 0.788452 0.728784 1.74424
679000 0.253614 0.773643 0.727161 1.75442
680000 0.228069 0.807938 0.728156 1.76416
681000 0.221609 0.768493 0.743903 1.734
682000 0.210311 0.764627 0.721712 1.69665
683000 0.222574 0.772842 0.738299 1.73372
684000 0.228375 0.759557 0.726648 1.71458
685000 0.221827 0.770608 0.719813 1.71225
686000 0.233372 0.772658 0.749137 1.75517
687000 0.222999 0.791591 0.753899 1.76849
688000 0.228119 0.770877 0.724116 1.72311
689000 0.225037 0.78322 0.730763 1.73902
690000 0.222707 0.788784 0.727102 1.73859
691000 0.236324 0.778304 0.742156 1.75678
692000 0.228489 0.781568 0.72298 1.73304
693000 0.224075 0.771445 0.729799 1.72532
694000 0.229661 0.786084 0.742971 1.75872
695000 0.239091 0.779272 0.736198 1.75456
696000 0.225781 0.788631 0.742345 1.75676
697000 0.249306 0.794991 0.721971 1.76627
698000 0.227544 0.762365 0.729556 1.71946
699000 0.228425 0.801798 0.755644 1.78587
700000 0.222222 0.804528 0.739116 1.76587
701000 0.23824 0.775763 0.729416 1.74342
702000 0.227619 0.780707 0.75274 1.76107
703000 0.223256 0.788804 0.754911 1.76697
704000 0.227792 0.798461 0.749332 1.77558
705000 0.239899 0.78185 0.759389 1.78114
706000 0.22516 0.795296 0.768807 1.78926
707000 0.235596 0.794625 0.775914 1.80614
708000 0.218907 0.786004 0.743242 1.74815
709000 0.249523 0.784708 0.749838 1.78407
710000 0.22728 0.791812 0.755151 1.77424
711000 0.253769 0.799049 0.727075 1.77989
712000 0.231425 0.778919 0.742247 1.75259
713000 0.233358 0.781448 0.763131 1.77794
714000 0.226201 0.774938 0.758111 1.75925
715000 0.22739 0.8185 0.757963 1.80385
716000 0.252365 0.802042 0.760611 1.81502
717000 0.221871 0.797232 0.753137 1.77224
718000 0.254947 0.792951 0.770633 1.81853
719000 0.226961 0.812567 0.756072 1.7956
720000 0.249602 0.786287 0.765541 1.80143
721000 0.221694 0.80302 0.765478 1.79019
722000 0.221666 0.803835 0.764531 1.79003
723000 0.236136 0.80362 0.762612 1.80237
724000 0.234926 0.827089 0.771727 1.83374
725000 0.248733 0.809894 0.774328 1.83295
726000 0.225687 0.800996 0.771008 1.79769
727000 0.228684 0.825793 0.761809 1.81629
728000 0.24512 0.81163 0.771419 1.82817
729000 0.224185 0.82383 0.802885 1.8509
730000 0.230922 0.816437 0.791131 1.83849
731000 0.230553 0.829351 0.793274 1.85318
732000 0.246817 0.845008 0.794526 1.88635
733000 0.232066 0.848098 0.776449 1.85661
734000 0.229793 0.845982 0.789386 1.86516
735000 0.236262 0.83249 0.764634 1.83339
736000 0.221941 0.826575 0.773631 1.82215
737000 0.235529 0.839302 0.782254 1.85708
738000 0.234106 0.844937 0.792011 1.87105
739000 0.252392 0.838461 0.783532 1.87439
740000 0.225398 0.839184 0.773492 1.83807
741000 0.224838 0.82814 0.771268 1.82425
742000 0.236063 0.836611 0.761563 1.83424
743000 0.242073 0.855272 0.777672 1.87502
744000 0.241774 0.860668 0.794957 1.8974
745000 0.221367 0.841629 0.789609 1.85261
746000 0.245918 0.853449 0.7887 1.88807
747000 0.225076 0.837133 0.799798 1.86201
748000 0.238228 0.844279 0.794829 1.87734
749000 0.232974 0.840261 0.802669 1.8759
750000 0.234365 0.855518 0.779771 1.86965
751000 0.252085 0.853731 0.801542 1.90736
752000 0.257152 0.857647 0.799711 1.91451
753000 0.263724 0.84602 0.809004 1.91875
754000 0.249971 0.850371 0.786597 1.88694
755000 0.246658 0.855354 0.791743 1.89375
756000 0.275985 0.865971 0.793551 1.93551
757000 0.248535 0.843428 0.793915 1.88588
758000 0.253797 0.861811 0.794882 1.91049
759000 0.261975 0.858117 0.787109 1.9072
760000 0.266605 0.847851 0.79207 1.90653
761000 0.265589 0.871338 0.79727 1.9342
762000 0.252517 0.869978 0.804866 1.92736
763000 0.243541 0.874617 0.80463 1.92279
764000 0.261727 0.885646 0.78895 1.93632
765000 0.261142 0.878764 0.799726 1.93963
766000 0.246645 0.856466 0.796983 1.90009
767000 0.254366 0.882098 0.798091 1.93456
768000 0.26625 0.891123 0.824298 1.98167
769000 0.251538 0.864211 0.803375 1.91912
770000 0.262197 0.877665 0.805629 1.94549
771000 0.274293 0.875511 0.797697 1.9475
772000 0.261392 0.875987 0.794672 1.93205
773000 0.24845 0.89038 0.809217 1.94805
774000 0.255322 0.879403 0.805594 1.94032
775000 0.2828 0.873082 0.793914 1.9498
776000 0.265327 0.891665 0.79469 1.95168
777000 0.27059 0.915261 0.805786 1.99164
778000 0.264452 0.913339 0.825186 2.00298
779000 0.261037 0.906641 0.796525 1.9642
780000 0.270108 0.902754 0.791707 1.96457
781000 0.260981 0.894595 0.825985 1.98156
782000 0.277254 0.871308 0.803241 1.9518
783000 0.270451 0.873291 0.796672 1.94041
784000 0.257262 0.893065 0.778874 1.9292
785000 0.257876 0.88111 0.792971 1.93196
786000 0.250992 0.89973 0.797025 1.94775
787000 0.284707 0.887041 0.789837 1.96158
788000 0.265006 0.88815 0.794972 1.94813
789000 0.278527 0.885716 0.788762 1.953
790000 0.259478 0.886809 0.801437 1.94772
791000 0.261926 0.882976 0.807638 1.95254
792000 0.265712 0.893916 0.7957 1.95533
793000 0.26504 0.872949 0.815875 1.95386
794000 0.278422 0.870653 0.827914 1.97699
795000 0.262117 0.866656 0.816338 1.94511
796000 0.270489 0.854438 0.825915 1.95084
797000 0.261827 0.869651 0.812677 1.94416
798000 0.267465 0.881103 0.828929 1.9775
799000 0.2595 0.863961 0.803519 1.92698
800000 0.264104 0.873889 0.808308 1.9463
801000 0.277338 0.866444 0.802567 1.94635
802000 0.256119 0.866322 0.806796 1.92924
803000 0.279374 0.867718 0.795525 1.94262
804000 0.254577 0.882625 0.817824 1.95503
805000 0.261153 0.884551 0.827666 1.97337
806000 0.258861 0.899145 0.820497 1.9785
807000 0.269764 0.91226 0.81717 1.99919
808000 0.268809 0.901767 0.78329 1.95387
809000 0.272623 0.880694 0.800067 1.95338
810000 0.259468 0.898955 0.804112 1.96254
811000 0.280665 0.897462 0.776879 1.95501
812000 0.273366 0.872187 0.793168 1.93872
813000 0.274979 0.919002 0.811129 2.00511
814000 0.271563 0.91753 0.811276 2.00037
815000 0.270173 0.883055 0.790732 1.94396
816000 0.269546 0.890962 0.795941 1.95645
817000 0.274758 0.896566 0.770353 1.94168
818000 0.284527 0.904888 0.788321 1.97774
819000 0.265957 0.905668 0.794621 1.96625
820000 0.282307 0.913353 0.794195 1.98985
821000 0.278804 0.904253 0.805771 1.98883
822000 0.268922 0.897047 0.811687 1.97766
823000 0.279467 0.89564 0.810607 1.98571
824000 0.261716 0.897647 0.778747 1.93811
825000 0.289408 0.89799 0.804368 1.99177
826000 0.259547 0.898958 0.793704 1.95221
827000 0.287743 0.899744 0.806781 1.99427
828000 0.277549 0.906493 0.794705 1.97875
829000 0.273331 0.912895 0.783316 1.96954
830000 0.265472 0.923727 0.811269 2.00047
831000 0.279688 0.922615 0.787583 1.98989
832000 0.269308 0.916308 0.77848 1.9641
833000 0.25604 0.901203 0.803569 1.96081
834000 0.277207 0.918076 0.806628 2.00191
835000 0.270952 0.929549 0.813436 2.01394
836000 0.258893 0.909869 0.805878 1.97464
837000 0.295283 0.941522 0.816884 2.05369
838000 0.267282 0.956333 0.836522 2.06014
839000 0.265749 0.909425 0.804155 1.97933
840000 0.270114 0.935652 0.82898 2.03475
841000 0.273308 0.940261 0.818935 2.0325
842000 0.28836 0.926927 0.831562 2.04685
843000 0.282118 0.960045 0.832528 2.07469
844000 0.265136 0.940487 0.853848 2.05947
845000 0.264404 0.960329 0.829396 2.05413
846000 0.276497 0.94271 0.82406 2.04327
847000 0.269578 0.925112 0.818909 2.0136
848000 0.274133 0.933334 0.814672 2.02214
849000 0.276276 0.939037 0.821937 2.03725
850000 0.297805 0.917999 0.838705 2.05451
851000 0.266829 0.919942 0.832506 2.01928
852000 0.287786 0.924705 0.832616 2.04511
853000 0.28341 0.967889 0.830501 2.0818
854000 0.287688 0.935655 0.811605 2.03495
855000 0.279609 0.919806 0.833356 2.03277
856000 0.289189 0.923018 0.83469 2.0469
857000 0.292913 0.933016 0.856252 2.08218
858000 0.271177 0.985483 0.863621 2.12028
859000 0.319173 0.930476 0.833454 2.0831
860000 0.286377 0.930206 0.840608 2.05719
861000 0.287449 0.93198 0.844254 2.06368
862000 0.285317 0.922303 0.849648 2.05727
863000 0.285371 0.955228 0.864019 2.10462
864000 0.312177 0.941323 0.860144 2.11364
865000 0.287201 0.946716 0.85486 2.08878
866000 0.326014 0.923854 0.850254 2.10012
867000 0.274004 0.936341 0.848613 2.05896
868000 0.275825 0.949511 0.846479 2.07181
869000 0.301694 0.953223 0.882107 2.13703
870000 0.279103 0.950881 0.877609 2.10759
871000 0.327174 0.941483 0.876235 2.14489
872000 0.283643 0.950062 0.902162 2.13587
873000 0.276658 0.943357 0.884031 2.10405
874000 0.28237 0.954565 0.913032 2.14997
875000 0.29461 0.940514 0.888188 2.12331
876000 0.282512 0.975269 0.888975 2.14676
877000 0.277621 0.931704 0.883456 2.09278
878000 0.294162 0.976906 0.876248 2.14732
879000 0.274975 0.94566 0.887469 2.1081
880000 0.269922 0.945255 0.876281 2.09146
881000 0.276142 0.960845 0.862447 2.09943
882000 0.275786 0.954865 0.892601 2.12325
883000 0.29928 0.979238 0.852944 2.13146
884000 0.2688 0.953493 0.887384 2.10968
885000 0.285796 0.9618 0.881744 2.12934
886000 0.290305 0.952713 0.876384 2.1194
887000 0.281756 0.944211 0.880634 2.1066
888000 0.290421 0.961523 0.891388 2.14333
889000 0.291335 0.960721 0.87411 2.12617
890000 0.317718 0.975992 0.896752 2.19046
891000 0.280617 0.948991 0.881055 2.11066
892000 0.289829 0.950777 0.883556 2.12416
893000 0.292287 0.960583 0.883998 2.13687
894000 0.275276 0.945722 0.884491 2.10549
895000 0.289317 0.978414 0.897033 2.16476
896000 0.267649 0.963506 0.893145 2.1243
897000 0.293823 0.949018 0.889929 2.13277
898000 0.286435 0.96107 0.912993 2.1605
899000 0.299172 0.995409 0.893434 2.18801
900000 0.292449 0.958021 0.905121 2.15559
901000 0.28043 0.95753 0.896616 2.13458
902000 0.274761 0.95727 0.905715 2.13775
903000 0.298878 0.980534 0.895188 2.1746
904000 0.269976 0.956379 0.902048 2.1284
905000 0.284645 0.978475 0.902164 2.16528
906000 0.279991 0.986344 0.892959 2.15929
907000 0.273049 0.990929 0.900336 2.16431
908000 0.282705 0.974101 0.892933 2.14974
909000 0.273303 0.937152 0.899855 2.11031
910000 0.282722 0.944279 0.896976 2.12398
911000 0.279381 0.963771 0.886774 2.12993
912000 0.284559 0.953869 0.892902 2.13133
913000 0.293794 0.946484 0.939763 2.18004
914000 0.279406 0.936559 0.924751 2.14072
915000 0.287561 0.92986 0.916041 2.13346
916000 0.274548 0.929675 0.914124 2.11835
917000 0.283136 0.937994 0.914569 2.1357
918000 0.297917 0.947021 0.904903 2.14984
919000 0.272948 0.946262 0.910105 2.12932
920000 0.297812 0.95639 0.903784 2.15799
921000 0.270408 0.931546 0.915688 2.11764
922000 0.279617 0.944743 0.918079 2.14244
923000 0.275145 0.910723 0.916994 2.10286
924000 0.289892 0.937493 0.91345 2.14083
925000 0.295376 0.921791 0.915439 2.13261
926000 0.278046 0.951835 0.951677 2.18156
927000 0.303327 0.945536 0.927594 2.17646
928000 0.286437 0.948292 0.929944 2.16467
929000 0.294904 0.92119 0.948472 2.16457
930000 0.277239 0.915717 0.910096 2.10305
931000 0.291565 0.942841 0.916759 2.15117
932000 0.312072 0.92967 0.930772 2.17251
933000 0.279217 0.938435 0.917245 2.1349
934000 0.301754 0.927934 0.91515 2.14484
935000 0.289207 0.942606 0.927846 2.15966
936000 0.287364 0.931976 0.921816 2.14116
937000 0.299316 0.929968 0.925421 2.1547
938000 0.272276 0.95938 0.930222 2.16188
939000 0.302574 0.941845 0.945259 2.18968
940000 0.280982 0.970068 0.92688 2.17793
941000 0.287339 0.93949 0.93514 2.16197
942000 0.291619 0.919095 0.933751 2.14446
943000 0.280893 0.980886 0.95208 2.21386
944000 0.293095 0.965343 0.939012 2.19745
945000 0.278993 0.96008 0.922671 2.16174
946000 0.287422 0.961084 0.944365 2.19287
947000 0.295896 0.951378 0.930623 2.1779
948000 0.29799 0.941963 0.947531 2.18748
949000 0.29493 0.960768 0.938409 2.19411
950000 0.294446 0.957814 0.946481 2.19874
951000 0.292768 0.971445 0.950129 2.21434
952000 0.285322 0.981115 0.955846 2.22228
953000 0.306203 0.961112 0.967126 2.23444
954000 0.301307 0.98652 0.950076 2.2379
955000 0.307854 0.97441 0.968892 2.25116
956000 0.305952 0.974552 0.965307 2.24581
957000 0.305132 0.989314 0.986997 2.28144
958000 0.306256 0.995996 0.991926 2.29418
959000 0.299534 1.00356 0.981582 2.28468
960000 0.304429 0.97613 0.982976 2.26353
961000 0.301486 0.992007 0.999674 2.29317
962000 0.301136 0.968225 0.991708 2.26107
963000 0.29273 0.998258 1.01218 2.30317
964000 0.301225 0.99767 0.989292 2.28819
965000 0.302053 1.00935 0.979382 2.29079
966000 0.302787 1.01909 1.01959 2.34147
967000 0.294417 1.01178 1.01783 2.32402
968000 0.297648 1.01095 0.995152 2.30375
969000 0.306106 1.00299 1.01165 2.32075
970000 0.304631 1.00881 1.01899 2.33243
971000 0.298428 1.04991 1.0242 2.37254
972000 0.318148 1.00059 1.0097 2.32844
973000 0.302169 1.00794 1.01535 2.32546
974000 0.310468 1.01789 1.00186 2.33022
975000 0.30745 1.03202 1.00245 2.34192
976000 0.297114 1.00662 0.972286 2.27603
977000 0.316631 0.993322 0.98679 2.29674
978000 0.295724 1.02714 1.02401 2.34688
979000 0.30361 1.05212 1.03093 2.38666
980000 0.282405 1.04408 1.06625 2.39273
981000 0.306207 1.0514 1.05468 2.41228
982000 0.301964 1.02944 1.06898 2.40038
983000 0.303639 1.01165 1.07649 2.39179
984000 0.312398 1.0292 1.06912 2.41071
985000 0.303513 1.05231 1.06285 2.41867
986000 0.297735 1.03079 1.05748 2.38601
987000 0.309522 1.03374 1.07391 2.41718
988000 0.307738 1.02028 1.05692 2.38494
989000 0.287782 1.03841 1.04857 2.37476
990000 0.302536 1.01828 1.05097 2.37179
991000 0.313599 1.03079 1.06596 2.41035
992000 0.312509 1.04139 1.05985 2.41375
993000 0.302652 1.03104 1.05657 2.39026
994000 0.298737 1.03595 1.04871 2.38341
995000 0.295584 1.04072 1.06313 2.39944
996000 0.325971 1.00282 1.06597 2.39476
997000 0.28797 1.05155 1.07399 2.41351
998000 0.312757 1.03421 1.07369 2.42066
999000 0.297563 1.02476 1.06418 2.3865
1000000 0.317155 1.06533 1.06772 2.45021
1001000 0.297998 1.03024 1.12938 2.45762
1002000 0.295445 1.05661 1.14664 2.4987
1003000 0.313433 1.0354 1.09709 2.44593
1004000 0.297489 1.04452 1.09634 2.43835
1005000 0.289128 1.06996 1.12097 2.48005
1006000 0.325107 1.0223 1.10417 2.45158
1007000 0.311732 1.05686 1.12557 2.49417
1008000 0.318953 1.02895 1.11683 2.46473
1009000 0.30002 1.02179 1.10316 2.42497
1010000 0.316506 1.05024 1.10329 2.47003
1011000 0.356055 1.07881 1.12015 2.55501
1012000 0.307883 1.03797 1.14305 2.4889
1013000 0.310458 1.0756 1.13619 2.52226
1014000 0.298252 1.03321 1.12511 2.45658
1015000 0.315728 1.0443 1.1427 2.50273
1016000 0.314507 1.05305 1.12144 2.489
1017000 0.313223 1.0208 1.1324 2.46642
1018000 0.323296 1.03548 1.13716 2.49593
1019000 0.311726 1.06163 1.12969 2.50304
1020000 0.311297 1.04979 1.12992 2.49101
1021000 0.315404 1.03801 1.1099 2.46332
1022000 0.327786 1.05905 1.12038 2.50722
1023000 0.346562 1.06238 1.11964 2.52858
1024000 0.313699 1.05896 1.11793 2.49059
1025000 0.331024 1.05782 1.16064 2.54948
1026000 0.329392 1.05543 1.14023 2.52505
1027000 0.341493 1.07029 1.13339 2.54517
1028000 0.342726 1.08696 1.20772 2.63741
1029000 0.327629 1.09449 1.14265 2.56477
1030000 0.340026 1.10685 1.13622 2.58309
