# Time-averaged data for fix 1
# TimeStep c_msd_all[1] c_msd_all[2] c_msd_all[3] c_msd_all[4]
31000 0.0837898 0.0706683 0.0780082 0.232466
32000 0.070582 0.082376 0.0657336 0.218692
33000 0.0624838 0.0783767 0.0786858 0.219546
34000 0.0675381 0.0746108 0.0711597 0.213309
35000 0.0667297 0.0833188 0.0751879 0.225236
36000 0.0843885 0.0743284 0.104761 0.263478
37000 0.0601026 0.0723758 0.0865416 0.21902
38000 0.0630674 0.0709135 0.0815437 0.215525
39000 0.0743142 0.0920938 0.0851524 0.25156
40000 0.0739985 0.091658 0.086282 0.251938
41000 0.066827 0.0986118 0.0919323 0.257371
42000 0.0610508 0.103332 0.0901625 0.254545
43000 0.0905164 0.101391 0.0971375 0.289045
44000 0.072904 0.108036 0.0908026 0.271743
45000 0.089738 0.104346 0.0930836 0.287168
46000 0.0700946 0.0973222 0.0880854 0.255502
47000 0.0764785 0.1029 0.0904797 0.269859
48000 0.0784844 0.116003 0.0925475 0.287035
49000 0.0703662 0.109783 0.0923592 0.272508
50000 0.0925306 0.106277 0.10048 0.299287
51000 0.0687522 0.0977552 0.105491 0.271998
52000 0.077215 0.115501 0.109741 0.302457
53000 0.0809657 0.108332 0.0992385 0.288536
54000 0.0640388 0.0909673 0.0934563 0.248462
55000 0.0817809 0.10611 0.0909804 0.278871
56000 0.0718155 0.113722 0.0898271 0.275365
57000 0.0680127 0.104791 0.0944737 0.267277
58000 0.0708388 0.109358 0.0947233 0.274921
59000 0.0706135 0.112677 0.100719 0.28401
60000 0.0705494 0.109606 0.0961899 0.276345
61000 0.0645666 0.11004 0.100204 0.27481
62000 0.0752419 0.106887 0.099769 0.281898
63000 0.0735051 0.114246 0.100173 0.287924
64000 0.0859409 0.120838 0.10311 0.309889
65000 0.0743166 0.128133 0.105857 0.308307
66000 0.0928918 0.127849 0.107999 0.32874
67000 0.0818062 0.121601 0.0976756 0.301083
68000 0.0746467 0.120027 0.105227 0.299901
69000 0.0914281 0.141188 0.11079 0.343406
70000 0.0745083 0.131408 0.108938 0.314854
71000 0.0797932 0.146725 0.117809 0.344327
72000 0.0830744 0.135727 0.114817 0.333619
73000 0.0754553 0.129983 0.118657 0.324095
74000 0.091204 0.130903 0.112596 0.334703
75000 0.0715353 0.118997 0.117827 0.308358
76000 0.0844467 0.134125 0.117992 0.336564
77000 0.0892671 0.129581 0.117284 0.336132
78000 0.0817764 0.133995 0.123723 0.339495
79000 0.0766353 0.139026 0.118072 0.333733
80000 0.0806218 0.143783 0.117637 0.342042
81000 0.0883502 0.158331 0.117315 0.363996
82000 0.0786813 0.132363 0.109655 0.320699
83000 0.0833825 0.130328 0.113587 0.327298
84000 0.0854055 0.137061 0.115142 0.337608
85000 0.0920288 0.145828 0.115768 0.353625
86000 0.0994362 0.154412 0.12354 0.377389
87000 0.0887647 0.153364 0.121898 0.364028
88000 0.0963461 0.135568 0.12283 0.354745
89000 0.0806992 0.136468 0.120971 0.338138
90000 0.0810222 0.135362 0.126543 0.342927
91000 0.0801174 0.148625 0.119936 0.348678
92000 0.0893715 0.145197 0.126452 0.361021
93000 0.0918303 0.135865 0.1191 0.346795
94000 0.0871784 0.140031 0.129578 0.356788
95000 0.0841808 0.139684 0.147309 0.371174
96000 0.0878898 0.151565 0.137484 0.376939
97000 0.0802009 0.140014 0.134454 0.354669
98000 0.0873542 0.13872 0.156624 0.382698
99000 0.0780551 0.136075 0.145097 0.359227
100000 0.0872123 0.141058 0.152084 0.380354
101000 0.076031 0.142152 0.139626 0.357809
102000 0.0905293 0.144239 0.13976 0.374528
103000 0.0910579 0.153878 0.141824 0.386759
104000 0.0861494 0.160877 0.147115 0.394141
105000 0.0872501 0.145504 0.157429 0.390183
106000 0.0813683 0.149104 0.146539 0.377011
107000 0.0868434 0.158392 0.151351 0.396587
108000 0.0849086 0.151603 0.171095 0.407607
109000 0.0829255 0.158936 0.161496 0.403357
110000 0.0835133 0.159589 0.15812 0.401223
111000 0.0886612 0.164006 0.16447 0.417138
112000 0.0917217 0.156131 0.148776 0.396629
113000 0.101241 0.157461 0.164418 0.423121
114000 0.0939013 0.153292 0.157174 0.404367
115000 0.0915804 0.152349 0.16693 0.41086
116000 0.0993609 0.16189 0.169547 0.430798
117000 0.0892193 0.154273 0.160264 0.403755
118000 0.0914526 0.153322 0.164556 0.40933
119000 0.0870351 0.154361 0.160851 0.402247
120000 0.0934224 0.167722 0.168616 0.429761
121000 0.0923766 0.160177 0.163014 0.415569
122000 0.0877085 0.167777 0.159328 0.414813
123000 0.0992804 0.162297 0.152048 0.413626
124000 0.0797179 0.161601 0.170264 0.411583
125000 0.0885024 0.16155 0.161087 0.41114
126000 0.0876835 0.163063 0.155762 0.406509
127000 0.0836752 0.161446 0.165704 0.410826
128000 0.101088 0.17089 0.157513 0.429491
129000 0.099052 0.15658 0.163836 0.419468
130000 0.0962631 0.165927 0.162634 0.424824
131000 0.0848614 0.159891 0.158188 0.40294
132000 0.0990369 0.178769 0.159473 0.437279
133000 0.0950853 0.16214 0.165973 0.423198
134000 0.0836464 0.165154 0.159457 0.408258
135000 0.105816 0.163194 0.158336 0.427346
136000 0.0838334 0.156548 0.155208 0.395589
137000 0.0982959 0.181099 0.165535 0.44493
138000 0.0916178 0.176835 0.167874 0.436327
139000 0.0959187 0.17521 0.170811 0.44194
140000 0.0911646 0.183236 0.174595 0.448996
141000 0.0977061 0.164086 0.159288 0.421081
142000 0.101309 0.183359 0.157952 0.442619
143000 0.0939136 0.168998 0.170167 0.433079
144000 0.104669 0.177777 0.167679 0.450126
145000 0.094253 0.193431 0.167055 0.45474
146000 0.10599 0.177081 0.179567 0.462637
147000 0.0973975 0.187081 0.181327 0.465806
148000 0.0900785 0.183854 0.175599 0.449531
149000 0.114406 0.188476 0.164196 0.467079
150000 0.110931 0.187414 0.166004 0.464349
151000 0.109125 0.184545 0.175121 0.468791
152000 0.10335 0.183242 0.161646 0.448238
153000 0.103168 0.192387 0.183335 0.478891
154000 0.101476 0.193489 0.174954 0.469919
155000 0.0931386 0.195155 0.177834 0.466128
156000 0.106369 0.202195 0.185829 0.494393
157000 0.100109 0.193581 0.16762 0.46131
158000 0.118265 0.198185 0.185213 0.501663
159000 0.115119 0.192294 0.189833 0.497246
160000 0.109425 0.211557 0.18489 0.505873
161000 0.10196 0.202523 0.190071 0.494554
162000 0.097259 0.205565 0.184145 0.486969
163000 0.109264 0.206064 0.183934 0.499262
164000 0.104723 0.206182 0.1878 0.498705
165000 0.12667 0.211415 0.213041 0.551127
166000 0.106908 0.212225 0.200702 0.519835
167000 0.124738 0.216278 0.200685 0.541701
168000 0.115563 0.210263 0.188671 0.514497
169000 0.127625 0.215847 0.191963 0.535434
170000 0.108925 0.209544 0.211842 0.53031
171000 0.109171 0.216034 0.208161 0.533366
172000 0.142279 0.244664 0.212578 0.599521
173000 0.108405 0.219364 0.184399 0.512168
174000 0.146893 0.223248 0.185406 0.555547
175000 0.102929 0.212914 0.205878 0.52172
176000 0.111734 0.211466 0.203563 0.526763
177000 0.126155 0.226363 0.204569 0.557087
178000 0.108094 0.205326 0.196886 0.510306
179000 0.122792 0.221533 0.204548 0.548872
180000 0.112823 0.213002 0.208021 0.533846
181000 0.136692 0.232308 0.210243 0.579243
182000 0.105201 0.228941 0.217244 0.551386
183000 0.113066 0.229859 0.217411 0.560337
184000 0.142579 0.239507 0.200434 0.58252
185000 0.114214 0.225659 0.201159 0.541033
186000 0.126619 0.238486 0.206612 0.571717
187000 0.111462 0.232185 0.213543 0.55719
188000 0.119123 0.239457 0.204498 0.563078
189000 0.120119 0.239955 0.213244 0.573318
190000 0.106027 0.231007 0.206828 0.543861
191000 0.128653 0.244848 0.21147 0.58497
192000 0.116963 0.243336 0.204449 0.564748
193000 0.121596 0.242816 0.22211 0.586522
194000 0.113611 0.249548 0.216352 0.579511
195000 0.113875 0.252355 0.225412 0.591642
196000 0.119422 0.244278 0.220816 0.584517
197000 0.113012 0.2448 0.225263 0.583075
198000 0.11005 0.247573 0.25382 0.611443
199000 0.112087 0.252893 0.231655 0.596635
200000 0.118941 0.251723 0.223082 0.593746
201000 0.106551 0.248701 0.241209 0.596462
202000 0.119545 0.248123 0.237444 0.605111
203000 0.107097 0.250264 0.255409 0.61277
204000 0.114357 0.257941 0.229675 0.601973
205000 0.113734 0.278498 0.230173 0.622405
206000 0.109046 0.262127 0.224503 0.595676
207000 0.11886 0.269044 0.232386 0.62029
208000 0.128277 0.269784 0.252101 0.650163
209000 0.114318 0.267785 0.227041 0.609144
210000 0.120444 0.270364 0.241725 0.632533
211000 0.121795 0.265889 0.25131 0.638994
212000 0.127233 0.287424 0.254674 0.669331
213000 0.112648 0.265276 0.254755 0.632679
214000 0.132851 0.265419 0.243175 0.641445
215000 0.111041 0.273653 0.246417 0.631111
216000 0.143239 0.272564 0.243279 0.659082
217000 0.123204 0.281134 0.234878 0.639216
218000 0.124914 0.268108 0.268129 0.661151
219000 0.127604 0.289291 0.245827 0.662722
220000 0.12481 0.282192 0.236525 0.643527
221000 0.143334 0.296367 0.262955 0.702655
222000 0.120592 0.280469 0.251871 0.652932
223000 0.140203 0.276653 0.271016 0.687873
224000 0.121774 0.296394 0.244703 0.66287
225000 0.118227 0.285086 0.241673 0.644986
226000 0.138328 0.29866 0.252271 0.68926
227000 0.121617 0.285739 0.237053 0.644408
228000 0.13683 0.293264 0.27067 0.700764
229000 0.111706 0.283359 0.250677 0.645742
230000 0.116408 0.285578 0.25508 0.657065
231000 0.138088 0.293979 0.261816 0.693883
232000 0.115465 0.282407 0.255154 0.653026
233000 0.151224 0.28193 0.25639 0.689544
234000 0.138083 0.30225 0.251561 0.691894
235000 0.149059 0.273361 0.256121 0.678542
236000 0.12247 0.286583 0.267036 0.676089
237000 0.121733 0.284196 0.263316 0.669246
238000 0.145964 0.294128 0.282131 0.722223
239000 0.128699 0.289688 0.268081 0.686468
240000 0.144044 0.298561 0.265481 0.708086
241000 0.119447 0.306876 0.284338 0.710661
242000 0.119273 0.301739 0.294438 0.71545
243000 0.164757 0.296034 0.314073 0.774864
244000 0.141739 0.293522 0.289457 0.724717
245000 0.146816 0.300997 0.276456 0.724269
246000 0.132396 0.297648 0.276982 0.707026
247000 0.125997 0.31268 0.274344 0.713021
248000 0.151411 0.313708 0.300206 0.765324
249000 0.122634 0.307511 0.298401 0.728546
250000 0.131253 0.30651 0.297421 0.735184
251000 0.132878 0.30963 0.287123 0.72963
252000 0.12344 0.294552 0.283072 0.701064
253000 0.130695 0.329766 0.303868 0.76433
254000 0.12517 0.309251 0.281174 0.715595
255000 0.139422 0.318126 0.29687 0.754418
256000 0.124152 0.317012 0.317058 0.758222
257000 0.127237 0.317832 0.276686 0.721756
258000 0.138379 0.334075 0.301572 0.774027
259000 0.126988 0.338144 0.294519 0.759651
260000 0.133269 0.337347 0.297255 0.767871
261000 0.145114 0.328149 0.307259 0.780522
262000 0.132157 0.321808 0.301129 0.755094
263000 0.138388 0.325345 0.307313 0.771046
264000 0.133015 0.34085 0.313065 0.78693
265000 0.138085 0.331143 0.301262 0.77049
266000 0.150807 0.326561 0.317506 0.794874
267000 0.144699 0.328816 0.304277 0.777793
268000 0.157762 0.315836 0.322891 0.796488
269000 0.142244 0.325224 0.330894 0.798363
270000 0.153613 0.33118 0.317682 0.802475
271000 0.142376 0.331623 0.308454 0.782453
272000 0.136211 0.334537 0.321966 0.792715
273000 0.15657 0.343285 0.327009 0.826864
274000 0.146839 0.355543 0.335944 0.838326
275000 0.182214 0.363515 0.322752 0.868481
276000 0.140953 0.348241 0.320195 0.809389
277000 0.147623 0.361983 0.31308 0.822686
278000 0.15643 0.352732 0.319526 0.828688
279000 0.148923 0.347626 0.349554 0.846102
280000 0.170394 0.351567 0.330529 0.85249
281000 0.164797 0.357686 0.329713 0.852195
282000 0.16175 0.364014 0.31881 0.844574
283000 0.140182 0.350539 0.313356 0.804076
284000 0.136724 0.365219 0.320109 0.822052
285000 0.172066 0.364059 0.327654 0.863779
286000 0.14774 0.365842 0.345877 0.859459
287000 0.147906 0.362906 0.342325 0.853137
288000 0.155302 0.377293 0.337154 0.869748
289000 0.136532 0.361191 0.357052 0.854775
290000 0.149187 0.360202 0.333392 0.842782
291000 0.14461 0.362612 0.342709 0.849931
292000 0.162775 0.363294 0.337054 0.863123
293000 0.139525 0.387792 0.345019 0.872335
294000 0.144434 0.376966 0.342942 0.864343
295000 0.149528 0.372363 0.354083 0.875974
296000 0.138672 0.369662 0.375093 0.883427
297000 0.152496 0.372865 0.339966 0.865327
298000 0.149068 0.367355 0.352948 0.869371
299000 0.171794 0.368993 0.351901 0.892688
300000 0.147289 0.377284 0.354006 0.878578
301000 0.149322 0.367677 0.377592 0.894591
302000 0.159505 0.377935 0.35455 0.891989
303000 0.152421 0.357152 0.34966 0.859233
304000 0.149981 0.376547 0.351767 0.878296
305000 0.153277 0.376058 0.340509 0.869844
306000 0.165569 0.375392 0.358689 0.899649
307000 0.151389 0.376284 0.35163 0.879302
308000 0.152376 0.372093 0.372818 0.897287
309000 0.147806 0.374745 0.369476 0.892027
310000 0.15208 0.377378 0.364706 0.894164
311000 0.150994 0.386221 0.361908 0.899123
312000 0.153043 0.399723 0.352813 0.905579
313000 0.145395 0.385044 0.374281 0.904721
314000 0.158665 0.381912 0.359814 0.900391
315000 0.150518 0.402762 0.361967 0.915246
316000 0.144619 0.378355 0.353934 0.876908
317000 0.166691 0.39434 0.361655 0.922687
318000 0.154047 0.376978 0.347768 0.878793
319000 0.152486 0.385892 0.377909 0.916287
320000 0.141675 0.39014 0.36795 0.899765
321000 0.145039 0.396189 0.358551 0.899779
322000 0.16977 0.423142 0.380039 0.97295
323000 0.15276 0.38073 0.356437 0.889926
324000 0.152946 0.398148 0.391097 0.942192
325000 0.168305 0.400423 0.372917 0.941645
326000 0.154151 0.378622 0.353648 0.886421
327000 0.151181 0.425651 0.391165 0.967998
328000 0.152322 0.413456 0.389931 0.955709
329000 0.163577 0.402212 0.404369 0.970157
330000 0.169254 0.415161 0.379583 0.963998
331000 0.154456 0.416055 0.374838 0.94535
332000 0.161139 0.410948 0.383963 0.95605
333000 0.15356 0.406826 0.373481 0.933867
334000 0.154489 0.413422 0.419252 0.987163
335000 0.160745 0.414704 0.38937 0.964818
336000 0.148689 0.419773 0.401835 0.970296
337000 0.162393 0.431874 0.393113 0.987379
338000 0.152589 0.422974 0.373497 0.94906
339000 0.152075 0.434904 0.390149 0.977127
340000 0.16638 0.442093 0.390655 0.999128
341000 0.155377 0.439505 0.403423 0.998305
342000 0.178989 0.441822 0.399949 1.02076
343000 0.155505 0.439607 0.395856 0.990968
344000 0.154818 0.437165 0.410143 1.00213
345000 0.165598 0.438289 0.405313 1.0092
346000 0.169154 0.463197 0.407135 1.03949
347000 0.169546 0.449638 0.396842 1.01603
348000 0.153725 0.441692 0.397757 0.993174
349000 0.170569 0.455609 0.398189 1.02437
350000 0.161191 0.449078 0.385728 0.995997
351000 0.150989 0.445424 0.397925 0.994337
352000 0.16196 0.444501 0.393633 1.00009
353000 0.151937 0.439647 0.386719 0.978302
354000 0.153665 0.434611 0.387582 0.975859
355000 0.158518 0.468011 0.394438 1.02097
356000 0.155352 0.447597 0.418952 1.0219
357000 0.154306 0.453191 0.407156 1.01465
358000 0.150743 0.455245 0.402378 1.00837
359000 0.156736 0.446681 0.412858 1.01627
360000 0.15791 0.476749 0.39521 1.02987
361000 0.169611 0.477518 0.397137 1.04427
362000 0.152774 0.473045 0.401339 1.02716
363000 0.155363 0.467281 0.402507 1.02515
364000 0.171238 0.462019 0.418979 1.05224
365000 0.159504 0.471773 0.394637 1.02591
366000 0.154088 0.458365 0.403158 1.01561
367000 0.154598 0.459283 0.400055 1.01394
368000 0.163985 0.454913 0.400725 1.01962
369000 0.152392 0.467884 0.387687 1.00796
370000 0.162871 0.482618 0.390868 1.03636
371000 0.159368 0.485581 0.407778 1.05273
372000 0.156478 0.482396 0.396014 1.03489
373000 0.160336 0.463971 0.402234 1.02654
374000 0.173239 0.476388 0.394618 1.04424
375000 0.16101 0.465274 0.396169 1.02245
376000 0.153271 0.463629 0.409633 1.02653
377000 0.170971 0.457902 0.383598 1.01247
378000 0.168078 0.459828 0.408944 1.03685
379000 0.182823 0.497027 0.415536 1.09539
380000 0.159953 0.475809 0.392006 1.02777
381000 0.164376 0.45953 0.43302 1.05693
382000 0.161749 0.464166 0.399309 1.02522
383000 0.156528 0.457215 0.398319 1.01206
384000 0.167191 0.461647 0.428115 1.05695
385000 0.159633 0.455361 0.407143 1.02214
386000 0.163455 0.458264 0.446426 1.06815
387000 0.157986 0.464812 0.423748 1.04655
388000 0.156224 0.474613 0.409878 1.04071
389000 0.172148 0.472599 0.429725 1.07447
390000 0.159647 0.472517 0.421429 1.05359
391000 0.164249 0.47975 0.430013 1.07401
392000 0.169078 0.493228 0.418022 1.08033
393000 0.172164 0.497995 0.420418 1.09058
394000 0.161754 0.463896 0.415863 1.04151
395000 0.169172 0.489809 0.42486 1.08384
396000 0.162885 0.475511 0.437468 1.07586
397000 0.161592 0.470387 0.431957 1.06394
398000 0.176754 0.488513 0.427292 1.09256
399000 0.148928 0.47645 0.432667 1.05804
400000 0.170171 0.4911 0.423465 1.08474
401000 0.164575 0.48024 0.418065 1.06288
402000 0.169018 0.470235 0.431461 1.07071
403000 0.163372 0.516932 0.428116 1.10842
404000 0.169679 0.47403 0.426431 1.07014
405000 0.175026 0.487115 0.41952 1.08166
406000 0.160203 0.488828 0.434286 1.08332
407000 0.176259 0.499869 0.440762 1.11689
408000 0.17561 0.524136 0.425765 1.12551
409000 0.164802 0.485372 0.449236 1.09941
410000 0.176203 0.519707 0.434135 1.13004
411000 0.168193 0.492387 0.448346 1.10893
412000 0.163639 0.4962 0.429916 1.08976
413000 0.170039 0.52832 0.437169 1.13553
414000 0.171117 0.503721 0.45656 1.1314
415000 0.179972 0.521112 0.435267 1.13635
416000 0.162937 0.503129 0.4456 1.11167
417000 0.178177 0.499815 0.451127 1.12912
418000 0.169795 0.525875 0.452291 1.14796
419000 0.175475 0.504635 0.442428 1.12254
420000 0.165146 0.51181 0.435729 1.11268
421000 0.165616 0.50589 0.459356 1.13086
422000 0.176045 0.509129 0.426806 1.11198
423000 0.170609 0.488101 0.437218 1.09593
424000 0.184012 0.509285 0.438893 1.13219
425000 0.172033 0.515965 0.461745 1.14974
426000 0.161399 0.485817 0.481728 1.12894
427000 0.169039 0.498276 0.463801 1.13112
428000 0.181473 0.504859 0.462349 1.14868
429000 0.16153 0.506458 0.454009 1.122
430000 0.174592 0.53413 0.435911 1.14463
431000 0.17217 0.523674 0.471574 1.16742
432000 0.171368 0.534651 0.451082 1.1571
433000 0.175436 0.52521 0.464474 1.16512
434000 0.169359 0.534879 0.471161 1.1754
435000 0.178811 0.548504 0.470089 1.1974
436000 0.178016 0.51606 0.457851 1.15193
437000 0.179493 0.538295 0.463053 1.18084
438000 0.164877 0.504205 0.464543 1.13363
439000 0.175005 0.535493 0.456093 1.16659
440000 0.178654 0.524876 0.451843 1.15537
441000 0.176376 0.514137 0.499082 1.18959
442000 0.180417 0.516976 0.472311 1.1697
443000 0.177318 0.510736 0.476994 1.16505
444000 0.166813 0.516331 0.463149 1.14629
445000 0.180476 0.562519 0.460317 1.20331
446000 0.185638 0.535455 0.497513 1.21861
447000 0.19753 0.533347 0.457177 1.18805
448000 0.175097 0.553068 0.491215 1.21938
449000 0.179101 0.547484 0.46265 1.18924
450000 0.177668 0.5343 0.484847 1.19681
451000 0.180269 0.545718 0.494117 1.2201
452000 0.18674 0.56929 0.476315 1.23235
453000 0.18586 0.552185 0.510356 1.2484
454000 0.189608 0.561514 0.491496 1.24262
455000 0.179238 0.575346 0.484278 1.23886
456000 0.172712 0.547395 0.497349 1.21746
457000 0.199279 0.551138 0.507532 1.25795
458000 0.192649 0.545723 0.538741 1.27711
459000 0.203454 0.552966 0.488746 1.24517
460000 0.176289 0.565964 0.506691 1.24894
461000 0.185062 0.55832 0.499675 1.24306
462000 0.181505 0.5579 0.485591 1.225
463000 0.194313 0.569656 0.517275 1.28124
464000 0.184627 0.551355 0.51409 1.25007
465000 0.183373 0.545391 0.501827 1.23059
466000 0.194668 0.563958 0.509786 1.26841
467000 0.189925 0.578044 0.527422 1.29539
468000 0.198194 0.545013 0.519643 1.26285
469000 0.199435 0.577727 0.502974 1.28014
470000 0.187967 0.574505 0.494575 1.25705
471000 0.211647 0.591968 0.520408 1.32402
472000 0.192208 0.566659 0.513882 1.27275
473000 0.193333 0.601114 0.520205 1.31465
474000 0.191789 0.592368 0.547295 1.33145
475000 0.208146 0.60557 0.551311 1.36503
476000 0.204836 0.600594 0.537498 1.34293
477000 0.191689 0.586281 0.545303 1.32327
478000 0.200409 0.603842 0.542996 1.34725
479000 0.193407 0.592778 0.544049 1.33023
480000 0.190577 0.596569 0.549931 1.33708
481000 0.205095 0.595981 0.530294 1.33137
482000 0.200991 0.598823 0.534796 1.33461
483000 0.195377 0.614728 0.534381 1.34449
484000 0.215196 0.624623 0.549149 1.38897
485000 0.189187 0.627501 0.546031 1.36272
486000 0.224112 0.606188 0.544427 1.37473
487000 0.196806 0.604026 0.533589 1.33442
488000 0.210427 0.614093 0.53653 1.36105
489000 0.206887 0.619511 0.545504 1.3719
490000 0.189511 0.601942 0.548737 1.34019
491000 0.194785 0.623244 0.573794 1.39182
492000 0.202275 0.624756 0.553822 1.38085
493000 0.219234 0.609918 0.547419 1.37657
494000 0.197753 0.626982 0.553811 1.37855
495000 0.208259 0.622346 0.568207 1.39881
496000 0.199036 0.614237 0.554465 1.36774
497000 0.211453 0.646794 0.578518 1.43677
498000 0.197078 0.615175 0.550341 1.36259
499000 0.209282 0.655394 0.554704 1.41938
500000 0.205962 0.63238 0.568419 1.40676
501000 0.209954 0.65161 0.562705 1.42427
502000 0.194243 0.610537 0.563839 1.36862
503000 0.207948 0.62108 0.559671 1.3887
504000 0.20097 0.639465 0.572736 1.41317
505000 0.202784 0.629727 0.557635 1.39015
506000 0.216604 0.675302 0.578529 1.47043
507000 0.206543 0.630189 0.566091 1.40282
508000 0.205848 0.623242 0.558971 1.38806
509000 0.199278 0.648543 0.578035 1.42586
510000 0.202457 0.638465 0.583647 1.42457
511000 0.210986 0.662474 0.569813 1.44327
512000 0.207414 0.652006 0.613402 1.47282
513000 0.216858 0.654157 0.598293 1.46931
514000 0.209581 0.677958 0.593743 1.48128
515000 0.215662 0.673513 0.609197 1.49837
516000 0.208154 0.661993 0.596945 1.46709
517000 0.204764 0.645239 0.607985 1.45799
518000 0.218159 0.689175 0.605349 1.51268
519000 0.221531 0.651665 0.608069 1.48127
520000 0.224068 0.686286 0.602284 1.51264
521000 0.225096 0.667491 0.613418 1.506
522000 0.216736 0.657472 0.601789 1.476
523000 0.237853 0.724081 0.599452 1.56139
524000 0.214539 0.694101 0.607721 1.51636
525000 0.230259 0.72989 0.609428 1.56958
526000 0.227159 0.661763 0.617275 1.5062
527000 0.212079 0.671776 0.600192 1.48405
528000 0.234911 0.707944 0.616679 1.55954
529000 0.231352 0.683561 0.607437 1.52235
530000 0.218105 0.684377 0.605542 1.50802
531000 0.218427 0.66426 0.61096 1.49365
532000 0.217341 0.683214 0.615166 1.51572
533000 0.223599 0.705324 0.604312 1.53323
534000 0.214909 0.668252 0.605009 1.48817
535000 0.228851 0.707979 0.616604 1.55343
536000 0.223784 0.677788 0.63178 1.53335
537000 0.222255 0.683075 0.624999 1.53033
538000 0.224392 0.692719 0.62822 1.54533
539000 0.226987 0.672584 0.61642 1.51599
540000 0.215792 0.699862 0.599918 1.51557
541000 0.23772 0.698363 0.617537 1.55362
542000 0.218914 0.679695 0.607004 1.50561
543000 0.220815 0.703233 0.614317 1.53836
544000 0.216322 0.666186 0.614366 1.49687
545000 0.224548 0.673136 0.609345 1.50703
546000 0.238054 0.704006 0.614461 1.55652
547000 0.225304 0.69325 0.606193 1.52475
548000 0.226253 0.670819 0.619414 1.51649
549000 0.216201 0.718075 0.633655 1.56793
550000 0.227875 0.693478 0.61961 1.54096
551000 0.236872 0.693065 0.638672 1.56861
552000 0.219857 0.691707 0.646041 1.5576
553000 0.220513 0.660191 0.624641 1.50535
554000 0.226119 0.703422 0.612891 1.54243
555000 0.235533 0.693428 0.625583 1.55454
556000 0.256677 0.6915 0.614048 1.56222
557000 0.227655 0.700193 0.626469 1.55432
558000 0.212369 0.69799 0.605808 1.51617
559000 0.230141 0.709893 0.623664 1.5637
560000 0.22327 0.702771 0.621364 1.5474
561000 0.23976 0.731475 0.614691 1.58593
562000 0.22814 0.705613 0.598851 1.5326
563000 0.226595 0.714374 0.618949 1.55992
564000 0.229704 0.695141 0.629446 1.55429
565000 0.233445 0.692417 0.627573 1.55343
566000 0.245065 0.708199 0.627384 1.58065
567000 0.227701 0.695155 0.608753 1.53161
568000 0.24241 0.708869 0.615527 1.56681
569000 0.22616 0.659144 0.610672 1.49597
570000 0.233307 0.694697 0.603867 1.53187
571000 0.23893 0.712017 0.62367 1.57462
572000 0.228762 0.706221 0.646311 1.58129
573000 0.238363 0.731519 0.603141 1.57302
574000 0.226392 0.700211 0.606191 1.53279
575000 0.23895 0.71345 0.611503 1.5639
576000 0.232891 0.697544 0.637934 1.56837
577000 0.238322 0.717208 0.649533 1.60506
578000 0.243302 0.734499 0.650786 1.62859
579000 0.23711 0.721944 0.656313 1.61537
580000 0.234828 0.716338 0.649878 1.60104
581000 0.245229 0.734237 0.661167 1.64063
582000 0.238102 0.719166 0.672833 1.6301
583000 0.239396 0.731981 0.699656 1.67103
584000 0.231492 0.733819 0.66543 1.63074
585000 0.240231 0.719819 0.661369 1.62142
586000 0.245064 0.743139 0.667445 1.65565
587000 0.240341 0.71946 0.695333 1.65513
588000 0.260414 0.758659 0.673614 1.69269
589000 0.233769 0.720588 0.638813 1.59317
590000 0.245018 0.709385 0.617839 1.57224
591000 0.242614 0.720442 0.642631 1.60569
592000 0.252403 0.72955 0.662523 1.64448
593000 0.234981 0.731225 0.654993 1.6212
594000 0.240794 0.704451 0.654462 1.59971
595000 0.257971 0.762611 0.669553 1.69014
596000 0.243298 0.712914 0.66659 1.6228
597000 0.264668 0.727008 0.662196 1.65387
598000 0.249262 0.747638 0.664729 1.66163
599000 0.249444 0.726943 0.657835 1.63422
600000 0.248682 0.723832 0.661588 1.6341
601000 0.257064 0.740881 0.688912 1.68686
602000 0.267927 0.747165 0.675744 1.69084
603000 0.253856 0.747126 0.671973 1.67296
604000 0.278041 0.726453 0.665615 1.67011
605000 0.261594 0.757399 0.651187 1.67018
606000 0.248901 0.73913 0.682849 1.67088
607000 0.261207 0.746826 0.693427 1.70146
608000 0.249293 0.776064 0.686055 1.71141
609000 0.263641 0.744549 0.683526 1.69172
610000 0.263913 0.757025 0.662396 1.68333
611000 0.253379 0.767789 0.67381 1.69498
612000 0.2504 0.765797 0.694503 1.7107
613000 0.262011 0.813276 0.708175 1.78346
614000 0.265045 0.785249 0.696466 1.74676
615000 0.243602 0.805493 0.690055 1.73915
616000 0.250288 0.78552 0.709032 1.74484
617000 0.265719 0.782712 0.702899 1.75133
618000 0.247771 0.786271 0.736749 1.77079
619000 0.251512 0.782238 0.710017 1.74377
620000 0.246044 0.808193 0.702254 1.75649
621000 0.249873 0.772943 0.721249 1.74407
622000 0.267597 0.793288 0.701681 1.76257
623000 0.248968 0.798989 0.720265 1.76822
624000 0.269344 0.797494 0.717576 1.78441
625000 0.254185 0.814946 0.68987 1.759
626000 0.253847 0.789002 0.699987 1.74284
627000 0.255379 0.803573 0.735964 1.79492
628000 0.249346 0.819928 0.744474 1.81375
629000 0.27382 0.807888 0.749463 1.83117
630000 0.25034 0.804071 0.774204 1.82862
631000 0.260422 0.807644 0.764611 1.83268
632000 0.253067 0.825014 0.769458 1.84754
633000 0.250638 0.806803 0.75666 1.8141
634000 0.27134 0.79238 0.779629 1.84335
635000 0.264676 0.802126 0.7685 1.8353
636000 0.254088 0.80673 0.764512 1.82533
637000 0.268643 0.835175 0.767207 1.87102
638000 0.256541 0.803567 0.799152 1.85926
639000 0.269816 0.801929 0.782773 1.85452
640000 0.257147 0.803463 0.782501 1.84311
641000 0.270037 0.831145 0.766585 1.86777
642000 0.260876 0.846122 0.767768 1.87477
643000 0.263039 0.823187 0.761359 1.84759
644000 0.272685 0.850292 0.773774 1.89675
645000 0.268903 0.803336 0.781957 1.8542
646000 0.25198 0.808585 0.77425 1.83481
647000 0.257985 0.81766 0.766772 1.84242
648000 0.271768 0.820806 0.78484 1.87741
649000 0.26951 0.830103 0.743245 1.84286
650000 0.270752 0.833901 0.761202 1.86586
651000 0.266479 0.832329 0.748563 1.84737
652000 0.26849 0.824374 0.746949 1.83981
653000 0.268397 0.835627 0.746379 1.8504
654000 0.260415 0.830767 0.747664 1.83885
655000 0.269802 0.826109 0.757338 1.85325
656000 0.266052 0.818885 0.762956 1.84789
657000 0.272325 0.834289 0.770711 1.87732
658000 0.268518 0.830984 0.740682 1.84018
659000 0.265517 0.828486 0.742042 1.83605
660000 0.262425 0.800917 0.764965 1.82831
661000 0.267702 0.831296 0.784848 1.88385
662000 0.267433 0.84953 0.77654 1.8935
663000 0.261941 0.825953 0.785427 1.87332
664000 0.277553 0.809021 0.772245 1.85882
665000 0.279757 0.836384 0.781736 1.89788
666000 0.261079 0.833285 0.757531 1.8519
667000 0.267535 0.84938 0.763433 1.88035
668000 0.267348 0.836788 0.793893 1.89803
669000 0.266184 0.856277 0.790318 1.91278
670000 0.280629 0.831187 0.784708 1.89652
671000 0.26701 0.821415 0.798663 1.88709
672000 0.277277 0.865487 0.767699 1.91046
673000 0.265182 0.848823 0.796252 1.91026
674000 0.268738 0.866814 0.771101 1.90665
675000 0.27025 0.831974 0.784513 1.88674
676000 0.272753 0.841057 0.798859 1.91267
677000 0.305688 0.829706 0.790386 1.92578
678000 0.280379 0.851568 0.788755 1.9207
679000 0.279515 0.840155 0.758204 1.87787
680000 0.269858 0.829942 0.774171 1.87397
681000 0.267246 0.824935 0.769595 1.86178
682000 0.289645 0.839948 0.787785 1.91738
683000 0.26075 0.83051 0.78338 1.87464
684000 0.294153 0.883534 0.800154 1.97784
685000 0.263257 0.831646 0.80397 1.89887
686000 0.272078 0.842129 0.769155 1.88336
687000 0.258319 0.840711 0.800279 1.89931
688000 0.270798 0.843837 0.815944 1.93058
689000 0.281869 0.851872 0.793801 1.92754
690000 0.275589 0.836316 0.803209 1.91511
691000 0.267659 0.853627 0.779924 1.90121
692000 0.273133 0.834749 0.802957 1.91084
693000 0.259224 0.846907 0.787611 1.89374
694000 0.276659 0.826398 0.770899 1.87396
695000 0.262162 0.857996 0.798793 1.91895
696000 0.287645 0.851947 0.806217 1.94581
697000 0.265601 0.859083 0.789668 1.91435
698000 0.265058 0.861524 0.816803 1.94338
699000 0.289242 0.860721 0.858566 2.00853
700000 0.279696 0.855493 0.835507 1.9707
701000 0.28622 0.868675 0.816994 1.97189
702000 0.270575 0.864001 0.82389 1.95847
703000 0.267549 0.864879 0.798397 1.93083
704000 0.288622 0.875413 0.83566 1.9997
705000 0.284911 0.865849 0.827692 1.97845
706000 0.284265 0.858418 0.851201 1.99388
707000 0.278281 0.883712 0.822825 1.98482
708000 0.282147 0.88599 0.805409 1.97355
709000 0.28066 0.889186 0.81031 1.98016
710000 0.293358 0.87821 0.797323 1.96889
711000 0.270876 0.856445 0.813172 1.94049
712000 0.288467 0.87499 0.823873 1.98733
713000 0.275437 0.87803 0.819022 1.97249
714000 0.279349 0.869629 0.830178 1.97916
715000 0.29148 0.879831 0.81593 1.98724
716000 0.276657 0.883778 0.819069 1.9795
717000 0.296653 0.88743 0.802914 1.987
718000 0.2951 0.877891 0.798217 1.97121
719000 0.273341 0.879298 0.839046 1.99168
720000 0.289701 0.899941 0.817131 2.00677
721000 0.28144 0.872591 0.824262 1.97829
722000 0.295894 0.867611 0.821378 1.98488
723000 0.295253 0.88712 0.797163 1.97954
724000 0.2857 0.890106 0.817301 1.99311
725000 0.295799 0.892222 0.815624 2.00364
726000 0.286634 0.866181 0.839166 1.99198
727000 0.289363 0.889621 0.836576 2.01556
728000 0.293638 0.901152 0.810129 2.00492
729000 0.297225 0.884144 0.828144 2.00951
730000 0.304679 0.882801 0.827905 2.01539
731000 0.291381 0.877864 0.827811 1.99706
732000 0.280645 0.908093 0.838023 2.02676
733000 0.293522 0.913813 0.827669 2.035
734000 0.289785 0.892468 0.856522 2.03878
735000 0.288022 0.916829 0.828768 2.03362
736000 0.287752 0.898736 0.81995 2.00644
737000 0.287511 0.876532 0.828638 1.99268
738000 0.309156 0.934534 0.844274 2.08796
739000 0.296903 0.897029 0.831337 2.02527
740000 0.304968 0.919897 0.810345 2.03521
741000 0.297152 0.895611 0.823284 2.01605
742000 0.296635 0.897503 0.867504 2.06164
743000 0.29904 0.919564 0.845667 2.06427
744000 0.313604 0.900575 0.868575 2.08275
745000 0.308953 0.933983 0.849591 2.09253
746000 0.297167 0.937444 0.863432 2.09804
747000 0.296964 0.909848 0.872438 2.07925
748000 0.311268 0.929918 0.858344 2.09953
749000 0.298943 0.922426 0.868 2.08937
750000 0.313603 0.924222 0.834805 2.07263
751000 0.307852 0.925062 0.860508 2.09342
752000 0.295326 0.934193 0.855302 2.08482
753000 0.298515 0.943093 0.832934 2.07454
754000 0.312772 0.935084 0.853966 2.10182
755000 0.285969 0.918145 0.838617 2.04273
756000 0.295722 0.925658 0.861127 2.08251
757000 0.294603 0.920194 0.870589 2.08539
758000 0.309316 0.955109 0.859874 2.1243
759000 0.296428 0.943367 0.835758 2.07555
760000 0.323186 0.960139 0.84497 2.1283
761000 0.304561 0.941049 0.862215 2.10783
762000 0.305162 0.954549 0.849439 2.10915
763000 0.309126 0.951728 0.838678 2.09953
764000 0.311104 0.952458 0.853607 2.11717
765000 0.308702 0.985338 0.831417 2.12546
766000 0.309469 0.978453 0.828234 2.11616
767000 0.31902 0.969374 0.86151 2.1499
768000 0.310769 0.97366 0.843045 2.12747
769000 0.317828 0.99584 0.831593 2.14526
770000 0.319782 0.98418 0.841288 2.14525
771000 0.309226 0.989564 0.867733 2.16652
772000 0.305722 1.00943 0.85822 2.17338
773000 0.317613 0.976709 0.843734 2.13806
774000 0.317678 0.981095 0.87502 2.17379
775000 0.311052 1.00674 0.873818 2.19161
776000 0.316215 1.0119 0.875389 2.20351
777000 0.321886 0.999565 0.880235 2.20169
778000 0.308259 0.972882 0.864046 2.14519
779000 0.320998 0.996855 0.881541 2.19939
780000 0.323465 1.03554 0.885328 2.24433
781000 0.320686 0.992374 0.871779 2.18484
782000 0.323112 1.01032 0.896189 2.22962
783000 0.311173 0.978422 0.890879 2.18047
784000 0.319664 1.00379 0.898668 2.22213
785000 0.328835 1.04474 0.861004 2.23458
786000 0.307985 1.00125 0.876539 2.18578
787000 0.310661 1.02538 0.870035 2.20608
788000 0.32521 0.986546 0.919839 2.23159
789000 0.317231 0.979133 0.898308 2.19467
790000 0.325122 1.04165 0.895152 2.26192
791000 0.322197 1.00236 0.885979 2.21054
792000 0.317401 1.03728 0.885027 2.23971
793000 0.322677 1.02297 0.900882 2.24653
794000 0.305882 1.02079 0.889714 2.21639
795000 0.322514 1.02132 0.892532 2.23637
796000 0.325154 1.01388 0.901797 2.24083
797000 0.330353 1.00541 0.877282 2.21305
798000 0.315495 1.00847 0.876832 2.2008
799000 0.332112 1.05148 0.894519 2.27811
800000 0.338152 1.00203 0.904748 2.24493
801000 0.326737 1.00254 0.899802 2.22908
802000 0.320608 1.04292 0.870227 2.23375
803000 0.343241 1.00801 0.900119 2.25137
804000 0.324738 1.04169 0.902265 2.2687
805000 0.325197 1.00449 0.928756 2.25844
806000 0.322866 1.02961 0.898545 2.25102
807000 0.327705 1.02237 0.885044 2.23512
808000 0.327755 1.03253 0.880882 2.24117
809000 0.330926 1.05565 0.933097 2.31967
810000 0.328124 1.02406 0.943784 2.29596
811000 0.339968 1.03811 0.943557 2.32164
812000 0.33173 1.02542 0.912074 2.26923
813000 0.341826 1.03763 0.945331 2.32479
814000 0.323434 1.07836 0.914757 2.31656
815000 0.318706 1.03445 0.904179 2.25733
816000 0.326535 1.03548 0.895001 2.25701
817000 0.334375 1.04285 0.89027 2.2675
818000 0.321584 1.04205 0.906946 2.27058
819000 0.319262 1.07313 0.919264 2.31166
820000 0.334226 1.04071 0.908434 2.28337
821000 0.329632 1.04929 0.928222 2.30714
822000 0.337863 1.05721 0.931033 2.32611
823000 0.331347 1.04817 0.918013 2.29753
824000 0.33484 1.04749 0.937604 2.31994
825000 0.326224 1.05945 0.957069 2.34275
826000 0.32922 1.04844 0.942594 2.32025
827000 0.350998 1.05991 0.938454 2.34936
828000 0.338936 1.04542 0.920793 2.30515
829000 0.335082 1.07661 0.947156 2.35885
830000 0.339354 1.04614 0.977137 2.36264
831000 0.361281 1.07715 0.967173 2.40561
832000 0.336129 1.08661 0.953545 2.37628
833000 0.325324 1.06333 0.947719 2.33637
834000 0.34939 1.08792 0.964596 2.40191
835000 0.336003 1.07188 0.974125 2.38201
836000 0.339637 1.05375 0.976216 2.3696
837000 0.344395 1.08152 0.965157 2.39107
838000 0.353983 1.07552 0.967803 2.39731
839000 0.33417 1.10138 0.951094 2.38665
840000 0.339063 1.06359 0.956244 2.3589
841000 0.353398 1.08116 0.951009 2.38556
842000 0.347347 1.07771 0.959199 2.38425
843000 0.345895 1.08154 0.998914 2.42635
844000 0.335705 1.08765 0.973129 2.39648
845000 0.344725 1.07546 0.950438 2.37062
846000 0.362153 1.09502 0.951811 2.40898
847000 0.355052 1.07978 0.968381 2.40322
848000 0.354765 1.08913 0.97794 2.42183
849000 0.34894 1.09138 0.982442 2.42276
850000 0.346594 1.07275 0.969617 2.38896
851000 0.363764 1.05599 0.947711 2.36746
852000 0.333477 1.07704 0.966551 2.37707
853000 0.33999 1.07911 0.944491 2.36359
854000 0.341574 1.05787 0.960307 2.35975
855000 0.342764 1.07759 0.965397 2.38576
856000 0.36353 1.095 0.982099 2.44062
857000 0.340156 1.04583 0.994685 2.38067
858000 0.344538 1.0849 0.983117 2.41255
859000 0.339407 1.0837 0.984392 2.4075
860000 0.358738 1.0777 0.990148 2.42659
861000 0.357282 1.10097 0.969543 2.42779
862000 0.342595 1.06961 0.986838 2.39904
863000 0.349087 1.08633 0.980639 2.41606
864000 0.358441 1.11797 1.01445 2.49085
865000 0.351354 1.0919 1.00986 2.45312
866000 0.363415 1.1228 1.0015 2.48771
867000 0.354965 1.11805 1.01658 2.4896
868000 0.356545 1.11021 0.998634 2.46539
869000 0.352797 1.07361 1.03999 2.46639
870000 0.341646 1.0829 0.98818 2.41272
871000 0.349211 1.07579 1.0114 2.4364
872000 0.358037 1.09217 1.00461 2.45482
873000 0.357492 1.07289 0.998081 2.42847
874000 0.350169 1.08372 1.03144 2.46533
875000 0.348097 1.08514 0.995881 2.42912
876000 0.349577 1.10962 0.962214 2.42141
877000 0.380405 1.08351 1.00238 2.4663
878000 0.350953 1.10197 1.00837 2.46129
879000 0.361894 1.10633 1.01982 2.48804
880000 0.357595 1.10377 1.00046 2.46182
881000 0.359706 1.09598 0.991838 2.44752
882000 0.356342 1.1024 1.04309 2.50183
883000 0.357834 1.09914 1.00359 2.46056
884000 0.362634 1.10342 1.00864 2.47469
885000 0.350701 1.1025 0.990506 2.44371
886000 0.355215 1.10641 1.02698 2.4886
887000 0.378262 1.09781 1.00994 2.48602
888000 0.36283 1.12217 1.00792 2.49292
889000 0.384467 1.12178 1.02505 2.53129
890000 0.358519 1.11643 1.0348 2.50975
891000 0.363989 1.10953 1.01285 2.48637
892000 0.352326 1.13013 1.00546 2.48791
893000 0.350705 1.13226 0.983684 2.46665
894000 0.371803 1.1204 0.988523 2.48073
895000 0.363906 1.12814 1.0245 2.51655
896000 0.352785 1.11309 1.03754 2.50341
897000 0.35755 1.14031 1.02382 2.52169
898000 0.354115 1.1219 1.01788 2.4939
899000 0.365417 1.10006 1.01425 2.47973
900000 0.349791 1.15705 1.0222 2.52904
901000 0.366326 1.11763 1.0385 2.52246
902000 0.37024 1.15 1.03783 2.55807
903000 0.363351 1.14986 1.03272 2.54593
904000 0.377684 1.14674 1.06204 2.58646
905000 0.371535 1.14896 1.04027 2.56077
906000 0.358548 1.10573 1.05576 2.52005
907000 0.364167 1.14968 1.03502 2.54886
908000 0.358955 1.1218 1.04736 2.52811
909000 0.370606 1.12387 1.04479 2.53927
910000 0.368789 1.15229 1.04139 2.56247
911000 0.368411 1.12823 1.05237 2.54902
912000 0.384557 1.14859 1.05757 2.59072
913000 0.355591 1.15675 1.04568 2.55803
914000 0.373878 1.14653 1.02307 2.54348
915000 0.368913 1.12164 1.05934 2.5499
916000 0.377444 1.12454 1.04183 2.54382
917000 0.366906 1.12474 1.04107 2.53271
918000 0.363304 1.13349 1.06796 2.56475
919000 0.367335 1.12066 1.05069 2.53869
920000 0.374139 1.12341 1.04488 2.54243
921000 0.371813 1.11051 1.05076 2.53308
922000 0.37161 1.12368 1.04404 2.53933
923000 0.365876 1.15507 1.03316 2.55411
924000 0.354441 1.13443 1.03352 2.52239
925000 0.375119 1.12587 1.06656 2.56755
926000 0.393836 1.12715 1.04791 2.56889
927000 0.369487 1.15704 1.02852 2.55505
928000 0.373626 1.12979 1.05037 2.55378
929000 0.379696 1.15541 1.04115 2.57626
930000 0.364667 1.14518 1.03545 2.5453
931000 0.383518 1.15881 1.07768 2.62001
932000 0.36474 1.16423 1.03703 2.56599
933000 0.36885 1.13614 1.05753 2.56253
934000 0.368159 1.17178 1.04792 2.58785
935000 0.378059 1.12339 1.03306 2.53451
936000 0.374485 1.13964 1.06289 2.57701
937000 0.365926 1.11564 1.03555 2.51711
938000 0.359639 1.14414 1.07781 2.58159
939000 0.37085 1.1383 1.06201 2.57116
940000 0.363122 1.15501 1.03699 2.55511
941000 0.370897 1.16813 1.07814 2.61717
942000 0.357157 1.16307 1.05365 2.57387
943000 0.355238 1.14355 1.05035 2.54914
944000 0.370145 1.15423 1.05903 2.5834
945000 0.378411 1.18777 1.05337 2.61955
946000 0.366422 1.17709 1.07317 2.61669
947000 0.360053 1.17732 1.05072 2.58809
948000 0.373772 1.15009 1.06238 2.58624
949000 0.383603 1.16726 1.04905 2.5999
950000 0.363413 1.16957 1.05283 2.58581
951000 0.358112 1.18585 1.07625 2.62021
952000 0.365299 1.16694 1.06848 2.60072
953000 0.358522 1.16468 1.0533 2.57651
954000 0.364238 1.17891 1.05964 2.60278
955000 0.367176 1.17039 1.0888 2.62636
956000 0.376847 1.17114 1.06486 2.61284
957000 0.369231 1.17212 1.0613 2.60266
958000 0.378225 1.19221 1.08593 2.65636
959000 0.376686 1.18935 1.09556 2.6616
960000 0.368946 1.17685 1.08559 2.63139
961000 0.387898 1.1833 1.11069 2.68189
962000 0.366133 1.17097 1.09507 2.63218
963000 0.374959 1.17983 1.07159 2.62638
964000 0.363662 1.16569 1.10552 2.63488
965000 0.368025 1.16486 1.09049 2.62338
966000 0.385793 1.18119 1.11559 2.68257
967000 0.371681 1.1716 1.13176 2.67504
968000 0.366152 1.17561 1.09508 2.63684
969000 0.361293 1.17426 1.13622 2.67178
970000 0.370174 1.18103 1.10171 2.65291
971000 0.362194 1.17065 1.11042 2.64327
972000 0.361196 1.17484 1.13739 2.67342
973000 0.402859 1.17567 1.1169 2.69543
974000 0.389948 1.18469 1.13489 2.70952
975000 0.400565 1.18094 1.10717 2.68868
976000 0.376507 1.18609 1.13146 2.69405
977000 0.386053 1.18341 1.12141 2.69088
978000 0.383807 1.17611 1.0982 2.65811
979000 0.377494 1.18538 1.15823 2.7211
980000 0.393259 1.1914 1.12164 2.7063
981000 0.369003 1.19366 1.11712 2.67978
982000 0.385738 1.19458 1.11977 2.70009
983000 0.373637 1.19369 1.1343 2.70162
984000 0.36339 1.19099 1.12462 2.679
985000 0.369906 1.16516 1.10665 2.64172
986000 0.360456 1.17703 1.12551 2.66299
987000 0.381507 1.1753 1.11452 2.67132
988000 0.379673 1.18936 1.13515 2.70419
989000 0.365025 1.18194 1.12121 2.66818
990000 0.388606 1.17814 1.11587 2.68262
991000 0.383892 1.18309 1.12882 2.69581
992000 0.375937 1.16113 1.12731 2.66438
993000 0.357208 1.19977 1.12058 2.67755
994000 0.37099 1.2005 1.14041 2.71191
995000 0.383343 1.17615 1.15574 2.71523
996000 0.374697 1.1847 1.13721 2.69661
997000 0.370323 1.17239 1.15953 2.70224
998000 0.369105 1.1722 1.14494 2.68625
999000 0.36971 1.1852 1.15407 2.70898
1000000 0.393553 1.18368 1.17216 2.74939
1001000 0.373296 1.1699 1.15771 2.70091
1002000 0.370829 1.19744 1.14657 2.71484
1003000 0.375914 1.19395 1.14578 2.71564
1004000 0.389821 1.22132 1.17221 2.78335
1005000 0.383622 1.20735 1.17906 2.77004
1006000 0.378927 1.21357 1.17794 2.77044
1007000 0.373258 1.19573 1.18346 2.75245
1008000 0.37673 1.21762 1.20644 2.80079
1009000 0.363961 1.21239 1.19641 2.77276
1010000 0.369294 1.19667 1.21089 2.77686
1011000 0.382962 1.23381 1.19857 2.81534
1012000 0.369723 1.20622 1.21005 2.786
1013000 0.382486 1.207 1.20553 2.79501
1014000 0.372304 1.22921 1.20843 2.80995
1015000 0.390019 1.19799 1.18926 2.77727
1016000 0.38456 1.21379 1.2068 2.80515
1017000 0.367717 1.21845 1.1901 2.77627
1018000 0.382863 1.20022 1.22012 2.8032
1019000 0.380852 1.2212 1.2243 2.82636
1020000 0.3922 1.21105 1.19731 2.80057
1021000 0.364851 1.21862 1.23198 2.81546
1022000 0.379797 1.21667 1.22503 2.8215
1023000 0.3802 1.20999 1.23681 2.827
1024000 0.381391 1.21015 1.25957 2.85111
1025000 0.402665 1.23198 1.22802 2.86267
1026000 0.377998 1.20803 1.22442 2.81046
1027000 0.393205 1.21533 1.23205 2.84059
1028000 0.376694 1.24305 1.25346 2.87321
1029000 0.368979 1.19756 1.2506 2.81714
1030000 0.385271 1.24036 1.22325 2.84888
