# Time-averaged data for fix 1
# TimeStep c_msd_all[1] c_msd_all[2] c_msd_all[3] c_msd_all[4]
31000 0.0670309 0.07564 0.0889582 0.231629
32000 0.062196 0.0918084 0.0833653 0.23737
33000 0.0621558 0.0607067 0.0713278 0.19419
34000 0.0752508 0.0868038 0.0736164 0.235671
35000 0.0633512 0.0886493 0.0683636 0.220364
36000 0.0649486 0.078733 0.0679803 0.211662
37000 0.0699446 0.090606 0.0746776 0.235228
38000 0.0717499 0.093461 0.0991887 0.2644
39000 0.0737222 0.10551 0.104226 0.283459
40000 0.071288 0.0819717 0.089544 0.242804
41000 0.0666976 0.0897722 0.0866385 0.243108
42000 0.0701749 0.104939 0.0950245 0.270138
43000 0.0590989 0.101473 0.103351 0.263923
44000 0.0742196 0.116406 0.105343 0.295968
45000 0.0704734 0.113182 0.104683 0.288338
46000 0.0754834 0.0919223 0.109447 0.276853
47000 0.0683639 0.132963 0.115066 0.316393
48000 0.0754993 0.112878 0.102586 0.290963
49000 0.080379 0.128592 0.103024 0.311995
50000 0.0758625 0.0942346 0.101373 0.27147
51000 0.0699347 0.0974224 0.110154 0.277511
52000 0.0689265 0.131996 0.118993 0.319915
53000 0.0763197 0.112697 0.106819 0.295836
54000 0.0830182 0.136971 0.114656 0.334646
55000 0.072759 0.109363 0.135635 0.317757
56000 0.076341 0.126945 0.121994 0.325281
57000 0.0770883 0.114617 0.13641 0.328116
58000 0.0839752 0.127048 0.147657 0.35868
59000 0.0734479 0.140582 0.128629 0.342658
60000 0.0756208 0.121785 0.146491 0.343897
61000 0.0748094 0.140625 0.135479 0.350914
62000 0.0808722 0.128181 0.139476 0.348529
63000 0.0793951 0.136371 0.13757 0.353336
64000 0.0790084 0.129505 0.128569 0.337082
65000 0.0825758 0.127311 0.140944 0.350831
66000 0.0779669 0.146964 0.133095 0.358025
67000 0.0759771 0.131367 0.138458 0.345802
68000 0.0797594 0.151529 0.165619 0.396907
69000 0.0768152 0.142931 0.141445 0.361191
70000 0.0820496 0.145034 0.177655 0.404738
71000 0.081764 0.166572 0.152867 0.401203
72000 0.0855624 0.152411 0.161168 0.399141
73000 0.0836381 0.165221 0.153007 0.401866
74000 0.0773694 0.142704 0.149098 0.369171
75000 0.0802989 0.149441 0.174029 0.403769
76000 0.0781402 0.170582 0.164266 0.412988
77000 0.087121 0.151521 0.161385 0.400027
78000 0.075009 0.155426 0.14733 0.377764
79000 0.0772927 0.145911 0.159578 0.382782
80000 0.0913017 0.165111 0.176158 0.432571
81000 0.082333 0.153434 0.152718 0.388484
82000 0.0928098 0.156574 0.141225 0.390609
83000 0.0806745 0.160777 0.163393 0.404845
84000 0.0813423 0.150597 0.151507 0.383446
85000 0.0862863 0.15458 0.14859 0.389457
86000 0.080101 0.161744 0.155887 0.397732
87000 0.0841715 0.158286 0.175561 0.418019
88000 0.0777363 0.159056 0.167335 0.404128
89000 0.0771888 0.17204 0.153722 0.402951
90000 0.078512 0.166961 0.168241 0.413714
91000 0.0851522 0.172965 0.162779 0.420896
92000 0.103628 0.18772 0.173364 0.464712
93000 0.0795854 0.17323 0.186666 0.439481
94000 0.0888023 0.182943 0.163349 0.435094
95000 0.0845514 0.173962 0.181978 0.440492
96000 0.0833406 0.188277 0.16748 0.439097
97000 0.0912785 0.162933 0.16608 0.420291
98000 0.100438 0.171041 0.166104 0.437583
99000 0.1308 0.200388 0.180855 0.512043
100000 0.0896246 0.176266 0.180815 0.446706
101000 0.0945865 0.179942 0.169402 0.443931
102000 0.0935533 0.202442 0.177595 0.47359
103000 0.0877352 0.185982 0.193066 0.466783
104000 0.0923153 0.187985 0.172083 0.452384
105000 0.0906241 0.17888 0.179491 0.448995
106000 0.102959 0.194503 0.194516 0.491978
107000 0.0958865 0.190245 0.17642 0.462551
108000 0.102663 0.192521 0.186502 0.481686
109000 0.0885164 0.181634 0.185712 0.455862
110000 0.0926165 0.194174 0.176824 0.463615
111000 0.105177 0.208444 0.20636 0.519981
112000 0.102762 0.200478 0.179438 0.482678
113000 0.090176 0.204029 0.183731 0.477936
114000 0.105388 0.18934 0.177314 0.472043
115000 0.100848 0.194635 0.183966 0.479449
116000 0.0972887 0.218801 0.186092 0.502182
117000 0.111694 0.203048 0.19602 0.510761
118000 0.0986818 0.190189 0.192505 0.481376
119000 0.103986 0.201051 0.192317 0.497355
120000 0.0960556 0.195604 0.192129 0.483788
121000 0.106256 0.201288 0.190056 0.4976
122000 0.0992685 0.203166 0.20598 0.508414
123000 0.108381 0.20419 0.207256 0.519827
124000 0.104306 0.20993 0.23365 0.547886
125000 0.0993905 0.192661 0.204327 0.496379
126000 0.106299 0.199334 0.207489 0.513121
127000 0.111294 0.220747 0.205066 0.537107
128000 0.125018 0.210816 0.204556 0.540391
129000 0.108558 0.210037 0.211599 0.530194
130000 0.105788 0.202646 0.185309 0.493743
131000 0.118685 0.198547 0.194766 0.511998
132000 0.125473 0.209604 0.213125 0.548202
133000 0.138244 0.205877 0.201055 0.545176
134000 0.108767 0.219253 0.20409 0.53211
135000 0.1088 0.220168 0.199331 0.528299
136000 0.10503 0.210214 0.210255 0.525499
137000 0.109979 0.210801 0.225201 0.545982
138000 0.11054 0.199691 0.207845 0.518076
139000 0.104483 0.204556 0.215679 0.524718
140000 0.114054 0.221785 0.210128 0.545967
141000 0.110576 0.205389 0.21701 0.532975
142000 0.106619 0.215756 0.218283 0.540659
143000 0.116074 0.225949 0.213959 0.555981
144000 0.11709 0.218871 0.212311 0.548272
145000 0.120025 0.213195 0.206555 0.539775
146000 0.100613 0.207951 0.213508 0.522072
147000 0.107383 0.199938 0.207722 0.515043
148000 0.111995 0.231016 0.211568 0.554579
149000 0.109734 0.222513 0.233092 0.565339
150000 0.129425 0.2178 0.206136 0.553362
151000 0.110192 0.219451 0.218038 0.547681
152000 0.110883 0.222819 0.224219 0.557921
153000 0.113449 0.227833 0.22388 0.565162
154000 0.105685 0.207454 0.206522 0.519662
155000 0.123084 0.226622 0.200943 0.55065
156000 0.106139 0.233047 0.218922 0.558107
157000 0.120554 0.238114 0.217452 0.576119
158000 0.112474 0.247864 0.223944 0.584282
159000 0.124478 0.239907 0.23938 0.603764
160000 0.127627 0.23736 0.2232 0.588188
161000 0.122128 0.233859 0.224905 0.580892
162000 0.133077 0.238836 0.22501 0.596922
163000 0.115896 0.242331 0.230685 0.588912
164000 0.112648 0.223575 0.227773 0.563996
165000 0.119697 0.248019 0.226255 0.593972
166000 0.113334 0.235007 0.236708 0.585049
167000 0.126546 0.253468 0.223992 0.604006
168000 0.112752 0.238184 0.238937 0.589872
169000 0.124628 0.250446 0.235029 0.610103
170000 0.125239 0.248716 0.253969 0.627924
171000 0.115779 0.24474 0.253319 0.613838
172000 0.119422 0.247801 0.238512 0.605735
173000 0.122877 0.268618 0.249726 0.641221
174000 0.124313 0.265257 0.245408 0.634978
175000 0.123132 0.279699 0.247783 0.650615
176000 0.123882 0.259425 0.262985 0.646292
177000 0.129655 0.263624 0.253732 0.647011
178000 0.125653 0.296412 0.251939 0.674004
179000 0.129726 0.254694 0.238059 0.622479
180000 0.126184 0.285708 0.250363 0.662255
181000 0.121008 0.263382 0.249714 0.634104
182000 0.14291 0.265833 0.271982 0.680725
183000 0.124372 0.29309 0.259667 0.677129
184000 0.140241 0.2846 0.269799 0.69464
185000 0.12972 0.287895 0.248781 0.666396
186000 0.126632 0.281587 0.250226 0.658444
187000 0.119252 0.263276 0.251009 0.633537
188000 0.136635 0.28381 0.259805 0.68025
189000 0.127009 0.281345 0.271077 0.679431
190000 0.129557 0.305565 0.266329 0.70145
191000 0.134926 0.301807 0.265065 0.701798
192000 0.140805 0.303744 0.257266 0.701815
193000 0.125957 0.287856 0.26496 0.678773
194000 0.155422 0.290226 0.285677 0.731325
195000 0.119366 0.290947 0.268999 0.679312
196000 0.133757 0.288787 0.275818 0.698362
197000 0.134263 0.323015 0.267501 0.724779
198000 0.126816 0.278966 0.273226 0.679008
199000 0.120468 0.305447 0.280601 0.706516
200000 0.125543 0.290057 0.275548 0.691148
201000 0.142497 0.288437 0.283011 0.713945
202000 0.12877 0.301214 0.276291 0.706276
203000 0.137362 0.293722 0.270915 0.701999
204000 0.129332 0.300614 0.282191 0.712138
205000 0.127788 0.29357 0.27693 0.698288
206000 0.144182 0.304511 0.29452 0.743213
207000 0.133018 0.294478 0.288042 0.715538
208000 0.153332 0.300668 0.288939 0.742939
209000 0.123086 0.299228 0.279254 0.701568
210000 0.130353 0.30738 0.258253 0.695987
211000 0.143068 0.292546 0.289257 0.724871
212000 0.127639 0.281098 0.269702 0.678438
213000 0.151269 0.307859 0.279449 0.738577
214000 0.120281 0.292564 0.276518 0.689363
215000 0.135244 0.309519 0.283589 0.728353
216000 0.130009 0.299492 0.295471 0.724973
217000 0.13588 0.313688 0.268548 0.718116
218000 0.126819 0.292973 0.268241 0.688033
219000 0.126043 0.30092 0.277567 0.70453
220000 0.13952 0.309806 0.271841 0.721166
221000 0.132397 0.286246 0.299149 0.717792
222000 0.130948 0.319637 0.285314 0.735898
223000 0.141526 0.291855 0.288423 0.721804
224000 0.129937 0.299058 0.273095 0.702089
225000 0.126582 0.298296 0.269037 0.693916
226000 0.135342 0.298202 0.28768 0.721224
227000 0.132307 0.302301 0.28573 0.720339
228000 0.135122 0.296294 0.297937 0.729353
229000 0.138997 0.292405 0.272741 0.704143
230000 0.132993 0.296903 0.284343 0.714239
231000 0.148741 0.304851 0.298882 0.752473
232000 0.12884 0.305087 0.304863 0.738791
233000 0.126955 0.315585 0.312355 0.754895
234000 0.142398 0.303641 0.298192 0.744231
235000 0.154809 0.357357 0.30968 0.821845
236000 0.128232 0.310564 0.298387 0.737182
237000 0.132181 0.299248 0.301641 0.73307
238000 0.134258 0.333695 0.326483 0.794436
239000 0.130292 0.312014 0.310429 0.752735
240000 0.137459 0.308701 0.330269 0.776428
241000 0.134466 0.313618 0.313482 0.761566
242000 0.128339 0.295362 0.302192 0.725893
243000 0.140327 0.326613 0.324368 0.791308
244000 0.132392 0.30673 0.3207 0.759822
245000 0.151396 0.31064 0.315981 0.778016
246000 0.135767 0.319689 0.318951 0.774407
247000 0.142914 0.313941 0.306492 0.763347
248000 0.138314 0.340426 0.330204 0.808944
249000 0.139294 0.326994 0.3147 0.780989
250000 0.155187 0.353194 0.350651 0.859032
251000 0.141416 0.331935 0.316803 0.790153
252000 0.142997 0.32233 0.317823 0.783149
253000 0.131555 0.338719 0.343596 0.81387
254000 0.140754 0.337393 0.329696 0.807843
255000 0.132464 0.345615 0.337937 0.816016
256000 0.139634 0.346417 0.331708 0.817759
257000 0.162022 0.367193 0.32752 0.856735
258000 0.146644 0.34636 0.356892 0.849895
259000 0.157924 0.350624 0.335291 0.843839
260000 0.14968 0.360316 0.335283 0.845279
261000 0.148727 0.35727 0.350616 0.856612
262000 0.165636 0.394886 0.34091 0.901431
263000 0.143259 0.350124 0.338615 0.831998
264000 0.172721 0.358627 0.350639 0.881987
265000 0.149691 0.366357 0.344261 0.860309
266000 0.161899 0.351245 0.327458 0.840601
267000 0.15223 0.371332 0.341773 0.865335
268000 0.157121 0.354826 0.351778 0.863725
269000 0.151023 0.364722 0.344195 0.85994
270000 0.148322 0.346414 0.35468 0.849416
271000 0.153748 0.35734 0.362823 0.873912
272000 0.15211 0.351559 0.349248 0.852918
273000 0.157504 0.351228 0.338179 0.846911
274000 0.144474 0.339219 0.355968 0.839662
275000 0.149244 0.353338 0.358943 0.861525
276000 0.165034 0.375808 0.375477 0.916318
277000 0.158837 0.371262 0.385945 0.916044
278000 0.160602 0.372906 0.358595 0.892102
279000 0.163155 0.348489 0.363289 0.874932
280000 0.157428 0.36494 0.366583 0.888951
281000 0.164325 0.356004 0.365978 0.886307
282000 0.1562 0.373598 0.40641 0.936208
283000 0.167731 0.383925 0.363536 0.915192
284000 0.15916 0.387847 0.395089 0.942096
285000 0.165132 0.404797 0.379729 0.949658
286000 0.157344 0.369946 0.37175 0.89904
287000 0.159756 0.369882 0.428087 0.957725
288000 0.180643 0.394328 0.374973 0.949944
289000 0.158725 0.361878 0.406462 0.927065
290000 0.161846 0.369077 0.407433 0.938356
291000 0.175716 0.370042 0.38304 0.928798
292000 0.164194 0.361483 0.418678 0.944355
293000 0.167106 0.378968 0.385027 0.931101
294000 0.156757 0.386543 0.397414 0.940713
295000 0.173807 0.380023 0.376752 0.930582
296000 0.164785 0.385509 0.393586 0.94388
297000 0.159622 0.382977 0.397492 0.940092
298000 0.159288 0.372198 0.381271 0.912758
299000 0.162507 0.380002 0.395716 0.938225
300000 0.158368 0.374794 0.384631 0.917794
301000 0.161494 0.390735 0.398677 0.950906
302000 0.183034 0.38486 0.384008 0.951901
303000 0.156753 0.397806 0.380963 0.935522
304000 0.169142 0.377785 0.388513 0.93544
305000 0.16144 0.391499 0.399365 0.952305
306000 0.167526 0.394073 0.39732 0.958918
307000 0.183752 0.394933 0.395467 0.974152
308000 0.165233 0.381151 0.392813 0.939197
309000 0.195269 0.397762 0.416032 1.00906
310000 0.161047 0.388063 0.411306 0.960416
311000 0.168261 0.396937 0.400071 0.965269
312000 0.168923 0.393889 0.397977 0.96079
313000 0.162212 0.38453 0.401454 0.948196
314000 0.1942 0.39536 0.406084 0.995644
315000 0.170791 0.383739 0.416236 0.970767
316000 0.166393 0.403914 0.411812 0.982119
317000 0.161965 0.398409 0.414309 0.974683
318000 0.17682 0.424042 0.397929 0.998791
319000 0.1593 0.398281 0.408443 0.966024
320000 0.173847 0.399473 0.411297 0.984617
321000 0.177025 0.421714 0.393817 0.992556
322000 0.182538 0.412807 0.406738 1.00208
323000 0.188757 0.419201 0.397455 1.00541
324000 0.172997 0.402426 0.4119 0.987324
325000 0.18147 0.416097 0.425967 1.02353
326000 0.171038 0.423653 0.396534 0.991225
327000 0.187869 0.405139 0.398052 0.991061
328000 0.172765 0.428595 0.401786 1.00315
329000 0.1663 0.408417 0.403084 0.977801
330000 0.193342 0.410675 0.39993 1.00395
331000 0.172576 0.424029 0.421791 1.0184
332000 0.177527 0.409843 0.418046 1.00542
333000 0.187116 0.45816 0.414462 1.05974
334000 0.183392 0.424472 0.423356 1.03122
335000 0.18824 0.41388 0.408607 1.01073
336000 0.184451 0.418732 0.429393 1.03258
337000 0.189199 0.422981 0.427411 1.03959
338000 0.216072 0.451909 0.425297 1.09328
339000 0.187562 0.433144 0.415216 1.03592
340000 0.194593 0.435282 0.411732 1.04161
341000 0.18979 0.428987 0.412605 1.03138
342000 0.180565 0.42716 0.444154 1.05188
343000 0.199396 0.44203 0.436484 1.07791
344000 0.177969 0.421256 0.426615 1.02584
345000 0.172117 0.441007 0.407654 1.02078
346000 0.183433 0.435023 0.403342 1.0218
347000 0.18324 0.427845 0.408123 1.01921
348000 0.20861 0.432954 0.415762 1.05733
349000 0.181087 0.429217 0.425538 1.03584
350000 0.190722 0.450047 0.431062 1.07183
351000 0.187372 0.440744 0.427804 1.05592
352000 0.174449 0.448877 0.44949 1.07282
353000 0.207027 0.457692 0.427118 1.09184
354000 0.18321 0.428678 0.416832 1.02872
355000 0.192415 0.447008 0.424306 1.06373
356000 0.177082 0.416843 0.407738 1.00166
357000 0.191562 0.432891 0.430248 1.0547
358000 0.228256 0.44891 0.417342 1.09451
359000 0.191879 0.433027 0.428476 1.05338
360000 0.215822 0.447475 0.425443 1.08874
361000 0.177908 0.439309 0.427899 1.04512
362000 0.19514 0.448765 0.443167 1.08707
363000 0.19186 0.451395 0.443792 1.08705
364000 0.181022 0.430669 0.445455 1.05715
365000 0.190046 0.478372 0.435058 1.10348
366000 0.186057 0.446998 0.419077 1.05213
367000 0.196025 0.465896 0.436618 1.09854
368000 0.190405 0.449077 0.418475 1.05796
369000 0.184313 0.467358 0.443082 1.09475
370000 0.200501 0.452573 0.435778 1.08885
371000 0.1887 0.445491 0.451126 1.08532
372000 0.195979 0.467314 0.443031 1.10632
373000 0.192728 0.47391 0.438391 1.10503
374000 0.201368 0.45878 0.431918 1.09207
375000 0.196319 0.498987 0.4355 1.13081
376000 0.187615 0.47214 0.451033 1.11079
377000 0.196613 0.472949 0.445197 1.11476
378000 0.192019 0.484532 0.457112 1.13366
379000 0.210534 0.490577 0.453509 1.15462
380000 0.201323 0.490935 0.450216 1.14247
381000 0.220923 0.471116 0.454239 1.14628
382000 0.190596 0.477415 0.45216 1.12017
383000 0.193578 0.489651 0.455649 1.13888
384000 0.203297 0.473548 0.462832 1.13968
385000 0.208669 0.488679 0.468216 1.16556
386000 0.213847 0.489565 0.464501 1.16791
387000 0.195967 0.483334 0.461408 1.14071
388000 0.196413 0.47959 0.488285 1.16429
389000 0.201608 0.483352 0.46331 1.14827
390000 0.190301 0.493008 0.446471 1.12978
391000 0.214287 0.497654 0.478577 1.19052
392000 0.202896 0.483106 0.446596 1.1326
393000 0.21714 0.506494 0.480339 1.20397
394000 0.198663 0.500319 0.468879 1.16786
395000 0.202129 0.495855 0.472012 1.17
396000 0.23783 0.526627 0.454969 1.21943
397000 0.20743 0.49331 0.453177 1.15392
398000 0.231509 0.50236 0.476173 1.21004
399000 0.210867 0.497663 0.455952 1.16448
400000 0.197949 0.511363 0.477068 1.18638
401000 0.204786 0.507858 0.476338 1.18898
402000 0.196909 0.507347 0.480634 1.18489
403000 0.203415 0.507293 0.489262 1.19997
404000 0.192622 0.493768 0.467732 1.15412
405000 0.203865 0.504974 0.480998 1.18984
406000 0.204548 0.486498 0.484403 1.17545
407000 0.195857 0.492759 0.476946 1.16556
408000 0.204209 0.530519 0.492122 1.22685
409000 0.209827 0.49931 0.486935 1.19607
410000 0.208382 0.500892 0.473888 1.18316
411000 0.210328 0.509917 0.485512 1.20576
412000 0.215759 0.497348 0.477645 1.19075
413000 0.196784 0.49729 0.482262 1.17634
414000 0.208537 0.505924 0.473356 1.18782
415000 0.198648 0.496246 0.47973 1.17462
416000 0.215623 0.524349 0.466427 1.2064
417000 0.20202 0.494097 0.481594 1.17771
418000 0.194189 0.522004 0.483962 1.20015
419000 0.214816 0.509429 0.485122 1.20937
420000 0.210652 0.538108 0.504603 1.25336
421000 0.200468 0.515091 0.504372 1.21993
422000 0.202583 0.508583 0.501758 1.21292
423000 0.206902 0.511997 0.503448 1.22235
424000 0.202976 0.506243 0.493387 1.20261
425000 0.211684 0.525104 0.491144 1.22793
426000 0.208089 0.510817 0.510536 1.22944
427000 0.207144 0.517136 0.504246 1.22852
428000 0.200224 0.527497 0.49511 1.22283
429000 0.202282 0.517729 0.495939 1.21595
430000 0.205819 0.531302 0.496423 1.23354
431000 0.208967 0.527923 0.488095 1.22499
432000 0.224105 0.535088 0.488084 1.24728
433000 0.205452 0.538878 0.50595 1.25028
434000 0.207812 0.526691 0.503132 1.23764
435000 0.215611 0.527776 0.496777 1.24016
436000 0.200009 0.531654 0.479852 1.21152
437000 0.21245 0.52591 0.499959 1.23832
438000 0.206272 0.52918 0.498701 1.23415
439000 0.209362 0.517842 0.502426 1.22963
440000 0.198607 0.52706 0.501796 1.22746
441000 0.197355 0.528404 0.495428 1.22119
442000 0.209382 0.533382 0.49131 1.23407
443000 0.199398 0.533779 0.493499 1.22668
444000 0.214157 0.520379 0.515628 1.25016
445000 0.198481 0.540505 0.494363 1.23335
446000 0.190936 0.543407 0.535332 1.26967
447000 0.229253 0.542639 0.525417 1.29731
448000 0.203941 0.551535 0.48477 1.24025
449000 0.235098 0.532892 0.494134 1.26212
450000 0.214712 0.569158 0.506514 1.29038
451000 0.220232 0.548742 0.523095 1.29207
452000 0.202075 0.533997 0.529401 1.26547
453000 0.19718 0.549731 0.500318 1.24723
454000 0.215246 0.557997 0.511307 1.28455
455000 0.224955 0.570611 0.5208 1.31637
456000 0.22053 0.54314 0.544379 1.30805
457000 0.204013 0.553883 0.534408 1.2923
458000 0.213413 0.561885 0.510867 1.28617
459000 0.227716 0.569381 0.527997 1.32509
460000 0.210258 0.557464 0.512591 1.28031
461000 0.208363 0.565983 0.525596 1.29994
462000 0.210531 0.55361 0.538947 1.30309
463000 0.223645 0.548426 0.524081 1.29615
464000 0.214046 0.551396 0.527079 1.29252
465000 0.210335 0.559123 0.510681 1.28014
466000 0.224415 0.555339 0.510247 1.29
467000 0.232218 0.568781 0.523641 1.32464
468000 0.240969 0.560367 0.527749 1.32909
469000 0.216879 0.560273 0.539829 1.31698
470000 0.213238 0.536221 0.512202 1.26166
471000 0.219694 0.580087 0.509157 1.30894
472000 0.20983 0.555106 0.526402 1.29134
473000 0.230173 0.555087 0.540011 1.32527
474000 0.238119 0.57579 0.540513 1.35442
475000 0.208099 0.558545 0.508542 1.27519
476000 0.215829 0.565436 0.520005 1.30127
477000 0.212386 0.567276 0.535816 1.31548
478000 0.233816 0.573612 0.548408 1.35584
479000 0.223717 0.576058 0.553 1.35278
480000 0.217706 0.580332 0.529457 1.3275
481000 0.213244 0.584057 0.524483 1.32178
482000 0.217421 0.574867 0.514602 1.30689
483000 0.221283 0.568133 0.537685 1.3271
484000 0.209297 0.558124 0.53471 1.30213
485000 0.225922 0.584856 0.513244 1.32402
486000 0.21364 0.575481 0.528878 1.318
487000 0.214521 0.583615 0.513966 1.3121
488000 0.217694 0.567258 0.538009 1.32296
489000 0.216566 0.575514 0.525893 1.31797
490000 0.216829 0.590234 0.525768 1.33283
491000 0.214785 0.580329 0.531413 1.32653
492000 0.216747 0.564591 0.539234 1.32057
493000 0.211333 0.56579 0.53424 1.31136
494000 0.213691 0.574064 0.520856 1.30861
495000 0.20694 0.576384 0.518027 1.30135
496000 0.237781 0.5751 0.512562 1.32544
497000 0.238725 0.587096 0.522796 1.34862
498000 0.21599 0.586244 0.532708 1.33494
499000 0.206924 0.588969 0.540319 1.33621
500000 0.221363 0.59483 0.540846 1.35704
501000 0.220247 0.577616 0.533391 1.33125
502000 0.212209 0.590807 0.53817 1.34119
503000 0.219002 0.582544 0.547128 1.34867
504000 0.211117 0.589698 0.576623 1.37744
505000 0.227271 0.613774 0.55345 1.39449
506000 0.227651 0.592745 0.546907 1.3673
507000 0.217896 0.61067 0.544896 1.37346
508000 0.23441 0.603735 0.553785 1.39193
509000 0.215337 0.609975 0.544069 1.36938
510000 0.217323 0.606936 0.556948 1.38121
511000 0.222623 0.608016 0.542064 1.3727
512000 0.220853 0.61266 0.541382 1.37489
513000 0.224243 0.598839 0.550111 1.37319
514000 0.215425 0.621048 0.549419 1.38589
515000 0.224303 0.615053 0.566566 1.40592
516000 0.222082 0.633904 0.548017 1.404
517000 0.225409 0.614231 0.546617 1.38626
518000 0.217131 0.623516 0.561111 1.40176
519000 0.221701 0.643341 0.547855 1.4129
520000 0.22358 0.608181 0.551719 1.38348
521000 0.218453 0.618843 0.568617 1.40591
522000 0.228098 0.619965 0.557039 1.4051
523000 0.221916 0.607558 0.550569 1.38004
524000 0.216014 0.640512 0.558573 1.4151
525000 0.217976 0.60519 0.561895 1.38506
526000 0.224136 0.612675 0.573485 1.4103
527000 0.220126 0.605173 0.572831 1.39813
528000 0.228207 0.622361 0.564894 1.41546
529000 0.225834 0.630202 0.576125 1.43216
530000 0.225539 0.608224 0.56679 1.40055
531000 0.221593 0.634132 0.585151 1.44088
532000 0.215333 0.625403 0.591921 1.43266
533000 0.231712 0.634509 0.564683 1.4309
534000 0.219714 0.608306 0.571613 1.39963
535000 0.230293 0.642261 0.562408 1.43496
536000 0.230828 0.623443 0.570182 1.42445
537000 0.225447 0.618369 0.589045 1.43286
538000 0.224471 0.614723 0.572653 1.41185
539000 0.238338 0.630794 0.577274 1.44641
540000 0.248983 0.630029 0.583294 1.46231
541000 0.21385 0.628803 0.581451 1.4241
542000 0.230065 0.615586 0.573213 1.41887
543000 0.222578 0.634254 0.582036 1.43887
544000 0.223386 0.624184 0.589383 1.43695
545000 0.236473 0.646002 0.600341 1.48282
546000 0.22387 0.618419 0.579737 1.42203
547000 0.232727 0.629333 0.580809 1.44287
548000 0.220065 0.627743 0.578506 1.42631
549000 0.217132 0.626751 0.580448 1.42433
550000 0.227923 0.64699 0.576533 1.45145
551000 0.237881 0.633198 0.574879 1.44596
552000 0.23798 0.643208 0.587145 1.46833
553000 0.225937 0.637396 0.590458 1.45379
554000 0.221126 0.613028 0.587924 1.42208
555000 0.224782 0.641051 0.591863 1.4577
556000 0.22203 0.665451 0.611168 1.49865
557000 0.237983 0.632795 0.589264 1.46004
558000 0.228113 0.661422 0.597995 1.48753
559000 0.223518 0.646489 0.588537 1.45854
560000 0.226967 0.645119 0.589656 1.46174
561000 0.225436 0.655624 0.614471 1.49553
562000 0.231142 0.65391 0.622832 1.50788
563000 0.21892 0.62939 0.597036 1.44535
564000 0.229592 0.643509 0.582269 1.45537
565000 0.228187 0.638403 0.59355 1.46014
566000 0.218366 0.636274 0.591012 1.44565
567000 0.24327 0.648036 0.587143 1.47845
568000 0.229097 0.634227 0.601416 1.46474
569000 0.261494 0.653386 0.596309 1.51119
570000 0.228651 0.650397 0.605649 1.4847
571000 0.228335 0.64708 0.60061 1.47602
572000 0.259974 0.662337 0.603791 1.5261
573000 0.243554 0.662735 0.586839 1.49313
574000 0.255907 0.646167 0.604587 1.50666
575000 0.222585 0.638767 0.584046 1.4454
576000 0.238828 0.653403 0.608199 1.50043
577000 0.246358 0.647962 0.600578 1.4949
578000 0.224783 0.665857 0.623138 1.51378
579000 0.241326 0.67146 0.621929 1.53472
580000 0.235005 0.657131 0.624692 1.51683
581000 0.234205 0.671524 0.64098 1.54671
582000 0.231263 0.648872 0.623616 1.50375
583000 0.228157 0.670813 0.606295 1.50527
584000 0.234589 0.681406 0.611388 1.52738
585000 0.229256 0.677276 0.631077 1.53761
586000 0.228431 0.691383 0.665834 1.58565
587000 0.226438 0.661294 0.676362 1.56409
588000 0.226456 0.692869 0.624627 1.54395
589000 0.226545 0.694227 0.619415 1.54019
590000 0.235127 0.698081 0.638505 1.57171
591000 0.233203 0.666548 0.651905 1.55166
592000 0.230448 0.667973 0.709153 1.60757
593000 0.232737 0.703552 0.632425 1.56871
594000 0.230086 0.71427 0.631296 1.57565
595000 0.234523 0.701372 0.629154 1.56505
596000 0.233214 0.685864 0.64411 1.56319
597000 0.231063 0.712162 0.661133 1.60436
598000 0.225306 0.677769 0.664238 1.56731
599000 0.24388 0.706551 0.662815 1.61325
600000 0.234773 0.693325 0.641276 1.56937
601000 0.262832 0.70843 0.645624 1.61689
602000 0.223972 0.690652 0.667031 1.58165
603000 0.226299 0.706704 0.651191 1.58419
604000 0.254455 0.697331 0.64905 1.60084
605000 0.251534 0.725271 0.664604 1.64141
606000 0.24908 0.696891 0.664563 1.61053
607000 0.232205 0.702129 0.667353 1.60169
608000 0.234169 0.713426 0.652932 1.60053
609000 0.238959 0.698742 0.638136 1.57584
610000 0.236719 0.688051 0.658041 1.58281
611000 0.246877 0.68937 0.674381 1.61063
612000 0.237123 0.694071 0.65952 1.59071
613000 0.235953 0.733692 0.65346 1.62311
614000 0.250404 0.714755 0.652285 1.61744
615000 0.243603 0.719757 0.64611 1.60947
616000 0.236142 0.691314 0.654999 1.58245
617000 0.244553 0.698627 0.64664 1.58982
618000 0.238838 0.687528 0.659691 1.58606
619000 0.253126 0.697212 0.669623 1.61996
620000 0.236375 0.750493 0.673596 1.66046
621000 0.255115 0.706969 0.656343 1.61843
622000 0.250387 0.727011 0.673099 1.6505
623000 0.242296 0.705894 0.660787 1.60898
624000 0.251941 0.719354 0.656792 1.62809
625000 0.24875 0.729115 0.663557 1.64142
626000 0.266743 0.723472 0.686602 1.67682
627000 0.248974 0.743954 0.704697 1.69762
628000 0.257484 0.727075 0.684118 1.66868
629000 0.252566 0.733512 0.669832 1.65591
630000 0.250662 0.71782 0.667028 1.63551
631000 0.255841 0.738572 0.67236 1.66677
632000 0.255705 0.773768 0.680676 1.71015
633000 0.252606 0.73493 0.668097 1.65563
634000 0.253689 0.728305 0.678351 1.66034
635000 0.260681 0.737435 0.69615 1.69427
636000 0.251882 0.734316 0.704696 1.69089
637000 0.275902 0.749914 0.669923 1.69574
638000 0.25138 0.744285 0.683076 1.67874
639000 0.247744 0.742529 0.691625 1.6819
640000 0.270778 0.751648 0.697636 1.72006
641000 0.256286 0.737672 0.716612 1.71057
642000 0.258887 0.763156 0.689701 1.71174
643000 0.258932 0.73111 0.706967 1.69701
644000 0.249939 0.730068 0.711668 1.69168
645000 0.257698 0.742133 0.708652 1.70848
646000 0.252742 0.741792 0.697998 1.69253
647000 0.263284 0.747922 0.710227 1.72143
648000 0.255955 0.749293 0.694919 1.70017
649000 0.250592 0.745215 0.699782 1.69559
650000 0.252692 0.738735 0.696627 1.68805
651000 0.272975 0.741051 0.70638 1.72041
652000 0.265922 0.747542 0.679012 1.69248
653000 0.25167 0.744281 0.707437 1.70339
654000 0.257118 0.778747 0.693429 1.72929
655000 0.258458 0.728983 0.687717 1.67516
656000 0.267418 0.751046 0.694823 1.71329
657000 0.246115 0.750133 0.706931 1.70318
658000 0.257141 0.729819 0.693813 1.68077
659000 0.275919 0.734843 0.684198 1.69496
660000 0.269262 0.767424 0.700985 1.73767
661000 0.266308 0.766151 0.696183 1.72864
662000 0.252555 0.7611 0.702507 1.71616
663000 0.269197 0.767606 0.698288 1.73509
664000 0.261043 0.766038 0.703448 1.73053
665000 0.263378 0.750095 0.686869 1.70034
666000 0.268655 0.755159 0.70761 1.73142
667000 0.256012 0.757242 0.690025 1.70328
668000 0.258124 0.766883 0.728168 1.75317
669000 0.265044 0.786314 0.705794 1.75715
670000 0.252709 0.773015 0.723381 1.74911
671000 0.260257 0.758684 0.714531 1.73347
672000 0.263341 0.762272 0.718802 1.74442
673000 0.264997 0.770817 0.715024 1.75084
674000 0.252108 0.790462 0.716142 1.75871
675000 0.279431 0.795471 0.710711 1.78561
676000 0.280326 0.776372 0.712769 1.76947
677000 0.282775 0.770249 0.718878 1.7719
678000 0.279661 0.784305 0.711812 1.77578
679000 0.275496 0.787981 0.705991 1.76947
680000 0.276022 0.785945 0.728903 1.79087
681000 0.272645 0.776801 0.732272 1.78172
682000 0.265859 0.782915 0.710706 1.75948
683000 0.276363 0.774914 0.71139 1.76267
684000 0.269954 0.779932 0.73942 1.78931
685000 0.291311 0.768286 0.726645 1.78624
686000 0.263967 0.801722 0.717976 1.78366
687000 0.281752 0.791165 0.732813 1.80573
688000 0.285886 0.800196 0.715625 1.80171
689000 0.278176 0.790261 0.71577 1.78421
690000 0.279942 0.804409 0.723022 1.80737
691000 0.269434 0.791819 0.732763 1.79402
692000 0.270161 0.792539 0.708512 1.77121
693000 0.280467 0.795554 0.729124 1.80514
694000 0.288524 0.771729 0.720117 1.78037
695000 0.2765 0.81073 0.711841 1.79907
696000 0.279713 0.809621 0.711613 1.80095
697000 0.28329 0.799203 0.749533 1.83203
698000 0.288965 0.801871 0.734049 1.82488
699000 0.280472 0.802746 0.731943 1.81516
700000 0.289369 0.804913 0.715798 1.81008
701000 0.292207 0.815786 0.726456 1.83445
702000 0.274675 0.787398 0.73408 1.79615
703000 0.283737 0.830282 0.757823 1.87184
704000 0.279863 0.80469 0.756296 1.84085
705000 0.281307 0.82692 0.732746 1.84097
706000 0.278476 0.811883 0.732305 1.82266
707000 0.283686 0.807368 0.716811 1.80787
708000 0.273377 0.801213 0.746572 1.82116
709000 0.289087 0.807384 0.740418 1.83689
710000 0.278661 0.823425 0.7462 1.84829
711000 0.284444 0.818156 0.74772 1.85032
712000 0.278678 0.827192 0.743961 1.84983
713000 0.282637 0.816212 0.736406 1.83525
714000 0.286515 0.789096 0.716792 1.7924
715000 0.289057 0.823568 0.748709 1.86133
716000 0.271493 0.824923 0.737293 1.83371
717000 0.282015 0.823302 0.756073 1.86139
718000 0.274323 0.841144 0.751445 1.86691
719000 0.292761 0.843657 0.77769 1.91411
720000 0.293278 0.840435 0.738167 1.87188
721000 0.279131 0.828237 0.761862 1.86923
722000 0.28948 0.849727 0.758262 1.89747
723000 0.282502 0.834462 0.752624 1.86959
724000 0.278058 0.82223 0.746822 1.84711
725000 0.291246 0.839577 0.750781 1.8816
726000 0.294021 0.831152 0.759858 1.88503
727000 0.28596 0.840674 0.775976 1.90261
728000 0.29671 0.841609 0.756052 1.89437
729000 0.288972 0.84286 0.751866 1.8837
730000 0.292368 0.858457 0.77317 1.92399
731000 0.283845 0.834219 0.765279 1.88334
732000 0.281542 0.850169 0.786903 1.91861
733000 0.28977 0.849524 0.783887 1.92318
734000 0.284945 0.858449 0.785524 1.92892
735000 0.290685 0.854508 0.768841 1.91403
736000 0.281634 0.850092 0.774184 1.90591
737000 0.293842 0.860255 0.762271 1.91637
738000 0.28043 0.835862 0.755567 1.87186
739000 0.288435 0.850867 0.782886 1.92219
740000 0.287598 0.832291 0.754595 1.87448
741000 0.291209 0.838037 0.775978 1.90522
742000 0.298482 0.855351 0.796555 1.95039
743000 0.296562 0.870567 0.767668 1.9348
744000 0.292871 0.856402 0.775434 1.92471
745000 0.297399 0.86615 0.782253 1.9458
746000 0.279353 0.843077 0.78425 1.90668
747000 0.295197 0.847184 0.764816 1.9072
748000 0.292957 0.871827 0.781246 1.94603
749000 0.307163 0.870741 0.774339 1.95224
750000 0.292008 0.851508 0.773612 1.91713
751000 0.279695 0.852982 0.7892 1.92188
752000 0.301632 0.873933 0.774998 1.95056
753000 0.297755 0.864897 0.792601 1.95525
754000 0.302543 0.886384 0.782561 1.97149
755000 0.3009 0.875344 0.776964 1.95321
756000 0.290814 0.884022 0.781577 1.95641
757000 0.304347 0.875455 0.791969 1.97177
758000 0.300516 0.888543 0.793789 1.98285
759000 0.301808 0.863814 0.813951 1.97957
760000 0.301286 0.869323 0.794878 1.96549
761000 0.301559 0.884393 0.79831 1.98426
762000 0.292636 0.887065 0.787373 1.96707
763000 0.300716 0.895072 0.799086 1.99487
764000 0.305971 0.889483 0.772945 1.9684
765000 0.287263 0.878004 0.796733 1.962
766000 0.309909 0.889539 0.812733 2.01218
767000 0.294662 0.898757 0.789903 1.98332
768000 0.280594 0.902036 0.791725 1.97436
769000 0.289751 0.902181 0.805993 1.99793
770000 0.29738 0.896821 0.807771 2.00197
771000 0.304497 0.900038 0.810272 2.01481
772000 0.297778 0.901333 0.809289 2.0084
773000 0.298436 0.927962 0.794427 2.02082
774000 0.300975 0.907833 0.777955 1.98676
775000 0.312013 0.937298 0.817404 2.06671
776000 0.292663 0.893801 0.802758 1.98922
777000 0.307795 0.904095 0.803659 2.01555
778000 0.299387 0.915146 0.817222 2.03175
779000 0.288697 0.905208 0.819088 2.01299
780000 0.318717 0.918457 0.822567 2.05974
781000 0.292854 0.924951 0.812984 2.03079
782000 0.303941 0.90824 0.855564 2.06774
783000 0.30326 0.933782 0.836129 2.07317
784000 0.302467 0.936939 0.852174 2.09158
785000 0.29516 0.937233 0.833474 2.06587
786000 0.294088 0.93252 0.838593 2.0652
787000 0.312038 0.927017 0.819903 2.05896
788000 0.303084 0.958677 0.872667 2.13443
789000 0.302069 0.959269 0.892505 2.15384
790000 0.300589 0.947868 0.885099 2.13356
791000 0.314464 0.947027 0.884144 2.14564
792000 0.309032 0.94556 0.872558 2.12715
793000 0.301538 0.954459 0.852488 2.10849
794000 0.310605 0.95714 0.887006 2.15475
795000 0.312606 0.960631 0.875327 2.14856
796000 0.309194 0.961401 0.886851 2.15745
797000 0.300214 0.961334 0.872291 2.13384
798000 0.314793 0.958495 0.88736 2.16065
799000 0.302161 0.947507 0.903014 2.15268
800000 0.30555 0.959472 0.846235 2.11126
801000 0.298526 0.94792 0.852595 2.09904
802000 0.30257 0.93751 0.854799 2.09488
803000 0.319154 0.93702 0.857878 2.11405
804000 0.303951 0.96109 0.871509 2.13655
805000 0.317208 0.951419 0.874937 2.14356
806000 0.305179 0.965043 0.87051 2.14073
807000 0.316609 0.968398 0.876201 2.16121
808000 0.310044 0.984648 0.903391 2.19808
809000 0.310826 0.992708 0.883629 2.18716
810000 0.317708 0.966719 0.876082 2.16051
811000 0.306565 0.962649 0.886296 2.15551
812000 0.320821 0.982527 0.911154 2.2145
813000 0.327909 0.979722 0.923853 2.23148
814000 0.30601 0.979135 0.901009 2.18615
815000 0.316177 0.989391 0.87153 2.1771
816000 0.306536 0.997411 0.914532 2.21848
817000 0.313356 1.01539 0.928503 2.25725
818000 0.324907 1.05368 0.945318 2.32391
819000 0.316446 1.01269 0.928352 2.25749
820000 0.332093 0.980716 0.92391 2.23672
821000 0.321316 1.00532 0.916458 2.24309
822000 0.350405 1.02071 0.937321 2.30844
823000 0.33565 1.01858 0.943038 2.29727
824000 0.327556 0.999742 0.933518 2.26082
825000 0.330388 1.00584 0.944516 2.28074
826000 0.329045 1.00911 0.927792 2.26595
827000 0.340106 1.0118 0.926409 2.27831
828000 0.324952 1.0282 0.940363 2.29351
829000 0.324848 1.00225 0.912376 2.23948
830000 0.323582 1.02054 0.931613 2.27573
831000 0.327191 1.01819 0.93168 2.27706
832000 0.325345 0.993028 0.919109 2.23748
833000 0.332958 1.03281 0.937774 2.30355
834000 0.339747 1.00489 0.914214 2.25885
835000 0.328487 1.04357 0.927835 2.29989
836000 0.327294 0.993156 0.926588 2.24704
837000 0.32994 1.01765 0.941496 2.28909
838000 0.325244 1.01542 0.942636 2.2833
839000 0.324294 1.02469 0.932774 2.28176
840000 0.319762 1.00595 0.939736 2.26545
841000 0.319823 1.01677 0.93022 2.26681
842000 0.335232 1.03061 0.93352 2.29936
843000 0.331348 1.00391 0.945546 2.2808
844000 0.329189 1.0215 0.948233 2.29893
845000 0.33485 1.00176 0.943495 2.28011
846000 0.329626 1.02578 0.929136 2.28454
847000 0.34134 1.064 0.961128 2.36647
848000 0.330242 1.02692 0.939406 2.29657
849000 0.34033 1.03794 0.93834 2.31661
850000 0.325414 1.02306 0.954225 2.3027
851000 0.335535 1.02719 0.948235 2.31096
852000 0.337555 1.03045 0.971022 2.33903
853000 0.325105 1.04261 0.989919 2.35764
854000 0.335013 1.02488 0.971203 2.3311
855000 0.329462 1.04802 0.944813 2.3223
856000 0.328753 1.03633 0.931626 2.29671
857000 0.322198 1.06182 0.926819 2.31083
858000 0.333336 1.00714 0.967259 2.30774
859000 0.336113 1.035 0.955039 2.32615
860000 0.324424 1.04321 0.963642 2.33127
861000 0.325181 1.04293 0.961364 2.32948
862000 0.337575 1.05515 0.947267 2.34
863000 0.328196 1.03784 0.966684 2.33272
864000 0.321613 1.03095 0.958434 2.31099
865000 0.338977 1.05705 0.967512 2.36354
866000 0.33089 1.03347 0.947083 2.31144
867000 0.339165 1.06412 0.980295 2.38358
868000 0.346546 1.02797 0.937998 2.31251
869000 0.338001 1.05376 0.947886 2.33964
870000 0.32142 1.05152 0.963414 2.33636
871000 0.363859 1.05566 0.975431 2.39495
872000 0.333302 1.07861 0.970732 2.38264
873000 0.336337 1.05984 0.961394 2.35757
874000 0.349188 1.06002 0.955255 2.36447
875000 0.318076 1.07991 0.967555 2.36554
876000 0.326739 1.09201 0.972641 2.39139
877000 0.371111 1.06313 0.968277 2.40252
878000 0.335879 1.06364 0.968331 2.36785
879000 0.324907 1.08435 0.97527 2.38452
880000 0.338205 1.05202 0.975258 2.36548
881000 0.325707 1.06795 0.960412 2.35407
882000 0.351177 1.06242 0.976566 2.39016
883000 0.324041 1.07585 0.966938 2.36683
884000 0.349814 1.08567 0.978765 2.41425
885000 0.333038 1.0533 0.982347 2.36869
886000 0.342734 1.0572 0.972738 2.37267
887000 0.329604 1.07919 0.956012 2.36481
888000 0.328966 1.08059 0.985678 2.39524
889000 0.329752 1.06995 0.98455 2.38425
890000 0.329897 1.06309 0.984273 2.37726
891000 0.338425 1.08391 0.971307 2.39365
892000 0.333136 1.08677 0.952008 2.37191
893000 0.340325 1.09051 0.951061 2.3819
894000 0.326983 1.09389 0.949217 2.37009
895000 0.323551 1.08611 0.967158 2.37682
896000 0.323856 1.11769 0.962756 2.4043
897000 0.328412 1.1083 0.96538 2.4021
898000 0.334891 1.10474 0.973123 2.41275
899000 0.327528 1.11019 0.97497 2.41269
900000 0.33462 1.11667 0.973898 2.42518
901000 0.332978 1.08444 0.954397 2.37182
902000 0.335341 1.11487 0.974198 2.42441
903000 0.331739 1.12669 0.994405 2.45283
904000 0.34381 1.10567 0.957039 2.40652
905000 0.328231 1.10688 0.976419 2.41154
906000 0.333737 1.1193 0.998106 2.45114
907000 0.334837 1.11177 0.987216 2.43382
908000 0.329075 1.11447 0.995928 2.43947
909000 0.342785 1.14056 0.971686 2.45503
910000 0.327522 1.11335 0.974828 2.4157
911000 0.337053 1.10924 0.976488 2.42278
912000 0.327005 1.10574 0.986645 2.41939
913000 0.336551 1.1155 0.978176 2.43023
914000 0.343544 1.08596 0.989901 2.4194
915000 0.323886 1.09612 0.975657 2.39567
916000 0.340528 1.11766 0.96755 2.42574
917000 0.328979 1.11264 0.976389 2.41801
918000 0.332089 1.10441 0.989902 2.4264
919000 0.331861 1.12265 1.01154 2.46605
920000 0.333266 1.10408 0.98874 2.42608
921000 0.34044 1.10674 0.955363 2.40255
922000 0.336611 1.09813 0.974997 2.40974
923000 0.346001 1.12076 0.958393 2.42515
924000 0.342141 1.09064 0.983422 2.41621
925000 0.339295 1.13098 0.986991 2.45727
926000 0.320617 1.11644 0.980614 2.41767
927000 0.324993 1.11418 0.989457 2.42863
928000 0.344583 1.12862 0.974305 2.44751
929000 0.325252 1.10814 0.996501 2.42989
930000 0.35649 1.10971 0.994046 2.46025
931000 0.337144 1.10245 0.978146 2.41774
932000 0.351544 1.12333 0.99076 2.46564
933000 0.346545 1.12879 0.986836 2.46217
934000 0.326533 1.12853 0.973596 2.42866
935000 0.375052 1.14802 0.987861 2.51093
936000 0.347163 1.1267 0.991928 2.46579
937000 0.351377 1.11258 0.997911 2.46187
938000 0.349433 1.11211 0.960562 2.42211
939000 0.342096 1.15604 1.01483 2.51297
940000 0.351255 1.12966 1.00504 2.48595
941000 0.34321 1.13533 1.0284 2.50694
942000 0.3513 1.11924 1.04721 2.51775
943000 0.342953 1.10611 0.995881 2.44494
944000 0.338093 1.11477 1.01204 2.4649
945000 0.342857 1.13355 0.993332 2.46974
946000 0.330548 1.11264 1.00828 2.45146
947000 0.348582 1.12094 1.02859 2.49811
948000 0.352113 1.10384 1.05631 2.51226
949000 0.342458 1.13473 1.01697 2.49416
950000 0.340441 1.13671 1.00056 2.47772
951000 0.346796 1.13983 1.02141 2.50804
952000 0.363106 1.1123 1.08245 2.55786
953000 0.35081 1.14548 1.04066 2.53695
954000 0.334988 1.13616 1.03125 2.50239
955000 0.342604 1.1466 0.989026 2.47823
956000 0.346636 1.11946 1.01917 2.48527
957000 0.360514 1.13448 1.05583 2.55082
958000 0.355347 1.12966 1.05512 2.54013
959000 0.353655 1.13004 1.05273 2.53642
960000 0.340546 1.13844 1.01506 2.49404
961000 0.339747 1.15336 1.02416 2.51726
962000 0.355032 1.13023 1.04226 2.52753
963000 0.35259 1.13165 1.0663 2.55054
964000 0.363588 1.14251 1.06596 2.57206
965000 0.347164 1.1419 1.01827 2.50734
966000 0.357521 1.15251 1.06511 2.57514
967000 0.339374 1.11757 1.02813 2.48508
968000 0.343036 1.15944 1.07362 2.57609
969000 0.355955 1.13219 1.04742 2.53556
970000 0.350277 1.14297 1.01569 2.50894
971000 0.352349 1.14487 1.02657 2.52379
972000 0.336621 1.15477 1.0303 2.5217
973000 0.339946 1.14385 1.05374 2.53753
974000 0.35992 1.11598 1.06541 2.54131
975000 0.356293 1.14015 1.02541 2.52185
976000 0.349673 1.15554 1.0432 2.54841
977000 0.346581 1.1525 1.0178 2.51688
978000 0.346379 1.14818 1.04226 2.53681
979000 0.355259 1.13223 1.03753 2.52501
980000 0.348477 1.15343 1.03905 2.54095
981000 0.354749 1.15356 1.05648 2.56479
982000 0.353554 1.14672 1.03677 2.53705
983000 0.345147 1.16115 1.044 2.5503
984000 0.367243 1.16223 1.04672 2.5762
985000 0.35011 1.16265 1.06334 2.57609
986000 0.34714 1.14887 1.07408 2.57009
987000 0.344814 1.1878 1.07319 2.6058
988000 0.356184 1.16141 1.06954 2.58713
989000 0.352238 1.16828 1.04955 2.57007
990000 0.350339 1.17708 1.07178 2.5992
991000 0.35661 1.18677 1.06487 2.60826
992000 0.353288 1.19269 1.06156 2.60753
993000 0.370662 1.19269 1.0893 2.65265
994000 0.345418 1.21946 1.06298 2.62785
995000 0.361211 1.20072 1.08067 2.64261
996000 0.367376 1.1967 1.08415 2.64822
997000 0.338971 1.18446 1.07098 2.59441
998000 0.35287 1.20904 1.08405 2.64596
999000 0.354127 1.18383 1.10535 2.64331
1000000 0.365521 1.1743 1.09114 2.63096
1001000 0.346266 1.19185 1.07023 2.60835
1002000 0.353188 1.19284 1.07138 2.6174
1003000 0.370159 1.17997 1.0761 2.62624
1004000 0.351763 1.19504 1.06915 2.61595
1005000 0.367773 1.20614 1.08602 2.65994
1006000 0.34365 1.19332 1.08899 2.62597
1007000 0.337636 1.19383 1.11096 2.64243
1008000 0.353496 1.21582 1.07986 2.64918
1009000 0.354145 1.20603 1.06611 2.62629
1010000 0.366351 1.20506 1.07612 2.64753
1011000 0.33874 1.21422 1.08073 2.63368
1012000 0.351361 1.21988 1.09924 2.67049
1013000 0.350695 1.21647 1.08269 2.64986
1014000 0.353896 1.18153 1.10139 2.63681
1015000 0.356769 1.19746 1.11841 2.67264
1016000 0.35879 1.20029 1.11331 2.67239
1017000 0.363241 1.20308 1.10456 2.67089
1018000 0.343681 1.23328 1.08834 2.66531
1019000 0.348193 1.2209 1.08384 2.65293
1020000 0.353008 1.20997 1.10274 2.66572
1021000 0.371523 1.21232 1.10002 2.68387
1022000 0.356794 1.21442 1.11419 2.6854
1023000 0.36027 1.22631 1.10104 2.68762
1024000 0.35358 1.2119 1.09846 2.66394
1025000 0.355297 1.21303 1.08395 2.65228
1026000 0.358385 1.1978 1.10664 2.66283
1027000 0.356199 1.21609 1.09879 2.67107
1028000 0.35405 1.21206 1.09586 2.66197
1029000 0.368378 1.23177 1.11139 2.71153
1030000 0.351525 1.19642 1.10683 2.65478
