 #  Elapsed Time    Sqr Displ.      Sqr Displ.     Sqr Displ.  KMC step
 #  ************    ***Total***       Atom Ni        Atom NiV  ********
  0.00000000E+00      0.0000000      0.0000000      0.0000000         0
  0.20847688E-10      5.9810955      5.9801823      0.0009133         1
  0.21711116E-10     12.2439833     12.2424435      0.0015398         2
  0.22667406E-10     18.3385213     18.3368008      0.0017206         3
  0.25328169E-10     24.5078825     24.5059178      0.0019647         4
  0.32822655E-10     30.8104812     30.8083305      0.0021507         5
  0.40457886E-10     37.0362959     37.0325539      0.0037419         6
  0.42254093E-10     43.0712616     43.0653251      0.0059365         7
  0.49275630E-10     49.2602082     49.2540167      0.0061915         8
  0.62392067E-10     55.4520594     55.4418700      0.0101894         9
  0.62961712E-10     49.2602084     49.2540169      0.0061915        10
  0.70400572E-10     55.4414325     55.4364493      0.0049831        11
  0.72602876E-10     61.6922954     61.6856395      0.0066560        12
  0.87144977E-10     67.8103568     67.8016117      0.0087452        13
  0.89047373E-10     74.0396559     74.0319651      0.0076909        14
  0.93960082E-10     80.3933031     80.3811612      0.0121419        15
  0.94257101E-10     86.5606934     86.5483539      0.0123395        16
  0.97813790E-10     92.6423398     92.6276430      0.0146968        17
  0.99447663E-10     98.8967363     98.8830369      0.0136994        18
  0.10692533E-09    105.0434425    105.0314505      0.0119919        19
  0.11552105E-09    111.1559720    111.1427874      0.0131846        20
  0.11642189E-09    117.4157902    117.4058394      0.0099509        21
  0.11975772E-09    123.7820149    123.7733409      0.0086741        22
  0.12019909E-09    117.4158302    117.4058794      0.0099509        23
  0.12038148E-09    123.7024029    123.6910003      0.0114026        24
  0.12058245E-09    129.8470398    129.8392489      0.0077909        25
  0.12423745E-09    136.0647685    136.0601450      0.0046235        26
  0.12467639E-09    142.4526087    142.4457763      0.0068324        27
  0.12963788E-09    142.2225354    142.2157485      0.0067869        28
  0.13399953E-09    148.3721567    148.3608738      0.0112829        29
  0.13775749E-09    154.5921311    154.5815956      0.0105354        30
  0.13857123E-09    160.7125991    160.7052989      0.0073001        31
  0.14046368E-09    160.6506342    160.6398151      0.0108191        32
  0.14083303E-09    154.4722781    154.4567903      0.0154878        33
  0.14177364E-09    160.5666787    160.5508877      0.0157909        34
  0.15370889E-09    166.9456434    166.9276926      0.0179508        35
  0.15628530E-09    173.1172042    173.0964959      0.0207083        36
  0.15692979E-09    179.4606465    179.4414257      0.0192208        37
  0.15846048E-09    185.5387143    185.5195149      0.0191994        38
  0.15893101E-09    191.6071002    191.5849000      0.0222001        39
  0.16269684E-09    197.6764596    197.6501683      0.0262914        40
  0.17055537E-09    203.7961252    203.7647589      0.0313664        41
  0.17220592E-09    210.0239334    209.9942397      0.0296938        42
  0.17291795E-09    216.3674434    216.3372824      0.0301610        43
  0.17794229E-09    222.5957050    222.5603675      0.0353375        44
  0.18005403E-09    216.3674425    216.3372815      0.0301610        45
  0.18765025E-09    222.6521772    222.6280390      0.0241382        46
  0.19053253E-09    228.8498386    228.8303748      0.0194638        47
  0.19296099E-09    234.9639392    234.9397728      0.0241664        48
  0.20221487E-09    228.8498320    228.8303682      0.0194638        49
  0.20642722E-09    222.6460276    222.6198515      0.0261760        50
  0.20678389E-09    222.3394612    222.3072894      0.0321718        51
  0.21220226E-09    222.5288608    222.4978107      0.0310501        52
  0.21857469E-09    228.6596809    228.6306366      0.0290443        53
  0.22691094E-09    234.8850486    234.8558324      0.0292162        54
  0.23693730E-09    241.1565115    241.1300606      0.0264509        55
  0.23729932E-09    247.3736855    247.3411926      0.0324929        56
  0.25123625E-09    253.5763600    253.5439441      0.0324159        57
  0.25619271E-09    259.8233411    259.7964947      0.0268464        58
  0.25621116E-09    266.0656662    266.0336945      0.0319717        59
  0.25661714E-09    272.1591564    272.1310285      0.0281279        60
  0.25982817E-09    278.3771918    278.3480544      0.0291373        61
  0.26634507E-09    284.5287878    284.5013418      0.0274461        62
  0.27101357E-09    290.7322485    290.7005886      0.0316599        63
  0.27334872E-09    296.9008361    296.8674346      0.0334014        64
  0.27534988E-09    302.9881915    302.9520645      0.0361270        65
  0.27538377E-09    309.1151480    309.0742384      0.0409096        66
  0.27995186E-09    315.3905130    315.3538788      0.0366342        67
  0.28159517E-09    321.6360074    321.5994580      0.0365494        68
  0.28294969E-09    327.8328037    327.7924979      0.0403058        69
  0.29217563E-09    334.2203365    334.1839444      0.0363921        70
  0.29531472E-09    340.3408200    340.2980517      0.0427683        71
  0.29759358E-09    352.4195931    352.3777484      0.0418447        72
  0.31032739E-09    352.6450603    352.6084230      0.0366372        73
  0.31150917E-09    352.4195610    352.3777162      0.0418448        74
  0.31172210E-09    358.9029355    358.8622358      0.0406997        75
  0.31201440E-09    365.0594808    365.0228316      0.0366492        76
  0.31417062E-09    365.0904531    365.0554582      0.0349950        77
  0.31424063E-09    371.1490441    371.1114422      0.0376018        78
  0.31551677E-09    377.3102898    377.2714324      0.0388574        79
  0.31585381E-09    371.1490783    371.1114764      0.0376019        80
  0.31837629E-09    377.3310447    377.2874714      0.0435733        81
  0.32019745E-09    383.3811859    383.3318675      0.0493185        82
  0.32318768E-09    389.4858464    389.4263041      0.0595423        83
  0.32515197E-09    395.8622363    395.8017125      0.0605238        84
  0.32554904E-09    402.1867546    402.1318158      0.0549388        85
  0.32598586E-09    408.2805182    408.2310961      0.0494221        86
  0.32767897E-09    414.5099164    414.4637100      0.0462063        87
  0.32968630E-09    426.7616266    426.7164333      0.0451933        88
  0.33508820E-09    433.0847603    433.0437033      0.0410570        89
  0.33893943E-09    439.2894823    439.2502783      0.0392040        90
  0.33961243E-09    445.4440096    445.4020086      0.0420010        91
  0.34338113E-09    451.8767163    451.8419521      0.0347642        92
  0.34578440E-09    458.2108623    458.1790025      0.0318597        93
  0.35004233E-09    464.5302040    464.5012210      0.0289829        94
  0.36938715E-09    470.5950227    470.5643735      0.0306493        95
  0.37336411E-09    476.8231160    476.7917005      0.0314155        96
  0.37361809E-09    482.9482214    482.9154589      0.0327625        97
  0.38396770E-09    489.2204271    489.1897509      0.0306761        98
  0.38568525E-09    495.2432921    495.2094005      0.0338916        99
  0.38596486E-09    501.4432466    501.4102627      0.0329840       100
  0.38850923E-09    495.2432905    495.2093989      0.0338916       101
  0.39184027E-09    501.5238347    501.4912889      0.0325457       102
  0.39927537E-09    507.6797792    507.6484692      0.0313100       103
  0.40030929E-09    513.8277606    513.7911483      0.0366123       104
  0.40281432E-09    519.9650203    519.9229243      0.0420960       105
  0.40316962E-09    526.0718051    526.0275582      0.0442468       106
  0.40403238E-09    519.9650182    519.9229222      0.0420960       107
  0.40647413E-09    526.1340411    526.0893682      0.0446729       108
  0.41569908E-09    532.3716521    532.3315808      0.0400713       109
  0.41696361E-09    538.6213143    538.5816539      0.0396604       110
  0.41786609E-09    544.9492512    544.9139385      0.0353127       111
  0.41943682E-09    551.1622466    551.1293591      0.0328876       112
  0.42405348E-09    557.3886801    557.3599468      0.0287333       113
  0.42935731E-09    563.6513265    563.6215828      0.0297437       114
  0.43100150E-09    557.4170634    557.3879577      0.0291058       115
  0.43447278E-09    563.6938713    563.6685744      0.0252969       116
  0.43753254E-09    569.9776064    569.9542536      0.0233528       117
  0.44370306E-09    563.6937587    563.6684618      0.0252969       118
  0.44498655E-09    569.9575158    569.9287642      0.0287516       119
  0.44781525E-09    581.9934294    581.9599405      0.0334890       120
  0.44792450E-09    569.9575171    569.9287656      0.0287515       121
  0.44929613E-09    576.0776670    576.0555297      0.0221374       122
  0.45365319E-09    569.9576058    569.9288581      0.0287476       123
  0.45523901E-09    582.0657161    582.0352452      0.0304709       124
  0.46409916E-09    588.2576591    588.2244708      0.0331883       125
  0.47236058E-09    600.6052129    600.5679885      0.0372244       126
  0.47960112E-09    606.7731040    606.7355116      0.0375924       127
  0.48214212E-09    612.9919444    612.9516618      0.0402826       128
  0.48566022E-09    619.3164992    619.2753349      0.0411644       129
  0.48688339E-09    625.3677691    619.2331431      6.1346260       130
  0.48831687E-09    619.3165027    619.2753383      0.0411644       131
  0.49138959E-09    625.3678269    619.2331288      6.1346980       132
  0.49249034E-09    631.9466082    619.4022291     12.5443791       133
  0.49260785E-09    637.8857716    619.3936504     18.4921213       134
  0.57880166E-09    631.9466110    619.4022295     12.5443815       135
  0.57951305E-09    637.6966805    619.3783527     18.3183279       136
  0.57951314E-09    631.9466807    619.4022380     12.5444427       137
  0.57999018E-09    637.8857464    619.3935939     18.4921524       138
  0.60606592E-09    631.9466833    619.4022383     12.5444450       139
  0.60645530E-09    637.6966793    619.3783514     18.3183280       140
  0.60692569E-09    631.9469673    619.4022764     12.5446909       141
  0.60694842E-09    637.8857607    619.3935980     18.4921626       142
  0.61881445E-09    631.9469698    619.4022767     12.5446930       143
  0.61897345E-09    637.8858488    619.3939525     18.4918963       144
  0.77000603E-09    655.9288509    631.5179568     24.4108941       145
  0.77866525E-09    662.1178273    637.7037390     24.4140882       146
  0.78102482E-09    668.2997634    643.9011940     24.3985694       147
  0.78177837E-09    674.6967143    650.2562051     24.4405092       148
  0.78208331E-09    674.5581461    650.1293560     24.4287901       149
  0.78363675E-09    680.9882425    656.5192775     24.4689650       150
  0.78544607E-09    686.4621612    656.4184476     30.0437136       151
  0.78583511E-09    680.9882714    656.5193099     24.4689615       152
  0.78903963E-09    687.0877421    662.6548857     24.4328563       153
  0.79488278E-09    693.4753078    669.0116341     24.4636737       154
  0.79552821E-09    699.6980292    675.2364914     24.4615378       155
  0.79578096E-09    705.8587559    681.4172281     24.4415279       156
  0.79685070E-09    711.9963636    687.5288985     24.4674650       157
  0.79877573E-09    718.1063580    693.6484270     24.4579310       158
  0.79898681E-09    724.3303885    699.8612696     24.4691189       159
  0.80449518E-09    730.4637825    706.0131275     24.4506549       160
  0.80627116E-09    730.3687322    705.9248486     24.4438835       161
  0.80816350E-09    735.8859836    705.8739073     30.0120763       162
  0.80893474E-09    730.3688418    705.9249419     24.4438999       163
  0.81340205E-09    736.6938959    712.2528990     24.4409969       164
  0.81605571E-09    743.1032049    718.6554966     24.4477083       165
  0.82007073E-09    748.6111414    718.5829506     30.0281908       166
  0.82012010E-09    743.1031483    718.6554400     24.4477084       167
  0.82479581E-09    748.6111384    718.5829513     30.0281871       168
  0.82525799E-09    749.1769887    718.6873916     30.4895972       169
  0.82534607E-09    755.2416442    718.6475533     36.5940909       170
  0.82687403E-09    761.4394955    724.7995518     36.6399437       171
  0.83007250E-09    767.6599018    731.0214762     36.6384256       172
  0.83050793E-09    773.8310773    737.1925182     36.6385591       173
  0.83194183E-09    779.9577660    743.3009529     36.6568130       174
  0.83239962E-09    773.9214948    743.3644849     30.5570100       175
  0.83249640E-09    773.3261040    743.2686742     30.0574298       176
  0.83320252E-09    779.2581839    743.2868358     35.9713481       177
  0.83358716E-09    773.3261367    743.2687060     30.0574307       178
  0.83373119E-09    773.8575270    743.3413365     30.5161905       179
  0.83470243E-09    779.9143313    743.2890302     36.6253010       180
  0.83523264E-09    786.2018135    749.5336026     36.6682109       181
  0.83615605E-09    792.5569503    755.9160725     36.6408777       182
  0.83851398E-09    786.5142465    755.9758924     30.5383541       183
  0.84046605E-09    792.4381665    761.9044030     30.5337635       184
  0.84065243E-09    798.0435637    761.8874362     36.1561275       185
  0.84071775E-09    803.4213240    761.8535479     41.5677760       186
  0.84136209E-09    809.8037081    761.8082632     47.9954449       187
  0.84245526E-09    803.4213253    761.8535476     41.5677777       188
  0.84401613E-09    809.9241498    761.8590172     48.0651326       189
  0.84469596E-09    816.4778189    761.8482470     54.6295719       190
  0.84772556E-09    809.9241510    761.8590187     48.0651323       191
  0.84799363E-09    803.4565564    761.8896792     41.5668772       192
  0.84813687E-09    809.8698899    761.9237278     47.9461621       193
  0.84826867E-09    815.6602215    761.7579719     53.9022496       194
  0.84891334E-09    821.9389876    761.8182955     60.1206920       195
  0.84915921E-09    828.4481938    761.8881947     66.5599991       196
  0.84930065E-09    834.8866138    768.2124961     66.6741177       197
  0.84940013E-09    840.8870560    768.1772324     72.7098237       198
  0.84986839E-09    834.8863233    768.2123038     66.6740196       199
  0.84991738E-09    828.2167964    768.0041617     60.2126347       200
  0.85079178E-09    840.6910712    780.3461528     60.3449184       201
  0.85105230E-09    846.6613993    786.3478724     60.3135269       202
  0.85149363E-09    859.3125264    798.9538440     60.3586824       203
  0.85179744E-09    865.6378954    799.6981247     65.9397707       204
  0.85236360E-09    871.5447840    799.9039378     71.6408462       205
  0.85282665E-09    865.6378257    799.6980971     65.9397286       206
  0.85378714E-09    872.0752077    799.3841486     72.6910591       207
  0.85408500E-09    860.4614197    799.2529024     61.2085172       208
  0.85526417E-09    860.3401884    799.2955175     61.0446709       209
  0.85530570E-09    872.5260635    799.2253785     73.3006851       210
  0.85638024E-09    878.5026522    799.0838346     79.4188176       211
  0.85639719E-09    884.0650587    799.1472591     84.9177996       212
  0.85645425E-09    878.3087530    793.1278243     85.1809286       213
  0.85665734E-09    884.5703358    799.3688142     85.2015216       214
  0.85827355E-09    878.5973378    799.5055849     79.0917529       215
  0.85850889E-09    884.5703334    799.3688129     85.2015205       216
  0.85909982E-09    890.7670675    805.5635990     85.2034685       217
  0.85971664E-09    896.9292407    811.7210335     85.2082072       218
  0.86045634E-09    890.7667688    805.5633998     85.2033690       219
  0.86532242E-09    884.8199628    805.7192818     79.1006809       220
  0.86583379E-09    890.7667727    805.5634037     85.2033690       221
  0.86583644E-09    896.9566757    811.7534991     85.2031766       222
  0.86707285E-09    902.8698504    811.6412280     91.2286224       223
  0.86763828E-09    896.9167194    811.7707343     85.1459851       224
  0.86774638E-09    903.7908847    812.0214748     91.7694099       225
  0.86873533E-09    909.9526516    818.1825118     91.7701398       226
  0.86895034E-09    915.8269291    818.0481507     97.7787784       227
  0.87005490E-09    921.8831592    824.0617452     97.8214140       228
  0.87010142E-09    928.2298095    830.3930816     97.8367279       229
  0.87094167E-09    934.4502095    836.6303539     97.8198556       230
  0.87098796E-09    940.4724471    842.6578474     97.8145997       231
  0.87219099E-09    933.6085307    842.3885518     91.2199789       232
  0.87276780E-09    940.0296521    848.7913192     91.2383329       233
  0.87453770E-09    946.1428822    854.8897005     91.2531817       234
  0.87495280E-09    952.8830910    855.0555628     97.8275282       235
  0.87507189E-09    946.8909511    855.1012315     91.7897196       236
  0.87562671E-09    964.6445170    855.0501056    109.5944115       237
  0.87650816E-09    970.6819162    861.0338244    109.6480918       238
  0.87801549E-09    976.6415706    867.1672311    109.4743396       239
  0.88142738E-09    982.9010967    867.2578816    115.6432151       240
  0.88215358E-09    976.6414177    867.1672272    109.4741905       241
  0.88434478E-09    982.7509174    873.2802276    109.4706897       242
  0.88673575E-09    989.1358618    879.6683122    109.4675496       243
  0.89017599E-09    995.3468934    885.8509311    109.4959623       244
  0.89125723E-09    989.3987565    879.7310994    109.6676571       245
  0.89777412E-09    995.5025416    885.8134865    109.6890551       246
  0.89878912E-09   1001.6578255    891.9543450    109.7034805       247
  0.90397995E-09   1007.8406463    898.1479251    109.6927212       248
  0.90504900E-09   1014.1312451    904.4375663    109.6936787       249
  0.90764638E-09   1020.4152592    910.7346681    109.6805911       250
  0.90777264E-09   1026.4719539    916.8048648    109.6670891       251
  0.91174880E-09   1032.7616984    923.1019717    109.6597267       252
  0.91456569E-09   1038.6691416    929.0228781    109.6462635       253
  0.91509570E-09   1044.8408753    935.1836115    109.6572638       254
  0.92254955E-09   1051.0547547    941.3894256    109.6653291       255
  0.92691719E-09   1057.2589695    947.5826828    109.6762867       256
  0.93741876E-09   1063.3917062    953.7303333    109.6613729       257
  0.93868716E-09   1057.2589734    947.5826864    109.6762870       258
  0.93926904E-09   1063.7348671    947.7730822    115.9617849       259
  0.94186449E-09   1069.9731936    954.0323887    115.9408049       260
  0.94249165E-09   1063.6429048    953.9684581    109.6744466       261
  0.94808339E-09   1069.8156915    960.1392790    109.6764126       262
  0.95221731E-09   1075.9342265    966.2626130    109.6716135       263
  0.95690401E-09   1082.1505910    972.4827424    109.6678485       264
  0.95957735E-09   1082.1477825    972.4721156    109.6756669       265
  0.97069156E-09   1082.1127512    972.4415193    109.6712319       266
  0.97115201E-09   1082.1474833    972.4720144    109.6754689       267
  0.97433453E-09   1082.1447379    972.4676602    109.6770778       268
  0.97886710E-09   1088.2678511    978.5957758    109.6720752       269
  0.98401364E-09   1094.4190356    984.7587476    109.6602880       270
  0.99560770E-09   1100.7802453    991.0833661    109.6968793       271
  0.99694488E-09   1106.9833218    997.2760479    109.7072738       272
  0.99934533E-09   1113.3754457   1003.6319681    109.7434776       273
  0.99953186E-09   1106.9833205    997.2760468    109.7072737       274
  0.10001993E-08   1113.2479438   1003.5269855    109.7209583       275
  0.10057443E-08   1119.4358167   1009.7039527    109.7318640       276
  0.10129103E-08   1113.2476433   1003.5268827    109.7207606       277
  0.10130173E-08   1119.6702343   1003.6759603    115.9942741       278
  0.10143678E-08   1113.3222390    997.3603670    115.9618720       279
  0.10145534E-08   1106.9625317    997.2422311    109.7203006       280
  0.10176121E-08   1100.7814602    991.0801443    109.7013158       281
  0.10180782E-08   1094.4314657    984.7656159    109.6658498       282
  0.10218449E-08   1100.6904897    991.0002394    109.6902503       283
  0.10249066E-08   1106.8149442    997.1283371    109.6866071       284
  0.10255210E-08   1112.9929903   1003.3221181    109.6708722       285
  0.10285829E-08   1106.8149490    997.1283423    109.6866066       286
  0.10317607E-08   1112.7989119   1003.2915692    109.5073428       287
  0.10324034E-08   1106.8178958   1002.8906189    103.9272770       288
  0.10329479E-08   1094.6941555    990.9132717    103.7808839       289
  0.10380494E-08   1112.9231878   1009.1363248    103.7868630       290
  0.10381632E-08   1119.1577933   1015.3586682    103.7991251       291
  0.10396918E-08   1113.1868794   1009.3981167    103.7887627       292
  0.10424080E-08   1119.0604552   1009.1524590    109.9079962       293
  0.10434319E-08   1113.3466865   1009.4397363    103.9069502       294
  0.10469488E-08   1120.1094302   1009.7299476    110.3794826       295
  0.10474482E-08   1125.5498085   1009.3470445    116.2027640       296
  0.10483007E-08   1120.1094248   1009.7299438    110.3794809       297
  0.10494982E-08   1125.8463657   1009.4685329    116.3778328       298
  0.10510029E-08   1132.2142800   1015.7706575    116.4436225       299
  0.10514005E-08   1131.8501107   1015.8198594    116.0302513       300
  0.10518683E-08   1132.2144895   1015.7708209    116.4436686       301
  0.10523505E-08   1138.1513639   1015.9590224    122.1923415       302
  0.10528719E-08   1144.8471991   1015.8885006    128.9586986       303
  0.10534240E-08   1151.2284308   1015.7607039    135.4677270       304
  0.10542523E-08   1163.4170105   1028.2114941    135.2055164       305
  0.10543984E-08   1151.2291544   1015.7610977    135.4680567       306
  0.10575365E-08   1157.3168673   1021.8619700    135.4548974       307
  0.10585767E-08   1163.4189824   1028.0786637    135.3403187       308
  0.10626013E-08   1163.1819797   1028.1291140    135.0528657       309
  0.10671587E-08   1169.5288834   1034.4744491    135.0544343       310
  0.10679252E-08   1175.2958180   1034.2275409    141.0682771       311
  0.10681371E-08   1181.2332229   1034.2129490    147.0202739       312
  0.10684954E-08   1187.7145193   1034.3452797    153.3692396       313
  0.10703328E-08   1193.9909903   1040.6002843    153.3907060       314
  0.10719367E-08   1200.5059076   1040.6307974    159.8751102       315
  0.10740237E-08   1199.9265583   1040.6281562    159.2984021       316
  0.10745454E-08   1205.9567691   1040.6007107    165.3560585       317
  0.10746528E-08   1211.9898820   1040.5794085    171.4104735       318
  0.10758340E-08   1212.5941352   1040.6144763    171.9796589       319
  0.10814028E-08   1212.4811530   1040.6075423    171.8736107       320
  0.10814412E-08   1218.5727885   1046.5961671    171.9766214       321
  0.10830798E-08   1218.0495781   1046.6236769    171.4259011       322
  0.10837838E-08   1218.5727357   1046.5961311    171.9766046       323
  0.10838436E-08   1212.7279069   1046.7958198    165.9320870       324
  0.10842459E-08   1218.7715815   1052.9050758    165.8665056       325
  0.10844543E-08   1224.7607004   1058.9055569    165.8551435       326
  0.10847191E-08   1243.2911246   1077.2939724    165.9971522       327
  0.10858046E-08   1249.8968299   1083.7678620    166.1289679       328
  0.10871376E-08   1256.3093407   1083.8314280    172.4779127       329
  0.10872568E-08   1262.3119696   1083.8087042    178.5032654       330
  0.10893402E-08   1268.5193757   1089.9658676    178.5535081       331
  0.10898063E-08   1280.5842407   1102.0452029    178.5390378       332
  0.10911617E-08   1293.0210935   1114.5011678    178.5199258       333
  0.10927964E-08   1298.6222225   1114.4912270    184.1309955       334
  0.10928674E-08   1299.3721795   1114.6653851    184.7067944       335
  0.10937720E-08   1305.5963154   1120.8697599    184.7265555       336
  0.11043056E-08   1310.6704156   1120.6752111    189.9952045       337
  0.11050305E-08   1317.1120320   1127.0693713    190.0426607       338
  0.11050899E-08   1311.9548199   1127.1910660    184.7637539       339
  0.11085504E-08   1318.0451575   1133.3092761    184.7358815       340
  0.11136035E-08   1317.3256493   1133.1561130    184.1695363       341
  0.11136462E-08   1318.0450969   1133.3092914    184.7358055       342
  0.11139769E-08   1318.1651287   1133.4253529    184.7397758       343
  0.11188380E-08   1324.3919750   1139.6518525    184.7401225       344
  0.11194027E-08   1336.1890783   1139.5967744    196.5923039       345
  0.11198674E-08   1324.3920194   1139.6519130    184.7401064       346
  0.11249148E-08   1323.6222911   1139.4474966    184.1747945       347
  0.11254863E-08   1329.6832034   1139.4400476    190.2431558       348
  0.11275193E-08   1329.4835903   1139.4566648    190.0269255       349
  0.11276623E-08   1335.9837268   1139.6384914    196.3452354       350
  0.11288288E-08   1329.4835931   1139.4566652    190.0269279       351
  0.11290989E-08   1329.6250575   1139.5013963    190.1236612       352
  0.11293227E-08   1335.6983751   1139.6957696    196.0026056       353
  0.11303297E-08   1341.2104839   1139.5087956    201.7016884       354
  0.11305441E-08   1335.6984317   1139.6958400    196.0025917       355
  0.11306848E-08   1341.8847839   1139.6771735    202.2076104       356
  0.11307989E-08   1348.1162279   1145.9099792    202.2062487       357
  0.11309126E-08   1360.7217452   1158.4993751    202.2223701       358
  0.11400689E-08   1366.8323816   1164.6008609    202.2315206       359
  0.11407269E-08   1372.8324945   1170.5593636    202.2731309       360
  0.11411379E-08   1379.2892442   1176.9103603    202.3788839       361
  0.11414441E-08   1391.5702014   1189.2062523    202.3639491       362
  0.11419152E-08   1397.9862843   1195.5635818    202.4227025       363
  0.11420070E-08   1391.7222631   1195.5210175    196.2012456       364
  0.11421745E-08   1379.2999355   1183.1032914    196.1966442       365
  0.11431567E-08   1385.4861783   1189.3043953    196.1817830       366
  0.11447388E-08   1391.9451993   1195.7598787    196.1853206       367
  0.11452283E-08   1397.4550558   1195.6234083    201.8316475       368
  0.11454949E-08   1391.9451356   1195.7599145    196.1852211       369
  0.11471026E-08   1398.1604619   1201.9312587    196.2292031       370
  0.11519561E-08   1404.3320239   1201.9345709    202.3974530       371
  0.11519955E-08   1398.1603294   1201.9312654    196.2290640       372
  0.11528248E-08   1403.6152660   1201.7151813    201.9000847       373
  0.11536681E-08   1409.8675440   1207.9232291    201.9443149       374
  0.11543578E-08   1415.8528111   1207.9357804    207.9170307       375
  0.11545860E-08   1415.3126558   1207.7728244    207.5398314       376
  0.11554955E-08   1421.7407229   1213.7477053    207.9930176       377
  0.11563233E-08   1415.8400343   1214.0723439    201.7676904       378
  0.11567111E-08   1422.4179133   1220.6145332    201.8033801       379
  0.11570830E-08   1422.4550684   1220.5555425    201.8995259       380
  0.11573954E-08   1428.6347214   1226.6864708    201.9482506       381
  0.11576030E-08   1434.6039194   1226.9787609    207.6251585       382
  0.11577218E-08   1441.0877059   1233.1400773    207.9476286       383
  0.11581851E-08   1446.9978860   1232.9239605    214.0739255       384
  0.11584152E-08   1453.0322280   1232.7350227    220.2972054       385
  0.11588916E-08   1465.0225072   1244.6964093    220.3260979       386
  0.11589537E-08   1464.9445350   1244.8346629    220.1098721       387
  0.11589670E-08   1459.6683810   1245.6406257    214.0277552       388
  0.11595334E-08   1464.9447552   1244.8347803    220.1099749       389
  0.11595587E-08   1465.0129239   1244.6941395    220.3187844       390
  0.11600416E-08   1495.1966764   1244.7262498    250.4704266       391
  0.11621627E-08   1506.8640166   1256.5780496    250.2859670       392
  0.11622114E-08   1501.8356548   1256.7699559    245.0656989       393
  0.11623360E-08   1506.8639774   1256.5780481    250.2859294       394
  0.11624094E-08   1495.2563859   1244.7637261    250.4926598       395
  0.11628817E-08   1489.7570315   1245.1704872    244.5865443       396
  0.11629202E-08   1495.2563857   1244.7637258    250.4926600       397
  0.11630196E-08   1489.7573360   1245.1706553    244.5866807       398
  0.11651506E-08   1495.2563855   1244.7637255    250.4926601       399
  0.11653371E-08   1495.1674760   1244.7072924    250.4601836       400
  0.11660588E-08   1489.6301158   1245.1043766    244.5257391       401
  0.11670930E-08   1495.1674766   1244.7072936    250.4601830       402
  0.11688170E-08   1489.6304241   1245.1045476    244.5258765       403
  0.11688980E-08   1483.0839388   1245.1753128    237.9086259       404
  0.11691316E-08   1483.3946209   1245.2834891    238.1111317       405
  0.11702838E-08   1477.3408112   1239.2384573    238.1023538       406
  0.11718135E-08   1489.6609720   1251.5745948    238.0863772       407
  0.11718901E-08   1501.2849588   1263.2822405    238.0027183       408
  0.11719281E-08   1495.5068858   1263.2216264    232.2852594       409
  0.11721163E-08   1520.5968001   1263.7948237    256.8019764       410
  0.11722761E-08   1526.4073195   1269.6141679    256.7931516       411
  0.11729830E-08   1550.2549995   1292.9352934    257.3197061       412
  0.11731914E-08   1526.4072905   1269.6141520    256.7931384       413
  0.11732584E-08   1532.8092083   1276.0237736    256.7854347       414
  0.11736597E-08   1556.6262219   1299.3291227    257.2970992       415
  0.11753802E-08   1580.4633761   1299.4188884    281.0444877       416
  0.11762730E-08   1556.6261488   1299.3291976    257.2969511       417
  0.11765413E-08   1562.9694643   1305.7130678    257.2563965       418
  0.11766573E-08   1581.5337316   1324.2974661    257.2362655       419
  0.11767672E-08   1581.1432523   1323.7548607    257.3883916       420
  0.11772732E-08   1581.5335780   1324.2976064    257.2359716       421
  0.11775361E-08   1563.4575237   1306.3512199    257.1063038       422
  0.11776461E-08   1581.5337007   1324.2977345    257.2359661       423
  0.11777423E-08   1587.8573093   1330.5638128    257.2934965       424
  0.11778560E-08   1581.5337131   1324.2977433    257.2359698       425
  0.11778661E-08   1588.0945322   1330.7264880    257.3680443       426
  0.11786380E-08   1613.4095702   1356.0231063    257.3864640       427
  0.11794876E-08   1612.4298850   1354.8959784    257.5339067       428
  0.11802137E-08   1618.4856593   1361.0398301    257.4458293       429
  0.11806609E-08   1619.7614285   1362.3768851    257.3845434       430
  0.11813408E-08   1625.7383825   1368.4034802    257.3349023       431
  0.11814043E-08   1607.3081623   1350.1486867    257.1594756       432
  0.11814122E-08   1600.8242238   1349.4079679    251.4162559       433
  0.11822609E-08   1606.5269656   1355.3276110    251.1993546       434
  0.11827761E-08   1575.1237077   1323.7963344    251.3273733       435
  0.11829081E-08   1552.0222990   1300.8942694    251.1280296       436
  0.11829176E-08   1557.9608651   1300.7158230    257.2450420       437
  0.11835303E-08   1581.8045844   1324.0102203    257.7943641       438
  0.11837403E-08   1557.9610250   1300.7159423    257.2450827       439
  0.11838340E-08   1558.0781768   1300.5239057    257.5542711       440
  0.11875351E-08   1557.9610339   1300.7159438    257.2450901       441
  0.11876332E-08   1564.3519012   1307.0100313    257.3418699       442
  0.11876918E-08   1570.2279823   1306.9513235    263.2766588       443
  0.11878954E-08   1570.5943757   1306.7664201    263.8279556       444
  0.11898760E-08   1582.4695857   1306.8940878    275.5754979       445
  0.11904030E-08   1576.7039606   1300.9433223    275.7606383       446
  0.11907508E-08   1582.4695929   1306.8941162    275.5754767       447
  0.11917157E-08   1569.9526814   1294.7729956    275.1796858       448
  0.11918396E-08   1582.4690472   1306.8938607    275.5751865       449
  0.11922223E-08   1588.6545016   1313.0580130    275.5964886       450
  0.11924578E-08   1582.9169108   1307.1550416    275.7618692       451
  0.11950575E-08   1588.6545088   1313.0580418    275.5964670       452
  0.11952628E-08   1582.9169116   1307.1550417    275.7618699       453
  0.11958997E-08   1588.6545161   1313.0580707    275.5964454       454
  0.11962456E-08   1582.9169123   1307.1550417    275.7618706       455
  0.11975118E-08   1588.6545644   1313.0581511    275.5964132       456
  0.11981110E-08   1582.9169131   1307.1550417    275.7618714       457
  0.11988905E-08   1588.6546237   1313.0582456    275.5963781       458
  0.11992654E-08   1594.9317898   1319.3169116    275.6148782       459
  0.12003355E-08   1589.2094417   1313.4078568    275.8015849       460
  0.12004712E-08   1594.9317975   1319.3169407    275.6148569       461
  0.12005059E-08   1589.2094430   1313.4078571    275.8015859       462
  0.12010065E-08   1594.9318052   1319.3169697    275.6148355       463
  0.12034376E-08   1589.2094442   1313.4078574    275.8015868       464
  0.12036535E-08   1594.9318131   1319.3169989    275.6148142       465
  0.12037782E-08   1588.7232698   1313.1143158    275.6089540       466
  0.12044297E-08   1576.1795975   1300.9975437    275.1820538       467
  0.12046106E-08   1581.1562704   1300.9859497    280.1703207       468
  0.12046356E-08   1587.4292468   1307.1999820    280.2292648       469
  0.12046695E-08   1581.6716093   1301.2797736    280.3918357       470
  0.12052774E-08   1576.7260463   1301.3057954    275.4202509       471
  0.12053810E-08   1588.9383229   1313.0355358    275.9027870       472
  0.12056123E-08   1594.5650340   1318.9220578    275.6429762       473
  0.12059164E-08   1588.9383263   1313.0355388    275.9027875       474
  0.12063723E-08   1613.7968450   1338.0408355    275.7560095       475
  0.12078411E-08   1588.9374797   1313.0350681    275.9024116       476
  0.12084761E-08   1595.1209736   1319.1569522    275.9640214       477
  0.12085638E-08   1601.3862223   1325.4422337    275.9439885       478
  0.12101049E-08   1613.9926366   1337.7464885    276.2461481       479
  0.12112453E-08   1644.7488928   1368.4052156    276.3436772       480
  0.12116406E-08   1613.9925943   1337.7465535    276.2460409       481
  0.12137736E-08   1601.3941261   1325.4785765    275.9155496       482
  0.12146700E-08   1607.0076779   1331.3481632    275.6595146       483
  0.12161054E-08   1601.3941294   1325.4785782    275.9155511       484
  0.12166810E-08   1589.0874130   1313.6751426    275.4122704       485
  0.12170574E-08   1601.3941326   1325.4785800    275.9155526       486
  0.12171788E-08   1619.6398964   1343.7632178    275.8766786       487
  0.12171906E-08   1643.9087307   1368.4857669    275.4229638       488
  0.12175678E-08   1644.0346964   1368.4298683    275.6048281       489
  0.12177690E-08   1650.0533324   1374.2384267    275.8149057       490
  0.12180877E-08   1656.6643828   1380.8677589    275.7966239       491
  0.12199826E-08   1643.5170242   1368.1371471    275.3798771       492
  0.12201432E-08   1619.9845113   1344.2745819    275.7099294       493
  0.12216690E-08   1613.7239244   1337.9418995    275.7820250       494
  0.12231098E-08   1655.7263218   1380.2815129    275.4448089       495
  0.12272230E-08   1679.6636934   1380.1559305    299.5077630       496
  0.12273645E-08   1686.7647275   1380.3560971    306.4086305       497
  0.12282542E-08   1722.8808209   1380.5138388    342.3669821       498
  0.12287027E-08   1717.1480962   1374.7764631    342.3716331       499
  0.12294330E-08   1723.7764702   1380.4047484    343.3717219       500
  0.12294606E-08   1729.6249542   1380.4688546    349.1560996       501
  0.12296917E-08   1723.7766265   1380.4047267    343.3718999       502
  0.12347140E-08   1724.1448923   1380.2829867    343.8619055       503
  0.12354111E-08   1723.7767872   1380.4047048    343.3720823       504
  0.12366919E-08   1729.9054372   1386.5147620    343.3906752       505
  0.12391657E-08   1735.9735873   1392.6169144    343.3566729       506
  0.12394753E-08   1736.3451783   1392.4879665    343.8572119       507
  0.12396154E-08   1735.9737470   1392.6168923    343.3568547       508
  0.12401500E-08   1736.3451776   1392.4879673    343.8572103       509
  0.12405502E-08   1735.9739065   1392.6168699    343.3570366       510
  0.12407088E-08   1742.1834097   1398.8554596    343.3279501       511
  0.12409722E-08   1742.7326219   1398.8596108    343.8730112       512
  0.12410279E-08   1742.1835727   1398.8554408    343.3281318       513
  0.12413987E-08   1705.2867869   1361.9562846    343.3305024       514
  0.12429570E-08   1717.9631801   1374.7545119    343.2086682       515
  0.12432510E-08   1711.2553346   1368.0608357    343.1944989       516
  0.12433505E-08   1699.6163468   1356.1739595    343.4423873       517
  0.12452736E-08   1705.2458175   1361.9409771    343.3048404       518
  0.12459210E-08   1711.2647923   1367.9428914    343.3219009       519
  0.12464933E-08   1721.6867526   1367.9851192    353.7016334       520
  0.12467377E-08   1715.8192483   1368.3265677    347.4926806       521
  0.12467962E-08   1721.6864812   1367.9851280    353.7013532       522
  0.12472969E-08   1717.0372674   1368.1028393    348.9344281       523
  0.12511301E-08   1691.7012297   1343.4945075    348.2067222       524
  0.12519970E-08   1697.8284453   1349.6367928    348.1916525       525
  0.12531739E-08   1703.8115217   1349.4879854    354.3235363       526
  0.12532371E-08   1697.9516230   1349.8619692    348.0896538       527
  0.12533279E-08   1698.3939397   1349.9826913    348.4112484       528
  0.12533346E-08   1692.5449060   1344.3620230    348.1828830       529
  0.12533815E-08   1698.0079568   1344.0398800    353.9680768       530
  0.12537164E-08   1693.0078436   1337.7939458    355.2138978       531
  0.12537242E-08   1698.0078106   1344.0398486    353.9679621       532
  0.12564471E-08   1692.6824419   1344.2022522    348.4801896       533
  0.12565663E-08   1687.6998343   1344.3597683    343.3400660       534
  0.12570000E-08   1687.4910838   1344.1514514    343.3396324       535
  0.12577948E-08   1694.0019182   1344.3467866    349.6551316       536
  0.12624661E-08   1693.1018639   1344.2358326    348.8660313       537
  0.12625964E-08   1694.0024893   1344.3468766    349.6556127       538
  0.12626391E-08   1699.8849407   1350.0061303    349.8788105       539
  0.12639806E-08   1694.0024448   1344.3470776    349.6553672       540
  0.12642881E-08   1699.6733650   1350.0657111    349.6076539       541
  0.12647088E-08   1694.0024678   1344.3470365    349.6554313       542
  0.12649876E-08   1700.2855839   1350.6381352    349.6474487       543
  0.12650160E-08   1699.3229906   1350.4946724    348.8283182       544
  0.12650493E-08   1717.7778648   1368.8393977    348.9384671       545
  0.12652943E-08   1724.3328095   1375.3640643    348.9687452       546
  0.12655275E-08   1713.1532035   1375.5176533    337.6355502       547
  0.12660793E-08   1713.7956528   1375.6314946    338.1641582       548
  0.12662059E-08   1725.1744126   1375.5996659    349.5747468       549
  0.12666503E-08   1718.6294538   1369.0147855    349.6146683       550
  0.12689999E-08   1725.0652945   1375.4499065    349.6153880       551
  0.12690406E-08   1731.0729311   1381.4205897    349.6523414       552
  0.12702960E-08   1737.2169404   1387.5865371    349.6304032       553
  0.12732644E-08   1737.0511704   1387.4290275    349.6221429       554
  0.12746159E-08   1742.6784233   1393.1590547    349.5193685       555
  0.12749283E-08   1737.0511930   1387.4289863    349.6222067       556
  0.12767533E-08   1742.6784237   1393.1590581    349.5193656       557
  0.12771913E-08   1737.0512159   1387.4289455    349.6222704       558
  0.12775410E-08   1761.8730699   1387.5759470    374.2971229       559
  0.12783066E-08   1743.6711988   1369.2365056    374.4346932       560
  0.12784405E-08   1767.6003126   1393.2499591    374.3503534       561
  0.12785865E-08   1743.6712887   1369.2364517    374.4348370       562
  0.12796435E-08   1731.6472261   1369.3199730    362.3272531       563
  0.12801508E-08   1725.7784821   1369.3902271    356.3882549       564
  0.12807282E-08   1714.5437897   1369.5381629    345.0056267       565
  0.12807854E-08   1727.1627570   1382.1993653    344.9633916       566
  0.12820764E-08   1750.9286892   1406.1734896    344.7551996       567
  0.12826044E-08   1769.0543032   1424.3238689    344.7304343       568
  0.12841186E-08   1745.2346735   1400.3448215    344.8898521       569
  0.12857473E-08   1751.9055681   1406.9641005    344.9414677       570
  0.12899883E-08   1758.1122817   1413.1774857    344.9347960       571
  0.12910157E-08   1764.1797436   1419.2561542    344.9235894       572
  0.12918603E-08   1770.5484493   1425.5589733    344.9894760       573
  0.12950175E-08   1757.9517375   1412.9044341    345.0473034       574
  0.12955587E-08   1769.2192425   1412.7961113    356.4231313       575
  0.12969519E-08   1774.9819564   1412.7186315    362.2633249       576
  0.12973027E-08   1769.2192028   1412.7960452    356.4231576       577
  0.12981409E-08   1775.5763720   1419.1461691    356.4302029       578
  0.13004190E-08   1799.5174189   1443.1137113    356.4037076       579
  0.13010418E-08   1788.1182970   1443.2574509    344.8608462       580
  0.13011888E-08   1764.1723248   1419.2087169    344.9636079       581
  0.13014485E-08   1775.5344783   1419.1166650    356.4178133       582
  0.13029076E-08   1799.5617646   1443.1575397    356.4042248       583
  0.13032710E-08   1793.8656734   1443.5732759    350.2923975       584
  0.13034299E-08   1794.8015897   1444.0962757    350.7053140       585
  0.13038899E-08   1811.4921031   1444.1598790    367.3322241       586
  0.13040364E-08   1818.8907398   1443.8565292    375.0342105       587
  0.13045486E-08   1824.9959627   1449.9729289    375.0230338       588
  0.13045631E-08   1830.7932021   1455.6453873    375.1478148       589
  0.13047723E-08   1824.9967006   1449.9735082    375.0231923       590
  0.13048396E-08   1830.4198671   1450.3310580    380.0888091       591
  0.13048406E-08   1836.1995893   1455.9358397    380.2637496       592
  0.13053491E-08   1860.4511976   1479.7541037    380.6970939       593
  0.13058741E-08   1867.7286603   1480.3336708    387.3949895       594
  0.13062373E-08   1861.9632782   1474.6776128    387.2856654       595
  0.13073362E-08   1861.0888191   1474.7350276    386.3537915       596
  0.13084848E-08   1866.7937109   1480.3494300    386.4442809       597
  0.13089208E-08   1861.0888542   1474.7350214    386.3538328       598
  0.13090537E-08   1861.9473982   1474.6902501    387.2571481       599
  0.13091881E-08   1867.6847969   1480.2913716    387.3934252       600
  0.13094116E-08   1861.9478129   1474.6901991    387.2576139       601
  0.13095592E-08   1867.9904052   1480.7809493    387.2094558       602
  0.13096799E-08   1874.4506235   1481.0545964    393.3960270       603
  0.13097630E-08   1880.2024095   1486.6130976    393.5893119       604
  0.13102641E-08   1886.1583053   1492.5732616    393.5850437       605
  0.13126199E-08   1892.4279485   1492.7838445    399.6441040       606
  0.13126642E-08   1892.5914713   1487.0510022    405.5404692       607
  0.13129430E-08   1898.1771244   1487.0333492    411.1437752       608
  0.13130952E-08   1898.8817692   1487.0156379    411.8661312       609
  0.13131246E-08   1898.0893225   1487.1028725    410.9864499       610
  0.13131646E-08   1898.8817698   1487.0156361    411.8661337       611
  0.13132994E-08   1891.7404990   1486.5015212    405.2389779       612
  0.13143614E-08   1867.4732969   1462.7562452    404.7170517       613
  0.13147746E-08   1891.7404508   1486.5015895    405.2388613       614
  0.13154160E-08   1867.4733006   1462.7562454    404.7170552       615
  0.13189498E-08   1891.7404004   1486.5016582    405.2387421       616
  0.13190568E-08   1898.1836671   1486.7056051    411.4780620       617
  0.13190619E-08   1898.9602199   1487.1759716    411.7842483       618
  0.13200930E-08   1916.5024145   1486.8334491    429.6689654       619
  0.13201821E-08   1929.8356833   1486.9915476    442.8441357       620
  0.13230302E-08   1935.4980224   1487.1606028    448.3374196       621
  0.13240189E-08   1929.8355331   1486.9916356    442.8438974       622
  0.13242049E-08   1935.2816148   1492.9292163    442.3523985       623
  0.13243504E-08   1940.8638176   1498.6926370    442.1711806       624
  0.13243886E-08   1935.8008027   1492.8257959    442.9750068       625
  0.13381367E-08   1935.1317767   1493.0159282    442.1158485       626
  0.13385917E-08   1935.8008405   1492.8255490    442.9752915       627
  0.13461666E-08   1916.7479174   1474.2949595    442.4529579       628
  0.13463282E-08   1923.0575043   1474.4656987    448.5918055       629
  0.13470225E-08   1916.7479157   1474.2949606    442.4529551       630
  0.13490996E-08   1935.6566356   1492.7671507    442.8894849       631
  0.13532751E-08   1947.1321751   1504.4978774    442.6342977       632
  0.13533174E-08   1935.6568192   1492.7673118    442.8895073       633
  0.13535863E-08   1947.1321807   1504.4978792    442.6343015       634
  0.13538337E-08   1935.6569906   1492.7674566    442.8895340       635
  0.13546242E-08   1941.4192689   1493.1931578    448.2261112       636
  0.13562066E-08   1947.7132031   1493.1089749    454.6042282       637
  0.13568515E-08   1966.0185322   1492.9975680    473.0209642       638
  0.13568778E-08   1977.5360730   1505.3002746    472.2357984       639
  0.13571516E-08   1966.0183254   1492.9976215    473.0207039       640
  0.13577027E-08   1977.5360787   1505.3002786    472.2358001       641
  0.13581267E-08   1989.8329156   1505.7912802    484.0416354       642
  0.13582127E-08   2027.4192095   1542.6771473    484.7420622       643
  0.13583533E-08   2032.8087126   1542.0221768    490.7865359       644
  0.13615785E-08   1996.5422081   1505.6850542    490.8571539       645
  0.13625160E-08   2032.8087238   1542.0221794    490.7865444       646
  0.13633272E-08   2027.2073177   1542.7794363    484.4278813       647
  0.13636440E-08   2032.8086247   1542.0222673    490.7863573       648
  0.13652817E-08   1996.5422217   1505.6850564    490.8571653       649
  0.13664661E-08   2002.0127721   1504.9582390    497.0545331       650
  0.13667984E-08   2034.1755573   1505.7078408    528.4677165       651
  0.13685435E-08   2030.3889733   1505.4387198    524.9502535       652
  0.13686587E-08   2041.3265386   1517.3115702    524.0149684       653
  0.13688068E-08   2030.3889835   1505.4385652    524.9504183       654
  0.13690344E-08   2034.1891400   1505.6617371    528.5274030       655
  0.13703884E-08   2030.3889754   1505.4385659    524.9504095       656
  0.13712352E-08   2034.1919901   1505.6621338    528.5298564       657
  0.13715602E-08   2030.3889673   1505.4385666    524.9504007       658
  0.13735832E-08   2038.5897224   1505.8091958    532.7805266       659
  0.13737119E-08   2032.8773991   1505.9527139    526.9246852       660
  0.13754338E-08   2014.8461499   1505.7991175    509.0470324       661
  0.13759802E-08   2015.4556019   1505.6950280    509.7605740       662
  0.13762789E-08   2014.8457998   1505.7989772    509.0468226       663
  0.13762801E-08   2014.4438959   1505.8988914    508.5450045       664
  0.13766032E-08   2014.8457192   1505.7988825    509.0468368       665
  0.13782749E-08   2032.7742318   1505.9872811    526.7869507       666
  0.13825915E-08   2014.8457224   1505.7988843    509.0468382       667
  0.13826407E-08   2032.7739325   1505.9871516    526.7867809       668
  0.13838805E-08   2014.8457257   1505.7988861    509.0468395       669
  0.13849318E-08   1984.7637065   1505.3296807    479.4340258       670
  0.13851933E-08   1972.4604209   1493.0362481    479.4241728       671
  0.13856947E-08   1977.7041697   1492.8800343    484.8241354       672
  0.13857222E-08   1995.4946281   1493.1359404    502.3586877       673
  0.13863501E-08   2008.0741091   1505.5808211    502.4932880       674
  0.13868074E-08   1990.2144076   1505.3441396    484.8702680       675
  0.13870341E-08   1996.6299119   1505.5016103    491.1283016       676
  0.13870514E-08   1990.2146029   1505.3441093    484.8704936       677
  0.13881453E-08   2002.0570602   1505.6851219    496.3719383       678
  0.13882307E-08   1990.2146603   1505.3442170    484.8704433       679
  0.13896117E-08   1995.9114393   1505.4318158    490.4796235       680
  0.13896311E-08   1990.2150373   1505.3442608    484.8707765       681
  0.13914626E-08   2002.7023433   1511.5642503    491.1380930       682
  0.13926574E-08   2008.3716224   1517.5664121    490.8052104       683
  0.13931968E-08   1996.2688440   1518.1681774    478.1006666       684
  0.13932727E-08   2027.2997611   1518.3921357    508.9076255       685
  0.13944626E-08   2063.5799923   1554.4926810    509.0873114       686
  0.13945741E-08   2015.7184597   1518.2745766    497.4438831       687
  0.13954764E-08   2021.4285506   1518.2735104    503.1550402       688
  0.13960244E-08   2014.7718499   1518.0605131    496.7113368       689
  0.13961669E-08   2020.9356673   1518.2919858    502.6436815       690
  0.13967988E-08   2039.1161638   1536.0818028    503.0343610       691
  0.13973340E-08   2020.9356601   1518.2919803    502.6436798       692
  0.13976252E-08   2020.3886638   1517.8736686    502.5149952       693
  0.13983310E-08   2013.7250371   1511.3903787    502.3346584       694
  0.13984384E-08   2031.9687352   1529.3139465    502.6547887       695
  0.13987042E-08   2038.1765901   1535.5092381    502.6673520       696
  0.13990312E-08   2044.3481053   1541.4803494    502.8677559       697
  0.13990455E-08   2044.4986627   1541.3876279    503.1110348       698
  0.13992082E-08   2039.0466353   1541.7108685    497.3357667       699
  0.13992155E-08   2076.7604492   1579.2036839    497.5567654       700
  0.13993320E-08   2102.2273936   1579.7503646    522.4770290       701
  0.13994780E-08   2108.4545680   1579.3686016    529.0859664       702
  0.13998828E-08   2114.4254080   1579.1218860    535.3035220       703
  0.14000434E-08   2107.9495376   1578.0407834    529.9087542       704
  0.14000551E-08   2114.4256991   1579.1220624    535.3036367       705
  0.14007212E-08   2114.7725370   1579.2622921    535.5102449       706
  0.14009297E-08   2077.6189660   1541.8970866    535.7218795       707
  0.14023077E-08   2089.0052403   1541.8498493    547.1553910       708
  0.14023458E-08   2077.6188029   1541.8970290    535.7217740       709
  0.14023774E-08   2084.2770695   1542.1429079    542.1341617       710
  0.14024227E-08   2090.2201132   1542.0716117    548.1485015       711
  0.14042230E-08   2113.0876519   1565.2614562    547.8261957       712
  0.14046934E-08   2090.2200572   1542.0715891    548.1484681       713
  0.14057514E-08   2127.5520303   1579.3917391    548.1602912       714
  0.14057797E-08   2157.4935028   1609.5062682    547.9872346       715
  0.14063635E-08   2127.5520373   1579.3917505    548.1602868       716
  0.14064013E-08   2157.4942373   1609.5064252    547.9878121       717
  0.14075837E-08   2146.1010566   1597.5702331    548.5308235       718
  0.14078200E-08   2127.6632880   1579.0618516    548.6014364       719
  0.14080449E-08   2174.8503107   1578.9729041    595.8774066       720
  0.14083450E-08   2193.8180717   1578.9694271    614.8486446       721
  0.14104390E-08   2193.9846345   1579.0064885    614.9781461       722
  0.14105759E-08   2193.8180797   1578.9694654    614.8486144       723
  0.14119703E-08   2194.3916554   1578.9346230    615.4570324       724
  0.14121187E-08   2206.7904684   1578.7864004    628.0040681       725
  0.14148919E-08   2194.3916552   1578.9346231    615.4570321       726
  0.14150990E-08   2206.7904187   1578.7864004    628.0040183       727
  0.14189253E-08   2176.6673903   1548.5456969    628.1216935       728
  0.14191781E-08   2194.1359518   1566.2394590    627.8964928       729
  0.14203322E-08   2181.7349017   1566.3828306    615.3520711       730
  0.14204220E-08   2194.1358769   1566.2393882    627.8964887       731
  0.14244955E-08   2176.6837159   1548.5518751    628.1318409       732
  0.14246932E-08   2194.1358229   1566.2392781    627.8965448       733
  0.14265733E-08   2176.6837206   1548.5518777    628.1318430       734
  0.14275390E-08   2206.5773703   1578.6419529    627.9354174       735
  0.14282003E-08   2194.2309624   1578.8133383    615.4176241       736
  0.14282468E-08   2193.8372107   1578.8474529    614.9897578       737
  0.14342742E-08   2193.9629579   1578.9702817    614.9926762       738
  0.14343109E-08   2193.8372179   1578.8474906    614.9897273       739
  0.14347457E-08   2181.1422293   1578.9586240    602.1836053       740
  0.14350263E-08   2193.8372468   1578.8473287    614.9899181       741
  0.14353326E-08   2193.9579449   1578.9695748    614.9883701       742
  0.14357189E-08   2199.8573592   1579.0251995    620.8321598       743
  0.14361160E-08   2169.8969768   1548.8519244    621.0450524       744
  0.14363852E-08   2175.4083528   1548.5397035    626.8686494       745
  0.14364356E-08   2192.7848067   1566.1574113    626.6273954       746
  0.14364443E-08   2205.8894909   1566.2127368    639.6767542       747
  0.14371280E-08   2229.1415024   1589.8929791    639.2485233       748
  0.14380578E-08   2253.3270465   1613.8696142    639.4574323       749
  0.14391018E-08   2259.4682361   1613.9039192    645.5643169       750
  0.14391088E-08   2235.5165316   1590.0821005    645.4344312       751
  0.14392253E-08   2229.2597155   1589.8797390    639.3799765       752
  0.14398816E-08   2266.5911011   1626.9508987    639.6402024       753
  0.14429083E-08   2229.2592620   1589.8794051    639.3798568       754
  0.14477830E-08   2211.7479569   1572.2115914    639.5363656       755
  0.14498766E-08   2235.8581511   1596.1912818    639.6668693       756
  0.14500116E-08   2265.5303504   1626.1600661    639.3702844       757
  0.14501566E-08   2253.9701853   1614.3498552    639.6203301       758
  0.14501644E-08   2247.4693206   1614.5124298    632.9568908       759
  0.14512418E-08   2253.9701833   1614.3498525    639.6203308       760
  0.14513515E-08   2260.3724104   1614.9133209    645.4590894       761
  0.14514664E-08   2266.4229385   1615.1572400    651.2656985       762
  0.14515274E-08   2260.3723040   1614.9133210    645.4589831       763
  0.14517194E-08   2253.9663440   1614.5177565    639.4485875       764
  0.14519573E-08   2265.8263017   1626.3741828    639.4521188       765
  0.14523209E-08   2253.9664046   1614.5177351    639.4486695       766
  0.14523945E-08   2224.0410449   1584.2755934    639.7654515       767
  0.14524232E-08   2223.8362509   1584.1953461    639.6409048       768
  0.14530433E-08   2235.8097495   1596.2629335    639.5468160       769
  0.14533692E-08   2198.2083922   1558.6607277    639.5476645       770
  0.14539101E-08   2186.3104647   1546.6030247    639.7074401       771
  0.14541605E-08   2209.8962015   1546.6674930    663.2287085       772
  0.14544298E-08   2248.2145021   1546.5782050    701.6362971       773
  0.14547509E-08   2278.5046940   1558.7472695    719.7574245       774
  0.14552241E-08   2265.7724658   1558.9495718    706.8228941       775
  0.14582562E-08   2283.7375372   1564.8431450    718.8943922       776
  0.14588194E-08   2290.6840344   1571.3904700    719.2935645       777
  0.14589727E-08   2294.7800766   1571.1085965    723.6714801       778
  0.14594819E-08   2301.5478929   1577.4632260    724.0846669       779
  0.14597396E-08   2294.7800582   1571.1085908    723.6714674       780
  0.14598080E-08   2282.1469298   1570.8757865    711.2711433       781
  0.14603308E-08   2294.7798975   1571.1085362    723.6713613       782
  0.14604234E-08   2290.6501065   1571.4229536    719.2271529       783
  0.14612282E-08   2266.1584642   1547.2071645    718.9512998       784
  0.14612385E-08   2278.6884668   1547.0461884    731.6422784       785
  0.14613186E-08   2267.3262888   1535.2561526    732.0701362       786
  0.14613708E-08   2254.8111841   1535.5090325    719.3021515       787
  0.14630092E-08   2272.5494836   1535.3162847    737.2331989       788
  0.14634348E-08   2254.8113051   1535.5090485    719.3022566       789
  0.14657676E-08   2272.8804576   1553.6170595    719.2633981       790
  0.14671920E-08   2309.5244127   1553.6218728    755.9025398       791
  0.14682407E-08   2272.8805546   1553.6169773    719.2635772       792
  0.14690402E-08   2285.4425064   1566.1279149    719.3145915       793
  0.14694532E-08   2291.2364127   1566.3889343    724.8474784       794
  0.14705225E-08   2267.6137968   1566.6555551    700.9582416       795
  0.14708503E-08   2285.2712137   1566.5043245    718.7668893       796
  0.14709966E-08   2303.3116753   1584.1500821    719.1615932       797
  0.14710970E-08   2307.7345358   1583.8748511    723.8596847       798
  0.14711873E-08   2308.8274266   1584.7572152    724.0702114       799
  0.14714915E-08   2321.2050066   1597.0578130    724.1471936       800
  0.14716015E-08   2314.0410750   1597.4433520    716.5977230       801
  0.14716236E-08   2337.0771552   1597.0924875    739.9846676       802
  0.14716632E-08   2362.4169017   1621.5691315    740.8477702       803
  0.14716855E-08   2369.2981227   1627.5537492    741.7443735       804
  0.14721774E-08   2344.6567993   1603.4187805    741.2380187       805
  0.14725075E-08   2363.4995661   1603.4524477    760.0471184       806
  0.14729290E-08   2374.9645469   1603.2071730    771.7573739       807
  0.14737331E-08   2399.7350960   1603.1661104    796.5689856       808
  0.14743251E-08   2413.4630575   1603.7934705    809.6695870       809
  0.14743665E-08   2438.0546110   1627.6972848    810.3573263       810
  0.14747437E-08   2456.1470633   1627.7013067    828.4457567       811
  0.14751192E-08   2450.9736329   1627.3048813    823.6687517       812
  0.14751214E-08   2414.1499673   1603.0972930    811.0526742       813
  0.14751545E-08   2395.1697559   1603.3619912    791.8077647       814
  0.14755309E-08   2401.3413591   1603.0370707    798.3042885       815
  0.14756361E-08   2406.8634536   1603.3847308    803.4787227       816
  0.14763089E-08   2424.3299441   1603.3421129    820.9878312       817
  0.14764515E-08   2450.0342101   1628.2143438    821.8198664       818
  0.14764758E-08   2481.0693149   1628.1962261    852.8730888       819
  0.14769698E-08   2450.0342183   1628.2144096    821.8198087       820
  0.14771721E-08   2432.7442696   1628.3850974    804.3591721       821
  0.14815990E-08   2450.0342266   1628.2144199    821.8198066       822
  0.14817352E-08   2461.2163829   1627.3105546    833.9058283       823
  0.14819202E-08   2443.8788361   1627.3862960    816.4925401       824
  0.14820171E-08   2419.5920038   1603.3350492    816.2569546       825
  0.14834272E-08   2437.2865543   1603.1604818    834.1260724       826
  0.14836157E-08   2433.1347352   1603.1480601    829.9866751       827
  0.14837156E-08   2437.2864049   1603.1603716    834.1260333       828
  0.14842500E-08   2455.2796352   1603.0928906    852.1867447       829
  0.14842976E-08   2437.2864155   1603.1604242    834.1259913       830
  0.14872083E-08   2444.2264930   1602.9548468    841.2716462       831
  0.14872239E-08   2437.2863703   1603.1604452    834.1259251       832
  0.14872476E-08   2442.7472259   1603.4700350    839.2771909       833
  0.14877869E-08   2448.7764920   1603.7068938    845.0695982       834
  0.14879552E-08   2461.3083698   1615.2357490    846.0726207       835
  0.14881330E-08   2473.2989466   1615.2881367    858.0108098       836
  0.14887520E-08   2479.9096780   1615.5527376    864.3569404       837
  0.14903220E-08   2473.2995970   1615.2889064    858.0106906       838
  0.14911151E-08   2479.9096840   1615.5527378    864.3569461       839
  0.14922932E-08   2474.0781037   1615.5694016    858.5087021       840
  0.14932535E-08   2474.4135159   1615.6312244    858.7822915       841
  0.14940675E-08   2474.0778253   1615.5691321    858.5086932       842
  0.14952519E-08   2478.8423422   1615.1867300    863.6556122       843
  0.14953869E-08   2474.0774488   1615.5689319    858.5085170       844
  0.14974539E-08   2474.4135134   1615.6312122    858.7823012       845
  0.14975155E-08   2480.0703234   1615.3748999    864.6954235       846
  0.14975517E-08   2474.4134685   1615.6312333    858.7822352       847
  0.14990984E-08   2492.9837505   1615.6855922    877.2981584       848
  0.14991148E-08   2480.1496996   1602.9662850    877.1834147       849
  0.14997280E-08   2474.1237679   1603.3744083    870.7493596       850
  0.15006476E-08   2460.9593021   1602.9981895    857.9611126       851
  0.15014769E-08   2460.7677564   1602.9847581    857.7829983       852
  0.15015882E-08   2480.1386245   1602.9154053    877.2232192       853
  0.15023588E-08   2474.1311291   1603.3710851    870.7600440       854
  0.15025202E-08   2480.1386376   1602.9154128    877.2232247       855
  0.15030160E-08   2479.8839962   1602.4860834    877.3979129       856
  0.15031075E-08   2486.5669391   1602.3338836    884.2330555       857
  0.15031701E-08   2469.7281051   1597.1252750    872.6028301       858
  0.15033049E-08   2481.4343975   1597.4005438    884.0338537       859
  0.15033050E-08   2486.5525946   1597.4195304    889.1330642       860
  0.15034020E-08   2480.4267617   1597.1083172    883.3184444       861
  0.15040050E-08   2468.7816473   1596.8718638    871.9097835       862
  0.15040537E-08   2455.4172824   1596.7106593    858.7066231       863
  0.15041819E-08   2468.7817635   1596.8720087    871.9097548       864
  0.15042470E-08   2462.6686381   1596.6906803    865.9779578       865
  0.15043743E-08   2468.7815687   1596.8719489    871.9096198       866
  0.15047574E-08   2468.2095453   1596.6585369    871.5510084       867
  0.15052794E-08   2468.7814246   1596.8720293    871.9093953       868
  0.15059859E-08   2479.8660866   1596.6826158    883.1834708       869
  0.15064278E-08   2468.7808948   1596.8720131    871.9088817       870
  0.15100409E-08   2467.7964726   1596.7104144    871.0860582       871
  0.15105817E-08   2491.3513517   1597.0332954    894.3180562       872
  0.15109985E-08   2492.5004782   1597.5328680    894.9676102       873
  0.15112131E-08   2468.7114733   1597.2261891    871.4852842       874
  0.15132036E-08   2492.5004854   1597.5328708    894.9676146       875
  0.15132722E-08   2461.7237064   1597.3077186    864.4159878       876
