 #  Elapsed Time    Sqr Displ.      Sqr Displ.  KMC step
 #  ************    ***Total***       Atom Ni   ********
  0.00000000E+00      0.0000000      0.0000000         0
  0.40908442E-11      6.0219404      6.0219404         1
  0.76485529E-11     12.1420585     12.1420585         2
  0.22617164E-10     18.3709165     18.3709165         3
  0.29094790E-10     24.5074025     24.5074025         4
  0.33575124E-10     30.6428409     30.6428409         5
  0.35231398E-10     36.7988842     36.7988842         6
  0.36517585E-10     42.9456769     42.9456769         7
  0.38006110E-10     49.1742527     49.1742527         8
  0.40646655E-10     55.4217918     55.4217918         9
  0.41578117E-10     61.6596371     61.6596371        10
  0.41591708E-10     67.7656777     67.7656777        11
  0.41618977E-10     73.9489781     73.9489781        12
  0.44665200E-10     80.1941836     80.1941836        13
  0.44837842E-10     86.4193873     86.4193873        14
  0.52119042E-10     92.5030769     92.5030769        15
  0.52948140E-10     98.6751679     98.6751679        16
  0.59593926E-10    104.9506851    104.9506851        17
  0.61401061E-10    111.1065474    111.1065474        18
  0.68860145E-10    117.3634008    117.3634008        19
  0.70079830E-10    123.5754948    123.5754948        20
  0.73064700E-10    129.8008923    129.8008923        21
  0.76436935E-10    135.8719959    135.8719959        22
  0.87317862E-10    129.8008963    129.8008963        23
  0.87883095E-10    135.9981941    135.9981941        24
  0.10069753E-09    142.1439848    142.1439848        25
  0.10903337E-09    148.2566835    148.2566835        26
  0.11217032E-09    154.3680149    154.3680149        27
  0.11223457E-09    160.6548945    160.6548945        28
  0.12048955E-09    166.8613664    166.8613664        29
  0.12434430E-09    173.0678804    173.0678804        30
  0.12899109E-09    179.1134056    179.1134056        31
  0.13221645E-09    185.2884155    185.2884155        32
  0.13798641E-09    191.4766862    191.4766862        33
  0.14764568E-09    197.7948290    197.7948290        34
  0.15278722E-09    191.4770956    191.4770956        35
  0.15837840E-09    197.8281080    197.8281080        36
  0.16271304E-09    203.9612592    203.9612592        37
  0.16813020E-09    210.1054370    210.1054370        38
  0.17073610E-09    216.1225933    216.1225933        39
  0.17199320E-09    216.2088242    216.2088242        40
  0.17221112E-09    216.4251795    216.4251795        41
  0.17247202E-09    216.1791939    216.1791939        42
  0.18278755E-09    216.2855110    216.2855110        43
  0.18899987E-09    222.4702310    222.4702310        44
  0.18996675E-09    228.8090193    228.8090193        45
  0.19228110E-09    234.9240083    234.9240083        46
  0.19962691E-09    241.1208739    241.1208739        47
  0.20473974E-09    247.2005498    247.2005498        48
  0.20647133E-09    253.3929620    253.3929620        49
  0.21049678E-09    259.6467325    259.6467325        50
  0.21151523E-09    265.7630479    265.7630479        51
  0.21307383E-09    272.0759283    272.0759283        52
  0.21445839E-09    265.7630073    265.7630073        53
  0.21603956E-09    272.0297870    272.0297870        54
  0.21825521E-09    278.2212304    278.2212304        55
  0.21940132E-09    284.2992247    284.2992247        56
  0.22076056E-09    290.6202463    290.6202463        57
  0.22149482E-09    296.9127164    296.9127164        58
  0.22636153E-09    303.1163072    303.1163072        59
  0.22763676E-09    309.3223764    309.3223764        60
  0.22862344E-09    315.4510319    315.4510319        61
  0.23108904E-09    321.6248749    321.6248749        62
  0.23716783E-09    327.9705658    327.9705658        63
  0.24033305E-09    333.9817863    333.9817863        64
  0.24091447E-09    340.1277551    340.1277551        65
  0.24451632E-09    346.4375140    346.4375140        66
  0.24863896E-09    352.6010385    352.6010385        67
  0.25329725E-09    358.7252819    358.7252819        68
  0.25351421E-09    358.7384292    358.7384292        69
  0.25432661E-09    371.1689635    371.1689635        70
  0.26935618E-09    389.7340705    389.7340705        71
  0.27809993E-09    389.7521841    389.7521841        72
  0.27939697E-09    383.4393984    383.4393984        73
  0.29520459E-09    383.3258420    383.3258420        74
  0.29532269E-09    371.0795856    371.0795856        75
  0.29533155E-09    377.2280885    377.2280885        76
  0.29692250E-09    395.6770774    395.6770774        77
  0.29711034E-09    401.8719888    401.8719888        78
  0.30386936E-09    408.1828798    408.1828798        79
  0.30451961E-09    414.4931199    414.4931199        80
  0.30543530E-09    420.5120108    420.5120108        81
  0.30772964E-09    426.6426003    426.6426003        82
  0.31187548E-09    433.1234633    433.1234633        83
  0.31475103E-09    426.6426259    426.6426259        84
  0.32162322E-09    433.0424769    433.0424769        85
  0.32918126E-09    438.9717678    438.9717678        86
  0.33089966E-09    445.2703211    445.2703211        87
  0.33709247E-09    451.5497047    451.5497047        88
  0.34373738E-09    463.6484553    463.6484553        89
  0.34493357E-09    470.1054939    470.1054939        90
  0.34829853E-09    476.2649414    476.2649414        91
  0.36266404E-09    482.6571717    482.6571717        92
  0.36509939E-09    488.7209541    488.7209541        93
  0.36635982E-09    494.9346671    494.9346671        94
  0.37001380E-09    494.9530498    494.9530498        95
  0.37079838E-09    501.2382957    501.2382957        96
  0.37505544E-09    507.2311785    507.2311785        97
  0.37771467E-09    513.2835655    513.2835655        98
  0.38206990E-09    519.5250152    519.5250152        99
  0.38416910E-09    525.5772116    525.5772116       100
  0.38679322E-09    531.8056337    531.8056337       101
  0.39246232E-09    538.2251389    538.2251389       102
  0.40848231E-09    544.2759574    544.2759574       103
  0.41211336E-09    538.2251169    538.2251169       104
  0.41404193E-09    544.3260860    544.3260860       105
  0.42408227E-09    550.4578438    550.4578438       106
  0.43022773E-09    556.9007172    556.9007172       107
  0.43139705E-09    562.9801127    562.9801127       108
  0.43908231E-09    562.7679690    562.7679690       109
  0.44506272E-09    569.2168082    569.2168082       110
  0.44688028E-09    562.7802317    562.7802317       111
  0.45662407E-09    569.4730779    569.4730779       112
  0.45953066E-09    587.7070163    587.7070163       113
  0.46705652E-09    594.1732422    594.1732422       114
  0.47524561E-09    600.5038503    600.5038503       115
  0.47670791E-09    594.1733728    594.1733728       116
  0.48086967E-09    600.2550761    600.2550761       117
  0.48220813E-09    606.4806751    606.4806751       118
  0.48353351E-09    612.5348506    612.5348506       119
  0.49370588E-09    618.7116732    618.7116732       120
  0.49707472E-09    624.8493021    624.8493021       121
