# Time-averaged data for fix 1
# TimeStep c_msd_all[1] c_msd_all[2] c_msd_all[3] c_msd_all[4]
31000 0.0645072 0.0725803 0.0692858 0.206373
32000 0.0936674 0.0828847 0.0752144 0.251767
33000 0.0640564 0.0673072 0.0707045 0.202068
34000 0.0719611 0.073952 0.0786038 0.224517
35000 0.0630378 0.0852809 0.0705486 0.218867
36000 0.0674515 0.0771468 0.0697272 0.214326
37000 0.0882963 0.0759994 0.0681813 0.232477
38000 0.0760083 0.0692437 0.0698235 0.215075
39000 0.0714394 0.0680828 0.0724719 0.211994
40000 0.07176 0.0724816 0.0685197 0.212761
41000 0.0659642 0.0666991 0.0680208 0.200684
42000 0.076615 0.0684768 0.0668869 0.211979
43000 0.0718159 0.0731281 0.0823937 0.227338
44000 0.0760988 0.0671605 0.0723858 0.215645
45000 0.0631488 0.0749342 0.0753615 0.213445
46000 0.0635316 0.0766717 0.0669973 0.207201
47000 0.0670375 0.0852731 0.0739354 0.226246
48000 0.0764718 0.0721229 0.0726437 0.221238
49000 0.0986917 0.0693591 0.0760413 0.244092
50000 0.0596522 0.0828946 0.082416 0.224963
51000 0.0694353 0.0812943 0.0655695 0.216299
52000 0.0866665 0.0896213 0.0782532 0.254541
53000 0.0638169 0.0748612 0.0694569 0.208135
54000 0.0835821 0.0847844 0.0761724 0.244539
55000 0.0656162 0.0931214 0.0788727 0.23761
56000 0.0701604 0.097068 0.0772644 0.244493
57000 0.0739939 0.0837884 0.0852079 0.24299
58000 0.0673037 0.0843424 0.0829499 0.234596
59000 0.0921634 0.0969696 0.0825822 0.271715
60000 0.0734612 0.0962125 0.0861576 0.255831
61000 0.0779094 0.088051 0.0912778 0.257238
62000 0.0746117 0.0931036 0.0885802 0.256295
63000 0.0678652 0.0935524 0.0738908 0.235308
64000 0.0848617 0.110047 0.0861374 0.281046
65000 0.0756756 0.099008 0.0930496 0.267733
66000 0.0761468 0.0919939 0.0829555 0.251096
67000 0.0929806 0.0936776 0.0866866 0.273345
68000 0.0763988 0.104331 0.083056 0.263786
69000 0.0941511 0.10879 0.0859279 0.288869
70000 0.0871147 0.0999885 0.0948308 0.281934
71000 0.0822152 0.109861 0.0921674 0.284243
72000 0.0794997 0.110218 0.091682 0.2814
73000 0.0830284 0.11838 0.0939833 0.295392
74000 0.111234 0.115139 0.0924426 0.318815
75000 0.0795704 0.107479 0.0999027 0.286952
76000 0.0890552 0.100697 0.0978437 0.287596
77000 0.0852823 0.107299 0.0992543 0.291836
78000 0.0792039 0.114049 0.100063 0.293315
79000 0.0791477 0.105803 0.101838 0.286789
80000 0.0792722 0.108399 0.11643 0.304102
81000 0.0807489 0.10919 0.102169 0.292108
82000 0.075127 0.117328 0.113449 0.305904
83000 0.0808198 0.113764 0.120636 0.31522
84000 0.0845656 0.113586 0.115733 0.313885
85000 0.0770702 0.114218 0.116849 0.308136
86000 0.0948984 0.117835 0.106182 0.318916
87000 0.0806457 0.113461 0.113247 0.307353
88000 0.0788483 0.117459 0.112829 0.309136
89000 0.0851869 0.120172 0.120146 0.325505
90000 0.0694672 0.119196 0.11596 0.304624
91000 0.08264 0.122575 0.122986 0.328201
92000 0.0774969 0.123367 0.115516 0.31638
93000 0.0949738 0.120105 0.109224 0.324304
94000 0.0768543 0.128477 0.129223 0.334555
95000 0.0855712 0.151767 0.122678 0.360016
96000 0.0771216 0.131692 0.12892 0.337733
97000 0.0831566 0.128159 0.126764 0.338079
98000 0.0985637 0.14721 0.139033 0.384807
99000 0.0751662 0.143829 0.133794 0.352789
100000 0.0943649 0.17164 0.133072 0.399077
101000 0.0780484 0.139306 0.141675 0.35903
102000 0.0770624 0.143073 0.125085 0.345221
103000 0.0779175 0.139648 0.139754 0.357319
104000 0.0821675 0.141283 0.139342 0.362792
105000 0.0794206 0.148797 0.14951 0.377727
106000 0.0732445 0.162508 0.155214 0.390967
107000 0.0911182 0.153326 0.14397 0.388415
108000 0.0841725 0.143138 0.138732 0.366042
109000 0.0763633 0.139701 0.142827 0.358891
110000 0.073755 0.147647 0.137539 0.358941
111000 0.0868865 0.171828 0.143987 0.402702
112000 0.0817663 0.151111 0.152732 0.385609
113000 0.0966014 0.157066 0.145485 0.399153
114000 0.0900958 0.144256 0.148615 0.382967
115000 0.0982017 0.149168 0.148266 0.395635
116000 0.0758216 0.152604 0.147622 0.376047
117000 0.0828732 0.152848 0.149405 0.385126
118000 0.100344 0.150295 0.151094 0.401733
119000 0.083506 0.153931 0.140331 0.377768
120000 0.105724 0.173705 0.153671 0.433101
121000 0.0817423 0.167462 0.150372 0.399576
122000 0.0812204 0.166551 0.150816 0.398587
123000 0.0887298 0.160317 0.159187 0.408233
124000 0.0898637 0.156367 0.172818 0.419048
125000 0.111087 0.160734 0.159119 0.43094
126000 0.0852682 0.167809 0.155068 0.408145
127000 0.0849848 0.182209 0.167551 0.434744
128000 0.0906577 0.174059 0.163412 0.428129
129000 0.0784988 0.162362 0.172476 0.413337
130000 0.110374 0.179846 0.172647 0.462867
131000 0.0829338 0.167034 0.171284 0.421251
132000 0.0950116 0.172147 0.17309 0.440248
133000 0.0781708 0.168391 0.165511 0.412073
134000 0.0744784 0.183405 0.167014 0.424896
135000 0.114431 0.187275 0.185685 0.487391
136000 0.0801859 0.185726 0.171069 0.436981
137000 0.104056 0.179821 0.190104 0.473981
138000 0.0927541 0.190314 0.178394 0.461462
139000 0.0956857 0.193259 0.191284 0.480228
140000 0.106453 0.200495 0.182042 0.488991
141000 0.0836169 0.179301 0.19529 0.458208
142000 0.113645 0.192259 0.194508 0.500411
143000 0.0840072 0.183154 0.20114 0.468302
144000 0.0881212 0.180143 0.205611 0.473875
145000 0.0977718 0.198579 0.195287 0.491638
146000 0.0822443 0.196866 0.18879 0.4679
147000 0.101175 0.202683 0.206294 0.510151
148000 0.098343 0.194916 0.193889 0.487148
149000 0.113477 0.207792 0.200836 0.522105
150000 0.0830779 0.21427 0.197107 0.494455
151000 0.0870594 0.214125 0.205854 0.507038
152000 0.100437 0.223979 0.202386 0.526802
153000 0.0866669 0.201835 0.203743 0.492244
154000 0.127256 0.213608 0.200807 0.541671
155000 0.0896051 0.211239 0.201413 0.502257
156000 0.0996471 0.21414 0.211676 0.525463
157000 0.0942492 0.211768 0.216074 0.522091
158000 0.0944093 0.214993 0.205609 0.515011
159000 0.129946 0.230316 0.223168 0.58343
160000 0.0940233 0.215391 0.218244 0.527657
161000 0.118697 0.23093 0.213736 0.563363
162000 0.102202 0.222474 0.225203 0.54988
163000 0.108708 0.230342 0.215384 0.554434
164000 0.103999 0.228719 0.218797 0.551515
165000 0.0981062 0.217636 0.221292 0.537033
166000 0.114217 0.221692 0.214918 0.550826
167000 0.0946998 0.220896 0.214598 0.530193
168000 0.0977475 0.224222 0.22176 0.54373
169000 0.100381 0.223717 0.221018 0.545116
170000 0.100237 0.218638 0.237647 0.556522
171000 0.114024 0.241586 0.240152 0.595762
172000 0.0973584 0.248027 0.240489 0.585875
173000 0.107487 0.261041 0.245343 0.613872
174000 0.0969609 0.246745 0.240359 0.584065
175000 0.100264 0.243772 0.245569 0.589605
176000 0.103721 0.255894 0.256183 0.615798
177000 0.103415 0.260347 0.25974 0.623502
178000 0.120946 0.247983 0.250913 0.619841
179000 0.1005 0.256451 0.258484 0.615434
180000 0.110513 0.247352 0.247033 0.604898
181000 0.102243 0.246325 0.254571 0.603139
182000 0.10625 0.24777 0.251119 0.605139
183000 0.111816 0.256041 0.252692 0.620549
184000 0.103137 0.25091 0.264694 0.61874
185000 0.107347 0.252408 0.254561 0.614316
186000 0.105639 0.261115 0.258786 0.62554
187000 0.104085 0.263601 0.258151 0.625837
188000 0.130061 0.272695 0.264499 0.667255
189000 0.111224 0.258455 0.25195 0.621629
190000 0.111058 0.260316 0.253949 0.625322
191000 0.104872 0.254287 0.255887 0.615046
192000 0.115163 0.250733 0.251536 0.617433
193000 0.105673 0.265807 0.262537 0.634018
194000 0.108355 0.252851 0.260011 0.621216
195000 0.121647 0.275442 0.258458 0.655548
196000 0.112178 0.274254 0.269185 0.655617
197000 0.113783 0.268216 0.276411 0.65841
198000 0.106404 0.283504 0.28235 0.672259
199000 0.122656 0.285043 0.275017 0.682716
200000 0.108708 0.260837 0.26483 0.634375
201000 0.111766 0.269268 0.264245 0.645279
202000 0.11707 0.274674 0.274571 0.666315
203000 0.111537 0.282869 0.274864 0.66927
204000 0.110669 0.272781 0.273819 0.657268
205000 0.104147 0.279127 0.270292 0.653567
206000 0.108929 0.26829 0.275006 0.652225
207000 0.112206 0.270293 0.273556 0.656055
208000 0.106521 0.291952 0.285345 0.683818
209000 0.133407 0.305051 0.281492 0.71995
210000 0.117255 0.274234 0.268951 0.660441
211000 0.119413 0.28211 0.273081 0.674604
212000 0.109077 0.291363 0.279206 0.679646
213000 0.112048 0.286232 0.280535 0.678815
214000 0.126179 0.291184 0.275746 0.693109
215000 0.119094 0.284576 0.282543 0.686213
216000 0.13446 0.275721 0.276475 0.686656
217000 0.103785 0.288436 0.283992 0.676213
218000 0.113878 0.291831 0.289032 0.694741
219000 0.117478 0.29988 0.282148 0.699506
220000 0.110319 0.293444 0.294834 0.698597
221000 0.134471 0.280874 0.281015 0.69636
222000 0.106464 0.283739 0.286484 0.676687
223000 0.115729 0.282526 0.271185 0.66944
224000 0.106833 0.295461 0.285929 0.688223
225000 0.10793 0.293617 0.298255 0.699801
226000 0.122794 0.294444 0.302391 0.719628
227000 0.104195 0.287201 0.279821 0.671217
228000 0.118279 0.295653 0.285052 0.698984
229000 0.103508 0.303341 0.292145 0.698994
230000 0.100163 0.304099 0.283583 0.687846
231000 0.1129 0.30399 0.300437 0.717328
232000 0.10439 0.294111 0.295259 0.69376
233000 0.111602 0.305613 0.299966 0.717181
234000 0.106012 0.303604 0.298171 0.707788
235000 0.108025 0.316015 0.298585 0.722624
236000 0.107882 0.306888 0.298533 0.713303
237000 0.107149 0.298901 0.293707 0.699758
238000 0.114758 0.313936 0.294197 0.722891
239000 0.103062 0.297962 0.285078 0.686101
240000 0.115632 0.308638 0.304752 0.729023
241000 0.11321 0.308073 0.317031 0.738314
242000 0.118031 0.325802 0.306701 0.750533
243000 0.105404 0.328028 0.307198 0.740631
244000 0.108574 0.323272 0.307761 0.739607
245000 0.115809 0.320684 0.298872 0.735364
246000 0.107697 0.30511 0.296705 0.709512
247000 0.139908 0.334778 0.304651 0.779337
248000 0.113271 0.318569 0.308135 0.739975
249000 0.133177 0.325838 0.315542 0.774557
250000 0.104793 0.325926 0.310114 0.740833
251000 0.107155 0.305021 0.317881 0.730056
252000 0.125951 0.315544 0.314311 0.755806
253000 0.12008 0.319732 0.316374 0.756186
254000 0.133689 0.33488 0.307647 0.776216
255000 0.115886 0.313038 0.32324 0.752165
256000 0.110702 0.306414 0.310805 0.727921
257000 0.120215 0.318229 0.309799 0.748244
258000 0.107726 0.309422 0.316044 0.733192
259000 0.107434 0.313065 0.297651 0.71815
260000 0.11481 0.325655 0.303256 0.743721
261000 0.10335 0.334888 0.317942 0.75618
262000 0.114651 0.330699 0.329416 0.774766
263000 0.109011 0.313127 0.339339 0.761476
264000 0.108399 0.315782 0.321193 0.745374
265000 0.116602 0.318224 0.317468 0.752294
266000 0.119619 0.31817 0.313627 0.751417
267000 0.116521 0.339552 0.309833 0.765906
268000 0.120672 0.332474 0.324179 0.777325
269000 0.106966 0.343128 0.321685 0.77178
270000 0.125733 0.33163 0.324563 0.781926
271000 0.1073 0.341356 0.336398 0.785054
272000 0.114788 0.339262 0.330162 0.784212
273000 0.111265 0.335339 0.31525 0.761854
274000 0.114168 0.336133 0.33649 0.786791
275000 0.127591 0.345257 0.30963 0.782477
276000 0.122644 0.327043 0.315919 0.765605
277000 0.121344 0.344561 0.327369 0.793274
278000 0.116855 0.344753 0.323344 0.784951
279000 0.118317 0.349946 0.333504 0.801767
280000 0.116704 0.341877 0.33066 0.789241
281000 0.116793 0.33758 0.32643 0.780802
282000 0.132522 0.345931 0.347732 0.826185
283000 0.115119 0.339652 0.329176 0.783947
284000 0.135623 0.355187 0.328191 0.819001
285000 0.111675 0.352237 0.32952 0.793432
286000 0.137377 0.355035 0.336268 0.828679
287000 0.120548 0.360758 0.354807 0.836114
288000 0.119901 0.357616 0.327427 0.804944
289000 0.124571 0.368206 0.332461 0.825238
290000 0.119775 0.368853 0.336564 0.825192
291000 0.136176 0.372477 0.335879 0.844532
292000 0.120012 0.36886 0.341874 0.830747
293000 0.119646 0.365774 0.342526 0.827946
294000 0.123582 0.36691 0.33713 0.827622
295000 0.119186 0.363865 0.360409 0.843459
296000 0.124321 0.364547 0.354009 0.842877
297000 0.11638 0.3587 0.350537 0.825617
298000 0.133514 0.360663 0.349434 0.843612
299000 0.114703 0.358988 0.340681 0.814371
300000 0.111566 0.367991 0.337338 0.816894
301000 0.119305 0.360955 0.3464 0.826659
302000 0.118279 0.365612 0.345093 0.828984
303000 0.119232 0.370387 0.342947 0.832566
304000 0.126832 0.371346 0.350065 0.848242
305000 0.112517 0.361623 0.350373 0.824513
306000 0.117683 0.3939 0.353252 0.864834
307000 0.11204 0.374154 0.349489 0.835683
308000 0.125209 0.359568 0.346024 0.830801
309000 0.119757 0.353515 0.345606 0.818878
310000 0.115079 0.363873 0.344058 0.823011
311000 0.143016 0.351396 0.340338 0.834751
312000 0.122827 0.351659 0.338351 0.812837
313000 0.126123 0.35988 0.351865 0.837867
314000 0.117948 0.35582 0.356603 0.830371
315000 0.122334 0.357317 0.338388 0.818039
316000 0.132135 0.367161 0.333229 0.832524
317000 0.12002 0.355227 0.348356 0.823602
318000 0.132339 0.379262 0.351443 0.863044
319000 0.117471 0.37004 0.349489 0.837001
320000 0.119302 0.357965 0.344144 0.821411
321000 0.138162 0.370775 0.330561 0.839497
322000 0.118602 0.357712 0.328997 0.805311
323000 0.141497 0.361232 0.33387 0.8366
324000 0.13139 0.356831 0.345312 0.833532
325000 0.121001 0.341476 0.344308 0.806785
326000 0.117758 0.352831 0.334906 0.805495
327000 0.131091 0.378104 0.332335 0.84153
328000 0.129821 0.389451 0.350585 0.869858
329000 0.125103 0.366859 0.358554 0.850516
330000 0.125896 0.356874 0.351011 0.83378
331000 0.147812 0.366378 0.349602 0.863793
332000 0.123971 0.356604 0.33406 0.814635
333000 0.127276 0.367327 0.350419 0.845022
334000 0.115901 0.362375 0.367388 0.845664
335000 0.123334 0.362012 0.34921 0.834556
336000 0.137208 0.380482 0.344895 0.862585
337000 0.127648 0.372818 0.340131 0.840597
338000 0.125201 0.37273 0.348655 0.846586
339000 0.137247 0.368216 0.356471 0.861934
340000 0.130594 0.368735 0.368366 0.867696
341000 0.13264 0.377663 0.349116 0.85942
342000 0.143203 0.393347 0.353949 0.8905
343000 0.138712 0.363124 0.353039 0.854875
344000 0.139197 0.377105 0.368964 0.885266
345000 0.141177 0.375534 0.373389 0.890099
346000 0.124909 0.380516 0.37155 0.876976
347000 0.143284 0.404931 0.357918 0.906133
348000 0.129565 0.385835 0.374622 0.890022
349000 0.142863 0.384147 0.379331 0.906341
350000 0.136755 0.374297 0.386962 0.898013
351000 0.133554 0.384175 0.381837 0.899566
352000 0.145336 0.407207 0.374131 0.926674
353000 0.130368 0.403457 0.360877 0.894701
354000 0.139889 0.37419 0.363997 0.878076
355000 0.144911 0.372148 0.357798 0.874857
356000 0.128747 0.370447 0.365026 0.86422
357000 0.134379 0.404236 0.384329 0.922944
358000 0.130864 0.377631 0.364395 0.872891
359000 0.137107 0.388074 0.361701 0.886882
360000 0.130704 0.377171 0.356047 0.863922
361000 0.134791 0.372896 0.366638 0.874324
362000 0.13957 0.377001 0.35642 0.87299
363000 0.14321 0.386017 0.37181 0.901037
364000 0.136848 0.40395 0.370092 0.91089
365000 0.135571 0.382031 0.392833 0.910435
366000 0.14273 0.399064 0.373262 0.915056
367000 0.140851 0.381008 0.359225 0.881084
368000 0.133559 0.38196 0.359486 0.875005
369000 0.14706 0.38752 0.369543 0.904123
370000 0.134481 0.387169 0.377276 0.898926
371000 0.148103 0.389104 0.381508 0.918715
372000 0.13353 0.377789 0.37653 0.887848
373000 0.141312 0.387185 0.36575 0.894248
374000 0.138296 0.376756 0.365387 0.880438
375000 0.136278 0.371855 0.392344 0.900477
376000 0.138313 0.392208 0.374461 0.904982
377000 0.140122 0.385766 0.385058 0.910947
378000 0.144778 0.376232 0.386019 0.907028
379000 0.141265 0.386952 0.395396 0.923612
380000 0.136283 0.392543 0.372499 0.901324
381000 0.138639 0.384302 0.373584 0.896525
382000 0.147901 0.390575 0.391104 0.92958
383000 0.141205 0.383615 0.401646 0.926466
384000 0.151593 0.387631 0.385837 0.925062
385000 0.136653 0.384974 0.376445 0.898072
386000 0.135932 0.383579 0.384617 0.904128
387000 0.142025 0.408244 0.357735 0.908003
388000 0.139419 0.385682 0.372855 0.897955
389000 0.140598 0.37667 0.371661 0.888929
390000 0.144705 0.395118 0.380806 0.920629
391000 0.147554 0.396188 0.37449 0.918232
392000 0.148123 0.387394 0.370073 0.905589
393000 0.14786 0.408324 0.378372 0.934556
394000 0.140028 0.387373 0.37419 0.901592
395000 0.147681 0.400218 0.371162 0.919062
396000 0.141121 0.389899 0.381794 0.912815
397000 0.139202 0.416833 0.381208 0.937242
398000 0.144827 0.401459 0.398639 0.944925
399000 0.13662 0.377659 0.391059 0.905338
400000 0.143826 0.397752 0.389494 0.931072
401000 0.152455 0.403911 0.380626 0.936992
402000 0.147231 0.401366 0.374038 0.922635
403000 0.140821 0.384195 0.401377 0.926394
404000 0.150634 0.408874 0.404297 0.963805
405000 0.147388 0.405363 0.404087 0.956838
406000 0.155425 0.420413 0.408261 0.984099
407000 0.14534 0.430852 0.392335 0.968527
408000 0.152759 0.417769 0.411114 0.981643
409000 0.140477 0.401993 0.409182 0.951651
410000 0.140188 0.420436 0.407353 0.967977
411000 0.146223 0.416245 0.417248 0.979716
412000 0.149149 0.428746 0.401072 0.978967
413000 0.15362 0.420492 0.402347 0.976459
414000 0.141232 0.424465 0.400525 0.966223
415000 0.158095 0.413197 0.408728 0.980019
416000 0.158134 0.416287 0.420396 0.994817
417000 0.159623 0.446537 0.417298 1.02346
418000 0.147796 0.436523 0.420407 1.00473
419000 0.14772 0.432674 0.400637 0.981031
420000 0.153534 0.432472 0.419741 1.00575
421000 0.144849 0.44148 0.437679 1.02401
422000 0.159723 0.443082 0.437105 1.03991
423000 0.150019 0.419873 0.405329 0.97522
424000 0.15488 0.441726 0.422026 1.01863
425000 0.145018 0.446095 0.431908 1.02302
426000 0.14961 0.43581 0.451406 1.03683
427000 0.152822 0.437308 0.428419 1.01855
428000 0.151688 0.436982 0.437273 1.02594
429000 0.151932 0.431244 0.422336 1.00551
430000 0.155521 0.441779 0.41877 1.01607
431000 0.139723 0.42677 0.439648 1.00614
432000 0.144742 0.440414 0.435867 1.02102
433000 0.136332 0.45896 0.425963 1.02126
434000 0.145075 0.432272 0.424669 1.00202
435000 0.140826 0.472569 0.427694 1.04109
436000 0.137228 0.439188 0.426261 1.00268
437000 0.146416 0.460557 0.423518 1.03049
438000 0.149205 0.468694 0.438779 1.05668
439000 0.154037 0.46019 0.440226 1.05445
440000 0.143922 0.462651 0.426732 1.03331
441000 0.138201 0.476221 0.422502 1.03692
442000 0.169358 0.467335 0.428912 1.0656
443000 0.13977 0.459239 0.436655 1.03566
444000 0.136137 0.455337 0.4254 1.01687
445000 0.144779 0.4562 0.443246 1.04423
446000 0.14504 0.476678 0.432482 1.0542
447000 0.159102 0.443396 0.43535 1.03785
448000 0.141725 0.475565 0.446729 1.06402
449000 0.150828 0.465369 0.425533 1.04173
450000 0.143792 0.470397 0.445116 1.0593
451000 0.155325 0.480377 0.442681 1.07838
452000 0.141093 0.471141 0.451802 1.06404
453000 0.141521 0.495937 0.453029 1.09049
454000 0.159548 0.496902 0.447774 1.10422
455000 0.151532 0.48594 0.440144 1.07762
456000 0.152201 0.494159 0.442521 1.08888
457000 0.139216 0.487833 0.468754 1.0958
458000 0.139514 0.479939 0.456722 1.07617
459000 0.1485 0.471438 0.467085 1.08702
460000 0.137981 0.488457 0.469058 1.0955
461000 0.147951 0.475554 0.462798 1.0863
462000 0.156677 0.489665 0.465426 1.11177
463000 0.161502 0.49798 0.460431 1.11991
464000 0.144861 0.494411 0.469751 1.10902
465000 0.150739 0.482399 0.471717 1.10485
466000 0.143322 0.491827 0.466802 1.10195
467000 0.144824 0.484601 0.461342 1.09077
468000 0.141749 0.491469 0.470053 1.10327
469000 0.168802 0.483095 0.458656 1.11055
470000 0.141252 0.476898 0.455988 1.07414
471000 0.166279 0.492032 0.464228 1.12254
472000 0.136606 0.482864 0.469281 1.08875
473000 0.145918 0.481555 0.461637 1.08911
474000 0.147827 0.499253 0.472991 1.12007
475000 0.148229 0.490967 0.463855 1.10305
476000 0.153831 0.498383 0.464175 1.11639
477000 0.142534 0.494819 0.490123 1.12748
478000 0.184717 0.503452 0.506937 1.19511
479000 0.143772 0.508242 0.497654 1.14967
480000 0.14598 0.49041 0.499185 1.13558
481000 0.150652 0.479016 0.503213 1.13288
482000 0.147574 0.496422 0.484468 1.12846
483000 0.175901 0.49981 0.472111 1.14782
484000 0.147024 0.496566 0.471714 1.1153
485000 0.146371 0.515588 0.498774 1.16073
486000 0.164051 0.493126 0.461888 1.11906
487000 0.145886 0.50235 0.490316 1.13855
488000 0.167588 0.512808 0.472626 1.15302
489000 0.139305 0.512697 0.471861 1.12386
490000 0.147709 0.484578 0.475448 1.10774
491000 0.161608 0.495912 0.471608 1.12913
492000 0.148507 0.496562 0.481299 1.12637
493000 0.152286 0.50666 0.491768 1.15071
494000 0.155384 0.513298 0.487652 1.15633
495000 0.142514 0.512308 0.488294 1.14312
496000 0.15122 0.495844 0.472376 1.11944
497000 0.137547 0.516237 0.48273 1.13651
498000 0.150272 0.523113 0.483479 1.15686
499000 0.145404 0.515837 0.467385 1.12863
500000 0.149131 0.518935 0.480304 1.14837
501000 0.145899 0.506253 0.476923 1.12908
502000 0.153662 0.510394 0.490763 1.15482
503000 0.137855 0.513474 0.48707 1.1384
504000 0.143598 0.510144 0.495408 1.14915
505000 0.156513 0.523761 0.476993 1.15727
506000 0.153232 0.506021 0.48685 1.1461
507000 0.13737 0.508953 0.497513 1.14384
508000 0.174315 0.537494 0.491728 1.20354
509000 0.142481 0.493402 0.465589 1.10147
510000 0.161031 0.49873 0.485723 1.14548
511000 0.152059 0.492884 0.500342 1.14529
512000 0.158244 0.492875 0.488173 1.13929
513000 0.170317 0.502346 0.479685 1.15235
514000 0.157511 0.510061 0.500898 1.16847
515000 0.162888 0.516635 0.491044 1.17057
516000 0.15501 0.503147 0.496542 1.1547
517000 0.161911 0.518299 0.524246 1.20446
518000 0.175315 0.499894 0.504986 1.18019
519000 0.157547 0.527697 0.504239 1.18948
520000 0.159607 0.542148 0.507538 1.20929
521000 0.159137 0.513406 0.50722 1.17976
522000 0.156908 0.512901 0.513853 1.18366
523000 0.167307 0.530574 0.508873 1.20675
524000 0.161994 0.533592 0.509704 1.20529
525000 0.164879 0.52438 0.502568 1.19183
526000 0.167504 0.523775 0.508748 1.20003
527000 0.165283 0.5287 0.50668 1.20066
528000 0.155791 0.513103 0.521293 1.19019
529000 0.163212 0.535652 0.525532 1.2244
530000 0.158684 0.52107 0.517174 1.19693
531000 0.157507 0.531122 0.502426 1.19106
532000 0.179246 0.506124 0.508053 1.19342
533000 0.167057 0.525204 0.488791 1.18105
534000 0.157482 0.52426 0.506168 1.18791
535000 0.164096 0.526517 0.512339 1.20295
536000 0.158477 0.548781 0.508557 1.21581
537000 0.177779 0.521577 0.500824 1.20018
538000 0.151539 0.53368 0.481755 1.16697
539000 0.155514 0.526241 0.4943 1.17606
540000 0.159853 0.528364 0.504562 1.19278
541000 0.156782 0.555112 0.508849 1.22074
542000 0.165626 0.55351 0.515753 1.23489
543000 0.161331 0.546511 0.507261 1.2151
544000 0.161285 0.541414 0.500413 1.20311
545000 0.17426 0.533854 0.514768 1.22288
546000 0.163402 0.559285 0.509759 1.23245
547000 0.183105 0.564343 0.519484 1.26693
548000 0.172361 0.540272 0.506817 1.21945
549000 0.174145 0.533183 0.507432 1.21476
550000 0.174107 0.551067 0.508888 1.23406
551000 0.165027 0.541735 0.513536 1.2203
552000 0.173597 0.559838 0.540232 1.27367
553000 0.170265 0.559784 0.521601 1.25165
554000 0.188686 0.545743 0.531927 1.26636
555000 0.173289 0.535128 0.522349 1.23077
556000 0.171318 0.559178 0.516786 1.24728
557000 0.178662 0.556566 0.511197 1.24642
558000 0.172698 0.541725 0.530932 1.24535
559000 0.197674 0.56107 0.562342 1.32109
560000 0.167789 0.547829 0.544306 1.25992
561000 0.170063 0.559712 0.535066 1.26484
562000 0.175651 0.578635 0.522457 1.27674
563000 0.166855 0.583292 0.519847 1.26999
564000 0.180271 0.563823 0.545424 1.28952
565000 0.173825 0.56736 0.533092 1.27428
566000 0.191816 0.568513 0.552353 1.31268
567000 0.176321 0.567448 0.530528 1.2743
568000 0.170553 0.587624 0.522418 1.2806
569000 0.183806 0.557169 0.545025 1.286
570000 0.179947 0.569325 0.544057 1.29333
571000 0.188831 0.566099 0.546177 1.30111
572000 0.180227 0.575741 0.530717 1.28668
573000 0.192326 0.592107 0.536673 1.32111
574000 0.176769 0.585307 0.536716 1.29879
575000 0.181081 0.579775 0.542117 1.30297
576000 0.178699 0.570036 0.562758 1.31149
577000 0.173034 0.57515 0.546709 1.29489
578000 0.196059 0.607139 0.546457 1.34966
579000 0.173734 0.604283 0.55168 1.3297
580000 0.180861 0.604322 0.527876 1.31306
581000 0.179966 0.559506 0.562716 1.30219
582000 0.173854 0.599605 0.555081 1.32854
583000 0.183959 0.606335 0.540428 1.33072
584000 0.171642 0.583992 0.546913 1.30255
585000 0.163829 0.5676 0.541535 1.27296
586000 0.180351 0.584685 0.574932 1.33997
587000 0.171162 0.568788 0.568017 1.30797
588000 0.174291 0.590185 0.558835 1.32331
589000 0.19083 0.591657 0.555291 1.33778
590000 0.172242 0.577239 0.546695 1.29618
591000 0.195166 0.574655 0.558901 1.32872
592000 0.17426 0.591721 0.557692 1.32367
593000 0.180901 0.565768 0.547369 1.29404
594000 0.176123 0.585146 0.552411 1.31368
595000 0.175822 0.58922 0.58058 1.34562
596000 0.172622 0.587841 0.568211 1.32867
597000 0.190404 0.598358 0.568868 1.35763
598000 0.185867 0.609564 0.581567 1.377
599000 0.178118 0.600951 0.572277 1.35135
600000 0.199024 0.58738 0.543661 1.33006
601000 0.177345 0.611968 0.555799 1.34511
602000 0.18408 0.610421 0.573096 1.3676
603000 0.180602 0.594355 0.574674 1.34963
604000 0.183945 0.597848 0.557535 1.33933
605000 0.180146 0.601323 0.564282 1.34575
606000 0.176931 0.611919 0.564874 1.35372
607000 0.205837 0.613774 0.577198 1.39681
608000 0.180911 0.603251 0.571503 1.35567
609000 0.180719 0.616578 0.581258 1.37855
610000 0.187068 0.618429 0.589632 1.39513
611000 0.186146 0.620543 0.580026 1.38671
612000 0.179693 0.583519 0.565199 1.32841
613000 0.190113 0.596286 0.552779 1.33918
614000 0.176307 0.605598 0.567046 1.34895
615000 0.194546 0.603073 0.548546 1.34617
616000 0.191036 0.610587 0.591022 1.39264
617000 0.177717 0.629101 0.597931 1.40475
618000 0.199641 0.606181 0.587645 1.39347
619000 0.175337 0.615959 0.594137 1.38543
620000 0.177265 0.607017 0.601611 1.38589
621000 0.195737 0.620099 0.628884 1.44472
622000 0.176509 0.622102 0.58866 1.38727
623000 0.179737 0.615793 0.584474 1.38
624000 0.182965 0.604042 0.593793 1.3808
625000 0.190216 0.603614 0.60142 1.39525
626000 0.188325 0.612723 0.602054 1.4031
627000 0.176756 0.616506 0.595797 1.38906
628000 0.184681 0.628622 0.593644 1.40695
629000 0.180869 0.628244 0.619926 1.42904
630000 0.18554 0.629202 0.594622 1.40936
631000 0.212679 0.624564 0.588392 1.42563
632000 0.180813 0.619001 0.581862 1.38168
633000 0.216612 0.607747 0.581168 1.40553
634000 0.186806 0.627426 0.619557 1.43379
635000 0.186935 0.638736 0.593745 1.41942
636000 0.199461 0.644095 0.620623 1.46418
637000 0.179478 0.638682 0.604018 1.42218
638000 0.205112 0.624018 0.573637 1.40277
639000 0.191945 0.644647 0.603158 1.43975
640000 0.180929 0.635027 0.609462 1.42542
641000 0.198456 0.654744 0.628386 1.48159
642000 0.178553 0.657194 0.614719 1.45047
643000 0.188424 0.654158 0.596574 1.43916
644000 0.205627 0.660316 0.586058 1.452
645000 0.189645 0.642331 0.602764 1.43474
646000 0.19589 0.644735 0.6084 1.44903
647000 0.196459 0.660243 0.620705 1.47741
648000 0.194036 0.655033 0.603049 1.45212
649000 0.190601 0.654233 0.611303 1.45614
650000 0.205977 0.662984 0.59441 1.46337
651000 0.19528 0.656419 0.600804 1.4525
652000 0.21972 0.641291 0.58785 1.44886
653000 0.190178 0.652035 0.605555 1.44777
654000 0.196085 0.663697 0.604691 1.46447
655000 0.200319 0.642834 0.589549 1.4327
656000 0.179602 0.644606 0.582705 1.40691
657000 0.212698 0.667969 0.59315 1.47382
658000 0.195376 0.651225 0.594237 1.44084
659000 0.187506 0.645977 0.60435 1.43783
660000 0.192808 0.637398 0.613082 1.44329
661000 0.196538 0.642884 0.613486 1.45291
662000 0.198817 0.634371 0.612053 1.44524
663000 0.186727 0.646985 0.59736 1.43107
664000 0.183798 0.65295 0.634849 1.4716
665000 0.205145 0.656838 0.621227 1.48321
666000 0.18938 0.661643 0.62161 1.47263
667000 0.220301 0.66754 0.632107 1.51995
668000 0.189065 0.644124 0.614027 1.44722
669000 0.187184 0.666801 0.627392 1.48138
670000 0.21338 0.66309 0.618229 1.4947
671000 0.196176 0.667898 0.616162 1.48024
672000 0.212674 0.642436 0.610165 1.46527
673000 0.190923 0.64672 0.61992 1.45756
674000 0.201956 0.665826 0.631848 1.49963
675000 0.190728 0.675445 0.636595 1.50277
676000 0.187714 0.661052 0.617272 1.46604
677000 0.206551 0.649083 0.620485 1.47612
678000 0.186813 0.650374 0.599489 1.43668
679000 0.192445 0.652706 0.626296 1.47145
680000 0.214402 0.676499 0.619309 1.51021
681000 0.183582 0.657588 0.621194 1.46236
682000 0.187361 0.664744 0.635311 1.48742
683000 0.207168 0.668218 0.614764 1.49015
684000 0.204919 0.653498 0.610721 1.46914
685000 0.204438 0.64066 0.607595 1.45269
686000 0.19629 0.671895 0.636826 1.50501
687000 0.195558 0.664583 0.640887 1.50103
688000 0.20528 0.656918 0.624918 1.48712
689000 0.202023 0.659407 0.624705 1.48614
690000 0.202207 0.66604 0.64029 1.50854
691000 0.20695 0.665577 0.616558 1.48908
692000 0.193691 0.664684 0.626301 1.48468
693000 0.20856 0.672625 0.619607 1.50079
694000 0.215407 0.684587 0.628323 1.52832
695000 0.201309 0.683017 0.619636 1.50396
696000 0.219613 0.681837 0.631708 1.53316
697000 0.203142 0.678291 0.622301 1.50373
698000 0.198999 0.680859 0.616236 1.4961
699000 0.197471 0.682179 0.639305 1.51896
700000 0.201462 0.679371 0.630793 1.51163
701000 0.206677 0.668065 0.630987 1.50573
702000 0.207432 0.659481 0.621306 1.48822
703000 0.213032 0.669337 0.617278 1.49965
704000 0.200067 0.670516 0.635887 1.50647
705000 0.221062 0.665913 0.636721 1.5237
706000 0.207116 0.67457 0.623309 1.50499
707000 0.187376 0.687963 0.642416 1.51775
708000 0.208409 0.691295 0.620128 1.51983
709000 0.211206 0.683711 0.636181 1.5311
710000 0.204596 0.697062 0.631807 1.53347
711000 0.21045 0.696019 0.623498 1.52997
712000 0.189949 0.679543 0.647347 1.51684
713000 0.224871 0.69717 0.655955 1.578
714000 0.197122 0.690714 0.668318 1.55615
715000 0.205607 0.71476 0.649559 1.56993
716000 0.20346 0.693437 0.641282 1.53818
717000 0.216344 0.679159 0.653 1.5485
718000 0.21437 0.700931 0.657281 1.57258
719000 0.204807 0.687973 0.68787 1.58065
720000 0.214752 0.695321 0.664043 1.57412
721000 0.217768 0.682145 0.655917 1.55583
722000 0.212239 0.704826 0.652746 1.56981
723000 0.21245 0.691106 0.640223 1.54378
724000 0.225962 0.679264 0.657602 1.56283
725000 0.213435 0.711532 0.647121 1.57209
726000 0.214278 0.693442 0.657608 1.56533
727000 0.22685 0.692969 0.656999 1.57682
728000 0.210358 0.698534 0.668712 1.5776
729000 0.21949 0.720586 0.685848 1.62592
730000 0.226759 0.729801 0.668468 1.62503
731000 0.21389 0.705756 0.671065 1.59071
732000 0.218459 0.695619 0.665002 1.57908
733000 0.218598 0.702234 0.662589 1.58342
734000 0.205769 0.716999 0.689453 1.61222
735000 0.2101 0.701993 0.687651 1.59974
736000 0.215549 0.706618 0.682549 1.60472
737000 0.22061 0.697599 0.6864 1.60461
738000 0.213804 0.730154 0.669443 1.6134
739000 0.213159 0.716163 0.697159 1.62648
740000 0.224029 0.6851 0.704254 1.61338
741000 0.219859 0.724451 0.707139 1.65145
742000 0.210964 0.701902 0.675062 1.58793
743000 0.219643 0.710131 0.678098 1.60787
744000 0.221915 0.713578 0.678945 1.61444
745000 0.225307 0.712962 0.721489 1.65976
746000 0.212918 0.695116 0.700007 1.60804
747000 0.219997 0.70416 0.672596 1.59675
748000 0.22006 0.708843 0.672748 1.60165
749000 0.216529 0.711095 0.68884 1.61646
750000 0.227589 0.715109 0.713033 1.65573
751000 0.216011 0.719804 0.727262 1.66308
752000 0.234691 0.708775 0.678306 1.62177
753000 0.220175 0.694392 0.690563 1.60513
754000 0.222011 0.716802 0.67292 1.61173
755000 0.231356 0.70914 0.685706 1.6262
756000 0.225103 0.70726 0.693771 1.62613
757000 0.215504 0.709239 0.685521 1.61026
758000 0.217216 0.703861 0.680275 1.60135
759000 0.226047 0.715836 0.686442 1.62833
760000 0.222758 0.720987 0.691861 1.6356
761000 0.221371 0.739115 0.704817 1.6653
762000 0.227241 0.733886 0.690052 1.65118
763000 0.222431 0.719876 0.686782 1.62909
764000 0.237109 0.726311 0.695402 1.65882
765000 0.231693 0.718479 0.696404 1.64658
766000 0.221094 0.712062 0.697599 1.63075
767000 0.219322 0.714902 0.699845 1.63407
768000 0.221495 0.716511 0.705292 1.6433
769000 0.218992 0.733507 0.725456 1.67796
770000 0.223948 0.727949 0.700223 1.65212
771000 0.225517 0.714613 0.704957 1.64509
772000 0.22928 0.711217 0.705989 1.64649
773000 0.217929 0.723725 0.71178 1.65343
774000 0.225235 0.712084 0.692952 1.63027
775000 0.226627 0.716809 0.719586 1.66302
776000 0.234379 0.731419 0.730367 1.69616
777000 0.230215 0.73724 0.706994 1.67445
778000 0.237564 0.739108 0.708209 1.68488
779000 0.224238 0.724919 0.70979 1.65895
780000 0.229753 0.738215 0.708206 1.67617
781000 0.220927 0.744255 0.714795 1.67998
782000 0.223233 0.757852 0.726054 1.70714
783000 0.246974 0.718752 0.705949 1.67167
784000 0.22735 0.722074 0.715323 1.66475
785000 0.220991 0.717013 0.729696 1.6677
786000 0.236484 0.720364 0.721993 1.67884
787000 0.238253 0.72036 0.735784 1.6944
788000 0.252788 0.728307 0.717117 1.69821
789000 0.228913 0.740482 0.724173 1.69357
790000 0.230385 0.743951 0.743273 1.71761
791000 0.235425 0.738475 0.739808 1.71371
792000 0.230857 0.755571 0.736522 1.72295
793000 0.231874 0.750569 0.771393 1.75384
794000 0.215385 0.732253 0.750083 1.69772
795000 0.234724 0.752912 0.730912 1.71855
796000 0.235906 0.73659 0.737978 1.71047
797000 0.221581 0.750997 0.748187 1.72077
798000 0.227941 0.714414 0.723821 1.66618
799000 0.227744 0.734527 0.759426 1.7217
800000 0.23416 0.721988 0.752538 1.70869
801000 0.228838 0.74351 0.747933 1.72028
802000 0.235686 0.730224 0.748516 1.71443
803000 0.240648 0.735752 0.733382 1.70978
804000 0.233748 0.741131 0.731487 1.70637
805000 0.239497 0.747623 0.750715 1.73783
806000 0.22438 0.764154 0.742749 1.73128
807000 0.222709 0.731555 0.742479 1.69674
808000 0.249238 0.751678 0.729948 1.73086
809000 0.227003 0.722947 0.739089 1.68904
810000 0.229428 0.747202 0.73089 1.70752
811000 0.219884 0.737706 0.728876 1.68647
812000 0.223058 0.740495 0.728731 1.69228
813000 0.219108 0.7349 0.736077 1.69009
814000 0.234918 0.718628 0.722921 1.67647
815000 0.235157 0.725278 0.718343 1.67878
816000 0.209825 0.744142 0.762704 1.71667
817000 0.229657 0.735353 0.724886 1.6899
818000 0.233309 0.740426 0.746723 1.72046
819000 0.214919 0.736002 0.730689 1.68161
820000 0.233127 0.729882 0.733741 1.69675
821000 0.221064 0.751518 0.746104 1.71869
822000 0.232256 0.717123 0.726748 1.67613
823000 0.227996 0.738198 0.739052 1.70525
824000 0.227808 0.721751 0.720122 1.66968
825000 0.224725 0.73284 0.741149 1.69871
826000 0.220442 0.721041 0.737093 1.67858
827000 0.223518 0.748426 0.740406 1.71235
828000 0.218699 0.741188 0.759516 1.7194
829000 0.22018 0.709943 0.761734 1.69186
830000 0.241413 0.736145 0.744495 1.72205
831000 0.220023 0.735145 0.738926 1.69409
832000 0.248703 0.741 0.73801 1.72771
833000 0.223246 0.71458 0.714906 1.65273
834000 0.232392 0.736287 0.752529 1.72121
835000 0.227499 0.73374 0.732987 1.69423
836000 0.220812 0.729233 0.751657 1.7017
837000 0.233799 0.741218 0.736051 1.71107
838000 0.217425 0.738612 0.734458 1.69049
839000 0.232866 0.712636 0.727211 1.67271
840000 0.240376 0.737933 0.723722 1.70203
841000 0.230973 0.738668 0.765714 1.73536
842000 0.260746 0.731896 0.737948 1.73059
843000 0.229839 0.74619 0.732483 1.70851
844000 0.23187 0.762262 0.738257 1.73239
845000 0.222414 0.7533 0.73567 1.71138
846000 0.220976 0.754687 0.724262 1.69992
847000 0.244658 0.757749 0.713528 1.71593
848000 0.222832 0.772915 0.739076 1.73482
849000 0.254803 0.789461 0.73062 1.77488
850000 0.241482 0.750201 0.718422 1.7101
851000 0.241791 0.75207 0.707544 1.70141
852000 0.225988 0.765953 0.720034 1.71198
853000 0.227235 0.759789 0.744053 1.73108
854000 0.254238 0.795584 0.726668 1.77649
855000 0.228079 0.756332 0.719132 1.70354
856000 0.256737 0.787385 0.729373 1.77349
857000 0.231452 0.778946 0.718416 1.72881
858000 0.230323 0.781814 0.730293 1.74243
859000 0.24297 0.770887 0.734208 1.74807
860000 0.231006 0.78853 0.730356 1.74989
861000 0.252813 0.797516 0.734382 1.78471
862000 0.224993 0.787358 0.717544 1.72989
863000 0.230264 0.797687 0.72398 1.75193
864000 0.227695 0.802385 0.732349 1.76243
865000 0.227366 0.780984 0.696358 1.70471
866000 0.245919 0.789697 0.723166 1.75878
867000 0.233268 0.777735 0.711586 1.72259
868000 0.232019 0.781024 0.708275 1.72132
869000 0.245886 0.8214 0.718413 1.7857
870000 0.234922 0.805553 0.719599 1.76007
871000 0.239044 0.819686 0.720973 1.7797
872000 0.2335 0.82635 0.717442 1.77729
873000 0.222058 0.814833 0.713311 1.7502
874000 0.227582 0.798176 0.707179 1.73294
875000 0.243777 0.806602 0.715554 1.76593
876000 0.232274 0.81787 0.712927 1.76307
877000 0.247135 0.821765 0.721562 1.79046
878000 0.246186 0.834752 0.715804 1.79674
879000 0.241879 0.816504 0.720571 1.77895
880000 0.254636 0.837244 0.728199 1.82008
881000 0.23026 0.820507 0.726298 1.77706
882000 0.245745 0.820203 0.734106 1.80005
883000 0.250568 0.851853 0.744888 1.84731
884000 0.235602 0.846179 0.733697 1.81548
885000 0.253075 0.828296 0.757241 1.83861
886000 0.236043 0.836232 0.746977 1.81925
887000 0.258969 0.849032 0.724699 1.8327
888000 0.251577 0.838899 0.723927 1.8144
889000 0.237181 0.833964 0.732351 1.8035
890000 0.262962 0.823547 0.752122 1.83863
891000 0.236465 0.813351 0.747338 1.79715
892000 0.239393 0.832978 0.763581 1.83595
893000 0.244388 0.82852 0.75853 1.83144
894000 0.243948 0.830262 0.72988 1.80409
895000 0.253027 0.84179 0.732918 1.82774
896000 0.240367 0.864132 0.73993 1.84443
897000 0.258398 0.815312 0.745326 1.81904
898000 0.250316 0.810356 0.757163 1.81784
899000 0.257254 0.817062 0.757946 1.83226
900000 0.251947 0.815295 0.732493 1.79973
901000 0.240976 0.828283 0.736903 1.80616
902000 0.282606 0.851179 0.743762 1.87755
903000 0.23204 0.851198 0.73393 1.81717
904000 0.255961 0.831639 0.747208 1.83481
905000 0.249136 0.858075 0.745187 1.8524
906000 0.262319 0.856172 0.750666 1.86916
907000 0.254004 0.837217 0.73623 1.82745
908000 0.243545 0.841148 0.716589 1.80128
909000 0.28379 0.867907 0.722543 1.87424
910000 0.241499 0.836934 0.747254 1.82569
911000 0.261217 0.85951 0.738667 1.85939
912000 0.247002 0.850083 0.746678 1.84376
913000 0.249767 0.843193 0.721823 1.81478
914000 0.243236 0.858366 0.722347 1.82395
915000 0.244344 0.8444 0.741088 1.82983
916000 0.272419 0.862334 0.72367 1.85842
917000 0.249164 0.839536 0.74901 1.83771
918000 0.248916 0.85013 0.757608 1.85665
919000 0.24817 0.845291 0.748373 1.84183
920000 0.253059 0.838809 0.754586 1.84645
921000 0.245877 0.858315 0.730723 1.83491
922000 0.240576 0.86098 0.748474 1.85003
923000 0.253991 0.857248 0.755726 1.86696
924000 0.243972 0.865598 0.734215 1.84378
925000 0.252674 0.854139 0.743848 1.85066
926000 0.236599 0.834144 0.746923 1.81767
927000 0.245857 0.861959 0.729815 1.83763
928000 0.248426 0.851338 0.739394 1.83916
929000 0.252708 0.863079 0.745769 1.86156
930000 0.246295 0.838685 0.747296 1.83228
931000 0.243902 0.849379 0.742605 1.83589
932000 0.252523 0.860693 0.736811 1.85003
933000 0.262764 0.868942 0.734016 1.86572
934000 0.249212 0.863054 0.721876 1.83414
935000 0.269697 0.87233 0.742365 1.88439
936000 0.243363 0.843683 0.739512 1.82656
937000 0.291717 0.868028 0.737073 1.89682
938000 0.246525 0.83407 0.738784 1.81938
939000 0.248618 0.859254 0.740176 1.84805
940000 0.270945 0.862591 0.728058 1.86159
941000 0.250129 0.843883 0.74294 1.83695
942000 0.274008 0.845016 0.754999 1.87402
943000 0.237344 0.861321 0.757798 1.85646
944000 0.250722 0.873277 0.755671 1.87967
945000 0.245023 0.86057 0.747385 1.85298
946000 0.246111 0.88288 0.729022 1.85801
947000 0.26586 0.854888 0.751642 1.87239
948000 0.242274 0.844314 0.753038 1.83963
949000 0.257261 0.854709 0.7599 1.87187
950000 0.257541 0.865974 0.782018 1.90553
951000 0.258806 0.894037 0.772216 1.92506
952000 0.257803 0.870051 0.758603 1.88646
953000 0.248691 0.876124 0.767633 1.89245
954000 0.26424 0.867732 0.753819 1.88579
955000 0.24391 0.861466 0.786616 1.89199
956000 0.254023 0.868996 0.767291 1.89031
957000 0.243963 0.852071 0.78677 1.8828
958000 0.253884 0.877959 0.772511 1.90435
959000 0.267196 0.86552 0.758387 1.8911
960000 0.24567 0.871538 0.766397 1.88361
961000 0.256232 0.871636 0.759121 1.88699
962000 0.25045 0.87512 0.779904 1.90547
963000 0.249581 0.884774 0.790254 1.92461
964000 0.266166 0.885569 0.78163 1.93336
965000 0.246875 0.86332 0.765636 1.87583
966000 0.262071 0.883877 0.762913 1.90886
967000 0.249713 0.896609 0.793352 1.93967
968000 0.249764 0.877089 0.787077 1.91393
969000 0.25193 0.883496 0.768602 1.90403
970000 0.252695 0.878971 0.77914 1.91081
971000 0.256477 0.886265 0.758989 1.90173
972000 0.247424 0.87784 0.774785 1.90005
973000 0.256001 0.880863 0.787287 1.92415
974000 0.245395 0.889894 0.75954 1.89483
975000 0.257131 0.893026 0.770031 1.92019
976000 0.268705 0.890364 0.788647 1.94772
977000 0.253812 0.88631 0.785282 1.9254
978000 0.257819 0.89683 0.796043 1.95069
979000 0.257476 0.904128 0.795561 1.95717
980000 0.262866 0.895915 0.787284 1.94607
981000 0.265489 0.890317 0.795036 1.95084
982000 0.25852 0.885369 0.792411 1.9363
983000 0.260835 0.879336 0.778183 1.91835
984000 0.2593 0.898741 0.790899 1.94894
985000 0.259602 0.894235 0.796743 1.95058
986000 0.269287 0.908009 0.798079 1.97538
987000 0.252733 0.88788 0.782854 1.92347
988000 0.268705 0.900989 0.795675 1.96537
989000 0.269784 0.888367 0.794154 1.95231
990000 0.26562 0.89111 0.795045 1.95177
991000 0.26476 0.904444 0.792614 1.96182
992000 0.2637 0.900263 0.804047 1.96801
993000 0.265135 0.909739 0.800085 1.97496
994000 0.258655 0.888375 0.784753 1.93178
995000 0.254973 0.900402 0.796269 1.95164
996000 0.254205 0.900327 0.778949 1.93348
997000 0.261865 0.92011 0.798343 1.98032
998000 0.271223 0.921022 0.789184 1.98143
999000 0.269278 0.928252 0.790896 1.98843
1000000 0.26389 0.927015 0.788793 1.9797
1001000 0.262111 0.914236 0.806055 1.9824
1002000 0.263451 0.90012 0.78651 1.95008
1003000 0.256158 0.904717 0.80488 1.96576
1004000 0.266729 0.898411 0.800016 1.96516
1005000 0.268299 0.892805 0.815683 1.97679
1006000 0.264701 0.901925 0.801025 1.96765
1007000 0.261216 0.893341 0.807356 1.96191
1008000 0.267756 0.891167 0.792579 1.9515
1009000 0.272922 0.914328 0.799647 1.9869
1010000 0.280579 0.904285 0.800997 1.98586
1011000 0.262174 0.896728 0.799761 1.95866
1012000 0.264899 0.90485 0.818253 1.988
1013000 0.28637 0.901193 0.815902 2.00346
1014000 0.268105 0.917379 0.825276 2.01076
1015000 0.299948 0.921277 0.796955 2.01818
1016000 0.256754 0.917412 0.812947 1.98711
1017000 0.266082 0.900425 0.809853 1.97636
1018000 0.270831 0.908907 0.801952 1.98169
1019000 0.26815 0.911015 0.823895 2.00306
1020000 0.265941 0.920535 0.799577 1.98605
1021000 0.264483 0.923947 0.809748 1.99818
1022000 0.27629 0.927297 0.804718 2.00831
1023000 0.27186 0.945887 0.81646 2.03421
1024000 0.266084 0.927318 0.817593 2.011
1025000 0.266643 0.914159 0.825246 2.00605
1026000 0.265254 0.918539 0.826552 2.01035
1027000 0.273974 0.929193 0.822985 2.02615
1028000 0.27734 0.917 0.808094 2.00243
1029000 0.267568 0.903887 0.803665 1.97512
1030000 0.27423 0.930257 0.835807 2.04029
