# Time-averaged data for fix 1
# TimeStep c_msd_all[1] c_msd_all[2] c_msd_all[3] c_msd_all[4]
31000 0.0693964 0.083497 0.0979169 0.25081
32000 0.0666864 0.077826 0.0906233 0.235136
33000 0.0739022 0.0799773 0.0685449 0.222424
34000 0.0709456 0.106887 0.167731 0.345563
35000 0.0708639 0.0958022 0.0839944 0.250661
36000 0.0789314 0.0909147 0.132565 0.302411
37000 0.0661719 0.0889629 0.113061 0.268196
38000 0.071303 0.0943938 0.0820753 0.247772
39000 0.0696299 0.101868 0.171978 0.343475
40000 0.0795999 0.092508 0.0780849 0.250193
41000 0.0645248 0.0962604 0.118606 0.279391
42000 0.0647875 0.0984593 0.116714 0.27996
43000 0.0742655 0.0845684 0.0866315 0.245465
44000 0.0666904 0.109051 0.143452 0.319193
45000 0.0800153 0.0943684 0.0953413 0.269725
46000 0.0711411 0.0960738 0.124305 0.29152
47000 0.074964 0.0881152 0.104997 0.268076
48000 0.0723149 0.0915267 0.0839996 0.247841
49000 0.0693596 0.12588 0.15287 0.34811
50000 0.0683329 0.0982822 0.0867057 0.253321
51000 0.0680387 0.116214 0.117111 0.301363
52000 0.0775163 0.118253 0.111031 0.3068
53000 0.0671956 0.0961903 0.0937885 0.257174
54000 0.0816169 0.126658 0.198702 0.406977
55000 0.0812458 0.116097 0.0990573 0.2964
56000 0.0820082 0.130341 0.123589 0.335939
57000 0.0672654 0.112811 0.15656 0.336636
58000 0.0782903 0.114339 0.101834 0.294463
59000 0.071461 0.134742 0.172307 0.37851
60000 0.0678636 0.111189 0.106887 0.28594
61000 0.0914822 0.125026 0.130133 0.346641
62000 0.0673717 0.107013 0.145106 0.31949
63000 0.0906813 0.116497 0.108274 0.315453
64000 0.0692834 0.142113 0.193908 0.405305
65000 0.0781396 0.117619 0.112235 0.307993
66000 0.0893577 0.136319 0.142403 0.36808
67000 0.0806645 0.124062 0.125274 0.33
68000 0.0863822 0.134596 0.118848 0.339826
69000 0.0773469 0.124855 0.165064 0.367267
70000 0.0714562 0.126148 0.115629 0.313232
71000 0.0842567 0.126084 0.13484 0.34518
72000 0.0778572 0.125394 0.133338 0.336589
73000 0.0912808 0.137132 0.1326 0.361013
74000 0.0716732 0.126368 0.139988 0.338029
75000 0.0739222 0.142516 0.13515 0.351588
76000 0.0870327 0.122107 0.125767 0.334907
77000 0.0784378 0.129584 0.134535 0.342557
78000 0.0863784 0.137291 0.12027 0.343939
79000 0.0868185 0.136314 0.143832 0.366964
80000 0.0834426 0.136645 0.131315 0.351402
81000 0.0966362 0.131001 0.155459 0.383096
82000 0.079686 0.137613 0.14293 0.360229
83000 0.0956601 0.142893 0.137981 0.376534
84000 0.0807801 0.129368 0.142843 0.352991
85000 0.0969315 0.142145 0.134188 0.373265
86000 0.0787247 0.123091 0.153292 0.355108
87000 0.0878617 0.137516 0.127073 0.35245
88000 0.103014 0.146984 0.126563 0.37656
89000 0.0923576 0.136399 0.152282 0.381038
90000 0.098007 0.1561 0.134892 0.388998
91000 0.0916533 0.133238 0.154056 0.378947
92000 0.109294 0.129791 0.139955 0.37904
93000 0.101356 0.16027 0.124422 0.386049
94000 0.0883305 0.131818 0.151923 0.372072
95000 0.0940883 0.156957 0.129406 0.380451
96000 0.0822457 0.129109 0.142862 0.354216
97000 0.103592 0.14424 0.134465 0.382297
98000 0.0980119 0.14186 0.142089 0.381961
99000 0.0956182 0.134939 0.144046 0.374604
100000 0.0790598 0.150645 0.140235 0.36994
101000 0.0891886 0.126245 0.139401 0.354835
102000 0.0855047 0.134155 0.149647 0.369306
103000 0.0936103 0.14412 0.123879 0.361609
104000 0.0980183 0.131346 0.140003 0.369367
105000 0.0995316 0.182375 0.131938 0.413845
106000 0.0878403 0.120846 0.125295 0.333981
107000 0.0919284 0.151593 0.147691 0.391212
108000 0.0977498 0.137017 0.131949 0.366716
109000 0.0878326 0.131765 0.149281 0.368878
110000 0.100304 0.16556 0.151024 0.416888
111000 0.0861348 0.141222 0.138683 0.36604
112000 0.106456 0.163602 0.180956 0.451014
113000 0.0872442 0.125129 0.129421 0.341794
114000 0.0934836 0.136928 0.173693 0.404104
115000 0.0988887 0.166775 0.15349 0.419153
116000 0.0923881 0.149196 0.144406 0.38599
117000 0.0932371 0.168798 0.167501 0.429536
118000 0.0940788 0.141476 0.145135 0.380689
119000 0.0931697 0.155136 0.162327 0.410633
120000 0.106222 0.147943 0.137597 0.391762
121000 0.098741 0.138509 0.137119 0.374369
122000 0.100822 0.171542 0.151555 0.423919
123000 0.0921557 0.134399 0.133076 0.359631
124000 0.0903569 0.139977 0.175772 0.406106
125000 0.108546 0.148261 0.139718 0.396525
126000 0.0928234 0.139695 0.151671 0.384189
127000 0.110548 0.16492 0.156464 0.431932
128000 0.0813352 0.13536 0.144561 0.361255
129000 0.0956565 0.146737 0.154735 0.397128
130000 0.0882658 0.160702 0.146238 0.395205
131000 0.105588 0.144311 0.167718 0.417616
132000 0.0950983 0.141754 0.140168 0.377021
133000 0.0881519 0.137314 0.148049 0.373515
134000 0.102939 0.155871 0.16264 0.421449
135000 0.102562 0.152308 0.16404 0.418909
136000 0.104219 0.162252 0.155911 0.422383
137000 0.11593 0.166674 0.153543 0.436146
138000 0.111931 0.158359 0.16017 0.430461
139000 0.119163 0.153456 0.156225 0.428844
140000 0.115782 0.165533 0.162346 0.44366
141000 0.117676 0.157946 0.17509 0.450712
142000 0.110808 0.154553 0.171044 0.436405
143000 0.113881 0.168965 0.170212 0.453059
144000 0.111335 0.156638 0.182376 0.45035
145000 0.113316 0.157592 0.163944 0.434853
146000 0.128872 0.16696 0.185651 0.481484
147000 0.115507 0.156885 0.166473 0.438865
148000 0.113641 0.15769 0.187578 0.458909
149000 0.10781 0.168512 0.182173 0.458495
150000 0.121494 0.166859 0.178477 0.46683
151000 0.112568 0.154174 0.208031 0.474773
152000 0.114626 0.166118 0.175938 0.456682
153000 0.114378 0.171448 0.226057 0.511883
154000 0.113166 0.171145 0.189567 0.473879
155000 0.110436 0.185965 0.186801 0.483202
156000 0.121361 0.165135 0.238773 0.52527
157000 0.140642 0.183435 0.191631 0.515708
158000 0.109125 0.1929 0.21234 0.514365
159000 0.130245 0.192546 0.232547 0.555338
160000 0.119304 0.205563 0.204875 0.529743
161000 0.115709 0.191492 0.269232 0.576433
162000 0.138045 0.210622 0.206991 0.555658
163000 0.115981 0.213716 0.22877 0.558467
164000 0.12424 0.198634 0.257656 0.58053
165000 0.119077 0.22914 0.208382 0.556599
166000 0.124762 0.198401 0.280345 0.603508
167000 0.140913 0.213859 0.211986 0.566758
168000 0.132327 0.204996 0.223309 0.560633
169000 0.114777 0.200299 0.262658 0.577734
170000 0.12946 0.203924 0.222868 0.556252
171000 0.120345 0.216904 0.30376 0.641009
172000 0.131381 0.209721 0.230484 0.571586
173000 0.12951 0.21013 0.228799 0.568439
174000 0.123465 0.224004 0.288643 0.636111
175000 0.124392 0.209263 0.222164 0.555819
176000 0.144298 0.243975 0.321589 0.709862
177000 0.129352 0.21877 0.239538 0.58766
178000 0.122634 0.248179 0.25705 0.627863
179000 0.136437 0.233408 0.278649 0.648493
180000 0.137926 0.207948 0.232151 0.578025
181000 0.125184 0.242425 0.291418 0.659028
182000 0.124148 0.218978 0.234117 0.577244
183000 0.130989 0.238484 0.258362 0.627835
184000 0.143409 0.221268 0.270908 0.635586
185000 0.139647 0.216336 0.240662 0.596645
186000 0.128782 0.253554 0.291633 0.67397
187000 0.143991 0.240523 0.251318 0.635832
188000 0.128833 0.258124 0.238092 0.625049
189000 0.140376 0.232697 0.29939 0.672463
190000 0.132483 0.239564 0.238929 0.610976
191000 0.127873 0.2782 0.287879 0.693952
192000 0.151374 0.258678 0.251422 0.661475
193000 0.126898 0.263519 0.243447 0.633864
194000 0.143646 0.26102 0.319489 0.724155
195000 0.128191 0.266746 0.251984 0.646921
196000 0.138288 0.271688 0.341803 0.751778
197000 0.13821 0.248461 0.253457 0.640129
198000 0.130979 0.259881 0.250941 0.641801
199000 0.143056 0.275144 0.313634 0.731834
200000 0.134525 0.26751 0.253112 0.655146
201000 0.132719 0.265085 0.350249 0.748052
202000 0.136931 0.258346 0.249907 0.645184
203000 0.136251 0.258498 0.275505 0.670254
204000 0.134431 0.262059 0.294315 0.690805
205000 0.142506 0.269231 0.256633 0.668369
206000 0.14333 0.251618 0.321172 0.71612
207000 0.140078 0.256695 0.251367 0.64814
208000 0.138416 0.253305 0.27116 0.662881
209000 0.138821 0.271126 0.276612 0.686559
210000 0.134083 0.263814 0.254636 0.652533
211000 0.142519 0.260771 0.318164 0.721455
212000 0.15363 0.25463 0.249372 0.657633
213000 0.136768 0.26406 0.264908 0.665737
214000 0.174791 0.272291 0.291399 0.738481
215000 0.152552 0.286105 0.260897 0.699554
216000 0.154579 0.277881 0.305327 0.737788
217000 0.153769 0.279889 0.258482 0.692141
218000 0.147273 0.281608 0.285419 0.7143
219000 0.172719 0.287899 0.280532 0.74115
220000 0.151502 0.270257 0.277505 0.699264
221000 0.165379 0.285107 0.311073 0.761558
222000 0.161546 0.278036 0.251815 0.691396
223000 0.152363 0.28943 0.297947 0.739741
224000 0.148641 0.283469 0.261908 0.694018
225000 0.147183 0.291883 0.259105 0.698172
226000 0.176448 0.283751 0.306044 0.766242
227000 0.147338 0.277876 0.257443 0.682658
228000 0.181387 0.289658 0.306603 0.777647
229000 0.146713 0.29738 0.273738 0.717831
230000 0.152961 0.28976 0.285367 0.728088
231000 0.169899 0.307568 0.2995 0.776967
232000 0.155633 0.28248 0.283448 0.72156
233000 0.169512 0.302784 0.314103 0.7864
234000 0.155623 0.304915 0.275834 0.736372
235000 0.154285 0.318752 0.291174 0.764212
236000 0.146747 0.304864 0.294905 0.746515
237000 0.146166 0.29483 0.280366 0.721362
238000 0.168474 0.309373 0.291038 0.768885
239000 0.149687 0.311427 0.290015 0.751129
240000 0.166631 0.301857 0.298539 0.767027
241000 0.152283 0.331172 0.286387 0.769842
242000 0.165563 0.299463 0.297938 0.762964
243000 0.155948 0.314305 0.287766 0.758019
244000 0.158456 0.316357 0.303027 0.77784
245000 0.150407 0.328411 0.304634 0.783453
246000 0.159459 0.331404 0.300994 0.791857
247000 0.154216 0.311713 0.286511 0.75244
248000 0.156583 0.317187 0.314251 0.78802
249000 0.152724 0.353545 0.301704 0.807972
250000 0.152765 0.322792 0.297054 0.772611
251000 0.170974 0.331994 0.313871 0.816839
252000 0.158981 0.319984 0.276747 0.755712
253000 0.158855 0.323501 0.328568 0.810923
254000 0.166915 0.340472 0.292348 0.799734
255000 0.150702 0.348737 0.295431 0.79487
256000 0.149232 0.329534 0.310853 0.78962
257000 0.154356 0.31476 0.273167 0.742283
258000 0.151638 0.324725 0.313098 0.789461
259000 0.156112 0.342455 0.289738 0.788304
260000 0.150539 0.341118 0.290485 0.782142
261000 0.161535 0.343392 0.324551 0.829479
262000 0.154818 0.319247 0.293859 0.767925
263000 0.152846 0.357442 0.306908 0.817196
264000 0.16257 0.34785 0.302306 0.812726
265000 0.154606 0.343451 0.292098 0.790155
266000 0.153263 0.325631 0.328924 0.807818
267000 0.175963 0.334594 0.292274 0.802831
268000 0.152413 0.365691 0.306625 0.824729
269000 0.185548 0.334504 0.305154 0.825205
270000 0.163704 0.365055 0.310605 0.839365
271000 0.158539 0.348572 0.306201 0.813312
272000 0.174719 0.33676 0.324177 0.835656
273000 0.167871 0.360021 0.30615 0.834042
274000 0.171642 0.338506 0.318214 0.828362
275000 0.156832 0.357927 0.310517 0.825276
276000 0.165369 0.343974 0.31685 0.826194
277000 0.175926 0.342842 0.337135 0.855903
278000 0.154293 0.350416 0.307089 0.811798
279000 0.187296 0.352325 0.332064 0.871685
280000 0.157009 0.336164 0.318437 0.811611
281000 0.157038 0.349177 0.31216 0.818375
282000 0.164199 0.392169 0.343993 0.900361
283000 0.157369 0.357714 0.304458 0.819542
284000 0.173292 0.35933 0.324801 0.857423
285000 0.168947 0.398652 0.336704 0.904303
286000 0.174151 0.376068 0.31546 0.865679
287000 0.170665 0.430221 0.387963 0.988849
288000 0.168326 0.37751 0.317713 0.863549
289000 0.17421 0.403693 0.357508 0.935411
290000 0.177383 0.381198 0.336203 0.894783
291000 0.161607 0.382278 0.33218 0.876065
292000 0.180634 0.454642 0.360455 0.995731
293000 0.169462 0.378894 0.32111 0.869467
294000 0.177474 0.396012 0.356738 0.930223
295000 0.176648 0.38763 0.344042 0.90832
296000 0.187912 0.385622 0.330766 0.9043
297000 0.162518 0.424525 0.369957 0.957
298000 0.178275 0.390031 0.330422 0.898728
299000 0.192813 0.389726 0.361489 0.944027
300000 0.177003 0.400283 0.321244 0.89853
301000 0.196375 0.398653 0.350549 0.945577
302000 0.173763 0.479187 0.353134 1.00608
303000 0.171597 0.409835 0.341638 0.92307
304000 0.184561 0.39561 0.35499 0.935162
305000 0.176723 0.376474 0.339572 0.892769
306000 0.226813 0.382279 0.34963 0.958723
307000 0.175073 0.38554 0.33842 0.899033
308000 0.178424 0.389882 0.370892 0.939198
309000 0.195414 0.411327 0.360963 0.967704
310000 0.194586 0.395281 0.347584 0.937452
311000 0.225145 0.39889 0.369979 0.994014
312000 0.176048 0.395628 0.347749 0.919425
313000 0.187523 0.386199 0.34181 0.915532
314000 0.18363 0.414196 0.362861 0.960687
315000 0.17328 0.391392 0.337302 0.901974
316000 0.19885 0.401164 0.358525 0.958539
317000 0.182288 0.388174 0.346472 0.916934
318000 0.18123 0.412526 0.360783 0.954539
319000 0.183674 0.431097 0.383822 0.998592
320000 0.188409 0.40698 0.360526 0.955915
321000 0.18272 0.400865 0.347522 0.931107
322000 0.175631 0.392807 0.375816 0.944253
323000 0.188378 0.408493 0.35251 0.949381
324000 0.188787 0.403656 0.362599 0.955043
325000 0.200209 0.395762 0.381078 0.977049
326000 0.169405 0.402132 0.345971 0.917508
327000 0.190994 0.382465 0.371629 0.945088
328000 0.190771 0.430186 0.347505 0.968462
329000 0.190673 0.410892 0.355927 0.957492
330000 0.207544 0.41046 0.371662 0.989666
331000 0.18645 0.399241 0.330871 0.916561
332000 0.178678 0.40167 0.395444 0.975792
333000 0.181234 0.415971 0.350265 0.94747
334000 0.191018 0.398907 0.363104 0.953029
335000 0.181232 0.416597 0.410139 1.00797
336000 0.199599 0.441596 0.360836 1.00203
337000 0.183062 0.419077 0.407747 1.00989
338000 0.194729 0.42647 0.36525 0.986449
339000 0.183173 0.422627 0.364323 0.970123
340000 0.185687 0.41574 0.430022 1.03145
341000 0.185967 0.43377 0.353675 0.973412
342000 0.174347 0.393021 0.426905 0.994272
343000 0.22355 0.418188 0.35214 0.993878
344000 0.191726 0.431715 0.357687 0.981129
345000 0.199759 0.422466 0.422968 1.04519
346000 0.187343 0.419086 0.350072 0.956502
347000 0.175244 0.418315 0.420211 1.01377
348000 0.220003 0.435741 0.380671 1.03641
349000 0.193702 0.41454 0.354301 0.962542
350000 0.178737 0.413025 0.439234 1.031
351000 0.211133 0.433674 0.367714 1.01252
352000 0.193926 0.421552 0.391003 1.00648
353000 0.209368 0.438665 0.3866 1.03463
354000 0.187849 0.446184 0.369028 1.00306
355000 0.206026 0.42719 0.405508 1.03872
356000 0.190446 0.431794 0.361899 0.984139
357000 0.192363 0.427538 0.391064 1.01097
358000 0.209836 0.420862 0.399937 1.03064
359000 0.185098 0.411727 0.374293 0.971118
360000 0.202419 0.412873 0.423872 1.03916
361000 0.193671 0.435685 0.374697 1.00405
362000 0.184558 0.428168 0.384712 0.997438
363000 0.197729 0.44024 0.392897 1.03087
364000 0.188565 0.435341 0.390219 1.01412
365000 0.206757 0.432547 0.413524 1.05283
366000 0.194159 0.443259 0.363262 1.00068
367000 0.200164 0.430563 0.394153 1.02488
368000 0.213341 0.418804 0.386174 1.01832
369000 0.195994 0.440051 0.373143 1.00919
370000 0.203706 0.438746 0.397168 1.03962
371000 0.218924 0.435244 0.373327 1.0275
372000 0.198447 0.433967 0.410734 1.04315
373000 0.226246 0.45145 0.385265 1.06296
374000 0.202342 0.435567 0.373281 1.01119
375000 0.203527 0.43213 0.407309 1.04297
376000 0.225109 0.426674 0.378788 1.03057
377000 0.20357 0.439271 0.420796 1.06364
378000 0.242744 0.453066 0.394019 1.08983
379000 0.189502 0.439409 0.411937 1.04085
380000 0.21461 0.448391 0.400159 1.06316
381000 0.202489 0.446783 0.389698 1.03897
382000 0.202711 0.448758 0.419061 1.07053
383000 0.240487 0.439294 0.388076 1.06786
384000 0.20686 0.431223 0.413212 1.0513
385000 0.222913 0.449801 0.408804 1.08152
386000 0.208989 0.435275 0.417121 1.06139
387000 0.201167 0.449502 0.395025 1.04569
388000 0.22468 0.445731 0.417811 1.08822
389000 0.196174 0.436189 0.413611 1.04597
390000 0.267584 0.452612 0.401812 1.12201
391000 0.208836 0.432177 0.402133 1.04315
392000 0.201843 0.444892 0.413021 1.05976
393000 0.222488 0.455235 0.400593 1.07832
394000 0.202899 0.423072 0.388573 1.01454
395000 0.245818 0.451264 0.402788 1.09987
396000 0.203961 0.428058 0.410963 1.04298
397000 0.222365 0.455487 0.392231 1.07008
398000 0.209695 0.453427 0.439292 1.10242
399000 0.208225 0.43316 0.404613 1.046
400000 0.237541 0.475357 0.443699 1.1566
401000 0.205074 0.439987 0.409056 1.05412
402000 0.215707 0.4583 0.425532 1.09954
403000 0.202647 0.443955 0.451331 1.09793
404000 0.205417 0.429883 0.413425 1.04873
405000 0.211795 0.452347 0.425541 1.08968
406000 0.202685 0.440589 0.430158 1.07343
407000 0.206944 0.4579 0.409096 1.07394
408000 0.195061 0.432866 0.42431 1.05224
409000 0.211824 0.437006 0.424514 1.07334
410000 0.209844 0.444876 0.441 1.09572
411000 0.213569 0.437781 0.43925 1.0906
412000 0.209403 0.45557 0.431218 1.09619
413000 0.197424 0.444166 0.457166 1.09876
414000 0.21211 0.446253 0.431889 1.09025
415000 0.213284 0.439383 0.445797 1.09846
416000 0.20721 0.435583 0.442035 1.08483
417000 0.232264 0.442425 0.440249 1.11494
418000 0.215458 0.443271 0.463103 1.12183
419000 0.215308 0.450572 0.416688 1.08257
420000 0.233386 0.438129 0.473687 1.1452
421000 0.218915 0.443495 0.445916 1.10833
422000 0.221956 0.448706 0.430542 1.1012
423000 0.22056 0.449673 0.490724 1.16096
424000 0.211058 0.459403 0.431391 1.10185
425000 0.233503 0.467549 0.464372 1.16542
426000 0.21645 0.461657 0.478674 1.15678
427000 0.215436 0.450559 0.448016 1.11401
428000 0.21859 0.462772 0.480647 1.16201
429000 0.214472 0.449488 0.439473 1.10343
430000 0.214928 0.458207 0.458108 1.13124
431000 0.212063 0.474414 0.443543 1.13002
432000 0.221672 0.467921 0.449265 1.13886
433000 0.220281 0.463677 0.467698 1.15166
434000 0.209373 0.471258 0.452638 1.13327
435000 0.217576 0.46368 0.466039 1.1473
436000 0.209784 0.496069 0.437712 1.14357
437000 0.235551 0.455878 0.440757 1.13219
438000 0.206843 0.514699 0.45712 1.17866
439000 0.227023 0.473153 0.450708 1.15088
440000 0.222662 0.47368 0.444039 1.14038
441000 0.212999 0.463491 0.478095 1.15458
442000 0.225595 0.483392 0.437003 1.14599
443000 0.226778 0.50239 0.464421 1.19359
444000 0.221131 0.453279 0.453947 1.12836
445000 0.216978 0.480488 0.449343 1.14681
446000 0.231746 0.465883 0.488047 1.18568
447000 0.235743 0.473952 0.445854 1.15555
448000 0.247425 0.501605 0.506951 1.25598
449000 0.236905 0.473095 0.450482 1.16048
450000 0.231192 0.483744 0.474361 1.1893
451000 0.221364 0.464003 0.481805 1.16717
452000 0.242854 0.479799 0.455199 1.17785
453000 0.223853 0.485749 0.515213 1.22482
454000 0.232346 0.495549 0.470791 1.19869
455000 0.224388 0.507319 0.504731 1.23644
456000 0.231603 0.48731 0.469894 1.18881
457000 0.229754 0.508197 0.447985 1.18594
458000 0.219303 0.482261 0.53196 1.23352
459000 0.228908 0.471596 0.462138 1.16264
460000 0.225862 0.486401 0.503588 1.21585
461000 0.23852 0.484223 0.45976 1.1825
462000 0.231663 0.492251 0.46842 1.19233
463000 0.233811 0.479673 0.494362 1.20785
464000 0.229528 0.485508 0.452539 1.16758
465000 0.22186 0.492329 0.530069 1.24426
466000 0.242169 0.490023 0.468322 1.20051
467000 0.227792 0.478503 0.493907 1.2002
468000 0.221821 0.472468 0.514027 1.20832
469000 0.219621 0.487767 0.452118 1.15951
470000 0.236833 0.497651 0.540318 1.2748
471000 0.227777 0.470974 0.475404 1.17415
472000 0.246504 0.492841 0.480811 1.22016
473000 0.236204 0.491537 0.479341 1.20708
474000 0.221183 0.48903 0.475406 1.18562
475000 0.225814 0.494452 0.498364 1.21863
476000 0.211307 0.487901 0.497935 1.19714
477000 0.227527 0.496829 0.503511 1.22787
478000 0.233656 0.535011 0.497875 1.26654
479000 0.223033 0.487005 0.475163 1.1852
480000 0.252421 0.500577 0.510083 1.26308
481000 0.240507 0.499365 0.490382 1.23025
482000 0.235542 0.498888 0.494948 1.22938
483000 0.22975 0.505635 0.50629 1.24167
484000 0.230695 0.492273 0.483618 1.20659
485000 0.229759 0.503263 0.490065 1.22309
486000 0.215701 0.508089 0.499553 1.22334
487000 0.247709 0.518717 0.517295 1.28372
488000 0.228435 0.498706 0.502637 1.22978
489000 0.23265 0.497502 0.500149 1.2303
490000 0.238841 0.508438 0.486948 1.23423
491000 0.21834 0.529448 0.529879 1.27767
492000 0.24199 0.499529 0.50911 1.25063
493000 0.213574 0.525968 0.520156 1.2597
494000 0.237929 0.528074 0.505544 1.27155
495000 0.230301 0.497447 0.509436 1.23718
496000 0.249281 0.523143 0.529676 1.3021
497000 0.216533 0.499947 0.49949 1.21597
498000 0.222095 0.51159 0.503144 1.23683
499000 0.246218 0.507901 0.512226 1.26635
500000 0.218539 0.48148 0.504624 1.20464
501000 0.238083 0.497534 0.529003 1.26462
502000 0.224246 0.513302 0.507491 1.24504
503000 0.253292 0.505093 0.4883 1.24669
504000 0.230195 0.516001 0.564358 1.31055
505000 0.231919 0.506465 0.48976 1.22814
506000 0.243826 0.512092 0.513381 1.2693
507000 0.223958 0.492049 0.53437 1.25038
508000 0.253156 0.536026 0.472298 1.26148
509000 0.221833 0.510746 0.556516 1.2891
510000 0.236153 0.509393 0.484061 1.22961
511000 0.244825 0.521367 0.512599 1.27879
512000 0.218468 0.508045 0.558351 1.28486
513000 0.243387 0.524199 0.50243 1.27002
514000 0.231711 0.496768 0.562478 1.29096
515000 0.229504 0.512907 0.511956 1.25437
516000 0.231345 0.509999 0.511541 1.25288
517000 0.222356 0.507577 0.547313 1.27725
518000 0.26094 0.506218 0.499876 1.26703
519000 0.239327 0.493741 0.562889 1.29596
520000 0.246744 0.516077 0.511969 1.27479
521000 0.240805 0.513605 0.529805 1.28422
522000 0.232063 0.499213 0.556206 1.28748
523000 0.255966 0.513904 0.522848 1.29272
524000 0.22702 0.510682 0.581481 1.31918
525000 0.235002 0.508098 0.523026 1.26613
526000 0.262486 0.526751 0.525628 1.31487
527000 0.233682 0.508253 0.563679 1.30561
528000 0.261627 0.522261 0.503296 1.28718
529000 0.229654 0.506573 0.553652 1.28988
530000 0.239175 0.519614 0.555769 1.31456
531000 0.242458 0.52148 0.547349 1.31129
532000 0.244994 0.511459 0.553673 1.31013
533000 0.229745 0.530699 0.545661 1.3061
534000 0.253324 0.528573 0.561236 1.34313
535000 0.230941 0.517849 0.528588 1.27738
536000 0.229665 0.535015 0.547161 1.31184
537000 0.263678 0.521163 0.57008 1.35492
538000 0.239568 0.51321 0.541077 1.29386
539000 0.271748 0.529361 0.568361 1.36947
540000 0.23199 0.524524 0.533001 1.28952
541000 0.223202 0.529168 0.522705 1.27508
542000 0.250746 0.549679 0.559477 1.3599
543000 0.236852 0.519821 0.532539 1.28921
544000 0.296284 0.55307 0.561488 1.41084
545000 0.236861 0.510845 0.553686 1.30139
546000 0.239341 0.534467 0.551164 1.32497
547000 0.23591 0.56111 0.562221 1.35924
548000 0.228623 0.517692 0.552626 1.29894
549000 0.255236 0.564077 0.542482 1.36179
550000 0.240018 0.541668 0.58709 1.36878
551000 0.25207 0.550568 0.534619 1.33726
552000 0.240977 0.535957 0.56821 1.34514
553000 0.241027 0.532842 0.564913 1.33878
554000 0.254847 0.579572 0.560759 1.39518
555000 0.245511 0.546752 0.590833 1.3831
556000 0.246706 0.575982 0.544053 1.36674
557000 0.235112 0.526215 0.588659 1.34999
558000 0.260389 0.54007 0.56585 1.36631
559000 0.225721 0.55353 0.567773 1.34702
560000 0.241666 0.538136 0.593183 1.37299
561000 0.237581 0.593719 0.563137 1.39444
562000 0.250428 0.576035 0.630863 1.45733
563000 0.246367 0.567835 0.590016 1.40422
564000 0.23745 0.559396 0.59163 1.38848
565000 0.255635 0.557196 0.620271 1.4331
566000 0.252814 0.607306 0.571424 1.43154
567000 0.261715 0.553622 0.66718 1.48252
568000 0.244172 0.572549 0.601662 1.41838
569000 0.252626 0.55822 0.634635 1.44548
570000 0.240799 0.547765 0.636563 1.42513
571000 0.266053 0.578895 0.599673 1.44462
572000 0.248168 0.565506 0.652119 1.46579
573000 0.260452 0.571483 0.600075 1.43201
574000 0.248128 0.556617 0.606024 1.41077
575000 0.258905 0.565127 0.631638 1.45567
576000 0.256643 0.572138 0.617215 1.446
577000 0.246122 0.554441 0.66806 1.46862
578000 0.268182 0.557536 0.613176 1.43889
579000 0.257226 0.57914 0.686491 1.52286
580000 0.253821 0.561178 0.615434 1.43043
581000 0.257334 0.550042 0.610166 1.41754
582000 0.255688 0.561869 0.656216 1.47377
583000 0.265148 0.545814 0.628689 1.43965
584000 0.253621 0.574161 0.655929 1.48371
585000 0.262458 0.560673 0.640472 1.4636
586000 0.261188 0.55205 0.641148 1.45439
587000 0.258308 0.540861 0.675806 1.47498
588000 0.273524 0.567663 0.630734 1.47192
589000 0.260446 0.574059 0.695452 1.52996
590000 0.256204 0.548963 0.631926 1.43709
591000 0.27395 0.563596 0.685124 1.52267
592000 0.263974 0.57458 0.726612 1.56517
593000 0.272226 0.559767 0.664008 1.496
594000 0.249732 0.566282 0.714612 1.53063
595000 0.26955 0.56 0.667046 1.4966
596000 0.268092 0.557695 0.690356 1.51614
597000 0.266934 0.575068 0.719189 1.56119
598000 0.265725 0.570445 0.689958 1.52613
599000 0.25532 0.582601 0.727319 1.56524
600000 0.268215 0.572731 0.696213 1.53716
601000 0.276328 0.556671 0.725594 1.55859
602000 0.267088 0.590881 0.694636 1.55261
603000 0.275967 0.582915 0.688142 1.54702
604000 0.275999 0.599406 0.685134 1.56054
605000 0.283539 0.586483 0.682884 1.55291
606000 0.259679 0.582761 0.696397 1.53884
607000 0.267115 0.585964 0.693354 1.54643
608000 0.277307 0.586723 0.720497 1.58453
609000 0.271711 0.588313 0.679237 1.53926
610000 0.281143 0.624017 0.708077 1.61324
611000 0.27847 0.603505 0.689771 1.57175
612000 0.269767 0.601693 0.699841 1.5713
613000 0.283009 0.609013 0.714558 1.60658
614000 0.279993 0.614682 0.694235 1.58891
615000 0.276151 0.603646 0.717569 1.59737
616000 0.2843 0.605167 0.703974 1.59344
617000 0.282212 0.604688 0.700553 1.58745
618000 0.284261 0.597472 0.698238 1.57997
619000 0.281859 0.589036 0.714793 1.58569
620000 0.28553 0.613403 0.730709 1.62964
621000 0.274988 0.620933 0.691029 1.58695
622000 0.29544 0.59873 0.715207 1.60938
623000 0.282498 0.59142 0.707307 1.58122
624000 0.284109 0.607494 0.717461 1.60906
625000 0.299412 0.610354 0.730159 1.63993
626000 0.280832 0.616327 0.72154 1.6187
627000 0.297357 0.608338 0.718683 1.62438
628000 0.285378 0.613092 0.706316 1.60479
629000 0.2833 0.601679 0.717426 1.60241
630000 0.28997 0.618678 0.702128 1.61078
631000 0.292775 0.603726 0.703168 1.59967
632000 0.296987 0.602623 0.727445 1.62706
633000 0.284433 0.606459 0.667748 1.55864
634000 0.287488 0.603048 0.741647 1.63218
635000 0.289805 0.612276 0.712406 1.61449
636000 0.289102 0.600673 0.685406 1.57518
637000 0.296235 0.615677 0.72672 1.63863
638000 0.289572 0.599539 0.678339 1.56745
639000 0.278436 0.625615 0.695526 1.59958
640000 0.290826 0.602439 0.701702 1.59497
641000 0.29344 0.622342 0.715455 1.63124
642000 0.277875 0.603015 0.728741 1.60963
643000 0.302263 0.623403 0.7068 1.63247
644000 0.276789 0.616555 0.710296 1.60364
645000 0.277791 0.61159 0.705788 1.59517
646000 0.279816 0.608557 0.696106 1.58448
647000 0.285611 0.622095 0.729383 1.63709
648000 0.299427 0.637595 0.713972 1.65099
649000 0.272393 0.630761 0.739931 1.64309
650000 0.292802 0.608036 0.690505 1.59134
651000 0.283702 0.648077 0.744375 1.67615
652000 0.303601 0.62203 0.688493 1.61412
653000 0.284027 0.656652 0.736828 1.67751
654000 0.275543 0.610058 0.76681 1.65241
655000 0.293347 0.609595 0.715124 1.61807
656000 0.272646 0.618181 0.741739 1.63257
657000 0.30965 0.63307 0.719025 1.66175
658000 0.300282 0.623319 0.717142 1.64074
659000 0.281788 0.601312 0.725386 1.60849
660000 0.32652 0.649583 0.704226 1.68033
661000 0.287589 0.609527 0.727742 1.62486
662000 0.319984 0.599757 0.728877 1.64862
663000 0.262713 0.648058 0.726836 1.63761
664000 0.281099 0.597874 0.734657 1.61363
665000 0.299215 0.65184 0.747226 1.69828
666000 0.283465 0.617778 0.742612 1.64385
667000 0.297434 0.626462 0.737819 1.66171
668000 0.293269 0.662237 0.772925 1.72843
669000 0.286835 0.648 0.731493 1.66633
670000 0.276953 0.680888 0.72694 1.68478
671000 0.275111 0.650199 0.746462 1.67177
672000 0.298792 0.647383 0.730115 1.67629
673000 0.282083 0.674605 0.765518 1.72221
674000 0.296626 0.629132 0.723837 1.64959
675000 0.294664 0.662538 0.750379 1.70758
676000 0.285434 0.639276 0.749093 1.6738
677000 0.311603 0.645433 0.713659 1.67069
678000 0.274284 0.684699 0.760802 1.71979
679000 0.282859 0.680188 0.741039 1.70409
680000 0.277437 0.672745 0.749746 1.69993
681000 0.274238 0.6446 0.770334 1.68917
682000 0.287993 0.646799 0.770952 1.70574
683000 0.28165 0.674578 0.747744 1.70397
684000 0.303388 0.677827 0.758954 1.74017
685000 0.276261 0.669253 0.715924 1.66144
686000 0.27622 0.648841 0.757974 1.68303
687000 0.27835 0.674237 0.730977 1.68356
688000 0.290862 0.677223 0.755957 1.72404
689000 0.292205 0.67841 0.77639 1.74701
690000 0.273682 0.691562 0.720127 1.68537
691000 0.294759 0.660511 0.769653 1.72492
692000 0.288807 0.680854 0.745678 1.71534
693000 0.286912 0.680898 0.756255 1.72407
694000 0.300757 0.658609 0.755132 1.7145
695000 0.28012 0.689708 0.740059 1.70989
696000 0.305738 0.659002 0.764592 1.72933
697000 0.281948 0.653961 0.741098 1.67701
698000 0.288219 0.666712 0.756571 1.7115
699000 0.301425 0.681202 0.799363 1.78199
700000 0.279708 0.659428 0.744801 1.68394
701000 0.353215 0.676302 0.812092 1.84161
702000 0.294244 0.684843 0.733127 1.71221
703000 0.314911 0.690178 0.815802 1.82089
704000 0.281446 0.651801 0.767971 1.70122
705000 0.284733 0.673729 0.732843 1.6913
706000 0.29155 0.680693 0.811162 1.7834
707000 0.291737 0.661149 0.739028 1.69191
708000 0.30228 0.707117 0.785123 1.79452
709000 0.284909 0.677881 0.790785 1.75357
710000 0.296132 0.689183 0.770832 1.75615
711000 0.292535 0.695333 0.821587 1.80946
712000 0.305862 0.668898 0.733907 1.70867
713000 0.272895 0.68947 0.80106 1.76343
714000 0.296998 0.711358 0.767042 1.7754
715000 0.283158 0.697393 0.750176 1.73073
716000 0.302154 0.705191 0.826889 1.83423
717000 0.286571 0.685724 0.757414 1.72971
718000 0.297877 0.724148 0.802146 1.82417
719000 0.299841 0.701122 0.777405 1.77837
720000 0.286171 0.687123 0.756067 1.72936
721000 0.298781 0.69695 0.804447 1.80018
722000 0.289121 0.695069 0.739887 1.72408
723000 0.296262 0.684577 0.775498 1.75634
724000 0.29083 0.694714 0.765973 1.75152
725000 0.302924 0.702648 0.763347 1.76892
726000 0.299623 0.68295 0.80223 1.7848
727000 0.303848 0.696015 0.751612 1.75148
728000 0.293401 0.710817 0.795586 1.7998
729000 0.2858 0.679118 0.777603 1.74252
730000 0.302293 0.699152 0.751896 1.75334
731000 0.299403 0.693527 0.811585 1.80451
732000 0.286178 0.698347 0.744495 1.72902
733000 0.284643 0.699191 0.792973 1.77681
734000 0.299952 0.697573 0.741627 1.73915
735000 0.296021 0.691131 0.762769 1.74992
736000 0.285507 0.698876 0.760873 1.74526
737000 0.285554 0.70145 0.756501 1.7435
738000 0.293866 0.697165 0.810576 1.80161
739000 0.27853 0.701413 0.74619 1.72613
740000 0.309968 0.722095 0.779002 1.81106
741000 0.287925 0.686804 0.808086 1.78282
742000 0.297097 0.685266 0.752277 1.73464
743000 0.29559 0.7155 0.791499 1.80259
744000 0.302188 0.707574 0.75255 1.76231
745000 0.303638 0.695496 0.775979 1.77511
746000 0.269525 0.71714 0.776537 1.7632
747000 0.311837 0.714098 0.749456 1.77539
748000 0.29901 0.688983 0.803201 1.79119
749000 0.294044 0.705655 0.766176 1.76587
750000 0.29578 0.71815 0.798363 1.81229
751000 0.283479 0.709112 0.784058 1.77665
752000 0.297954 0.699876 0.758358 1.75619
753000 0.294379 0.703837 0.799634 1.79785
754000 0.299713 0.712463 0.764718 1.77689
755000 0.302807 0.696555 0.796032 1.79539
756000 0.294088 0.697331 0.762413 1.75383
757000 0.284754 0.713381 0.77635 1.77448
758000 0.303946 0.708728 0.785782 1.79846
759000 0.288583 0.712322 0.75803 1.75894
760000 0.300909 0.712897 0.78509 1.7989
761000 0.298337 0.719114 0.753609 1.77106
762000 0.295199 0.707849 0.757394 1.76044
763000 0.301399 0.721255 0.766303 1.78896
764000 0.302965 0.716694 0.765871 1.78553
765000 0.30378 0.737843 0.785892 1.82752
766000 0.305524 0.700375 0.777034 1.78293
767000 0.314209 0.711758 0.768058 1.79403
768000 0.317067 0.735458 0.808773 1.8613
769000 0.306165 0.73358 0.767501 1.80725
770000 0.338543 0.741761 0.804232 1.88454
771000 0.307408 0.732163 0.770117 1.80969
772000 0.309593 0.730738 0.782494 1.82282
773000 0.313228 0.731852 0.842633 1.88771
774000 0.302349 0.726111 0.767758 1.79622
775000 0.308317 0.746238 0.808853 1.86341
776000 0.308448 0.732473 0.778967 1.81989
777000 0.31504 0.738893 0.785069 1.839
778000 0.296917 0.733522 0.835201 1.86564
779000 0.306712 0.754156 0.779168 1.84004
780000 0.310578 0.749152 0.804321 1.86405
781000 0.300124 0.735477 0.791926 1.82753
782000 0.311037 0.733915 0.771146 1.8161
783000 0.303836 0.737179 0.855369 1.89638
784000 0.30362 0.744687 0.755631 1.80394
785000 0.315499 0.728979 0.784384 1.82886
786000 0.318253 0.754162 0.814752 1.88717
787000 0.311853 0.783322 0.760657 1.85583
788000 0.316552 0.761304 0.857751 1.93561
789000 0.313915 0.791875 0.777843 1.88363
790000 0.337363 0.796898 0.801018 1.93528
791000 0.309328 0.756777 0.837497 1.9036
792000 0.326242 0.799717 0.783027 1.90899
793000 0.309016 0.766228 0.857325 1.93257
794000 0.304197 0.797281 0.790801 1.89228
795000 0.32134 0.789264 0.798171 1.90877
796000 0.302896 0.766086 0.843717 1.9127
797000 0.298935 0.803414 0.771967 1.87432
798000 0.328637 0.806167 0.878506 2.01331
799000 0.307843 0.789157 0.798463 1.89546
800000 0.315909 0.746231 0.78997 1.85211
801000 0.318593 0.761143 0.814707 1.89444
802000 0.314645 0.781507 0.784948 1.8811
803000 0.354696 0.779681 0.858665 1.99304
804000 0.322862 0.792838 0.811674 1.92737
805000 0.337972 0.777676 0.815622 1.93127
806000 0.327488 0.774832 0.858287 1.96061
807000 0.302003 0.779373 0.791272 1.87265
808000 0.34159 0.784286 0.86197 1.98785
809000 0.319873 0.799257 0.792091 1.91122
810000 0.337403 0.767492 0.825079 1.92997
811000 0.317577 0.794185 0.853181 1.96494
812000 0.314583 0.804606 0.804734 1.92392
813000 0.364152 0.800496 0.835252 1.9999
814000 0.314908 0.784187 0.814809 1.9139
815000 0.326812 0.808547 0.796036 1.93139
816000 0.322664 0.825464 0.823473 1.9716
817000 0.317835 0.783377 0.822668 1.92388
818000 0.332845 0.805459 0.840416 1.97872
819000 0.316839 0.81862 0.818251 1.95371
820000 0.35877 0.791781 0.810055 1.96061
821000 0.327046 0.800219 0.814477 1.94174
822000 0.330429 0.799063 0.837959 1.96745
823000 0.337215 0.800362 0.833042 1.97062
824000 0.318483 0.802692 0.825932 1.94711
825000 0.343847 0.798899 0.834539 1.97728
826000 0.311957 0.832926 0.830599 1.97548
827000 0.334028 0.80514 0.791285 1.93045
828000 0.323924 0.794555 0.814586 1.93306
829000 0.322873 0.795257 0.818658 1.93679
830000 0.34989 0.807005 0.85931 2.0162
831000 0.324333 0.815193 0.861843 2.00137
832000 0.347084 0.803621 0.820968 1.97167
833000 0.346953 0.80305 0.856887 2.00689
834000 0.326448 0.801138 0.83562 1.96321
835000 0.347557 0.798318 0.843273 1.98915
836000 0.311757 0.830794 0.877495 2.02005
837000 0.323099 0.828678 0.829334 1.98111
838000 0.352742 0.83559 0.858446 2.04678
839000 0.318313 0.798401 0.838037 1.95475
840000 0.340812 0.82677 0.823258 1.99084
841000 0.313485 0.811022 0.85058 1.97509
842000 0.329496 0.815775 0.828322 1.97359
843000 0.33662 0.828052 0.851676 2.01635
844000 0.315077 0.810969 0.833771 1.95982
845000 0.342867 0.82624 0.865879 2.03499
846000 0.320616 0.825139 0.862955 2.00871
847000 0.321081 0.835853 0.846331 2.00327
848000 0.336307 0.830846 0.840404 2.00756
849000 0.331 0.844911 0.835863 2.01177
850000 0.328967 0.825967 0.857603 2.01254
851000 0.3281 0.85479 0.865859 2.04875
852000 0.330479 0.836706 0.855514 2.0227
853000 0.346243 0.822786 0.858478 2.02751
854000 0.331537 0.865393 0.849716 2.04665
855000 0.330148 0.826669 0.852464 2.00928
856000 0.342901 0.841367 0.861484 2.04575
857000 0.323784 0.843189 0.867604 2.03458
858000 0.3534 0.818934 0.870178 2.04251
859000 0.327793 0.836365 0.885363 2.04952
860000 0.352416 0.857078 0.862835 2.07233
861000 0.333146 0.84329 0.877546 2.05398
862000 0.322682 0.820853 0.843496 1.98703
863000 0.328509 0.836386 0.893009 2.0579
864000 0.333692 0.841028 0.868415 2.04314
865000 0.358591 0.845805 0.870334 2.07473
866000 0.334934 0.847286 0.879729 2.06195
867000 0.338421 0.837247 0.858887 2.03456
868000 0.369402 0.838094 0.893046 2.10054
869000 0.330558 0.851605 0.85421 2.03637
870000 0.373483 0.854122 0.871918 2.09952
871000 0.335428 0.838582 0.878626 2.05264
872000 0.33097 0.863105 0.862477 2.05655
873000 0.3404 0.836993 0.889076 2.06647
874000 0.333644 0.83836 0.846459 2.01846
875000 0.346306 0.860317 0.915863 2.12249
876000 0.33442 0.824248 0.849369 2.00804
877000 0.34229 0.861551 0.902981 2.10682
878000 0.340182 0.828518 0.891538 2.06024
879000 0.336212 0.861502 0.835547 2.03326
880000 0.35247 0.8503 0.898206 2.10098
881000 0.318823 0.843927 0.857815 2.02057
882000 0.345486 0.884184 0.870732 2.1004
883000 0.335111 0.855751 0.883257 2.07412
884000 0.338715 0.88181 0.864235 2.08476
885000 0.354425 0.843498 0.895076 2.093
886000 0.338667 0.898813 0.84772 2.0852
887000 0.346883 0.879101 0.943535 2.16952
888000 0.334604 0.87368 0.883521 2.0918
889000 0.335662 0.901137 0.873259 2.11006
890000 0.353797 0.88042 0.945406 2.17962
891000 0.329936 0.880839 0.868036 2.07881
892000 0.344262 0.879077 0.912286 2.13562
893000 0.334862 0.890777 0.884633 2.11027
894000 0.339891 0.883355 0.907638 2.13088
895000 0.347264 0.88769 0.899367 2.13432
896000 0.337637 0.867191 0.858578 2.06341
897000 0.366764 0.875177 0.922632 2.16457
898000 0.344551 0.890529 0.885409 2.12049
899000 0.337984 0.863441 0.933312 2.13474
900000 0.334524 0.869366 0.909453 2.11334
901000 0.346541 0.889446 0.862393 2.09838
902000 0.343242 0.852638 0.93239 2.12827
903000 0.348732 0.885542 0.863164 2.09744
904000 0.333708 0.861707 0.893437 2.08885
905000 0.329346 0.881934 0.911542 2.12282
906000 0.34676 0.846678 0.870065 2.0635
907000 0.339246 0.881081 0.957892 2.17822
908000 0.352884 0.881085 0.868417 2.10238
909000 0.338879 0.867785 0.932544 2.13921
910000 0.345602 0.879969 0.912407 2.13798
911000 0.352223 0.897426 0.892648 2.1423
912000 0.333182 0.883859 0.945055 2.1621
913000 0.370874 0.899664 0.872561 2.1431
914000 0.333255 0.875852 0.95093 2.16004
915000 0.349865 0.894059 0.914106 2.15803
916000 0.345512 0.907342 0.895957 2.14881
917000 0.351766 0.871885 0.922024 2.14568
918000 0.360197 0.87171 0.876851 2.10876
919000 0.34885 0.888321 0.905799 2.14297
920000 0.372177 0.865317 0.903843 2.14134
921000 0.346505 0.881837 0.926228 2.15457
922000 0.347979 0.858766 0.929812 2.13656
923000 0.359075 0.917383 0.893761 2.17022
924000 0.347576 0.869355 0.923789 2.14072
925000 0.352755 0.861678 0.945333 2.15977
926000 0.341489 0.877121 0.886732 2.10534
927000 0.334915 0.88002 0.992958 2.20789
928000 0.33811 0.888197 0.876352 2.10266
929000 0.365132 0.864718 0.88483 2.11468
930000 0.341327 0.871204 0.931824 2.14435
931000 0.353369 0.897096 0.922291 2.17276
932000 0.359618 0.864697 0.911773 2.13609
933000 0.347659 0.877911 0.909684 2.13525
934000 0.34332 0.888916 0.926892 2.15913
935000 0.341848 0.922261 0.917092 2.1812
936000 0.347509 0.899 0.909958 2.15647
937000 0.3518 0.894294 0.918921 2.16501
938000 0.337339 0.898202 0.918549 2.15409
939000 0.367713 0.896755 0.937101 2.20157
940000 0.348356 0.910379 0.891955 2.15069
941000 0.362838 0.89052 0.921007 2.17437
942000 0.351216 0.930105 0.913354 2.19467
943000 0.347499 0.888019 0.914117 2.14964
944000 0.35568 0.922626 0.953456 2.23176
945000 0.343271 0.909794 0.917454 2.17052
946000 0.36085 0.905295 0.965826 2.23197
947000 0.347061 0.947665 0.93293 2.22766
948000 0.349543 0.907379 0.923889 2.18081
949000 0.360494 0.893357 0.955823 2.20967
950000 0.340024 0.901435 0.914419 2.15588
951000 0.362338 0.904216 0.937279 2.20383
952000 0.360068 0.924688 0.918733 2.20349
953000 0.360158 0.902412 0.918986 2.18156
954000 0.347128 0.929803 0.983152 2.26008
955000 0.366468 0.900613 0.914099 2.18118
956000 0.374828 0.918287 0.967628 2.26074
957000 0.35286 0.900946 0.93965 2.19346
958000 0.353958 0.91368 0.917614 2.18525
959000 0.35744 0.919402 0.991018 2.26786
960000 0.348267 0.936595 0.924485 2.20935
961000 0.352728 0.918987 0.954706 2.22642
962000 0.369361 0.926262 0.97572 2.27134
963000 0.35735 0.918269 0.920307 2.19593
964000 0.367152 0.929912 0.974659 2.27172
965000 0.382131 0.95337 0.947341 2.28284
966000 0.365479 0.935226 0.981449 2.28215
967000 0.364772 0.93942 0.938348 2.24254
968000 0.366888 0.932087 0.948053 2.24703
969000 0.358572 0.915735 0.974676 2.24898
970000 0.375808 0.93032 0.984428 2.29056
971000 0.359117 0.952365 0.9898 2.30128
972000 0.3638 0.95573 0.966569 2.2861
973000 0.365566 0.928838 0.980836 2.27524
974000 0.363605 0.947739 0.950273 2.26162
975000 0.407718 0.930946 0.978138 2.3168
976000 0.373008 0.934266 0.96637 2.27364
977000 0.38075 0.932519 0.961554 2.27482
978000 0.353501 0.944334 0.969901 2.26774
979000 0.375179 0.936313 0.973641 2.28513
980000 0.387077 0.94388 0.973093 2.30405
981000 0.367081 0.943569 0.966678 2.27733
982000 0.385497 0.94331 1.00384 2.33264
983000 0.383519 0.955852 0.978338 2.31771
984000 0.362483 0.942881 0.987786 2.29315
985000 0.369568 0.95545 0.978655 2.30367
986000 0.369143 0.939967 0.963746 2.27286
987000 0.364212 0.952486 0.986756 2.30345
988000 0.394392 0.952291 0.979476 2.32616
989000 0.365712 0.952884 1.02747 2.34607
990000 0.389525 0.97019 0.987914 2.34763
991000 0.38137 0.924325 1.00238 2.30807
992000 0.392322 0.957864 0.998792 2.34898
993000 0.379021 0.944797 0.974592 2.29841
994000 0.383043 0.97182 1.0082 2.36306
995000 0.38037 0.958481 1.01748 2.35633
996000 0.371747 0.965362 0.984756 2.32187
997000 0.413302 0.963894 1.02249 2.39969
998000 0.393435 0.988442 0.990584 2.37246
999000 0.428431 0.976982 1.01387 2.41928
1000000 0.394085 1.00823 1.04777 2.45008
1001000 0.399681 0.992296 1.0038 2.39577
1002000 0.3954 0.995292 1.03012 2.42081
1003000 0.376042 0.994423 1.01072 2.38118
1004000 0.497006 0.994396 0.99718 2.48858
1005000 0.403819 1.00808 1.05636 2.46827
1006000 0.42865 1.00889 1.00078 2.43832
1007000 0.399594 1.00489 1.06838 2.47286
1008000 0.383998 1.01453 1.0412 2.43973
1009000 0.441436 1.02584 1.01756 2.48483
1010000 0.405752 1.00418 1.09261 2.50255
1011000 0.443851 1.00191 1.02915 2.47491
1012000 0.404604 0.997778 1.0776 2.47998
1013000 0.385488 0.981144 1.04524 2.41188
1014000 0.42085 1.00089 1.00183 2.42357
1015000 0.386251 1.00411 1.06545 2.45581
1016000 0.423563 1.01866 1.03348 2.4757
1017000 0.387893 1.02451 1.07311 2.48552
1018000 0.387328 0.981171 1.05294 2.42144
1019000 0.407387 1.02471 1.04484 2.47694
1020000 0.394994 1.01023 1.08621 2.49144
1021000 0.429657 0.981485 1.04439 2.45553
1022000 0.381414 1.00037 1.09709 2.47887
1023000 0.405031 0.981911 1.06038 2.44732
1024000 0.394235 1.01188 1.04192 2.44804
1025000 0.38729 0.989493 1.06779 2.44458
1026000 0.394059 1.02755 1.06223 2.48384
1027000 0.396737 1.01374 1.08375 2.49422
1028000 0.393728 0.999273 1.05846 2.45146
1029000 0.399975 1.01664 1.061 2.47761
1030000 0.388007 0.973366 1.08281 2.44418
