# Time-averaged data for fix 1
# TimeStep c_msd_all[1] c_msd_all[2] c_msd_all[3] c_msd_all[4]
31000 0.0653621 0.0678133 0.0568538 0.190029
32000 0.0762253 0.0771738 0.062215 0.215614
33000 0.0675339 0.0640185 0.0726874 0.20424
34000 0.0722717 0.077525 0.0764499 0.226247
35000 0.0781041 0.0760298 0.076575 0.230709
36000 0.0602568 0.0622326 0.0808999 0.203389
37000 0.0832366 0.0695585 0.0836157 0.236411
38000 0.0764634 0.0751773 0.0834974 0.235138
39000 0.0726251 0.0669882 0.0871926 0.226806
40000 0.0803321 0.0793459 0.0754035 0.235082
41000 0.0693425 0.074891 0.0747371 0.218971
42000 0.0831987 0.0709669 0.0801665 0.234332
43000 0.0771137 0.0751846 0.0720523 0.224351
44000 0.074003 0.0712827 0.0713584 0.216644
45000 0.0802336 0.0698035 0.079371 0.229408
46000 0.0799227 0.0756744 0.0772621 0.232859
47000 0.0759089 0.0650684 0.0743956 0.215373
48000 0.0782285 0.0690655 0.0817941 0.229088
49000 0.078041 0.0799821 0.0827021 0.240725
50000 0.0740029 0.0769013 0.0857754 0.23668
51000 0.0785323 0.0740057 0.100711 0.253249
52000 0.0817283 0.0741908 0.087304 0.243223
53000 0.0783336 0.0789222 0.0815087 0.238764
54000 0.0805648 0.0734346 0.0739025 0.227902
55000 0.0702336 0.0756679 0.0821117 0.228013
56000 0.0835505 0.0844899 0.0737094 0.24175
57000 0.0849642 0.0825505 0.0870408 0.254555
58000 0.0779085 0.0768839 0.0966326 0.251425
59000 0.0816246 0.082682 0.0883426 0.252649
60000 0.0798098 0.0816118 0.0851526 0.246574
61000 0.0868527 0.0787274 0.0810451 0.246625
62000 0.0833917 0.0795946 0.0851697 0.248156
63000 0.083243 0.0752278 0.0777297 0.236201
64000 0.0932023 0.0830903 0.0856138 0.261906
65000 0.0868494 0.0813928 0.0867633 0.255006
66000 0.0959317 0.0813503 0.0871261 0.264408
67000 0.0823989 0.0741865 0.0922252 0.248811
68000 0.082155 0.0826309 0.0895801 0.254366
69000 0.0847725 0.0799166 0.0931267 0.257816
70000 0.0860344 0.0793155 0.0894757 0.254826
71000 0.0815667 0.0813482 0.0861831 0.249098
72000 0.0886776 0.0801783 0.0952873 0.264143
73000 0.0803178 0.0783972 0.0890214 0.247736
74000 0.0751352 0.0723747 0.0882309 0.235741
75000 0.0912512 0.0908307 0.0864557 0.268538
76000 0.0782242 0.0726981 0.0897585 0.240681
77000 0.0910265 0.0835484 0.0899815 0.264556
78000 0.0901506 0.0739503 0.086755 0.250856
79000 0.0787425 0.0893748 0.0967343 0.264852
80000 0.08977 0.086286 0.0991762 0.275232
81000 0.082395 0.0816491 0.0982913 0.262335
82000 0.0874786 0.0884909 0.0943721 0.270342
83000 0.0903428 0.0910136 0.0929628 0.274319
84000 0.097436 0.0837564 0.0978902 0.279083
85000 0.0855725 0.0765037 0.091921 0.253997
86000 0.085065 0.0805996 0.086675 0.25234
87000 0.0874791 0.07578 0.10388 0.267139
88000 0.0902312 0.0865814 0.092657 0.26947
89000 0.0839487 0.0756766 0.0930033 0.252629
90000 0.0849645 0.0828178 0.108496 0.276279
91000 0.0878232 0.0787256 0.102207 0.268756
92000 0.0898338 0.0764638 0.100632 0.26693
93000 0.0885704 0.0792878 0.0997943 0.267652
94000 0.0858492 0.080273 0.100947 0.26707
95000 0.0945386 0.0823073 0.0967744 0.27362
96000 0.085826 0.0780908 0.0935475 0.257464
97000 0.0949593 0.0895624 0.0935609 0.278083
98000 0.0926072 0.0829388 0.0977355 0.273281
99000 0.0856353 0.0825713 0.0944968 0.262703
100000 0.0937023 0.086571 0.0966722 0.276945
101000 0.0888338 0.0886097 0.10366 0.281103
102000 0.0874893 0.0839501 0.0995724 0.271012
103000 0.0942436 0.092545 0.0969125 0.283701
104000 0.0858177 0.0851301 0.0955171 0.266465
105000 0.0822074 0.0831778 0.105004 0.270389
106000 0.0903405 0.0827125 0.111383 0.284436
107000 0.0929882 0.0834911 0.11244 0.288919
108000 0.0910642 0.0852775 0.118795 0.295137
109000 0.0992124 0.08697 0.108031 0.294213
110000 0.0901372 0.0911051 0.0988689 0.280111
111000 0.0987714 0.0931101 0.0951969 0.287078
112000 0.105406 0.0886489 0.101797 0.295852
113000 0.094393 0.0804498 0.101608 0.276451
114000 0.098071 0.104123 0.0985281 0.300722
115000 0.0957197 0.0878944 0.107343 0.290957
116000 0.0935557 0.0949584 0.112105 0.300619
117000 0.0929527 0.0927691 0.104488 0.29021
118000 0.0960628 0.0915979 0.0999816 0.287642
119000 0.105129 0.0987812 0.104739 0.308649
120000 0.0946266 0.0885159 0.109571 0.292714
121000 0.103621 0.0981052 0.123908 0.325635
122000 0.0934081 0.0823878 0.106042 0.281838
123000 0.0948042 0.0855649 0.104369 0.284738
124000 0.0987452 0.0834677 0.101732 0.283945
125000 0.098445 0.0974639 0.106158 0.302067
126000 0.0939867 0.0916492 0.113304 0.29894
127000 0.0969994 0.093393 0.103382 0.293774
128000 0.100447 0.0915341 0.10472 0.296701
129000 0.0918355 0.100879 0.105223 0.297938
130000 0.0994205 0.0888243 0.105194 0.293439
131000 0.100667 0.0992585 0.101362 0.301288
132000 0.0981824 0.104651 0.0973454 0.300179
133000 0.102475 0.0904662 0.0953353 0.288277
134000 0.104621 0.103433 0.103042 0.311097
135000 0.100394 0.104975 0.105927 0.311295
136000 0.109998 0.106239 0.111186 0.327423
137000 0.0944438 0.0969454 0.11016 0.301549
138000 0.0977281 0.095522 0.116682 0.309932
139000 0.103914 0.100613 0.107738 0.312265
140000 0.108033 0.109134 0.104388 0.321555
141000 0.103387 0.10837 0.0969462 0.308703
142000 0.0935148 0.0971401 0.096142 0.286797
143000 0.10366 0.105153 0.110781 0.319593
144000 0.0968396 0.103832 0.10541 0.306081
145000 0.109022 0.103052 0.10211 0.314183
146000 0.107875 0.105488 0.109236 0.3226
147000 0.106999 0.100668 0.108093 0.31576
148000 0.122787 0.125216 0.10772 0.355723
149000 0.100109 0.102682 0.099762 0.302553
150000 0.115785 0.113939 0.101572 0.331297
151000 0.112346 0.109363 0.110137 0.331847
152000 0.122454 0.109471 0.114857 0.346782
153000 0.119282 0.111246 0.112802 0.34333
154000 0.104731 0.105199 0.109019 0.318949
155000 0.104426 0.0998803 0.106783 0.311089
156000 0.104973 0.109006 0.105578 0.319557
157000 0.103175 0.11141 0.111626 0.326211
158000 0.104427 0.108764 0.103869 0.31706
159000 0.110388 0.109736 0.102425 0.322549
160000 0.111595 0.107098 0.103481 0.322173
161000 0.110268 0.121966 0.105754 0.337987
162000 0.105106 0.104028 0.108705 0.317838
163000 0.111124 0.108435 0.122003 0.341562
164000 0.118513 0.112309 0.117484 0.348306
165000 0.121925 0.106138 0.114773 0.342837
166000 0.106806 0.104694 0.103329 0.31483
167000 0.11395 0.118502 0.106525 0.338977
168000 0.110196 0.120084 0.106716 0.336995
169000 0.112513 0.11868 0.107715 0.338908
170000 0.113831 0.120429 0.118482 0.352742
171000 0.114131 0.118947 0.116811 0.349888
172000 0.113103 0.116206 0.113416 0.342725
173000 0.109375 0.110337 0.117405 0.337117
174000 0.122272 0.117689 0.112837 0.352798
175000 0.110794 0.113871 0.111963 0.336629
176000 0.108527 0.11399 0.109499 0.332016
177000 0.109689 0.116564 0.108852 0.335105
178000 0.116366 0.11524 0.11194 0.343546
179000 0.11355 0.110607 0.122595 0.346752
180000 0.107513 0.111295 0.112492 0.331299
181000 0.107982 0.110454 0.119474 0.33791
182000 0.111526 0.113492 0.113057 0.338075
183000 0.115027 0.123449 0.111059 0.349535
184000 0.106525 0.112093 0.109897 0.328516
185000 0.117745 0.131864 0.104491 0.354099
186000 0.116588 0.124268 0.114576 0.355431
187000 0.118656 0.123277 0.11833 0.360263
188000 0.110254 0.123918 0.120741 0.354913
189000 0.124509 0.118615 0.112722 0.355846
190000 0.114285 0.121134 0.111606 0.347024
191000 0.112823 0.116114 0.112967 0.341904
192000 0.113378 0.122158 0.111094 0.34663
193000 0.109751 0.123201 0.113581 0.346532
194000 0.118994 0.136032 0.110211 0.365237
195000 0.117492 0.137107 0.115388 0.369987
196000 0.116183 0.127861 0.114136 0.35818
197000 0.111277 0.13159 0.112785 0.355652
198000 0.116785 0.131168 0.116906 0.364859
199000 0.115103 0.13044 0.112264 0.357807
200000 0.120453 0.135725 0.118803 0.374981
201000 0.117913 0.134655 0.121292 0.37386
202000 0.122498 0.136808 0.122781 0.382087
203000 0.120681 0.139483 0.120952 0.381116
204000 0.123291 0.131391 0.121757 0.37644
205000 0.124184 0.132365 0.120173 0.376722
206000 0.118818 0.125742 0.120724 0.365283
207000 0.121032 0.129436 0.116913 0.367381
208000 0.11246 0.132809 0.114478 0.359747
209000 0.116905 0.12802 0.110905 0.355831
210000 0.105079 0.117825 0.120663 0.343567
211000 0.104949 0.129138 0.122785 0.356872
212000 0.118724 0.13191 0.121184 0.371818
213000 0.110333 0.132857 0.122546 0.365737
214000 0.117583 0.127166 0.11885 0.363599
215000 0.121731 0.135289 0.131725 0.388745
216000 0.11408 0.132999 0.129168 0.376247
217000 0.111822 0.137806 0.128196 0.377824
218000 0.111942 0.134255 0.135704 0.381901
219000 0.114744 0.135858 0.128764 0.379365
220000 0.118792 0.130007 0.114112 0.362912
221000 0.110762 0.131861 0.12657 0.369193
222000 0.122961 0.141316 0.123617 0.387894
223000 0.119633 0.13199 0.122518 0.37414
224000 0.110941 0.128223 0.114336 0.353501
225000 0.102106 0.125693 0.121698 0.349497
226000 0.115634 0.139706 0.115557 0.370897
227000 0.124797 0.13572 0.118818 0.379334
228000 0.107788 0.140904 0.113984 0.362676
229000 0.109273 0.1379 0.122084 0.369257
230000 0.11542 0.140425 0.126047 0.381892
231000 0.113627 0.134083 0.139867 0.387577
232000 0.117634 0.137158 0.137129 0.391922
233000 0.115098 0.129454 0.140531 0.385083
234000 0.114264 0.130002 0.135183 0.379449
235000 0.128992 0.140276 0.129241 0.398508
236000 0.117677 0.129222 0.135187 0.382086
237000 0.113326 0.142714 0.12955 0.38559
238000 0.117736 0.137844 0.129668 0.385248
239000 0.119523 0.135448 0.131928 0.386899
240000 0.120019 0.129455 0.128952 0.378426
241000 0.124344 0.13698 0.123127 0.38445
242000 0.125845 0.137825 0.127208 0.390878
243000 0.116961 0.134721 0.121974 0.373657
244000 0.125327 0.150872 0.129241 0.40544
245000 0.124605 0.13482 0.128528 0.387953
246000 0.124036 0.138477 0.1271 0.389613
247000 0.122633 0.131206 0.125923 0.379761
248000 0.113592 0.13461 0.123704 0.371907
249000 0.121628 0.132262 0.122262 0.376152
250000 0.13261 0.141438 0.135197 0.409245
251000 0.12459 0.143748 0.136806 0.405145
252000 0.1206 0.141816 0.134179 0.396595
253000 0.119729 0.147409 0.134925 0.402063
254000 0.11983 0.148941 0.145294 0.414066
255000 0.122385 0.142128 0.130605 0.395118
256000 0.121591 0.146648 0.130117 0.398356
257000 0.114193 0.134751 0.131383 0.380328
258000 0.12608 0.141555 0.129936 0.397571
259000 0.123167 0.138269 0.135071 0.396508
260000 0.124441 0.146121 0.12812 0.398682
261000 0.124052 0.147044 0.134944 0.40604
262000 0.122126 0.141757 0.13067 0.394553
263000 0.118544 0.138455 0.13155 0.38855
264000 0.12994 0.145889 0.150012 0.425841
265000 0.12473 0.134984 0.135268 0.394982
266000 0.124476 0.147378 0.133594 0.405447
267000 0.114263 0.142707 0.130435 0.387405
268000 0.117716 0.13857 0.131221 0.387507
269000 0.136152 0.142056 0.122382 0.40059
270000 0.125023 0.142614 0.137831 0.405467
271000 0.124823 0.144634 0.13619 0.405646
272000 0.120523 0.147273 0.147447 0.415243
273000 0.117536 0.151974 0.149924 0.419434
274000 0.126124 0.151759 0.15321 0.431093
275000 0.118571 0.148247 0.1412 0.408018
276000 0.128544 0.152439 0.134312 0.415295
277000 0.123915 0.143867 0.132111 0.399893
278000 0.119846 0.139634 0.131408 0.390888
279000 0.127729 0.137883 0.139244 0.404855
280000 0.125308 0.154356 0.133515 0.41318
281000 0.120383 0.150932 0.140755 0.412071
282000 0.119271 0.154638 0.141867 0.415775
283000 0.125364 0.143868 0.134721 0.403953
284000 0.125602 0.150192 0.14009 0.415884
285000 0.118484 0.145741 0.134541 0.398766
286000 0.127109 0.149946 0.142555 0.419611
287000 0.124837 0.153869 0.150796 0.429502
288000 0.126444 0.14944 0.153272 0.429155
289000 0.132731 0.145615 0.139016 0.417362
290000 0.125383 0.150894 0.156358 0.432635
291000 0.121421 0.146806 0.14674 0.414966
292000 0.128629 0.148299 0.148885 0.425813
293000 0.137782 0.158663 0.14295 0.439395
294000 0.126281 0.145807 0.143014 0.415102
295000 0.118988 0.146683 0.137161 0.402833
296000 0.123762 0.145138 0.140487 0.409387
297000 0.13188 0.154008 0.132805 0.418693
298000 0.120307 0.141918 0.140601 0.402826
299000 0.125671 0.137614 0.15882 0.422105
300000 0.125298 0.151055 0.159711 0.436064
301000 0.130268 0.145115 0.160156 0.43554
302000 0.129335 0.140883 0.159976 0.430193
303000 0.142516 0.14987 0.150305 0.442691
304000 0.136376 0.149773 0.14782 0.433969
305000 0.151872 0.166267 0.139105 0.457244
306000 0.124108 0.149946 0.141957 0.416011
307000 0.126085 0.152216 0.141247 0.419549
308000 0.133254 0.154908 0.135088 0.423249
309000 0.135862 0.140567 0.147988 0.424417
310000 0.138572 0.147359 0.155216 0.441147
311000 0.136061 0.149406 0.160942 0.446409
312000 0.139941 0.153054 0.16005 0.453044
313000 0.139686 0.14777 0.159876 0.447332
314000 0.139402 0.164412 0.156481 0.460294
315000 0.135365 0.155491 0.145648 0.436504
316000 0.131229 0.159984 0.143229 0.434443
317000 0.12911 0.152488 0.149919 0.431518
318000 0.141601 0.150733 0.147418 0.439752
319000 0.138522 0.154235 0.148643 0.441401
320000 0.144608 0.145643 0.147214 0.437465
321000 0.140913 0.146971 0.153476 0.441359
322000 0.143831 0.157244 0.153425 0.454499
323000 0.133155 0.148419 0.144615 0.426189
324000 0.138464 0.14605 0.146758 0.431271
325000 0.149438 0.163446 0.153975 0.466859
326000 0.142317 0.149527 0.146988 0.438832
327000 0.138773 0.158426 0.150647 0.447846
328000 0.141404 0.158267 0.152491 0.452162
329000 0.143982 0.152326 0.163392 0.4597
330000 0.156171 0.151643 0.158041 0.465855
331000 0.145679 0.161326 0.159157 0.466162
332000 0.152518 0.172175 0.159365 0.484058
333000 0.135332 0.156577 0.150327 0.442237
334000 0.140584 0.149244 0.154421 0.44425
335000 0.138923 0.150453 0.151231 0.440607
336000 0.136537 0.14271 0.159483 0.438731
337000 0.148674 0.145346 0.159438 0.453458
338000 0.154019 0.155375 0.152459 0.461853
339000 0.138665 0.148355 0.151631 0.438651
340000 0.141792 0.149131 0.150483 0.441405
341000 0.143037 0.147692 0.15642 0.44715
342000 0.14586 0.154377 0.147624 0.447861
343000 0.137574 0.154665 0.1481 0.440339
344000 0.149434 0.161455 0.152265 0.463154
345000 0.150554 0.159119 0.155561 0.465234
346000 0.138378 0.150091 0.155765 0.444234
347000 0.154699 0.146135 0.164411 0.465245
348000 0.144124 0.150549 0.150358 0.445032
349000 0.148346 0.160486 0.163263 0.472095
350000 0.14745 0.153733 0.150593 0.451775
351000 0.139034 0.149955 0.14688 0.435868
352000 0.138692 0.154631 0.161156 0.454479
353000 0.151982 0.153644 0.160396 0.466022
354000 0.146292 0.147597 0.160904 0.454794
355000 0.147208 0.14794 0.157453 0.452601
356000 0.143536 0.149929 0.154907 0.448372
357000 0.146855 0.152134 0.157777 0.456767
358000 0.144929 0.158548 0.159316 0.462793
359000 0.14613 0.168925 0.150975 0.46603
360000 0.152556 0.1546 0.1544 0.461556
361000 0.150167 0.151004 0.163094 0.464264
362000 0.149094 0.159062 0.16405 0.472205
363000 0.143024 0.146437 0.163527 0.452988
364000 0.145777 0.150311 0.154928 0.451016
365000 0.146251 0.155978 0.155311 0.457541
366000 0.153595 0.148345 0.158886 0.460826
367000 0.153248 0.165601 0.156832 0.47568
368000 0.149492 0.161458 0.158402 0.469351
369000 0.144805 0.144083 0.158348 0.447236
370000 0.141974 0.158718 0.160794 0.461485
371000 0.141196 0.157154 0.175142 0.473492
372000 0.143104 0.139644 0.165592 0.44834
373000 0.160443 0.158931 0.16443 0.483804
374000 0.141356 0.150414 0.15191 0.44368
375000 0.151104 0.157542 0.15735 0.465995
376000 0.167738 0.154236 0.164469 0.486443
377000 0.145068 0.14536 0.158326 0.448754
378000 0.145187 0.145332 0.164545 0.455065
379000 0.142431 0.150886 0.157634 0.450951
380000 0.146134 0.155509 0.156274 0.457916
381000 0.146076 0.163071 0.167753 0.476899
382000 0.141802 0.157117 0.158953 0.457872
383000 0.153107 0.156265 0.159484 0.468856
384000 0.146983 0.158512 0.151689 0.457184
385000 0.151256 0.166959 0.164681 0.482897
386000 0.146118 0.154568 0.170236 0.470923
387000 0.150969 0.156198 0.167866 0.475033
388000 0.147996 0.156572 0.155974 0.460542
389000 0.138151 0.161594 0.163717 0.463463
390000 0.13811 0.163246 0.164976 0.466332
391000 0.141156 0.16929 0.161357 0.471802
392000 0.140768 0.166047 0.155408 0.462224
393000 0.145714 0.155212 0.16134 0.462266
394000 0.147046 0.155742 0.161251 0.464038
395000 0.142426 0.16395 0.15762 0.463996
396000 0.144049 0.162451 0.162126 0.468625
397000 0.138106 0.154906 0.153507 0.44652
398000 0.144642 0.163262 0.158555 0.466459
399000 0.153159 0.165313 0.155014 0.473486
400000 0.151206 0.159045 0.15313 0.463381
401000 0.151475 0.165404 0.158842 0.475722
402000 0.147325 0.155257 0.174419 0.477001
403000 0.143114 0.157822 0.177181 0.478117
404000 0.137442 0.160068 0.174985 0.472496
405000 0.140638 0.16219 0.158186 0.461014
406000 0.143231 0.160515 0.168293 0.47204
407000 0.139719 0.157604 0.16137 0.458693
408000 0.149008 0.153442 0.162479 0.464929
409000 0.159514 0.170551 0.163177 0.493242
410000 0.139086 0.157029 0.171115 0.467231
411000 0.141662 0.16018 0.16719 0.469032
412000 0.152864 0.164845 0.167763 0.485473
413000 0.139191 0.157533 0.162565 0.45929
414000 0.146941 0.171261 0.171648 0.489849
415000 0.14049 0.157198 0.166111 0.463799
416000 0.152771 0.158674 0.169919 0.481364
417000 0.158948 0.171696 0.171376 0.50202
418000 0.151052 0.170137 0.166109 0.487298
419000 0.156169 0.186402 0.177238 0.519809
420000 0.154645 0.17018 0.167196 0.492022
421000 0.156606 0.166833 0.16609 0.489529
422000 0.147678 0.161089 0.171414 0.480181
423000 0.155307 0.168407 0.171465 0.49518
424000 0.148569 0.164084 0.159547 0.4722
425000 0.150344 0.158737 0.169736 0.478817
426000 0.148962 0.154529 0.174107 0.477598
427000 0.155727 0.173397 0.168214 0.497338
428000 0.149053 0.155929 0.173037 0.47802
429000 0.147357 0.175392 0.174047 0.496796
430000 0.14567 0.170349 0.182246 0.498265
431000 0.148825 0.165872 0.175677 0.490374
432000 0.152395 0.162151 0.179106 0.493652
433000 0.146045 0.167555 0.172945 0.486546
434000 0.148478 0.161007 0.18272 0.492206
435000 0.149318 0.146781 0.192566 0.488665
436000 0.138544 0.149772 0.177008 0.465324
437000 0.162752 0.15504 0.174728 0.492521
438000 0.140391 0.164682 0.174956 0.480029
439000 0.151943 0.166663 0.188148 0.506754
440000 0.149808 0.156264 0.197069 0.503141
441000 0.15658 0.157434 0.187067 0.501081
442000 0.145305 0.149091 0.188105 0.482501
443000 0.149339 0.155124 0.188878 0.493341
444000 0.146106 0.167018 0.179812 0.492936
445000 0.154516 0.151517 0.189776 0.495809
446000 0.159216 0.162243 0.184256 0.505715
447000 0.156197 0.164829 0.186458 0.507485
448000 0.139444 0.154128 0.18738 0.480952
449000 0.155695 0.167904 0.184211 0.507811
450000 0.160324 0.168017 0.195616 0.523957
451000 0.146374 0.157395 0.193512 0.497282
452000 0.15864 0.172042 0.191799 0.52248
453000 0.153834 0.16327 0.187609 0.504714
454000 0.147953 0.15866 0.189048 0.495662
455000 0.143646 0.166211 0.182624 0.492482
456000 0.157123 0.181586 0.196473 0.535182
457000 0.150916 0.167533 0.184745 0.503193
458000 0.150988 0.168774 0.185096 0.504858
459000 0.162089 0.168134 0.186297 0.516521
460000 0.163788 0.177121 0.181597 0.522506
461000 0.150592 0.171103 0.185395 0.50709
462000 0.155483 0.158307 0.196539 0.510328
463000 0.154559 0.176608 0.194482 0.525649
464000 0.156899 0.153414 0.208374 0.518686
465000 0.159352 0.168505 0.20716 0.535017
466000 0.155927 0.167612 0.190539 0.514078
467000 0.163226 0.169592 0.181905 0.514722
468000 0.155411 0.159557 0.180828 0.495796
469000 0.139423 0.16647 0.191416 0.497309
470000 0.169228 0.178017 0.192787 0.540032
471000 0.152382 0.177475 0.198035 0.527893
472000 0.150655 0.169634 0.201234 0.521523
473000 0.153283 0.183839 0.197678 0.5348
474000 0.147808 0.160895 0.196897 0.5056
475000 0.155269 0.17225 0.204475 0.531994
476000 0.153753 0.167831 0.19587 0.517454
477000 0.15404 0.166022 0.191531 0.511592
478000 0.162575 0.179186 0.183969 0.52573
479000 0.149963 0.162048 0.181801 0.493812
480000 0.150835 0.179688 0.196646 0.527168
481000 0.152146 0.179265 0.19886 0.530271
482000 0.156019 0.178305 0.199501 0.533825
483000 0.149797 0.172842 0.209639 0.532278
484000 0.160776 0.16918 0.196766 0.526722
485000 0.14759 0.165575 0.198143 0.511308
486000 0.15358 0.165582 0.191329 0.510492
487000 0.157679 0.162111 0.199441 0.519232
488000 0.155354 0.173771 0.193807 0.522932
489000 0.155823 0.173082 0.195459 0.524364
490000 0.155538 0.177181 0.195187 0.527906
491000 0.153047 0.188147 0.193935 0.535128
492000 0.157031 0.174453 0.200712 0.532195
493000 0.153299 0.172734 0.199325 0.525358
494000 0.153655 0.162593 0.202275 0.518523
495000 0.153065 0.171879 0.209339 0.534284
496000 0.157154 0.170078 0.216163 0.543395
497000 0.153595 0.181717 0.207475 0.542788
498000 0.16162 0.185942 0.216999 0.564561
499000 0.155015 0.18138 0.211341 0.547736
500000 0.159103 0.178842 0.208527 0.546471
501000 0.154334 0.18521 0.202994 0.542538
502000 0.158183 0.179815 0.197528 0.535527
503000 0.160075 0.18716 0.200659 0.547893
504000 0.155939 0.183896 0.208505 0.54834
505000 0.161157 0.183797 0.218366 0.56332
506000 0.167052 0.180462 0.220957 0.568471
507000 0.156375 0.190982 0.218309 0.565666
508000 0.158853 0.181816 0.203194 0.543863
509000 0.15118 0.169174 0.214591 0.534945
510000 0.162247 0.179515 0.224311 0.566074
511000 0.164423 0.185086 0.212124 0.561632
512000 0.157465 0.172181 0.227857 0.557503
513000 0.155835 0.179364 0.218186 0.553385
514000 0.156999 0.188138 0.213967 0.559105
515000 0.167351 0.181003 0.212249 0.560603
516000 0.147223 0.16825 0.200227 0.5157
517000 0.161134 0.180401 0.206756 0.548292
518000 0.156588 0.175751 0.210358 0.542697
519000 0.166653 0.192743 0.205123 0.564518
520000 0.159681 0.179841 0.21829 0.557811
521000 0.158253 0.173342 0.221441 0.553036
522000 0.170796 0.175606 0.216794 0.563196
523000 0.151348 0.17433 0.199258 0.524937
524000 0.155813 0.170754 0.213847 0.540414
525000 0.166642 0.186806 0.212821 0.566268
526000 0.15387 0.183929 0.215711 0.55351
527000 0.164329 0.184014 0.213336 0.561678
528000 0.158371 0.165987 0.222148 0.546507
529000 0.151068 0.177419 0.206551 0.535038
530000 0.165466 0.186917 0.218253 0.570636
531000 0.15903 0.183003 0.211821 0.553854
532000 0.169421 0.197755 0.216458 0.583634
533000 0.162782 0.178375 0.228365 0.569521
534000 0.162858 0.172672 0.212364 0.547894
535000 0.177273 0.176875 0.215381 0.569528
536000 0.170735 0.170914 0.216927 0.558576
537000 0.187871 0.183137 0.217066 0.588074
538000 0.160805 0.174665 0.224178 0.559648
539000 0.167256 0.187491 0.221389 0.576135
540000 0.172256 0.187995 0.214546 0.574797
541000 0.166622 0.181584 0.212555 0.56076
542000 0.174059 0.178245 0.214961 0.567264
543000 0.169313 0.175185 0.217644 0.562142
544000 0.168993 0.177488 0.22655 0.573031
545000 0.16866 0.17979 0.217009 0.565459
546000 0.169895 0.18306 0.228545 0.5815
547000 0.178773 0.186712 0.21932 0.584805
548000 0.169469 0.188064 0.214905 0.572439
549000 0.172005 0.185382 0.212472 0.569858
550000 0.174538 0.187716 0.218941 0.581195
551000 0.176562 0.185459 0.231618 0.593639
552000 0.173395 0.184518 0.230846 0.588759
553000 0.167779 0.174204 0.221971 0.563954
554000 0.174639 0.17952 0.222513 0.576672
555000 0.17939 0.189879 0.209993 0.579262
556000 0.170666 0.185821 0.212345 0.568832
557000 0.171732 0.190265 0.220066 0.582063
558000 0.162785 0.175485 0.208431 0.5467
559000 0.16731 0.186019 0.212879 0.566208
560000 0.17534 0.182012 0.227293 0.584645
561000 0.16945 0.186287 0.228784 0.584521
562000 0.171398 0.187762 0.227904 0.587064
563000 0.163187 0.186481 0.216036 0.565705
564000 0.176266 0.187605 0.225724 0.589596
565000 0.167867 0.193147 0.211251 0.572264
566000 0.174487 0.186568 0.228182 0.589237
567000 0.18482 0.20774 0.230958 0.623517
568000 0.181675 0.193866 0.231572 0.607112
569000 0.176092 0.186044 0.219717 0.581853
570000 0.181725 0.190766 0.221534 0.594025
571000 0.199094 0.195555 0.223358 0.618007
572000 0.180507 0.199953 0.222554 0.603015
573000 0.17501 0.184505 0.22327 0.582786
574000 0.183272 0.197725 0.225986 0.606983
575000 0.172261 0.19184 0.243884 0.607985
576000 0.177544 0.194353 0.23623 0.608127
577000 0.197178 0.206573 0.226802 0.630553
578000 0.166804 0.187576 0.233113 0.587493
579000 0.181904 0.187547 0.225702 0.595153
580000 0.180535 0.183489 0.230451 0.594475
581000 0.176148 0.185161 0.232814 0.594122
582000 0.173334 0.189539 0.230059 0.592933
583000 0.177436 0.198443 0.230772 0.606651
584000 0.18117 0.206243 0.240957 0.62837
585000 0.183541 0.195105 0.224939 0.603585
586000 0.177531 0.193178 0.226783 0.597491
587000 0.171696 0.195918 0.23109 0.598705
588000 0.18365 0.203429 0.226903 0.613983
589000 0.173844 0.187249 0.231265 0.592357
590000 0.188175 0.210978 0.239406 0.638558
591000 0.175203 0.186563 0.236789 0.598556
592000 0.180999 0.190153 0.245349 0.616501
593000 0.183544 0.202818 0.240329 0.626691
594000 0.173413 0.186022 0.23446 0.593895
595000 0.183824 0.210434 0.236715 0.630973
596000 0.194823 0.213195 0.22778 0.635798
597000 0.18103 0.210124 0.219699 0.610852
598000 0.19294 0.20538 0.23237 0.630689
599000 0.186479 0.206388 0.235364 0.62823
600000 0.192207 0.196628 0.226117 0.614952
601000 0.189471 0.212783 0.225756 0.628011
602000 0.194185 0.211361 0.237962 0.643508
603000 0.184558 0.21555 0.236145 0.636253
604000 0.175677 0.210432 0.232384 0.618493
605000 0.187617 0.213917 0.235582 0.637116
606000 0.187774 0.203268 0.225423 0.616464
607000 0.195036 0.218159 0.235967 0.649162
608000 0.188018 0.214974 0.235101 0.638094
609000 0.191847 0.209497 0.240789 0.642133
610000 0.193571 0.204685 0.24006 0.638316
611000 0.185384 0.201353 0.231198 0.617934
612000 0.185457 0.207155 0.234083 0.626696
613000 0.189308 0.219388 0.224788 0.633484
614000 0.179694 0.220133 0.22623 0.626056
615000 0.192521 0.231261 0.229693 0.653475
616000 0.18112 0.219398 0.239447 0.639966
617000 0.180975 0.206968 0.231516 0.619459
618000 0.194384 0.217316 0.243514 0.655213
619000 0.177445 0.211516 0.233283 0.622244
620000 0.181201 0.222737 0.251966 0.655905
621000 0.194131 0.220029 0.246015 0.660175
622000 0.187447 0.214219 0.242763 0.644429
623000 0.191812 0.239811 0.240748 0.67237
624000 0.197815 0.219935 0.239809 0.657559
625000 0.182799 0.226703 0.243064 0.652565
626000 0.178895 0.218767 0.252481 0.650143
627000 0.182846 0.229431 0.251661 0.663937
628000 0.183507 0.223277 0.249934 0.656719
629000 0.186541 0.219687 0.241347 0.647575
630000 0.185582 0.238211 0.246446 0.670239
631000 0.184566 0.220461 0.249195 0.654222
632000 0.178063 0.224728 0.247893 0.650684
633000 0.196089 0.226721 0.238565 0.661375
634000 0.175611 0.219367 0.25007 0.645048
635000 0.178027 0.227088 0.242968 0.648083
636000 0.180227 0.2147 0.248251 0.643178
637000 0.190871 0.22239 0.263546 0.676807
638000 0.178941 0.221717 0.258526 0.659183
639000 0.193586 0.217866 0.254089 0.665541
640000 0.18158 0.215911 0.243896 0.641387
641000 0.188966 0.234264 0.251656 0.674886
642000 0.186142 0.219679 0.242101 0.647922
643000 0.185191 0.218735 0.250446 0.654372
644000 0.195742 0.214864 0.240065 0.650671
645000 0.196154 0.220241 0.240562 0.656958
646000 0.191027 0.222444 0.252043 0.665514
647000 0.185561 0.225352 0.260958 0.671872
648000 0.190456 0.225408 0.263778 0.679642
649000 0.188887 0.225968 0.253448 0.668303
650000 0.188189 0.214824 0.248596 0.651609
651000 0.18528 0.23023 0.256198 0.671707
652000 0.192596 0.228129 0.251781 0.672506
653000 0.208712 0.222429 0.26056 0.6917
654000 0.194599 0.226194 0.250397 0.67119
655000 0.194592 0.224415 0.249158 0.668166
656000 0.188858 0.216528 0.243962 0.649348
657000 0.190581 0.226671 0.255597 0.672849
658000 0.190185 0.221301 0.266458 0.677944
659000 0.200446 0.21883 0.256944 0.67622
660000 0.192245 0.220434 0.249781 0.662461
661000 0.185875 0.212549 0.241683 0.640107
662000 0.199119 0.222202 0.239755 0.661077
663000 0.183983 0.222702 0.253872 0.660558
664000 0.196422 0.223551 0.25387 0.673842
665000 0.200972 0.234244 0.241308 0.676524
666000 0.2047 0.233033 0.252083 0.689816
667000 0.201414 0.230269 0.258435 0.690118
668000 0.22592 0.247074 0.251683 0.724678
669000 0.208017 0.236318 0.245425 0.689759
670000 0.212986 0.247833 0.239139 0.699958
671000 0.208795 0.242506 0.249064 0.700364
672000 0.20665 0.240686 0.250822 0.698158
673000 0.220679 0.255283 0.249914 0.725876
674000 0.206851 0.241255 0.245357 0.693462
675000 0.217063 0.256535 0.246754 0.720352
676000 0.207748 0.241638 0.24401 0.693395
677000 0.196041 0.237396 0.252334 0.685771
678000 0.207151 0.241249 0.249223 0.697623
679000 0.194818 0.247227 0.244111 0.686155
680000 0.202059 0.239208 0.249014 0.69028
681000 0.200043 0.251867 0.254342 0.706252
682000 0.214984 0.243519 0.252693 0.711197
683000 0.224634 0.261763 0.253681 0.740078
684000 0.199241 0.228049 0.247736 0.675026
685000 0.206835 0.241505 0.241683 0.690023
686000 0.20716 0.246125 0.246872 0.700156
687000 0.208512 0.246769 0.249547 0.704827
688000 0.211728 0.25102 0.253039 0.715787
689000 0.205642 0.238336 0.251454 0.695432
690000 0.2062 0.246084 0.25854 0.710825
691000 0.208881 0.25209 0.250739 0.711711
692000 0.206886 0.234389 0.260147 0.701421
693000 0.214232 0.249451 0.257115 0.720798
694000 0.203175 0.248185 0.248763 0.700122
695000 0.202986 0.24708 0.253392 0.703458
696000 0.216537 0.249521 0.251923 0.717981
697000 0.210296 0.265166 0.256791 0.732253
698000 0.213956 0.250381 0.250265 0.714601
699000 0.213549 0.24921 0.259836 0.722594
700000 0.217209 0.248017 0.257585 0.722811
701000 0.212669 0.240353 0.269351 0.722372
702000 0.214775 0.243709 0.25782 0.716305
703000 0.229263 0.25045 0.25721 0.736924
704000 0.211251 0.248344 0.258839 0.718434
705000 0.205176 0.256095 0.267896 0.729168
706000 0.208757 0.243814 0.255414 0.707985
707000 0.215753 0.256402 0.249635 0.721789
708000 0.211339 0.255535 0.250724 0.717597
709000 0.216154 0.248759 0.256662 0.721575
710000 0.207874 0.258655 0.266146 0.732676
711000 0.215289 0.24258 0.262564 0.720433
712000 0.22268 0.24869 0.255968 0.727338
713000 0.21363 0.252703 0.245063 0.711396
714000 0.208831 0.257255 0.249943 0.716028
715000 0.219557 0.249129 0.252513 0.721199
716000 0.202039 0.25258 0.246807 0.701427
717000 0.223539 0.254138 0.245146 0.722823
718000 0.213786 0.25777 0.247651 0.719207
719000 0.198504 0.258403 0.2516 0.708506
720000 0.210377 0.262721 0.253237 0.726335
721000 0.20828 0.241831 0.267047 0.717157
722000 0.203243 0.260557 0.260025 0.723825
723000 0.213161 0.246332 0.252021 0.711514
724000 0.210907 0.238431 0.249187 0.698525
725000 0.21876 0.254938 0.251435 0.725133
726000 0.216853 0.261471 0.2564 0.734723
727000 0.213551 0.25474 0.243882 0.712173
728000 0.210866 0.254946 0.247743 0.713555
729000 0.210009 0.256796 0.249724 0.716529
730000 0.213562 0.269837 0.263325 0.746724
731000 0.213935 0.269949 0.273577 0.757461
732000 0.217148 0.249374 0.268697 0.735219
733000 0.229157 0.267782 0.248855 0.745794
734000 0.217704 0.257013 0.242718 0.717436
735000 0.212929 0.253184 0.245822 0.711934
736000 0.226903 0.264036 0.254404 0.745342
737000 0.228157 0.26339 0.266196 0.757742
738000 0.224658 0.261956 0.261062 0.747675
739000 0.228429 0.255424 0.262343 0.746196
740000 0.220927 0.260223 0.266069 0.747219
741000 0.21825 0.254099 0.26486 0.737209
742000 0.220727 0.255666 0.249287 0.72568
743000 0.220561 0.249715 0.260784 0.73106
744000 0.215679 0.245099 0.251248 0.712025
745000 0.221518 0.258034 0.252269 0.731821
746000 0.217039 0.263383 0.272408 0.752831
747000 0.234877 0.27352 0.264039 0.772437
748000 0.22056 0.263806 0.265066 0.749432
749000 0.223765 0.258265 0.262254 0.744284
750000 0.227304 0.256408 0.264969 0.748681
751000 0.23341 0.260252 0.267803 0.761465
752000 0.227367 0.251419 0.257447 0.736233
753000 0.233138 0.257792 0.26502 0.75595
754000 0.230819 0.280557 0.254847 0.766223
755000 0.222677 0.255172 0.270601 0.748451
756000 0.229583 0.258166 0.265898 0.753648
757000 0.237245 0.253218 0.26998 0.760444
758000 0.220351 0.253389 0.26782 0.74156
759000 0.224541 0.260003 0.260712 0.745255
760000 0.223809 0.260553 0.267726 0.752087
761000 0.228944 0.258833 0.283771 0.771548
762000 0.222004 0.267499 0.281552 0.771055
763000 0.225465 0.260766 0.277173 0.763405
764000 0.219148 0.275889 0.272714 0.76775
765000 0.224899 0.266201 0.263887 0.754986
766000 0.224189 0.265091 0.261011 0.750291
767000 0.218831 0.264184 0.266485 0.7495
768000 0.232733 0.271779 0.262668 0.76718
769000 0.220072 0.266166 0.283021 0.769259
770000 0.21877 0.281938 0.285946 0.786654
771000 0.242251 0.275447 0.281162 0.79886
772000 0.222774 0.258269 0.277557 0.758601
773000 0.22541 0.272671 0.265853 0.763934
774000 0.232558 0.270228 0.282273 0.78506
775000 0.230252 0.268837 0.276606 0.775696
776000 0.226571 0.269249 0.278257 0.774076
777000 0.228598 0.267262 0.264245 0.760105
778000 0.229533 0.261801 0.261179 0.752512
779000 0.224304 0.277278 0.28581 0.787393
780000 0.232145 0.266698 0.281835 0.780677
781000 0.228519 0.272732 0.278764 0.780014
782000 0.225703 0.263591 0.264996 0.75429
783000 0.227075 0.268314 0.278815 0.774204
784000 0.228057 0.269553 0.277742 0.775352
785000 0.223178 0.260877 0.266923 0.750978
786000 0.22717 0.261791 0.274811 0.763771
787000 0.225341 0.259142 0.276276 0.76076
788000 0.235947 0.276537 0.279273 0.791757
789000 0.222202 0.273014 0.276664 0.77188
790000 0.227764 0.272418 0.274557 0.774739
791000 0.233198 0.276145 0.28204 0.791383
792000 0.231933 0.271107 0.285214 0.788254
793000 0.22611 0.27137 0.274478 0.771958
794000 0.237266 0.271222 0.278309 0.786797
795000 0.223033 0.273282 0.275691 0.772006
796000 0.233196 0.259794 0.26986 0.762851
797000 0.228097 0.266888 0.284427 0.779412
798000 0.234033 0.255557 0.291254 0.780844
799000 0.229003 0.28101 0.280148 0.790162
800000 0.229513 0.273426 0.281543 0.784482
801000 0.240137 0.276977 0.272882 0.789997
802000 0.234481 0.283393 0.260463 0.778337
803000 0.229984 0.278028 0.264323 0.772335
804000 0.245934 0.281963 0.276565 0.804462
805000 0.230749 0.268512 0.279391 0.778653
806000 0.242633 0.276048 0.271489 0.79017
807000 0.235278 0.269383 0.28113 0.78579
808000 0.240653 0.26794 0.274607 0.7832
809000 0.243076 0.281107 0.276658 0.800841
810000 0.238195 0.270792 0.274923 0.78391
811000 0.242147 0.273417 0.280944 0.796509
812000 0.241364 0.267047 0.274632 0.783042
813000 0.232235 0.272275 0.270662 0.775172
814000 0.238799 0.281224 0.274841 0.794864
815000 0.234048 0.27888 0.280703 0.793631
816000 0.235825 0.273352 0.27907 0.788247
817000 0.227781 0.269227 0.280265 0.777273
818000 0.241855 0.272925 0.282361 0.79714
819000 0.236502 0.269645 0.286787 0.792934
820000 0.234303 0.270644 0.269216 0.774163
821000 0.234061 0.277672 0.283424 0.795158
822000 0.238366 0.270303 0.267427 0.776096
823000 0.235712 0.278513 0.262033 0.776258
824000 0.239584 0.271619 0.27463 0.785834
825000 0.237731 0.269808 0.266267 0.773806
826000 0.229908 0.291264 0.286275 0.807447
827000 0.226515 0.264812 0.286802 0.778128
828000 0.232661 0.267784 0.289635 0.79008
829000 0.23096 0.265765 0.275095 0.771821
830000 0.241015 0.277065 0.286518 0.804598
831000 0.246354 0.283387 0.286043 0.815784
832000 0.228248 0.275525 0.276478 0.780251
833000 0.239195 0.281443 0.271922 0.79256
834000 0.240501 0.271922 0.287932 0.800355
835000 0.230767 0.263789 0.278586 0.773142
836000 0.253615 0.296406 0.283656 0.833678
837000 0.237246 0.275437 0.282906 0.79559
838000 0.245294 0.265544 0.289973 0.800811
839000 0.245429 0.276156 0.274916 0.796501
840000 0.239249 0.272415 0.28678 0.798443
841000 0.245082 0.285389 0.283936 0.814407
842000 0.242455 0.284236 0.276869 0.803561
843000 0.249848 0.26757 0.274514 0.791932
844000 0.252009 0.282243 0.281915 0.816168
845000 0.240714 0.268816 0.284794 0.794324
846000 0.246327 0.26905 0.285858 0.801235
847000 0.248891 0.268276 0.299727 0.816894
848000 0.2481 0.284559 0.295133 0.827792
849000 0.253376 0.283183 0.292966 0.829525
850000 0.257136 0.269123 0.285159 0.811418
851000 0.242683 0.272446 0.294168 0.809297
852000 0.2466 0.281615 0.283947 0.812162
853000 0.256852 0.289135 0.278532 0.824519
854000 0.250304 0.28657 0.288246 0.82512
855000 0.240715 0.279595 0.290147 0.810456
856000 0.247527 0.266383 0.293501 0.807411
857000 0.251183 0.290861 0.288847 0.830891
858000 0.251271 0.277556 0.285221 0.814048
859000 0.245228 0.275933 0.281133 0.802294
860000 0.25402 0.284031 0.290482 0.828533
861000 0.244453 0.281687 0.300038 0.826178
862000 0.248829 0.285269 0.295708 0.829806
863000 0.245531 0.299154 0.292239 0.836925
864000 0.236306 0.281688 0.293787 0.811781
865000 0.2562 0.28771 0.287935 0.831845
866000 0.236477 0.275281 0.292558 0.804316
867000 0.248819 0.28761 0.295209 0.831637
868000 0.243877 0.291354 0.290004 0.825235
869000 0.242932 0.279643 0.29496 0.817535
870000 0.250049 0.28071 0.292395 0.823154
871000 0.249106 0.290659 0.291103 0.830868
872000 0.252642 0.292268 0.282756 0.827666
873000 0.24531 0.282087 0.296344 0.823741
874000 0.241351 0.286712 0.299481 0.827544
875000 0.24854 0.283838 0.295064 0.827441
876000 0.249686 0.283836 0.293951 0.827473
877000 0.242002 0.288054 0.304897 0.834954
878000 0.241643 0.294986 0.292634 0.829263
879000 0.249562 0.294783 0.287299 0.831644
880000 0.248075 0.281959 0.303688 0.833723
881000 0.251734 0.279509 0.289244 0.820487
882000 0.249031 0.287866 0.294784 0.831681
883000 0.2616 0.292839 0.29854 0.852979
884000 0.248604 0.279109 0.298019 0.825732
885000 0.245918 0.280919 0.289299 0.816137
886000 0.25469 0.29486 0.289622 0.839171
887000 0.255775 0.297798 0.296192 0.849764
888000 0.253783 0.292153 0.308216 0.854152
889000 0.252512 0.291588 0.304326 0.848426
890000 0.243196 0.282431 0.303268 0.828895
891000 0.24469 0.288325 0.29746 0.830475
892000 0.256718 0.297797 0.304348 0.858863
893000 0.25418 0.295881 0.299196 0.849257
894000 0.25288 0.281632 0.299745 0.834256
895000 0.253358 0.304791 0.304125 0.862274
896000 0.251525 0.292183 0.315976 0.859683
897000 0.257327 0.281877 0.311726 0.850931
898000 0.24995 0.288222 0.311386 0.849557
899000 0.250443 0.286752 0.314708 0.851904
900000 0.25718 0.291831 0.301477 0.850489
901000 0.254863 0.288558 0.308943 0.852364
902000 0.264096 0.297611 0.297076 0.858783
903000 0.252593 0.298389 0.294423 0.845405
904000 0.250918 0.294368 0.292636 0.837923
905000 0.25581 0.298348 0.295251 0.84941
906000 0.25473 0.286212 0.307836 0.848778
907000 0.257601 0.292423 0.304202 0.854226
908000 0.253393 0.303191 0.303518 0.860102
909000 0.264675 0.301326 0.295964 0.861965
910000 0.244445 0.281171 0.290836 0.816452
911000 0.254531 0.296065 0.293415 0.84401
912000 0.248889 0.283298 0.321972 0.854159
913000 0.251951 0.293617 0.305083 0.850651
914000 0.258325 0.299875 0.29699 0.85519
915000 0.247387 0.293754 0.297028 0.838169
916000 0.252044 0.295547 0.296217 0.843808
917000 0.251223 0.292963 0.294398 0.838584
918000 0.25518 0.291007 0.306898 0.853085
919000 0.263358 0.304967 0.306838 0.875163
920000 0.254706 0.296892 0.300852 0.85245
921000 0.253226 0.302314 0.306912 0.862453
922000 0.262102 0.298526 0.305316 0.865943
923000 0.266613 0.292049 0.30779 0.866453
924000 0.252753 0.298695 0.298821 0.85027
925000 0.253435 0.30036 0.299402 0.853198
926000 0.244224 0.296693 0.295579 0.836497
927000 0.257322 0.319695 0.302772 0.879789
928000 0.25681 0.307295 0.307418 0.871523
929000 0.253906 0.305227 0.30659 0.865722
930000 0.261299 0.307826 0.304825 0.873949
931000 0.255534 0.295685 0.298861 0.85008
932000 0.24618 0.298215 0.300577 0.844972
933000 0.25167 0.291084 0.306329 0.849084
934000 0.256703 0.304356 0.313906 0.874964
935000 0.240732 0.292439 0.312659 0.845831
936000 0.246534 0.297377 0.314347 0.858259
937000 0.249949 0.293689 0.312233 0.855872
938000 0.250837 0.308992 0.312525 0.872354
939000 0.255435 0.313258 0.306001 0.874694
940000 0.245021 0.294018 0.308057 0.847096
941000 0.254252 0.297143 0.310785 0.86218
942000 0.259551 0.302488 0.310693 0.872732
943000 0.270273 0.319061 0.30489 0.894224
944000 0.26254 0.30074 0.311642 0.874922
945000 0.254544 0.317032 0.313891 0.885467
946000 0.262204 0.300876 0.316735 0.879815
947000 0.258971 0.307247 0.319505 0.885722
948000 0.265725 0.312295 0.316391 0.89441
949000 0.266883 0.304118 0.311975 0.882976
950000 0.25761 0.306398 0.319396 0.883404
951000 0.263677 0.316233 0.309997 0.889906
952000 0.258708 0.295813 0.297455 0.851976
953000 0.257682 0.306261 0.312469 0.876413
954000 0.258747 0.307148 0.319938 0.885833
955000 0.264383 0.307516 0.314824 0.886724
956000 0.257903 0.315065 0.325258 0.898227
957000 0.261269 0.309946 0.310855 0.88207
958000 0.249215 0.317574 0.315713 0.882502
959000 0.272794 0.311495 0.30832 0.89261
960000 0.264428 0.313129 0.310166 0.887723
961000 0.260459 0.320465 0.305367 0.88629
962000 0.256188 0.320729 0.312036 0.888952
963000 0.261186 0.300726 0.320249 0.882161
964000 0.271986 0.317625 0.321543 0.911155
965000 0.264592 0.296799 0.320781 0.882171
966000 0.263294 0.308233 0.318197 0.889724
967000 0.264573 0.322473 0.312105 0.899151
968000 0.265258 0.303173 0.334795 0.903225
969000 0.261256 0.322794 0.319047 0.903097
970000 0.254716 0.300527 0.302348 0.857592
971000 0.265025 0.312111 0.319729 0.896865
972000 0.268686 0.309243 0.319466 0.897395
973000 0.267611 0.303065 0.304817 0.875493
974000 0.270093 0.309994 0.325352 0.905439
975000 0.274718 0.308585 0.313668 0.896971
976000 0.269955 0.306326 0.329855 0.906135
977000 0.273657 0.300658 0.325144 0.899458
978000 0.268022 0.317651 0.331199 0.916872
979000 0.273097 0.318101 0.319534 0.910732
980000 0.272207 0.309281 0.314415 0.895903
981000 0.270264 0.310627 0.31942 0.900311
982000 0.276482 0.317911 0.318754 0.913146
983000 0.272454 0.320489 0.315763 0.908706
984000 0.278262 0.315308 0.316311 0.909881
985000 0.27407 0.30669 0.322778 0.903538
986000 0.292238 0.318629 0.328887 0.939753
987000 0.269457 0.311482 0.316763 0.897703
988000 0.277882 0.31203 0.31942 0.909332
989000 0.286764 0.317951 0.314396 0.919112
990000 0.276515 0.321496 0.316841 0.914852
991000 0.271894 0.316897 0.323988 0.912779
992000 0.269889 0.308802 0.327822 0.906512
993000 0.261457 0.315418 0.334007 0.910881
994000 0.279654 0.320839 0.333298 0.933791
995000 0.273675 0.317175 0.326645 0.917496
996000 0.269445 0.315536 0.338286 0.923268
997000 0.259293 0.309914 0.338122 0.907329
998000 0.271896 0.318027 0.332502 0.922425
999000 0.282953 0.310521 0.32652 0.919994
1000000 0.265263 0.312427 0.328286 0.905976
1001000 0.270187 0.314124 0.336502 0.920813
1002000 0.276748 0.306976 0.326523 0.910247
1003000 0.258655 0.311206 0.32112 0.890981
1004000 0.278327 0.308416 0.331076 0.917819
1005000 0.274143 0.308743 0.32376 0.906646
1006000 0.276592 0.310828 0.332996 0.920416
1007000 0.283349 0.32289 0.330015 0.936254
1008000 0.269823 0.315905 0.326203 0.911932
1009000 0.273891 0.319326 0.330627 0.923843
1010000 0.278594 0.309864 0.331636 0.920094
1011000 0.270789 0.303121 0.335027 0.908937
1012000 0.275545 0.313998 0.34227 0.931813
1013000 0.280088 0.324463 0.343157 0.947708
1014000 0.272511 0.31514 0.333684 0.921334
1015000 0.286766 0.331539 0.343753 0.962059
1016000 0.265369 0.323875 0.343952 0.933196
1017000 0.267451 0.313444 0.340017 0.920912
1018000 0.281272 0.31555 0.335012 0.931834
1019000 0.269506 0.301533 0.340387 0.911426
1020000 0.273151 0.320336 0.334132 0.927618
1021000 0.27834 0.317356 0.336494 0.932189
1022000 0.270045 0.315385 0.331196 0.916626
1023000 0.27396 0.312928 0.322598 0.909485
1024000 0.286377 0.329667 0.343916 0.95996
1025000 0.281292 0.319559 0.325005 0.925857
1026000 0.290731 0.320509 0.339624 0.950864
1027000 0.28121 0.311942 0.334547 0.927699
1028000 0.275181 0.316195 0.32557 0.916947
1029000 0.280421 0.312702 0.327592 0.920715
1030000 0.281659 0.312308 0.341837 0.935804
