# Time-averaged data for fix 1
# TimeStep c_msd_all[1] c_msd_all[2] c_msd_all[3] c_msd_all[4]
31000 0.0610072 0.0654661 0.0565066 0.18298
32000 0.0698791 0.0686562 0.0636458 0.202181
33000 0.0628549 0.0604046 0.06285 0.18611
34000 0.064485 0.0615131 0.0639565 0.189955
35000 0.0616651 0.062256 0.059914 0.183835
36000 0.06282 0.0645309 0.0588995 0.18625
37000 0.0625366 0.0645331 0.0687504 0.19582
38000 0.0702395 0.0693045 0.0674067 0.206951
39000 0.0677674 0.06518 0.0646499 0.197597
40000 0.0710843 0.0699825 0.0683268 0.209394
41000 0.0770701 0.0718119 0.072626 0.221508
42000 0.0652872 0.0719077 0.0695905 0.206785
43000 0.0666495 0.0663722 0.0715445 0.204566
44000 0.0699522 0.0725451 0.0687144 0.211212
45000 0.0707668 0.0662267 0.0612225 0.198216
46000 0.0716441 0.0739882 0.0678023 0.213435
47000 0.0771956 0.0715816 0.0687216 0.217499
48000 0.0815974 0.0678648 0.0682325 0.217695
49000 0.0814873 0.0691872 0.0618399 0.212514
50000 0.0691496 0.0609651 0.062364 0.192479
51000 0.0737667 0.070179 0.0658638 0.20981
52000 0.0727974 0.071183 0.0708525 0.214833
53000 0.0660819 0.0651739 0.0627046 0.19396
54000 0.0677222 0.07499 0.0746037 0.217316
55000 0.0646456 0.0599462 0.0709704 0.195562
56000 0.0724376 0.0775519 0.0684101 0.2184
57000 0.0669651 0.0630649 0.0636314 0.193661
58000 0.0627004 0.0645307 0.0635159 0.190747
59000 0.0732334 0.0702237 0.0635486 0.207006
60000 0.0632683 0.0687421 0.0619914 0.194002
61000 0.0745928 0.069417 0.0648411 0.208851
62000 0.0775016 0.0777547 0.065866 0.221122
63000 0.0770518 0.0741961 0.0631391 0.214387
64000 0.0775118 0.083093 0.0611126 0.221717
65000 0.0721864 0.0766669 0.0678214 0.216675
66000 0.0625496 0.0698654 0.0767475 0.209163
67000 0.0759297 0.0811932 0.0798304 0.236953
68000 0.0730699 0.0695078 0.0650272 0.207605
69000 0.0758628 0.0730624 0.0657619 0.214687
70000 0.0828662 0.0819743 0.0743092 0.23915
71000 0.0805118 0.0719564 0.0701274 0.222596
72000 0.0836899 0.080002 0.0688648 0.232557
73000 0.0767618 0.0747512 0.0614254 0.212938
74000 0.0817514 0.0617153 0.0659688 0.209436
75000 0.0800605 0.075735 0.0752719 0.231067
76000 0.076951 0.0770371 0.0775207 0.231509
77000 0.0747324 0.0681526 0.0698148 0.2127
78000 0.07777 0.0778795 0.0696789 0.225328
79000 0.0820087 0.0739273 0.0732991 0.229235
80000 0.0809633 0.0703402 0.0684482 0.219752
81000 0.0876863 0.0767204 0.0659194 0.230326
82000 0.081082 0.0737135 0.0781782 0.232974
83000 0.0698321 0.0679072 0.0750123 0.212752
84000 0.074817 0.0798202 0.0678807 0.222518
85000 0.0702281 0.074257 0.0640338 0.208519
86000 0.0767293 0.0782396 0.0711968 0.226166
87000 0.0799779 0.0708276 0.0688846 0.21969
88000 0.078571 0.0755908 0.0668297 0.220991
89000 0.0845745 0.0809321 0.0687737 0.23428
90000 0.0773001 0.0812728 0.0700254 0.228598
91000 0.0891367 0.0927426 0.0767931 0.258672
92000 0.0763462 0.0807089 0.0709308 0.227986
93000 0.0814836 0.083085 0.060555 0.225124
94000 0.0825137 0.0795903 0.0724492 0.234553
95000 0.0782009 0.0796703 0.0725928 0.230464
96000 0.0833609 0.087093 0.0697814 0.240235
97000 0.0795879 0.0855934 0.0713118 0.236493
98000 0.0820595 0.0870001 0.0675536 0.236613
99000 0.0776589 0.0774495 0.0726189 0.227727
100000 0.0928946 0.079179 0.0775394 0.249613
101000 0.0810805 0.0811749 0.0769964 0.239252
102000 0.0845686 0.0792733 0.0751914 0.239033
103000 0.0869241 0.0830538 0.070524 0.240502
104000 0.0772621 0.0859017 0.0797198 0.242884
105000 0.0811339 0.0886972 0.0730498 0.242881
106000 0.0804156 0.08112 0.07871 0.240246
107000 0.0786542 0.0852973 0.0737025 0.237654
108000 0.088085 0.0856707 0.0763143 0.25007
109000 0.0936154 0.0893374 0.0722546 0.255207
110000 0.0823717 0.0896951 0.0794321 0.251499
111000 0.0905661 0.0948242 0.0866626 0.272053
112000 0.0857714 0.0935951 0.0815102 0.260877
113000 0.0932342 0.0834799 0.085391 0.262105
114000 0.0968616 0.0884072 0.0784455 0.263714
115000 0.0943615 0.0906567 0.0808842 0.265902
116000 0.0900251 0.0842902 0.0797606 0.254076
117000 0.0908673 0.0861957 0.0872677 0.264331
118000 0.0835561 0.0940807 0.088356 0.265993
119000 0.0862091 0.0831594 0.0816627 0.251031
120000 0.0860098 0.0867737 0.076662 0.249445
121000 0.0840543 0.0941096 0.0830913 0.261255
122000 0.0894697 0.0903358 0.0853562 0.265162
123000 0.0810209 0.0881425 0.0781016 0.247265
124000 0.0935571 0.0890613 0.0873854 0.270004
125000 0.0852272 0.0876326 0.0834742 0.256334
126000 0.0837714 0.0933032 0.093027 0.270102
127000 0.0866145 0.0868717 0.0906396 0.264126
128000 0.0873917 0.0876551 0.0855209 0.260568
129000 0.0803781 0.0924533 0.081595 0.254426
130000 0.0920592 0.0853822 0.0836352 0.261077
131000 0.0922085 0.0853877 0.0798275 0.257424
132000 0.0894236 0.0856084 0.0808395 0.255872
133000 0.0949702 0.0955057 0.0871221 0.277598
134000 0.0882366 0.0902972 0.0847903 0.263324
135000 0.0887783 0.0932877 0.0924978 0.274564
136000 0.0886855 0.0930422 0.0912761 0.273004
137000 0.0841109 0.0913858 0.0921697 0.267666
138000 0.0913345 0.0858658 0.0934751 0.270675
139000 0.0887048 0.0902126 0.0842172 0.263135
140000 0.0875476 0.0923121 0.0806759 0.260536
141000 0.0884942 0.0905055 0.0843756 0.263375
142000 0.0911439 0.101047 0.0881216 0.280313
143000 0.0958925 0.0967171 0.0912831 0.283893
144000 0.0898984 0.103591 0.0921595 0.285649
145000 0.0873823 0.0931523 0.100851 0.281386
146000 0.0923922 0.0994032 0.0996473 0.291443
147000 0.0878386 0.0930879 0.0874837 0.26841
148000 0.0861229 0.0994002 0.0918881 0.277411
149000 0.0908669 0.088826 0.0859313 0.265624
150000 0.0904501 0.0933408 0.0863071 0.270098
151000 0.0920058 0.0972307 0.0876278 0.276864
152000 0.098488 0.0967589 0.0879274 0.283174
153000 0.0961925 0.097484 0.0843154 0.277992
154000 0.0934662 0.0941224 0.089278 0.276867
155000 0.0935642 0.0930187 0.0994508 0.286034
156000 0.0908594 0.0928717 0.0933293 0.27706
157000 0.0896864 0.0926381 0.0951885 0.277513
158000 0.104091 0.106799 0.108034 0.318924
159000 0.0940349 0.0985195 0.0855321 0.278086
160000 0.0982493 0.091511 0.0850985 0.274859
161000 0.0926954 0.101302 0.0877411 0.281739
162000 0.0981551 0.0924823 0.0895878 0.280225
163000 0.100279 0.0996072 0.0862295 0.286116
164000 0.0970731 0.0954806 0.0955307 0.288084
165000 0.0914937 0.0940822 0.0948822 0.280458
166000 0.0980326 0.0952189 0.0856997 0.278951
167000 0.0975425 0.0884797 0.0798931 0.265915
168000 0.104308 0.0958945 0.0915408 0.291743
169000 0.107863 0.104328 0.093051 0.305242
170000 0.100716 0.0982886 0.0996296 0.298634
171000 0.094758 0.0982772 0.0925876 0.285623
172000 0.0958903 0.102927 0.0889539 0.287771
173000 0.102016 0.10366 0.0924442 0.298121
174000 0.1068 0.104717 0.0902294 0.301747
175000 0.0995423 0.0956348 0.089635 0.284812
176000 0.10227 0.10706 0.0929767 0.302307
177000 0.110433 0.102221 0.0968074 0.309461
178000 0.102562 0.103502 0.0984915 0.304556
179000 0.10875 0.103787 0.093631 0.306168
180000 0.115911 0.112698 0.104667 0.333276
181000 0.110915 0.0996823 0.103596 0.314193
182000 0.112022 0.104725 0.104513 0.32126
183000 0.11904 0.107998 0.0992679 0.326305
184000 0.10448 0.0959128 0.108572 0.308965
185000 0.105819 0.0984907 0.104676 0.308986
186000 0.11522 0.105857 0.104301 0.325378
187000 0.103296 0.103467 0.101321 0.308084
188000 0.112237 0.104658 0.102434 0.319329
189000 0.109879 0.0993083 0.101442 0.31063
190000 0.112997 0.103311 0.105343 0.321651
191000 0.113243 0.100974 0.101019 0.315236
192000 0.105905 0.102483 0.101191 0.309578
193000 0.103663 0.100793 0.103106 0.307562
194000 0.10418 0.0982902 0.103838 0.306308
195000 0.108559 0.112914 0.103069 0.324542
196000 0.102501 0.107683 0.0982198 0.308404
197000 0.106947 0.103876 0.103205 0.314029
198000 0.110137 0.108139 0.103029 0.321305
199000 0.112628 0.102534 0.109184 0.324347
200000 0.114533 0.103425 0.110954 0.328912
201000 0.119786 0.105366 0.110209 0.335362
202000 0.107668 0.103359 0.115008 0.326035
203000 0.118794 0.110923 0.102086 0.331803
204000 0.114271 0.107432 0.10221 0.323912
205000 0.118328 0.107374 0.101189 0.326892
206000 0.110975 0.102141 0.103731 0.316847
207000 0.114614 0.109139 0.103436 0.327189
208000 0.108626 0.0997986 0.0983689 0.306793
209000 0.109626 0.0956492 0.103727 0.309002
210000 0.104184 0.108331 0.109544 0.322059
211000 0.119502 0.107469 0.112162 0.339133
212000 0.110681 0.104376 0.107762 0.322819
213000 0.116451 0.104742 0.11099 0.332184
214000 0.113655 0.103139 0.116243 0.333037
215000 0.122139 0.109784 0.103554 0.335477
216000 0.125358 0.105078 0.108025 0.338462
217000 0.109993 0.102717 0.106942 0.319651
218000 0.118508 0.108875 0.110503 0.337887
219000 0.121205 0.11108 0.107346 0.339631
220000 0.118605 0.108968 0.112881 0.340454
221000 0.111673 0.113605 0.11032 0.335598
222000 0.124204 0.10784 0.114147 0.346191
223000 0.116403 0.109023 0.111401 0.336827
224000 0.116529 0.111994 0.106708 0.335231
225000 0.116462 0.113392 0.11249 0.342345
226000 0.114603 0.112923 0.109375 0.336901
227000 0.120034 0.112284 0.11553 0.347848
228000 0.109923 0.110305 0.108485 0.328714
229000 0.11711 0.118603 0.112483 0.348197
230000 0.114894 0.111078 0.106626 0.332598
231000 0.125715 0.11464 0.111332 0.351688
232000 0.120196 0.11021 0.112937 0.343342
233000 0.117692 0.109035 0.115269 0.341996
234000 0.113786 0.109697 0.106928 0.330412
235000 0.11604 0.125068 0.11418 0.355287
236000 0.118991 0.127475 0.112356 0.358822
237000 0.117818 0.125897 0.11718 0.360895
238000 0.116339 0.11649 0.109007 0.341835
239000 0.117304 0.108662 0.114453 0.340419
240000 0.116739 0.117162 0.121462 0.355363
241000 0.114562 0.120008 0.125178 0.359748
242000 0.125234 0.113727 0.117751 0.356712
243000 0.116538 0.106199 0.108247 0.330985
244000 0.116325 0.109225 0.113546 0.339096
245000 0.111972 0.113661 0.113121 0.338754
246000 0.123514 0.115175 0.109613 0.348302
247000 0.119648 0.114118 0.114463 0.348229
248000 0.121499 0.123162 0.118367 0.363027
249000 0.119981 0.116463 0.120486 0.35693
250000 0.120947 0.119593 0.119722 0.360261
251000 0.127641 0.116737 0.113867 0.358245
252000 0.133205 0.117291 0.118244 0.368741
253000 0.130889 0.126991 0.121878 0.379758
254000 0.119149 0.111202 0.120401 0.350753
255000 0.123779 0.127518 0.115629 0.366927
256000 0.112199 0.113243 0.106306 0.331749
257000 0.124532 0.123528 0.107387 0.355446
258000 0.120822 0.122534 0.124751 0.368107
259000 0.110131 0.116842 0.130059 0.357031
260000 0.126423 0.120517 0.129804 0.376744
261000 0.123015 0.114019 0.118337 0.355371
262000 0.125246 0.121575 0.109027 0.355848
263000 0.120791 0.124928 0.109368 0.355087
264000 0.123508 0.116611 0.113518 0.353637
265000 0.122787 0.128725 0.117295 0.368807
266000 0.126532 0.118251 0.11679 0.361573
267000 0.119964 0.120955 0.126746 0.367666
268000 0.131564 0.128123 0.132865 0.392552
269000 0.123423 0.120986 0.125181 0.36959
270000 0.130412 0.129122 0.118254 0.377789
271000 0.143163 0.135265 0.121555 0.399983
272000 0.141112 0.139274 0.120911 0.401297
273000 0.14494 0.129665 0.12643 0.401034
274000 0.123484 0.130583 0.119977 0.374044
275000 0.131883 0.135629 0.121397 0.38891
276000 0.136167 0.138636 0.125033 0.399835
277000 0.131398 0.135327 0.123421 0.390145
278000 0.133759 0.138674 0.126543 0.398975
279000 0.145601 0.13977 0.136439 0.42181
280000 0.144614 0.141947 0.122978 0.409539
281000 0.13432 0.135414 0.123026 0.39276
282000 0.142552 0.146281 0.127647 0.41648
283000 0.133883 0.129948 0.124226 0.388057
284000 0.133604 0.13109 0.130903 0.395597
285000 0.140179 0.139624 0.124295 0.404098
286000 0.144817 0.141956 0.120029 0.406802
287000 0.137807 0.13361 0.116544 0.387961
288000 0.149272 0.137386 0.117408 0.404066
289000 0.142356 0.142276 0.118538 0.403171
290000 0.148678 0.137564 0.133534 0.419775
291000 0.144286 0.137371 0.128568 0.410226
292000 0.131274 0.145876 0.128636 0.405786
293000 0.137358 0.138851 0.123684 0.399893
294000 0.140196 0.141998 0.123195 0.405389
295000 0.150684 0.141514 0.117071 0.409269
296000 0.143022 0.145883 0.122845 0.411749
297000 0.139522 0.139221 0.122544 0.401287
298000 0.139371 0.148749 0.122866 0.410986
299000 0.145058 0.142482 0.122759 0.410299
300000 0.141448 0.147422 0.131062 0.419933
301000 0.14849 0.141056 0.131534 0.42108
302000 0.142518 0.141763 0.1247 0.408981
303000 0.14799 0.132519 0.133946 0.414455
304000 0.144371 0.138623 0.123554 0.406548
305000 0.151257 0.136185 0.12771 0.415151
306000 0.138617 0.145771 0.122696 0.407084
307000 0.139023 0.138121 0.132771 0.409916
308000 0.145898 0.142923 0.138011 0.426832
309000 0.142339 0.137773 0.136493 0.416604
310000 0.140756 0.140429 0.127688 0.408872
311000 0.140448 0.141312 0.141736 0.423496
312000 0.156795 0.145687 0.129979 0.432462
313000 0.151283 0.144724 0.127221 0.423228
314000 0.145154 0.136444 0.128952 0.41055
315000 0.14919 0.145946 0.127943 0.423079
316000 0.144814 0.133834 0.135097 0.413744
317000 0.143304 0.147829 0.134205 0.425338
318000 0.141197 0.14677 0.136774 0.424741
319000 0.142067 0.148076 0.128589 0.418732
320000 0.145091 0.144913 0.127912 0.417916
321000 0.15196 0.145671 0.129155 0.426786
322000 0.142976 0.140647 0.130241 0.413865
323000 0.1448 0.142094 0.127183 0.414077
324000 0.155154 0.147867 0.127732 0.430754
325000 0.154827 0.147251 0.136511 0.438589
326000 0.151023 0.14544 0.135997 0.43246
327000 0.146789 0.141904 0.133912 0.422605
328000 0.149833 0.142039 0.14023 0.432101
329000 0.155509 0.15074 0.139959 0.446207
330000 0.148503 0.148863 0.133258 0.430625
331000 0.150668 0.143588 0.12829 0.422546
332000 0.150564 0.154612 0.136957 0.442133
333000 0.150786 0.150324 0.134293 0.435403
334000 0.151617 0.150471 0.136537 0.438626
335000 0.149031 0.143027 0.150624 0.442682
336000 0.156043 0.147997 0.12467 0.428711
337000 0.155917 0.151866 0.128627 0.43641
338000 0.163378 0.147519 0.135457 0.446354
339000 0.150486 0.154672 0.144871 0.45003
340000 0.14811 0.148709 0.140217 0.437037
341000 0.156449 0.147603 0.145243 0.449295
342000 0.157749 0.152863 0.130231 0.440843
343000 0.151223 0.142942 0.138735 0.4329
344000 0.150598 0.149803 0.13663 0.437031
345000 0.164397 0.153176 0.139916 0.457489
346000 0.159333 0.145531 0.139519 0.444383
347000 0.155526 0.144918 0.133654 0.434097
348000 0.160452 0.149145 0.134943 0.44454
349000 0.162042 0.139027 0.137844 0.438912
350000 0.161006 0.146165 0.132919 0.44009
351000 0.153936 0.150614 0.136236 0.440786
352000 0.159887 0.140779 0.134078 0.434743
353000 0.160247 0.147186 0.13932 0.446753
354000 0.153247 0.141054 0.141586 0.435887
355000 0.155915 0.152856 0.146355 0.455126
356000 0.154347 0.149746 0.142076 0.446168
357000 0.149161 0.154998 0.140946 0.445105
358000 0.163977 0.158742 0.139828 0.462547
359000 0.153452 0.158507 0.155312 0.467272
360000 0.161817 0.154068 0.150756 0.466641
361000 0.15449 0.148829 0.144363 0.447682
362000 0.168989 0.149882 0.140362 0.459232
363000 0.159452 0.159633 0.154316 0.473401
364000 0.167629 0.150286 0.15038 0.468296
365000 0.150635 0.144817 0.134261 0.429713
366000 0.149859 0.153918 0.146534 0.450312
367000 0.159428 0.154964 0.155712 0.470103
368000 0.157093 0.155077 0.149058 0.461229
369000 0.163425 0.149393 0.141348 0.454166
370000 0.168043 0.151577 0.138664 0.458284
371000 0.160872 0.162351 0.146421 0.469644
372000 0.161737 0.158496 0.140636 0.460868
373000 0.160205 0.152221 0.159222 0.471647
374000 0.153349 0.149963 0.1442 0.447512
375000 0.154021 0.155107 0.146286 0.455414
376000 0.165018 0.153972 0.150081 0.46907
377000 0.152114 0.152679 0.154334 0.459126
378000 0.1678 0.156629 0.145813 0.470242
379000 0.16158 0.159984 0.147297 0.468861
380000 0.152728 0.151841 0.150791 0.45536
381000 0.176241 0.158956 0.150478 0.485675
382000 0.158531 0.160456 0.142412 0.461399
383000 0.157535 0.163802 0.15318 0.474517
384000 0.157738 0.161255 0.146386 0.465379
385000 0.152553 0.158838 0.151114 0.462505
386000 0.158878 0.164092 0.145616 0.468586
387000 0.154846 0.164364 0.156169 0.475379
388000 0.165312 0.163488 0.144972 0.473772
389000 0.162945 0.153177 0.14898 0.465101
390000 0.156292 0.158117 0.147555 0.461964
391000 0.167993 0.159406 0.150067 0.477465
392000 0.164598 0.153998 0.154076 0.472673
393000 0.154788 0.156189 0.146282 0.457258
394000 0.161603 0.157742 0.156039 0.475384
395000 0.15773 0.158936 0.153905 0.470571
396000 0.172131 0.168083 0.157331 0.497546
397000 0.171677 0.16761 0.151426 0.490714
398000 0.174321 0.172958 0.161364 0.508643
399000 0.191417 0.174969 0.16063 0.527017
400000 0.183517 0.171665 0.156663 0.511845
401000 0.173374 0.170184 0.154092 0.49765
402000 0.16861 0.172369 0.158357 0.499336
403000 0.167741 0.161529 0.157961 0.487231
404000 0.168757 0.168695 0.158182 0.495634
405000 0.178257 0.176961 0.156898 0.512116
406000 0.182997 0.171249 0.154786 0.509033
407000 0.170984 0.173462 0.152215 0.49666
408000 0.182036 0.167993 0.150289 0.500318
409000 0.181411 0.171205 0.155756 0.508372
410000 0.170765 0.167223 0.153719 0.491707
411000 0.174366 0.158272 0.159142 0.49178
412000 0.175825 0.169013 0.168788 0.513627
413000 0.169951 0.172847 0.165882 0.50868
414000 0.17396 0.170266 0.162014 0.506241
415000 0.186528 0.173312 0.154168 0.514007
416000 0.180942 0.169851 0.155989 0.506782
417000 0.179988 0.166236 0.161996 0.50822
418000 0.181472 0.1736 0.168425 0.523497
419000 0.179449 0.166022 0.159172 0.504643
420000 0.181124 0.172111 0.162988 0.516223
421000 0.17485 0.164899 0.156927 0.496676
422000 0.184756 0.176878 0.160704 0.522338
423000 0.173201 0.168489 0.156615 0.498305
424000 0.178474 0.175077 0.149961 0.503512
425000 0.177053 0.156707 0.157771 0.491531
426000 0.180884 0.165509 0.154712 0.501104
427000 0.176613 0.171098 0.163323 0.511034
428000 0.189863 0.16579 0.169635 0.525289
429000 0.174976 0.173201 0.16009 0.508266
430000 0.180476 0.169198 0.165932 0.515606
431000 0.179928 0.160198 0.158489 0.498615
432000 0.189933 0.167085 0.163894 0.520913
433000 0.182003 0.167802 0.165561 0.515367
434000 0.181189 0.16309 0.156436 0.500715
435000 0.173086 0.172286 0.159504 0.504876
436000 0.179588 0.158489 0.166064 0.504142
437000 0.186491 0.160747 0.160799 0.508036
438000 0.192011 0.175109 0.15824 0.525359
439000 0.178028 0.161788 0.159799 0.499616
440000 0.187691 0.174265 0.162806 0.524762
441000 0.180234 0.176427 0.155057 0.511718
442000 0.17047 0.168735 0.167012 0.506218
443000 0.183385 0.173527 0.160405 0.517317
444000 0.172793 0.161474 0.162303 0.49657
445000 0.185684 0.172002 0.16244 0.520126
446000 0.173296 0.174352 0.157268 0.504916
447000 0.181564 0.176592 0.16482 0.522975
448000 0.179899 0.17553 0.162904 0.518333
449000 0.180475 0.173263 0.166561 0.520299
450000 0.172756 0.171652 0.168901 0.513308
451000 0.186507 0.171579 0.156426 0.514512
452000 0.171713 0.177212 0.17014 0.519065
453000 0.177478 0.176488 0.173552 0.527519
454000 0.192819 0.185203 0.171131 0.549152
455000 0.180638 0.188106 0.173879 0.542623
456000 0.180503 0.182865 0.177907 0.541276
457000 0.181756 0.184899 0.173547 0.540202
458000 0.182372 0.184974 0.176534 0.54388
459000 0.179109 0.186681 0.173172 0.538963
460000 0.186285 0.188023 0.176332 0.550639
461000 0.191529 0.176918 0.171329 0.539776
462000 0.178285 0.176865 0.17368 0.52883
463000 0.192115 0.180753 0.1747 0.547568
464000 0.191357 0.180153 0.166459 0.537969
465000 0.179088 0.187823 0.180179 0.54709
466000 0.190795 0.192513 0.181615 0.564923
467000 0.182509 0.178441 0.188978 0.549928
468000 0.18473 0.186209 0.177206 0.548145
469000 0.192258 0.18301 0.184214 0.559482
470000 0.202639 0.188654 0.178388 0.569681
471000 0.19504 0.181015 0.174917 0.550972
472000 0.196988 0.182863 0.172721 0.552572
473000 0.190945 0.185659 0.172171 0.548774
474000 0.190982 0.179479 0.172201 0.542663
475000 0.189412 0.185526 0.168219 0.543157
476000 0.193971 0.18616 0.164157 0.544288
477000 0.196916 0.188969 0.180368 0.566254
478000 0.207324 0.190188 0.186375 0.583888
479000 0.200018 0.184345 0.174584 0.558947
480000 0.201777 0.189077 0.1732 0.564054
481000 0.198015 0.186325 0.176021 0.560361
482000 0.199246 0.182294 0.183088 0.564628
483000 0.197219 0.182032 0.179984 0.559235
484000 0.19731 0.187377 0.197404 0.582091
485000 0.204336 0.183883 0.182192 0.570411
486000 0.202432 0.193462 0.196569 0.592464
487000 0.202145 0.190184 0.192471 0.5848
488000 0.210745 0.199834 0.186585 0.597165
489000 0.182236 0.191403 0.181096 0.554735
490000 0.20251 0.181135 0.185371 0.569016
491000 0.193631 0.195938 0.186168 0.575737
492000 0.191373 0.192072 0.186751 0.570196
493000 0.199877 0.190892 0.182431 0.5732
494000 0.196032 0.189538 0.193043 0.578613
495000 0.200671 0.187596 0.195458 0.583725
496000 0.202791 0.184311 0.183117 0.570218
497000 0.196773 0.193464 0.196059 0.586296
498000 0.196896 0.192166 0.184476 0.573538
499000 0.202307 0.192447 0.197335 0.592089
500000 0.207146 0.204409 0.192731 0.604285
501000 0.205862 0.198525 0.191826 0.596213
502000 0.19103 0.196731 0.198461 0.586221
503000 0.210884 0.199841 0.19473 0.605456
504000 0.203905 0.191142 0.197974 0.593021
505000 0.19844 0.200831 0.192373 0.591644
506000 0.202094 0.202069 0.196526 0.600689
507000 0.195509 0.196069 0.189195 0.580774
508000 0.196651 0.192786 0.192062 0.581499
509000 0.212978 0.195894 0.206108 0.61498
510000 0.203024 0.191316 0.190843 0.585183
511000 0.202957 0.197182 0.197518 0.597657
512000 0.210787 0.196098 0.190596 0.597481
513000 0.206151 0.200354 0.190903 0.597408
514000 0.202838 0.196355 0.191114 0.590307
515000 0.200535 0.186105 0.189056 0.575696
516000 0.196315 0.198685 0.186376 0.581376
517000 0.212184 0.19636 0.184244 0.592789
518000 0.202154 0.185595 0.196035 0.583784
519000 0.21171 0.193707 0.195373 0.60079
520000 0.196077 0.197751 0.205695 0.599523
521000 0.208363 0.196718 0.203852 0.608933
522000 0.203771 0.189176 0.205468 0.598416
523000 0.20438 0.193622 0.205349 0.603351
524000 0.204779 0.188603 0.208299 0.601681
525000 0.205374 0.203975 0.213832 0.623181
526000 0.211004 0.200814 0.198937 0.610755
527000 0.203468 0.201157 0.197704 0.60233
528000 0.212695 0.204068 0.194445 0.611208
529000 0.201856 0.197125 0.185182 0.584163
530000 0.21735 0.191232 0.191238 0.599821
531000 0.208738 0.200528 0.190294 0.59956
532000 0.219929 0.201428 0.209576 0.630933
533000 0.217463 0.20474 0.205935 0.628137
534000 0.215701 0.200869 0.200639 0.617209
535000 0.211838 0.190931 0.200706 0.603475
536000 0.21888 0.220147 0.206821 0.645848
537000 0.213061 0.199868 0.20023 0.613159
538000 0.220439 0.202804 0.209574 0.632817
539000 0.228792 0.197184 0.211894 0.637869
540000 0.208179 0.192699 0.203781 0.604659
541000 0.203823 0.187926 0.215074 0.606822
542000 0.213751 0.192537 0.211713 0.618002
543000 0.207623 0.194395 0.203121 0.60514
544000 0.211925 0.193312 0.213872 0.619109
545000 0.208653 0.195433 0.216666 0.620751
546000 0.196785 0.195929 0.211031 0.603745
547000 0.198046 0.19042 0.210117 0.598583
548000 0.211886 0.191655 0.201851 0.605392
549000 0.208509 0.195468 0.209778 0.613755
550000 0.204551 0.193674 0.200525 0.59875
551000 0.20325 0.203084 0.219907 0.626242
552000 0.197853 0.191072 0.212098 0.601023
553000 0.202186 0.202713 0.213202 0.618101
554000 0.210152 0.202226 0.209164 0.621542
555000 0.205634 0.199232 0.210521 0.615386
556000 0.198094 0.202771 0.211949 0.612814
557000 0.206064 0.193169 0.217428 0.616661
558000 0.205891 0.200965 0.220694 0.62755
559000 0.206974 0.201744 0.219267 0.627985
560000 0.204492 0.196818 0.200132 0.601442
561000 0.200483 0.193163 0.196835 0.590481
562000 0.206595 0.205989 0.204433 0.617018
563000 0.204993 0.197813 0.196808 0.599614
564000 0.19471 0.192197 0.195203 0.58211
565000 0.218749 0.209145 0.209774 0.637668
566000 0.199929 0.198205 0.196789 0.594923
567000 0.212546 0.210722 0.216042 0.639309
568000 0.215924 0.199134 0.196579 0.611636
569000 0.21374 0.199838 0.204907 0.618486
570000 0.206322 0.205563 0.211753 0.623638
571000 0.206557 0.202317 0.208508 0.617381
572000 0.205864 0.205227 0.193506 0.604596
573000 0.201536 0.1927 0.202111 0.596346
574000 0.204819 0.196816 0.196253 0.597887
575000 0.203389 0.208738 0.213936 0.626062
576000 0.206004 0.208218 0.207646 0.621868
577000 0.211685 0.209248 0.203893 0.624826
578000 0.211442 0.19751 0.206098 0.615051
579000 0.208143 0.205739 0.203085 0.616967
580000 0.208108 0.20743 0.213231 0.628769
581000 0.203834 0.203413 0.201119 0.608365
582000 0.208124 0.210458 0.207696 0.626279
583000 0.202666 0.194111 0.217178 0.613955
584000 0.212154 0.206147 0.208694 0.626995
585000 0.213602 0.210012 0.211877 0.635491
586000 0.205806 0.216119 0.212987 0.634913
587000 0.211548 0.224884 0.208402 0.644834
588000 0.208923 0.221145 0.208025 0.638093
589000 0.206087 0.220287 0.2039 0.630274
590000 0.210363 0.212599 0.207688 0.63065
591000 0.215285 0.209912 0.198771 0.623967
592000 0.22784 0.216397 0.211904 0.656141
593000 0.209299 0.208147 0.228028 0.645474
594000 0.203538 0.214857 0.219627 0.638022
595000 0.209958 0.224752 0.212918 0.647629
596000 0.210086 0.209071 0.214383 0.63354
597000 0.21721 0.226624 0.203477 0.64731
598000 0.203674 0.223991 0.202706 0.630371
599000 0.203078 0.210293 0.195449 0.60882
600000 0.218066 0.209029 0.208709 0.635804
601000 0.209152 0.221111 0.211505 0.641768
602000 0.202736 0.211543 0.201693 0.615972
603000 0.203165 0.213441 0.200685 0.617292
604000 0.214675 0.216002 0.216002 0.646679
605000 0.197609 0.209007 0.204984 0.611599
606000 0.214888 0.221799 0.207964 0.644652
607000 0.206473 0.217202 0.213508 0.637183
608000 0.207145 0.216767 0.205158 0.62907
609000 0.213607 0.216979 0.215427 0.646012
610000 0.203806 0.214019 0.197971 0.615796
611000 0.218116 0.214191 0.201902 0.634209
612000 0.210821 0.218829 0.204823 0.634472
613000 0.213824 0.221122 0.20489 0.639836
614000 0.208372 0.206188 0.206911 0.621471
615000 0.217065 0.225279 0.206094 0.648439
616000 0.216972 0.226899 0.219576 0.663447
617000 0.210273 0.217538 0.203 0.630811
618000 0.205641 0.212262 0.205373 0.623276
619000 0.207395 0.226928 0.207407 0.641731
620000 0.209134 0.21626 0.210142 0.635536
621000 0.210035 0.214045 0.199084 0.623164
622000 0.203206 0.221392 0.198143 0.622741
623000 0.200667 0.228607 0.209011 0.638285
624000 0.215767 0.22522 0.212142 0.653128
625000 0.227902 0.230073 0.224377 0.682352
626000 0.214053 0.221151 0.205282 0.640486
627000 0.219251 0.233724 0.205473 0.658447
628000 0.201915 0.220047 0.200956 0.622919
629000 0.216719 0.226937 0.19958 0.643236
630000 0.214518 0.224672 0.206727 0.645917
631000 0.205739 0.22047 0.212603 0.638813
632000 0.215227 0.225673 0.219742 0.660643
633000 0.211191 0.232749 0.20603 0.649969
634000 0.218704 0.216043 0.204225 0.638972
635000 0.216872 0.222672 0.19926 0.638805
636000 0.204059 0.22459 0.196784 0.625432
637000 0.208482 0.219516 0.19395 0.621948
638000 0.211045 0.222658 0.199348 0.633052
639000 0.203794 0.226488 0.201266 0.631548
640000 0.210877 0.226595 0.201309 0.638781
641000 0.217604 0.236747 0.207053 0.661404
642000 0.20541 0.215895 0.19951 0.620815
643000 0.211997 0.228806 0.201535 0.642338
644000 0.219267 0.219396 0.201648 0.640311
645000 0.225183 0.231713 0.208481 0.665377
646000 0.223658 0.227218 0.202755 0.653632
647000 0.211819 0.226832 0.207599 0.64625
648000 0.201183 0.223003 0.209632 0.633819
649000 0.212682 0.215763 0.212081 0.640525
650000 0.220294 0.230505 0.209179 0.659978
651000 0.217601 0.225736 0.20026 0.643597
652000 0.211726 0.235375 0.200261 0.647361
653000 0.231996 0.241718 0.199187 0.6729
654000 0.214835 0.226121 0.19547 0.636426
655000 0.220095 0.230767 0.206632 0.657495
656000 0.213869 0.221815 0.20606 0.641743
657000 0.230527 0.237301 0.211717 0.679546
658000 0.222078 0.236165 0.202471 0.660714
659000 0.224596 0.225347 0.208458 0.658402
660000 0.218262 0.242897 0.206223 0.667383
661000 0.232173 0.244601 0.206364 0.683138
662000 0.214702 0.233556 0.204452 0.65271
663000 0.226351 0.245877 0.201521 0.673749
664000 0.225576 0.228175 0.202234 0.655985
665000 0.219339 0.230466 0.203863 0.653668
666000 0.212511 0.231888 0.198644 0.643043
667000 0.222081 0.224265 0.218353 0.664698
668000 0.220986 0.235384 0.21691 0.673279
669000 0.229649 0.24112 0.222737 0.693506
670000 0.22401 0.228704 0.208024 0.660739
671000 0.227123 0.248144 0.20981 0.685077
672000 0.2376 0.24916 0.210259 0.697019
673000 0.225567 0.239394 0.207137 0.672098
674000 0.217731 0.241806 0.225259 0.684796
675000 0.223491 0.232448 0.212021 0.66796
676000 0.22733 0.242807 0.208302 0.678438
677000 0.228777 0.236002 0.207066 0.671845
678000 0.226734 0.242103 0.211557 0.680393
679000 0.220557 0.241884 0.208591 0.671032
680000 0.220407 0.242746 0.203834 0.666987
681000 0.226753 0.237461 0.204336 0.66855
682000 0.240737 0.243162 0.20429 0.688189
683000 0.232088 0.253364 0.210034 0.695487
684000 0.235065 0.237075 0.213134 0.685274
685000 0.235027 0.246023 0.221137 0.702187
686000 0.228159 0.247708 0.208293 0.68416
687000 0.218429 0.2438 0.210872 0.673101
688000 0.224139 0.246275 0.210491 0.680904
689000 0.227947 0.243197 0.217772 0.688916
690000 0.218853 0.25059 0.21311 0.682553
691000 0.234123 0.253977 0.213344 0.701444
692000 0.227505 0.243082 0.212208 0.682794
693000 0.222685 0.239999 0.212201 0.674885
694000 0.227661 0.241674 0.216195 0.68553
695000 0.229111 0.243745 0.210173 0.683029
696000 0.227038 0.249442 0.213033 0.689514
697000 0.234776 0.246212 0.216569 0.697557
698000 0.24078 0.238866 0.224741 0.704387
699000 0.219855 0.230857 0.22311 0.673822
700000 0.231735 0.25711 0.214612 0.703458
701000 0.235164 0.252232 0.21736 0.704757
702000 0.226782 0.237791 0.216927 0.6815
703000 0.237338 0.247685 0.219084 0.704108
704000 0.221254 0.250915 0.213723 0.685892
705000 0.228093 0.250239 0.217933 0.696266
706000 0.230387 0.25704 0.223967 0.711394
707000 0.234734 0.234957 0.223788 0.69348
708000 0.23454 0.239341 0.22722 0.7011
709000 0.235563 0.246988 0.217257 0.699808
710000 0.231882 0.245906 0.213222 0.691011
711000 0.241657 0.246931 0.220652 0.70924
712000 0.235218 0.239618 0.218672 0.693508
713000 0.231113 0.250752 0.211512 0.693377
714000 0.237146 0.245075 0.213115 0.695335
715000 0.236866 0.24887 0.20526 0.690995
716000 0.225874 0.258848 0.218639 0.703361
717000 0.238951 0.239718 0.234971 0.713641
718000 0.233747 0.249045 0.234394 0.717186
719000 0.240639 0.249209 0.225745 0.715593
720000 0.234636 0.25159 0.23314 0.719366
721000 0.242825 0.240734 0.222481 0.70604
722000 0.241642 0.258612 0.222132 0.722387
723000 0.245552 0.245842 0.225643 0.717037
724000 0.239175 0.259277 0.231323 0.729775
725000 0.231833 0.257963 0.216667 0.706462
726000 0.237517 0.266463 0.223084 0.727063
727000 0.249355 0.267728 0.229982 0.747065
728000 0.246403 0.274575 0.232935 0.753913
729000 0.240903 0.269023 0.238214 0.748139
730000 0.239404 0.261835 0.234327 0.735565
731000 0.242451 0.261324 0.230161 0.733936
732000 0.241115 0.264612 0.23195 0.737678
733000 0.249721 0.260832 0.220149 0.730703
734000 0.239123 0.263582 0.229121 0.731826
735000 0.24396 0.263842 0.233607 0.741408
736000 0.242642 0.266194 0.231742 0.740578
737000 0.245438 0.255083 0.22062 0.721142
738000 0.24944 0.269297 0.223858 0.742596
739000 0.234815 0.264458 0.231113 0.730386
740000 0.24423 0.260433 0.231407 0.73607
741000 0.239936 0.25789 0.229955 0.727781
742000 0.239191 0.274494 0.240309 0.753994
743000 0.246343 0.269067 0.245004 0.760414
744000 0.245307 0.271532 0.23892 0.755759
745000 0.245995 0.263589 0.248762 0.758346
746000 0.243241 0.269657 0.237635 0.750532
747000 0.242213 0.257061 0.239205 0.738478
748000 0.2494 0.26666 0.238334 0.754394
749000 0.258986 0.275728 0.236421 0.771135
750000 0.234495 0.262289 0.23194 0.728725
751000 0.246906 0.265902 0.239338 0.752146
752000 0.247165 0.264669 0.240326 0.75216
753000 0.244509 0.259535 0.239078 0.743123
754000 0.2522 0.27056 0.243874 0.766634
755000 0.238319 0.264578 0.229413 0.73231
756000 0.242889 0.262935 0.243819 0.749642
757000 0.246182 0.261382 0.231586 0.73915
758000 0.242086 0.267425 0.233748 0.743259
759000 0.249843 0.264591 0.235468 0.749903
760000 0.234607 0.270637 0.251769 0.757013
761000 0.251566 0.274192 0.231372 0.75713
762000 0.250792 0.258801 0.246776 0.756368
763000 0.244207 0.273163 0.236307 0.753676
764000 0.25906 0.265022 0.232974 0.757056
765000 0.256966 0.269264 0.23907 0.765299
766000 0.258778 0.272602 0.23761 0.768991
767000 0.245401 0.268267 0.24235 0.756019
768000 0.247369 0.267424 0.231146 0.745938
769000 0.234082 0.272008 0.229881 0.735971
770000 0.249303 0.270727 0.232969 0.753
771000 0.244218 0.272767 0.226629 0.743615
772000 0.24862 0.266118 0.242329 0.757067
773000 0.259211 0.272056 0.240811 0.772078
774000 0.259382 0.272407 0.236175 0.767965
775000 0.253917 0.272932 0.236311 0.76316
776000 0.262166 0.271701 0.239933 0.773801
777000 0.254588 0.273858 0.233005 0.761451
778000 0.258889 0.269634 0.235538 0.764061
779000 0.262582 0.287435 0.242972 0.792989
780000 0.256568 0.272112 0.238634 0.767314
781000 0.249029 0.281302 0.248762 0.779093
782000 0.255688 0.274248 0.245987 0.775922
783000 0.261782 0.285529 0.251387 0.798698
784000 0.250859 0.284742 0.2425 0.778101
785000 0.246257 0.2801 0.240338 0.766695
786000 0.255394 0.27075 0.235923 0.762067
787000 0.254242 0.275048 0.246913 0.776203
788000 0.251775 0.276037 0.246448 0.774259
789000 0.259655 0.272888 0.239965 0.772507
790000 0.249638 0.274717 0.233375 0.75773
791000 0.2577 0.272096 0.243539 0.773335
792000 0.263787 0.28031 0.241807 0.785903
793000 0.259403 0.277989 0.239978 0.77737
794000 0.25742 0.273938 0.240861 0.772219
795000 0.264714 0.280442 0.253334 0.798489
796000 0.271764 0.273013 0.259288 0.804065
797000 0.260149 0.284092 0.256731 0.800972
798000 0.254441 0.286019 0.24922 0.78968
799000 0.263389 0.278488 0.260294 0.802171
800000 0.2651 0.279504 0.239525 0.784129
801000 0.255657 0.268223 0.244639 0.768519
802000 0.253668 0.277061 0.241404 0.772133
803000 0.264461 0.268497 0.25781 0.790767
804000 0.269484 0.270359 0.253949 0.793792
805000 0.268187 0.27326 0.258781 0.800228
806000 0.262728 0.280109 0.257438 0.800275
807000 0.272294 0.277306 0.248735 0.798336
808000 0.277147 0.277618 0.258141 0.812906
809000 0.267398 0.288608 0.250855 0.80686
810000 0.266013 0.281552 0.256419 0.803984
811000 0.257427 0.275582 0.255973 0.788983
812000 0.256038 0.273733 0.257602 0.787374
813000 0.259883 0.271486 0.257683 0.789051
814000 0.260944 0.273154 0.259425 0.793523
815000 0.26001 0.281796 0.254241 0.796047
816000 0.261033 0.276464 0.246986 0.784483
817000 0.255168 0.280456 0.247214 0.782838
818000 0.261919 0.282383 0.254109 0.79841
819000 0.255427 0.279635 0.25906 0.794121
820000 0.252587 0.277824 0.257268 0.787679
821000 0.257418 0.283637 0.264 0.805055
822000 0.262171 0.271771 0.254562 0.788504
823000 0.254156 0.276193 0.253275 0.783624
824000 0.262313 0.275864 0.254605 0.792783
825000 0.267892 0.274134 0.249074 0.791099
826000 0.252199 0.275223 0.259743 0.787166
827000 0.250772 0.290596 0.260651 0.802019
828000 0.260309 0.289638 0.262609 0.812556
829000 0.256156 0.291961 0.258 0.806117
830000 0.264879 0.283836 0.25962 0.808335
831000 0.265165 0.284566 0.255646 0.805377
832000 0.25119 0.274514 0.263043 0.788748
833000 0.261207 0.269497 0.258862 0.789566
834000 0.254221 0.277977 0.250245 0.782442
835000 0.260764 0.276214 0.251468 0.788445
836000 0.259634 0.274111 0.268223 0.801969
837000 0.261362 0.274008 0.27122 0.806591
838000 0.254499 0.274878 0.264161 0.793538
839000 0.266974 0.286726 0.247312 0.801012
840000 0.269355 0.281122 0.257141 0.807618
841000 0.258353 0.276551 0.245369 0.780273
842000 0.253481 0.270776 0.25046 0.774716
843000 0.256063 0.283392 0.253595 0.79305
844000 0.265809 0.276824 0.252577 0.79521
845000 0.261166 0.272136 0.258946 0.792248
846000 0.258885 0.280159 0.262557 0.801601
847000 0.248447 0.27816 0.257517 0.784124
848000 0.254539 0.268804 0.259727 0.78307
849000 0.252048 0.28339 0.260342 0.79578
850000 0.264915 0.273598 0.263303 0.801816
851000 0.264848 0.273314 0.246705 0.784867
852000 0.257189 0.271543 0.257221 0.785954
853000 0.274213 0.283268 0.259193 0.816674
854000 0.275895 0.27531 0.274799 0.826004
855000 0.270253 0.281007 0.268292 0.819553
856000 0.265846 0.269314 0.262145 0.797306
857000 0.264433 0.285717 0.269512 0.819662
858000 0.261693 0.282732 0.265342 0.809768
859000 0.264307 0.279562 0.27118 0.815048
860000 0.256694 0.290377 0.270197 0.817268
861000 0.270129 0.272881 0.265235 0.808245
862000 0.260136 0.279184 0.266907 0.806227
863000 0.266022 0.273194 0.269625 0.808841
864000 0.269919 0.278757 0.264605 0.813281
865000 0.279772 0.282047 0.260648 0.822467
866000 0.274274 0.282816 0.263761 0.820851
867000 0.276515 0.276425 0.25736 0.8103
868000 0.25776 0.278287 0.266848 0.802894
869000 0.269376 0.274714 0.266806 0.810896
870000 0.27043 0.278279 0.280937 0.829646
871000 0.265176 0.275486 0.262206 0.802868
872000 0.271426 0.292341 0.259687 0.823454
873000 0.272071 0.273695 0.255193 0.80096
874000 0.282014 0.286161 0.268065 0.83624
875000 0.270077 0.273649 0.271024 0.81475
876000 0.268386 0.272492 0.264016 0.804894
877000 0.270779 0.28861 0.267995 0.827385
878000 0.262648 0.278829 0.26148 0.802958
879000 0.27596 0.280132 0.270724 0.826816
880000 0.266277 0.285081 0.269717 0.821075
881000 0.272482 0.27831 0.261738 0.81253
882000 0.274642 0.3002 0.271411 0.846254
883000 0.276222 0.279568 0.272911 0.828702
884000 0.281193 0.294052 0.271024 0.846269
885000 0.272104 0.286011 0.274619 0.832734
886000 0.264365 0.279392 0.270038 0.813795
887000 0.264722 0.300708 0.267426 0.832856
888000 0.272213 0.281309 0.270308 0.823831
889000 0.259253 0.279174 0.269556 0.807983
890000 0.271421 0.294078 0.259214 0.824714
891000 0.264886 0.286054 0.273212 0.824152
892000 0.258172 0.29788 0.276436 0.832488
893000 0.264952 0.285398 0.273751 0.8241
894000 0.258362 0.287051 0.271126 0.816538
895000 0.2717 0.285046 0.26483 0.821576
896000 0.270203 0.284104 0.267768 0.822076
897000 0.269804 0.285329 0.259704 0.814837
898000 0.271716 0.287894 0.257236 0.816846
899000 0.264371 0.282335 0.271364 0.818069
900000 0.265205 0.279549 0.273391 0.818144
901000 0.273924 0.287459 0.267053 0.828436
902000 0.277679 0.296896 0.277571 0.852146
903000 0.273222 0.280069 0.282011 0.835302
904000 0.264663 0.286096 0.271992 0.82275
905000 0.271408 0.286697 0.272343 0.830448
906000 0.266881 0.293725 0.267111 0.827717
907000 0.272761 0.294372 0.274943 0.842076
908000 0.26415 0.283274 0.262737 0.810162
909000 0.269037 0.302356 0.269411 0.840804
910000 0.283897 0.29715 0.265168 0.846216
911000 0.281652 0.29617 0.271183 0.849005
912000 0.271958 0.290517 0.271404 0.833879
913000 0.268287 0.282216 0.283244 0.833747
914000 0.271632 0.282342 0.27076 0.824734
915000 0.270753 0.286746 0.268781 0.82628
916000 0.276582 0.295419 0.275523 0.847524
917000 0.269352 0.296851 0.264899 0.831102
918000 0.279887 0.294986 0.26016 0.835033
919000 0.276091 0.288477 0.278547 0.843115
920000 0.262907 0.288013 0.265734 0.816655
921000 0.268741 0.292531 0.276255 0.837527
922000 0.262593 0.282206 0.270884 0.815684
923000 0.26208 0.288674 0.272676 0.82343
924000 0.264231 0.292662 0.274938 0.83183
925000 0.275292 0.294955 0.272223 0.84247
926000 0.284662 0.282869 0.277239 0.84477
927000 0.272842 0.298406 0.276461 0.847708
928000 0.280748 0.29361 0.277001 0.851358
929000 0.282642 0.292015 0.287048 0.861706
930000 0.269336 0.302218 0.289494 0.861048
931000 0.279946 0.303099 0.263256 0.846301
932000 0.274833 0.3083 0.26588 0.849013
933000 0.272454 0.298609 0.271332 0.842395
934000 0.270355 0.293425 0.277213 0.840992
935000 0.279774 0.295799 0.271882 0.847455
936000 0.271196 0.281499 0.278285 0.83098
937000 0.275712 0.281732 0.281586 0.83903
938000 0.282051 0.29207 0.275884 0.850005
939000 0.27281 0.29762 0.270737 0.841167
940000 0.285308 0.28576 0.281873 0.852941
941000 0.280405 0.295802 0.273562 0.849769
942000 0.286108 0.301511 0.284064 0.871684
943000 0.276003 0.291993 0.2782 0.846196
944000 0.272299 0.295923 0.286468 0.854691
945000 0.271768 0.283129 0.274868 0.829765
946000 0.279597 0.29548 0.272506 0.847583
947000 0.287348 0.296827 0.285479 0.869654
948000 0.277001 0.307086 0.280045 0.864132
949000 0.276041 0.289284 0.285842 0.851167
950000 0.274283 0.296797 0.279955 0.851035
951000 0.277829 0.298069 0.269925 0.845822
952000 0.281677 0.301741 0.280047 0.863464
953000 0.28164 0.294333 0.280762 0.856735
954000 0.283503 0.301083 0.281883 0.86647
955000 0.278955 0.30381 0.285643 0.868408
956000 0.279622 0.298091 0.27456 0.852272
957000 0.270371 0.293868 0.283214 0.847453
958000 0.280342 0.30498 0.286579 0.871902
959000 0.282311 0.294396 0.285937 0.862644
960000 0.279073 0.304815 0.270209 0.854096
961000 0.280789 0.292792 0.283782 0.857362
962000 0.276612 0.287677 0.276969 0.841258
963000 0.275114 0.296876 0.287825 0.859815
964000 0.287756 0.295963 0.285728 0.869447
965000 0.275128 0.295906 0.282106 0.85314
966000 0.279364 0.28367 0.27273 0.835765
967000 0.289014 0.297854 0.284141 0.87101
968000 0.282178 0.285656 0.276794 0.844628
969000 0.278404 0.30043 0.285225 0.864059
970000 0.28464 0.29705 0.288274 0.869964
971000 0.272062 0.295255 0.278161 0.845478
972000 0.292938 0.294468 0.287154 0.874561
973000 0.280215 0.298861 0.29522 0.874295
974000 0.292674 0.293378 0.303944 0.889996
975000 0.290329 0.300345 0.279711 0.870386
976000 0.285102 0.2924 0.282288 0.85979
977000 0.287206 0.289579 0.281168 0.857953
978000 0.306181 0.291559 0.277792 0.875533
979000 0.312268 0.282377 0.282919 0.877564
980000 0.29382 0.311012 0.288123 0.892954
981000 0.293725 0.289466 0.278636 0.861827
982000 0.291667 0.300978 0.278824 0.87147
983000 0.289657 0.298811 0.288706 0.877174
984000 0.29803 0.289813 0.297009 0.884852
985000 0.290896 0.304364 0.282493 0.877752
986000 0.301896 0.309429 0.305543 0.916868
987000 0.293728 0.295748 0.284168 0.873644
988000 0.299051 0.302656 0.28239 0.884096
989000 0.298946 0.292931 0.299291 0.891168
990000 0.294605 0.299512 0.292461 0.886578
991000 0.308322 0.301597 0.280297 0.890216
992000 0.299878 0.294429 0.291561 0.885868
993000 0.297299 0.292459 0.290949 0.880707
994000 0.296818 0.29783 0.296864 0.891512
995000 0.299494 0.300593 0.293035 0.893121
996000 0.303173 0.323189 0.289325 0.915687
997000 0.309649 0.310198 0.285408 0.905256
998000 0.297822 0.298876 0.293892 0.89059
999000 0.305789 0.306368 0.290128 0.902285
1000000 0.300956 0.308728 0.290269 0.899953
1001000 0.306256 0.319306 0.292165 0.917726
1002000 0.30288 0.30519 0.292801 0.900871
1003000 0.312916 0.312143 0.287774 0.912833
1004000 0.310161 0.308581 0.293701 0.912443
1005000 0.320509 0.305358 0.30127 0.927137
1006000 0.32276 0.323253 0.292721 0.938734
1007000 0.318034 0.310135 0.293056 0.921225
1008000 0.312553 0.309611 0.290748 0.912912
1009000 0.313722 0.314717 0.298539 0.926978
1010000 0.304862 0.314434 0.293501 0.912796
1011000 0.311677 0.310206 0.303438 0.925321
1012000 0.314586 0.318811 0.28968 0.923077
1013000 0.303905 0.307319 0.286301 0.897526
1014000 0.317345 0.312279 0.294866 0.92449
1015000 0.315002 0.317908 0.30399 0.936899
1016000 0.325189 0.306295 0.296182 0.927667
1017000 0.323738 0.31336 0.296908 0.934006
1018000 0.32238 0.310642 0.297434 0.930456
1019000 0.323375 0.324736 0.299881 0.947992
1020000 0.336201 0.31918 0.303801 0.959182
1021000 0.325698 0.305157 0.304399 0.935255
1022000 0.329333 0.32806 0.302286 0.959679
1023000 0.321354 0.317436 0.309384 0.948175
1024000 0.31828 0.329266 0.311077 0.958623
1025000 0.331037 0.34244 0.3 0.973477
1026000 0.322009 0.335367 0.308652 0.966029
1027000 0.326247 0.319026 0.310138 0.955411
1028000 0.332012 0.323978 0.30475 0.960739
1029000 0.332337 0.338463 0.31157 0.98237
1030000 0.340447 0.326553 0.306747 0.973747
