# Time-averaged data for fix 1
# TimeStep c_msd_all[1] c_msd_all[2] c_msd_all[3] c_msd_all[4]
31000 0.0762873 0.121462 0.0689735 0.266723
32000 0.0662571 0.072073 0.0695162 0.207846
33000 0.0689733 0.0692643 0.0677934 0.206031
34000 0.0729342 0.121009 0.0838835 0.277827
35000 0.0664252 0.0819199 0.0799501 0.228295
36000 0.0616289 0.111309 0.0780058 0.250944
37000 0.074972 0.0784209 0.0773519 0.230745
38000 0.0715735 0.0936111 0.0700606 0.235245
39000 0.0766699 0.0842425 0.0919323 0.252845
40000 0.0606427 0.0875092 0.0912185 0.23937
41000 0.0650773 0.115282 0.0990663 0.279425
42000 0.0757582 0.0842776 0.0825623 0.242598
43000 0.0720601 0.128245 0.0914316 0.291737
44000 0.0848952 0.09618 0.0962977 0.277373
45000 0.0677825 0.101509 0.0816325 0.250924
46000 0.0796108 0.10235 0.104471 0.286432
47000 0.0712809 0.0944264 0.10062 0.266327
48000 0.0962788 0.115048 0.0985124 0.309839
49000 0.0760699 0.0996233 0.0796578 0.255351
50000 0.0697293 0.101512 0.0849723 0.256214
51000 0.0690865 0.110971 0.0985992 0.278657
52000 0.0727806 0.105 0.0898867 0.267667
53000 0.0877227 0.111917 0.0956722 0.295312
54000 0.0801704 0.117697 0.0899144 0.287782
55000 0.0691212 0.104326 0.091257 0.264704
56000 0.0716399 0.121599 0.0986993 0.291938
57000 0.0721352 0.112205 0.0960625 0.280403
58000 0.0816709 0.104833 0.094548 0.281052
59000 0.0728492 0.144577 0.102779 0.320206
60000 0.0831654 0.10967 0.112382 0.305217
61000 0.0761022 0.139503 0.109999 0.325604
62000 0.0946642 0.117792 0.108401 0.320858
63000 0.0762443 0.130127 0.110446 0.316818
64000 0.0917224 0.136632 0.107638 0.335992
65000 0.0809791 0.122135 0.0994509 0.302565
66000 0.0708437 0.134971 0.0989719 0.304786
67000 0.0883285 0.126182 0.115736 0.330246
68000 0.0802281 0.125378 0.119088 0.324694
69000 0.0902003 0.141204 0.116281 0.347685
70000 0.0716556 0.130826 0.112949 0.31543
71000 0.0807679 0.128047 0.124529 0.333344
72000 0.0790495 0.132727 0.139356 0.351132
73000 0.0751565 0.136211 0.135938 0.347306
74000 0.075598 0.136307 0.158231 0.370136
75000 0.0724922 0.130814 0.12666 0.329967
76000 0.0772569 0.144428 0.137392 0.359076
77000 0.0797723 0.127263 0.167439 0.374475
78000 0.0813504 0.15224 0.152809 0.3864
79000 0.0780729 0.145054 0.159117 0.382244
80000 0.0823414 0.134578 0.151154 0.368074
81000 0.0841607 0.150525 0.146927 0.381612
82000 0.0846925 0.141869 0.148882 0.375444
83000 0.0808181 0.142298 0.154599 0.377715
84000 0.0879652 0.152247 0.156169 0.396381
85000 0.0973115 0.151684 0.143836 0.392832
86000 0.0954075 0.162583 0.148636 0.406627
87000 0.0873171 0.147526 0.144572 0.379416
88000 0.0943225 0.158754 0.146801 0.399878
89000 0.0950024 0.186066 0.187459 0.468527
90000 0.0878164 0.15211 0.170173 0.4101
91000 0.0889726 0.153492 0.163213 0.405677
92000 0.0919353 0.160765 0.155324 0.408025
93000 0.0913557 0.149409 0.151979 0.392743
94000 0.089507 0.190514 0.182521 0.462543
95000 0.0939541 0.151249 0.167382 0.412585
96000 0.0960608 0.157477 0.181513 0.435051
97000 0.0914648 0.18906 0.156341 0.436866
98000 0.0903204 0.140148 0.16331 0.393778
99000 0.0901402 0.189791 0.181196 0.461127
100000 0.0898252 0.165389 0.16822 0.423434
101000 0.0939691 0.166514 0.17593 0.436413
102000 0.0970653 0.165998 0.164872 0.427935
103000 0.0933207 0.150716 0.162702 0.406739
104000 0.0999501 0.182469 0.17162 0.454039
105000 0.0843058 0.165006 0.167605 0.416917
106000 0.0902948 0.17772 0.175337 0.443352
107000 0.0908821 0.163226 0.157465 0.411574
108000 0.0974826 0.165169 0.165 0.427652
109000 0.0952686 0.162536 0.1731 0.430904
110000 0.0905992 0.187365 0.174933 0.452898
111000 0.0939914 0.1586 0.178665 0.431256
112000 0.0949047 0.201766 0.179968 0.476639
113000 0.0845478 0.161342 0.165907 0.411797
114000 0.0949094 0.18121 0.184317 0.460437
115000 0.0904883 0.177243 0.169169 0.436901
116000 0.0885248 0.159481 0.164011 0.412017
117000 0.0907104 0.182135 0.159774 0.43262
118000 0.0873452 0.159966 0.148667 0.395978
119000 0.0974756 0.192094 0.170384 0.459953
120000 0.0888476 0.179896 0.163822 0.432565
121000 0.094778 0.167984 0.169614 0.432376
122000 0.0998912 0.201661 0.168855 0.470408
123000 0.0850347 0.167746 0.165247 0.418028
124000 0.0871098 0.168034 0.163067 0.418211
125000 0.0953808 0.178352 0.157819 0.431551
126000 0.102622 0.169048 0.154271 0.425941
127000 0.112406 0.199918 0.16404 0.476364
128000 0.110024 0.184791 0.168476 0.463292
129000 0.0848631 0.175526 0.164568 0.424957
130000 0.0936022 0.183237 0.166965 0.443804
131000 0.144687 0.188311 0.172999 0.505997
132000 0.135857 0.198448 0.179561 0.513867
133000 0.125193 0.191183 0.186327 0.502703
134000 0.0957939 0.198561 0.173171 0.467526
135000 0.114991 0.190029 0.186822 0.491842
136000 0.12062 0.186373 0.169647 0.47664
137000 0.111924 0.195542 0.191681 0.499147
138000 0.109687 0.203316 0.171783 0.484786
139000 0.0814123 0.192605 0.189105 0.463122
140000 0.0962352 0.20171 0.198911 0.496856
141000 0.121664 0.199898 0.18944 0.511002
142000 0.111805 0.18896 0.190688 0.491453
143000 0.114546 0.211836 0.190867 0.517249
144000 0.0902616 0.201476 0.189451 0.481189
145000 0.105328 0.21683 0.189611 0.511769
146000 0.110192 0.211268 0.200166 0.521625
147000 0.106352 0.209155 0.200867 0.516374
148000 0.109035 0.223011 0.198621 0.530666
149000 0.100272 0.19975 0.191188 0.491211
150000 0.0912471 0.215894 0.207528 0.514669
151000 0.0883319 0.211486 0.202458 0.502276
152000 0.092617 0.22991 0.206258 0.528785
153000 0.110416 0.220983 0.208927 0.540326
154000 0.0994464 0.21601 0.207062 0.522518
155000 0.109576 0.219165 0.201556 0.530296
156000 0.104495 0.218197 0.203493 0.526186
157000 0.097958 0.229805 0.210822 0.538585
158000 0.123571 0.229886 0.210242 0.563699
159000 0.0990069 0.228527 0.216372 0.543906
160000 0.102395 0.223571 0.222578 0.548544
161000 0.110783 0.237827 0.214578 0.563188
162000 0.105445 0.23411 0.214023 0.553577
163000 0.120222 0.230997 0.220628 0.571847
164000 0.103344 0.220002 0.219922 0.543268
165000 0.107514 0.240407 0.209204 0.557126
166000 0.101061 0.222882 0.222092 0.546035
167000 0.109258 0.253012 0.220327 0.582597
168000 0.105357 0.238746 0.225699 0.569802
169000 0.106263 0.251945 0.226167 0.584375
170000 0.111402 0.252482 0.215735 0.579619
171000 0.103678 0.229505 0.224471 0.557653
172000 0.114317 0.253761 0.219171 0.587248
173000 0.10893 0.246398 0.219973 0.575301
174000 0.0997681 0.261326 0.229446 0.59054
175000 0.102065 0.260164 0.238885 0.601115
176000 0.107274 0.240413 0.249208 0.596894
177000 0.114414 0.249657 0.226868 0.590939
178000 0.104563 0.245288 0.236261 0.586112
179000 0.104076 0.256892 0.26653 0.627497
180000 0.122534 0.269684 0.252659 0.644877
181000 0.107889 0.256764 0.26312 0.627773
182000 0.119755 0.280823 0.232781 0.633359
183000 0.112275 0.247146 0.233228 0.592649
184000 0.114725 0.277749 0.249537 0.642011
185000 0.124671 0.28732 0.244627 0.656618
186000 0.111539 0.276097 0.25725 0.644886
187000 0.112992 0.291174 0.231446 0.635612
188000 0.111199 0.256975 0.238878 0.607051
189000 0.106857 0.27876 0.236639 0.622257
190000 0.10141 0.277699 0.248305 0.627414
191000 0.11008 0.272574 0.24734 0.629994
192000 0.129583 0.27224 0.231185 0.633008
193000 0.114613 0.27134 0.245188 0.631141
194000 0.120717 0.27314 0.24699 0.640847
195000 0.104873 0.265605 0.242553 0.613031
196000 0.111364 0.281919 0.248076 0.641358
197000 0.115609 0.271856 0.260061 0.647525
198000 0.122328 0.316548 0.239881 0.678757
199000 0.118687 0.266359 0.243174 0.62822
200000 0.122431 0.280013 0.249696 0.65214
201000 0.124302 0.274241 0.23734 0.635883
202000 0.109317 0.266747 0.241347 0.617412
203000 0.123066 0.316744 0.244694 0.684504
204000 0.128341 0.278743 0.233355 0.640439
205000 0.124247 0.303221 0.244943 0.672411
206000 0.134926 0.303914 0.261828 0.700669
207000 0.10997 0.266321 0.25719 0.633481
208000 0.119482 0.296341 0.259237 0.67506
209000 0.119685 0.273243 0.248434 0.641362
210000 0.119797 0.279185 0.245053 0.644035
211000 0.114731 0.288403 0.256703 0.659838
212000 0.104296 0.276971 0.260426 0.641693
213000 0.118385 0.285803 0.250461 0.654649
214000 0.111251 0.27492 0.244969 0.631139
215000 0.110724 0.268578 0.249318 0.62862
216000 0.124842 0.287253 0.248618 0.660714
217000 0.118631 0.271947 0.242256 0.632833
218000 0.118082 0.284038 0.244277 0.646397
219000 0.109251 0.306441 0.255715 0.671408
220000 0.0997009 0.270769 0.25522 0.62569
221000 0.118594 0.291411 0.249849 0.659855
222000 0.112042 0.279803 0.253812 0.645657
223000 0.107663 0.276613 0.257201 0.641478
224000 0.11465 0.293841 0.246746 0.655238
225000 0.116457 0.272864 0.247217 0.636538
226000 0.114374 0.311071 0.251084 0.676529
227000 0.112054 0.281535 0.268478 0.662066
228000 0.117297 0.320392 0.260084 0.697773
229000 0.114241 0.309092 0.260553 0.683886
230000 0.123995 0.291438 0.274109 0.689542
231000 0.13032 0.335963 0.289667 0.755951
232000 0.108257 0.293804 0.267281 0.669342
233000 0.117876 0.297305 0.272315 0.687496
234000 0.126441 0.360337 0.285104 0.771882
235000 0.120859 0.275842 0.275304 0.672005
236000 0.105974 0.333891 0.269513 0.709378
237000 0.110079 0.303002 0.266309 0.67939
238000 0.132253 0.301408 0.278605 0.712266
239000 0.12055 0.321056 0.271231 0.712837
240000 0.109734 0.301691 0.264813 0.676238
241000 0.120096 0.322167 0.291928 0.734191
242000 0.11148 0.303546 0.296503 0.711529
243000 0.114087 0.312651 0.283437 0.710176
244000 0.119156 0.310837 0.280885 0.710877
245000 0.118129 0.303512 0.28054 0.702182
246000 0.12596 0.333767 0.28179 0.741517
247000 0.122201 0.325009 0.26285 0.710061
248000 0.127213 0.321667 0.271487 0.720367
249000 0.125875 0.312292 0.278809 0.716977
250000 0.125209 0.295358 0.284507 0.705074
251000 0.123125 0.302742 0.295358 0.721225
252000 0.118729 0.295853 0.283233 0.697815
253000 0.119129 0.31093 0.283158 0.713217
254000 0.12088 0.295141 0.287563 0.703584
255000 0.119828 0.298861 0.27046 0.689149
256000 0.11615 0.343387 0.278037 0.737574
257000 0.12024 0.286006 0.281952 0.688198
258000 0.135864 0.330027 0.272999 0.73889
259000 0.12206 0.314513 0.290353 0.726927
260000 0.128367 0.342675 0.297929 0.768971
261000 0.122238 0.328191 0.274852 0.725282
262000 0.124591 0.302335 0.275624 0.702549
263000 0.123955 0.353018 0.276099 0.753071
264000 0.122824 0.314005 0.291193 0.728023
265000 0.134085 0.345406 0.31084 0.790331
266000 0.128453 0.321036 0.287583 0.737072
267000 0.121089 0.305827 0.27804 0.704955
268000 0.12506 0.344322 0.278404 0.747786
269000 0.124701 0.325082 0.27419 0.723973
270000 0.120546 0.324249 0.287637 0.732431
271000 0.145779 0.35082 0.286822 0.783421
272000 0.127921 0.329098 0.282932 0.739951
273000 0.118236 0.329873 0.289933 0.738042
274000 0.122317 0.330887 0.282666 0.735871
275000 0.132287 0.315608 0.284466 0.732361
276000 0.127166 0.372722 0.290273 0.790161
277000 0.121502 0.332438 0.297411 0.75135
278000 0.128267 0.361483 0.273446 0.763196
279000 0.135422 0.363878 0.297861 0.797161
280000 0.127431 0.326458 0.316858 0.770747
281000 0.137131 0.386003 0.298758 0.821893
282000 0.13959 0.330998 0.289276 0.759864
283000 0.132873 0.36946 0.29525 0.797584
284000 0.130338 0.343825 0.296044 0.770206
285000 0.119391 0.336273 0.313702 0.769367
286000 0.127942 0.393367 0.299096 0.820405
287000 0.127105 0.34278 0.302478 0.772363
288000 0.122352 0.377242 0.302582 0.802175
289000 0.119024 0.374106 0.295052 0.788182
290000 0.128608 0.361251 0.305317 0.795176
291000 0.124106 0.399632 0.29182 0.815558
292000 0.133845 0.3467 0.289412 0.769958
293000 0.130297 0.391284 0.302982 0.824563
294000 0.131288 0.375223 0.300219 0.80673
295000 0.125281 0.357923 0.298842 0.782046
296000 0.133152 0.402071 0.312218 0.84744
297000 0.137775 0.377213 0.312311 0.8273
298000 0.138217 0.423727 0.31221 0.874155
299000 0.139633 0.388398 0.298564 0.826595
300000 0.130029 0.364448 0.324416 0.818893
301000 0.134714 0.403738 0.312473 0.850925
302000 0.125696 0.382797 0.325226 0.833719
303000 0.150189 0.40883 0.313864 0.872884
304000 0.145804 0.384369 0.31433 0.844504
305000 0.13612 0.412203 0.340407 0.88873
306000 0.13889 0.409771 0.337203 0.885864
307000 0.130946 0.392709 0.347673 0.871328
308000 0.138561 0.407163 0.327252 0.872975
309000 0.133292 0.4094 0.336781 0.879474
310000 0.129094 0.414584 0.334472 0.87815
311000 0.136315 0.416239 0.323619 0.876172
312000 0.132839 0.395678 0.359009 0.887526
313000 0.137071 0.383996 0.327498 0.848565
314000 0.132743 0.404439 0.319557 0.85674
315000 0.134429 0.420194 0.335703 0.890326
316000 0.146296 0.398908 0.334809 0.880013
317000 0.131909 0.418186 0.330218 0.880313
318000 0.131248 0.413196 0.349274 0.893719
319000 0.139354 0.412341 0.32752 0.879216
320000 0.135994 0.415208 0.340545 0.891746
321000 0.142534 0.399112 0.328295 0.869942
322000 0.152955 0.433243 0.337412 0.923611
323000 0.136524 0.402614 0.32718 0.866318
324000 0.131553 0.420134 0.335542 0.887229
325000 0.137374 0.436817 0.33515 0.909342
326000 0.137506 0.409838 0.325933 0.873276
327000 0.141388 0.433465 0.334088 0.908941
328000 0.150349 0.418542 0.340792 0.909682
329000 0.132425 0.401397 0.338165 0.871987
330000 0.142727 0.430295 0.350928 0.92395
331000 0.14323 0.428507 0.357907 0.929645
332000 0.1469 0.432613 0.363786 0.943299
333000 0.147111 0.414774 0.352415 0.9143
334000 0.158177 0.443763 0.343744 0.945684
335000 0.151644 0.402985 0.354481 0.909109
336000 0.151587 0.429882 0.34699 0.928459
337000 0.153386 0.442558 0.368763 0.964707
338000 0.151246 0.425756 0.350544 0.927547
339000 0.163195 0.432913 0.351201 0.947309
340000 0.144516 0.443735 0.358471 0.946722
341000 0.144844 0.41083 0.347713 0.903388
342000 0.131157 0.442314 0.35245 0.925921
343000 0.142054 0.41066 0.353414 0.906128
344000 0.154174 0.439984 0.335343 0.9295
345000 0.155646 0.432183 0.358264 0.946094
346000 0.157306 0.423052 0.348928 0.929285
347000 0.162532 0.427517 0.370402 0.960451
348000 0.158883 0.460942 0.363892 0.983717
349000 0.139737 0.421073 0.35102 0.911829
350000 0.154859 0.447642 0.369081 0.971583
351000 0.15362 0.417505 0.362761 0.933886
352000 0.156237 0.425436 0.368792 0.950466
353000 0.160487 0.475149 0.375006 1.01064
354000 0.148551 0.414278 0.358421 0.921249
355000 0.165364 0.485291 0.378024 1.02868
356000 0.157877 0.415692 0.373543 0.947112
357000 0.166761 0.449429 0.378795 0.994985
358000 0.203629 0.499696 0.360811 1.06414
359000 0.155671 0.424565 0.35994 0.940176
360000 0.165555 0.531515 0.375994 1.07306
361000 0.154887 0.428287 0.374985 0.958159
362000 0.152479 0.433754 0.385659 0.971891
363000 0.162601 0.476369 0.373534 1.0125
364000 0.153663 0.433059 0.372524 0.959246
365000 0.174096 0.505921 0.382146 1.06216
366000 0.157701 0.428399 0.381313 0.967413
367000 0.158098 0.477772 0.389254 1.02512
368000 0.16715 0.500332 0.377593 1.04507
369000 0.141613 0.441048 0.373148 0.955809
370000 0.174429 0.477947 0.388937 1.04131
371000 0.153268 0.46518 0.385971 1.00442
372000 0.160297 0.444821 0.389197 0.994315
373000 0.156003 0.49984 0.383153 1.039
374000 0.149391 0.435841 0.393313 0.978545
375000 0.150036 0.471948 0.394537 1.01652
376000 0.156376 0.438406 0.384695 0.979477
377000 0.159684 0.473714 0.3994 1.0328
378000 0.154224 0.46167 0.402821 1.01871
379000 0.171441 0.454549 0.382011 1.008
380000 0.155292 0.474094 0.403678 1.03306
381000 0.158631 0.449115 0.39223 0.999976
382000 0.16946 0.454622 0.39033 1.01441
383000 0.157821 0.48044 0.384022 1.02228
384000 0.157679 0.438391 0.396579 0.992648
385000 0.156184 0.448525 0.397292 1.002
386000 0.161621 0.447927 0.394957 1.00451
387000 0.164665 0.487953 0.393423 1.04604
388000 0.160398 0.468082 0.384754 1.01323
389000 0.162108 0.463651 0.406539 1.0323
390000 0.161735 0.488565 0.394719 1.04502
391000 0.169169 0.457219 0.408056 1.03444
392000 0.152666 0.460834 0.405354 1.01885
393000 0.170222 0.469617 0.397752 1.03759
394000 0.155602 0.439497 0.393482 0.988581
395000 0.158823 0.473237 0.407895 1.03995
396000 0.163012 0.456186 0.394686 1.01388
397000 0.163983 0.480263 0.399772 1.04402
398000 0.172512 0.46888 0.389432 1.03082
399000 0.159669 0.449187 0.392742 1.0016
400000 0.171018 0.482618 0.396595 1.05023
401000 0.157216 0.462663 0.405644 1.02552
402000 0.158429 0.505117 0.403105 1.06665
403000 0.150158 0.473612 0.391676 1.01545
404000 0.167317 0.493877 0.413867 1.07506
405000 0.176046 0.478934 0.418674 1.07365
406000 0.157694 0.473837 0.41714 1.04867
407000 0.170443 0.487128 0.407028 1.0646
408000 0.176136 0.503384 0.420643 1.10016
409000 0.175542 0.512581 0.418994 1.10712
410000 0.160517 0.468473 0.428744 1.05773
411000 0.16383 0.514278 0.430319 1.10843
412000 0.156704 0.495444 0.424241 1.07639
413000 0.171349 0.494995 0.411179 1.07752
414000 0.167609 0.528058 0.413946 1.10961
415000 0.167226 0.498469 0.418837 1.08453
416000 0.172847 0.576306 0.421005 1.17016
417000 0.183182 0.4742 0.405433 1.06282
418000 0.173277 0.513527 0.42758 1.11438
419000 0.182173 0.533637 0.409191 1.125
420000 0.173639 0.495077 0.404389 1.07311
421000 0.17286 0.55373 0.422757 1.14935
422000 0.175692 0.486705 0.408251 1.07065
423000 0.159789 0.503264 0.415113 1.07817
424000 0.167611 0.503232 0.41701 1.08785
425000 0.173278 0.493507 0.404431 1.07122
426000 0.194414 0.568845 0.428541 1.1918
427000 0.17063 0.503563 0.410777 1.08497
428000 0.171468 0.539773 0.414333 1.12557
429000 0.16977 0.524644 0.416059 1.11047
430000 0.180378 0.484063 0.418273 1.08271
431000 0.202655 0.559112 0.408003 1.16977
432000 0.176009 0.495249 0.418142 1.0894
433000 0.191778 0.529326 0.403662 1.12477
434000 0.169521 0.527465 0.407303 1.10429
435000 0.181623 0.503428 0.414084 1.09913
436000 0.190393 0.566447 0.419014 1.17585
437000 0.17054 0.505273 0.399046 1.07486
438000 0.183207 0.569778 0.416737 1.16972
439000 0.173118 0.502471 0.412887 1.08848
440000 0.179055 0.503389 0.403992 1.08644
441000 0.176598 0.568287 0.420494 1.16538
442000 0.182062 0.491255 0.396591 1.06991
443000 0.187619 0.584637 0.414989 1.18724
444000 0.177133 0.501218 0.421942 1.10029
445000 0.176116 0.51953 0.419403 1.11505
446000 0.185103 0.542527 0.417505 1.14514
447000 0.177749 0.495608 0.406933 1.08029
448000 0.18365 0.584567 0.412823 1.18104
449000 0.182734 0.495844 0.407924 1.0865
450000 0.182155 0.520732 0.423489 1.12638
451000 0.180167 0.537079 0.424783 1.14203
452000 0.18948 0.512868 0.423734 1.12608
453000 0.200287 0.559419 0.425323 1.18503
454000 0.186146 0.498312 0.418926 1.10338
455000 0.196126 0.520584 0.412638 1.12935
456000 0.196666 0.565968 0.416314 1.17895
457000 0.189407 0.530326 0.420232 1.13996
458000 0.189832 0.544602 0.415885 1.15032
459000 0.196246 0.525084 0.413867 1.1352
460000 0.189971 0.530896 0.419727 1.14059
461000 0.202117 0.534049 0.428942 1.16511
462000 0.190124 0.541838 0.413202 1.14516
463000 0.184835 0.531298 0.42691 1.14304
464000 0.201372 0.514075 0.430506 1.14595
465000 0.195761 0.545492 0.434908 1.17616
466000 0.216114 0.509227 0.434009 1.15935
467000 0.183646 0.539156 0.402771 1.12557
468000 0.180615 0.543156 0.422446 1.14622
469000 0.193712 0.524987 0.409069 1.12777
470000 0.190764 0.538525 0.424628 1.15392
471000 0.206873 0.534837 0.423569 1.16528
472000 0.19567 0.525782 0.435761 1.15721
473000 0.192486 0.541601 0.449165 1.18325
474000 0.189082 0.538966 0.419133 1.14718
475000 0.194554 0.534155 0.424783 1.15349
476000 0.210267 0.527189 0.420842 1.1583
477000 0.197618 0.545069 0.436146 1.17883
478000 0.206078 0.52502 0.442487 1.17358
479000 0.204414 0.531192 0.443049 1.17865
480000 0.195936 0.560531 0.42558 1.18205
481000 0.199366 0.52103 0.437397 1.15779
482000 0.194977 0.568199 0.431176 1.19435
483000 0.216177 0.531232 0.436696 1.1841
484000 0.213972 0.592224 0.447568 1.25376
485000 0.20041 0.539803 0.433857 1.17407
486000 0.197907 0.522453 0.425962 1.14632
487000 0.195323 0.590904 0.442551 1.22878
488000 0.200429 0.531114 0.436797 1.16834
489000 0.22256 0.58122 0.436949 1.24073
490000 0.213679 0.540161 0.470551 1.22439
491000 0.188076 0.536057 0.459975 1.18411
492000 0.225507 0.553511 0.464369 1.24339
493000 0.203457 0.532981 0.454561 1.191
494000 0.229889 0.590439 0.454438 1.27477
495000 0.198813 0.541309 0.487993 1.22812
496000 0.197554 0.548719 0.485022 1.23129
497000 0.219238 0.561938 0.474069 1.25525
498000 0.20111 0.532734 0.459666 1.19351
499000 0.216952 0.571564 0.458802 1.24732
500000 0.193811 0.538977 0.488562 1.22135
501000 0.217642 0.54128 0.474075 1.233
502000 0.214915 0.553439 0.459433 1.22779
503000 0.194876 0.530574 0.488087 1.21354
504000 0.205266 0.570611 0.483254 1.25913
505000 0.214647 0.550543 0.480389 1.24558
506000 0.204974 0.550386 0.469098 1.22446
507000 0.199385 0.555532 0.475058 1.22997
508000 0.203293 0.54322 0.4787 1.22521
509000 0.211475 0.542899 0.485736 1.24011
510000 0.206627 0.568179 0.469746 1.24455
511000 0.225511 0.541772 0.470717 1.238
512000 0.218843 0.58203 0.481224 1.2821
513000 0.214652 0.542258 0.480075 1.23699
514000 0.213379 0.567974 0.496203 1.27756
515000 0.209939 0.570972 0.48818 1.26909
516000 0.221119 0.540025 0.487392 1.24854
517000 0.211034 0.573829 0.486782 1.27164
518000 0.216202 0.555876 0.493211 1.26529
519000 0.225319 0.60008 0.481379 1.30678
520000 0.215223 0.574151 0.498795 1.28817
521000 0.23008 0.547875 0.478941 1.2569
522000 0.22388 0.597247 0.50267 1.3238
523000 0.224029 0.555698 0.500995 1.28072
524000 0.206812 0.56784 0.492901 1.26755
525000 0.217872 0.590885 0.523806 1.33256
526000 0.225784 0.546279 0.50288 1.27494
527000 0.219993 0.579476 0.5216 1.32107
528000 0.241728 0.584837 0.513133 1.3397
529000 0.223625 0.581895 0.515231 1.32075
530000 0.228026 0.589338 0.505573 1.32294
531000 0.217453 0.593441 0.514459 1.32535
532000 0.213143 0.568708 0.528156 1.31001
533000 0.24216 0.606378 0.509083 1.35762
534000 0.220034 0.592568 0.51947 1.33207
535000 0.21659 0.597939 0.512247 1.32678
536000 0.238729 0.584398 0.500722 1.32385
537000 0.225454 0.597114 0.522205 1.34477
538000 0.241683 0.609895 0.529822 1.3814
539000 0.216162 0.579891 0.551302 1.34736
540000 0.231649 0.609542 0.522412 1.3636
541000 0.217502 0.58217 0.525772 1.32544
542000 0.206222 0.582834 0.533231 1.32229
543000 0.226885 0.600788 0.509217 1.33689
544000 0.222862 0.586779 0.522171 1.33181
545000 0.230706 0.630013 0.540299 1.40102
546000 0.221916 0.579086 0.530799 1.3318
547000 0.232826 0.646665 0.529671 1.40916
548000 0.222748 0.598643 0.540689 1.36208
549000 0.234688 0.60531 0.547831 1.38783
550000 0.225086 0.640061 0.549383 1.41453
551000 0.227432 0.614181 0.527551 1.36916
552000 0.225662 0.614617 0.523374 1.36365
553000 0.219704 0.607081 0.530226 1.35701
554000 0.230349 0.624768 0.544821 1.39994
555000 0.2263 0.646323 0.540436 1.41306
556000 0.233044 0.611025 0.539745 1.38382
557000 0.23564 0.638798 0.549958 1.4244
558000 0.232749 0.621311 0.557746 1.41181
559000 0.239973 0.646482 0.560271 1.44673
560000 0.223523 0.61881 0.538475 1.38081
561000 0.229763 0.636337 0.579659 1.44576
562000 0.236984 0.643882 0.553938 1.4348
563000 0.22306 0.611233 0.545835 1.38013
564000 0.242412 0.651567 0.554608 1.44859
565000 0.229945 0.641585 0.548142 1.41967
566000 0.218774 0.626432 0.553378 1.39858
567000 0.247795 0.682395 0.543449 1.47364
568000 0.223121 0.611184 0.553914 1.38822
569000 0.225894 0.61745 0.561024 1.40437
570000 0.228936 0.686631 0.55609 1.47166
571000 0.228812 0.621321 0.568517 1.41865
572000 0.238969 0.688737 0.56092 1.48863
573000 0.218694 0.629514 0.565704 1.41391
574000 0.224298 0.643997 0.594187 1.46248
575000 0.22359 0.652094 0.57245 1.44813
576000 0.218157 0.622378 0.564237 1.40477
577000 0.236318 0.665748 0.580654 1.48272
578000 0.221811 0.646862 0.565889 1.43456
579000 0.227224 0.668847 0.585125 1.4812
580000 0.231506 0.649448 0.578834 1.45979
581000 0.227824 0.639791 0.582214 1.44983
582000 0.228518 0.662147 0.580561 1.47123
583000 0.24178 0.630736 0.576019 1.44854
584000 0.228674 0.668184 0.577752 1.47461
585000 0.230883 0.643368 0.584677 1.45893
586000 0.231333 0.679394 0.581867 1.49259
587000 0.236484 0.652005 0.5964 1.48489
588000 0.243501 0.648254 0.582435 1.47419
589000 0.240992 0.695735 0.590025 1.52675
590000 0.229533 0.637246 0.56758 1.43436
591000 0.240085 0.655615 0.587002 1.4827
592000 0.246509 0.673852 0.586144 1.50651
593000 0.235289 0.645468 0.567881 1.44864
594000 0.247358 0.673576 0.592529 1.51346
595000 0.240613 0.643037 0.574943 1.45859
596000 0.233886 0.659134 0.596499 1.48952
597000 0.236844 0.676313 0.577865 1.49102
598000 0.226979 0.645771 0.58952 1.46227
599000 0.228737 0.692685 0.582965 1.50439
600000 0.239382 0.625098 0.564289 1.42877
601000 0.248174 0.634209 0.576308 1.45869
602000 0.234645 0.675327 0.592639 1.50261
603000 0.238087 0.653424 0.591601 1.48311
604000 0.235474 0.676646 0.588272 1.50039
605000 0.230506 0.66026 0.577308 1.46807
606000 0.240619 0.666204 0.59158 1.4984
607000 0.22771 0.675127 0.5996 1.50244
608000 0.232393 0.648323 0.600515 1.48123
609000 0.243937 0.703423 0.603195 1.55056
610000 0.265124 0.645541 0.583143 1.49381
611000 0.244745 0.721463 0.602964 1.56917
612000 0.232316 0.663542 0.596675 1.49253
613000 0.249888 0.676273 0.587728 1.51389
614000 0.244987 0.700508 0.599421 1.54492
615000 0.244855 0.657292 0.591526 1.49367
616000 0.234673 0.697026 0.608072 1.53977
617000 0.23895 0.669356 0.620466 1.52877
618000 0.226858 0.696729 0.608755 1.53234
619000 0.235367 0.687663 0.604391 1.52742
620000 0.235322 0.676222 0.636179 1.54772
621000 0.230279 0.715439 0.6376 1.58332
622000 0.226462 0.658681 0.616939 1.50208
623000 0.231553 0.693962 0.615427 1.54094
624000 0.243485 0.701449 0.614367 1.5593
625000 0.23593 0.664162 0.599308 1.4994
626000 0.227314 0.741565 0.630625 1.5995
627000 0.21454 0.658507 0.616522 1.48957
628000 0.24756 0.725993 0.603667 1.57722
629000 0.239974 0.686584 0.61393 1.54049
630000 0.227931 0.674761 0.610246 1.51294
631000 0.252347 0.782043 0.629812 1.6642
632000 0.230982 0.67932 0.617937 1.52824
633000 0.252166 0.762119 0.611454 1.62574
634000 0.244299 0.677557 0.617254 1.53911
635000 0.243599 0.681871 0.639296 1.56477
636000 0.245631 0.769756 0.632188 1.64758
637000 0.233812 0.694301 0.639602 1.56771
638000 0.256404 0.783082 0.629317 1.6688
639000 0.239228 0.680318 0.653745 1.57329
640000 0.239971 0.70597 0.651262 1.5972
641000 0.248257 0.739146 0.648391 1.63579
642000 0.235901 0.693835 0.639729 1.56947
643000 0.263474 0.787232 0.641489 1.69219
644000 0.233016 0.692399 0.64744 1.57286
645000 0.257611 0.727474 0.647064 1.63215
646000 0.253196 0.718251 0.640927 1.61238
647000 0.243706 0.704548 0.638124 1.58638
648000 0.258075 0.755965 0.641537 1.65558
649000 0.247311 0.693214 0.642058 1.58258
650000 0.267053 0.7173 0.650797 1.63515
651000 0.256334 0.693005 0.646274 1.59561
652000 0.249408 0.699024 0.649125 1.59756
653000 0.265425 0.735865 0.679986 1.68128
654000 0.254777 0.717536 0.670854 1.64317
655000 0.249768 0.707779 0.63958 1.59713
656000 0.243333 0.728402 0.650403 1.62214
657000 0.254937 0.700666 0.64223 1.59783
658000 0.263373 0.734352 0.657237 1.65496
659000 0.262983 0.695595 0.650238 1.60882
660000 0.252942 0.731178 0.639503 1.62362
661000 0.24374 0.696879 0.660821 1.60144
662000 0.261056 0.726634 0.650176 1.63787
663000 0.263598 0.717789 0.641332 1.62272
664000 0.27022 0.73691 0.661933 1.66906
665000 0.247257 0.73148 0.638812 1.61755
666000 0.2649 0.719553 0.64964 1.63409
667000 0.311989 0.757078 0.666215 1.73528
668000 0.243294 0.715548 0.66011 1.61895
669000 0.277124 0.736054 0.669027 1.68221
670000 0.252022 0.71841 0.661867 1.6323
671000 0.248633 0.725983 0.643231 1.61785
672000 0.254716 0.720133 0.65923 1.63408
673000 0.241023 0.735728 0.648378 1.62513
674000 0.26433 0.711448 0.660649 1.63643
675000 0.245116 0.742919 0.643562 1.6316
676000 0.255547 0.72923 0.653604 1.63838
677000 0.242521 0.711761 0.657869 1.61215
678000 0.258594 0.725361 0.656249 1.6402
679000 0.25547 0.744156 0.679138 1.67876
680000 0.245125 0.726646 0.64714 1.61891
681000 0.264161 0.73115 0.662312 1.65762
682000 0.24972 0.709169 0.675499 1.63439
683000 0.257173 0.72669 0.65986 1.64372
684000 0.262609 0.75863 0.668528 1.68977
685000 0.249997 0.710129 0.658706 1.61883
686000 0.248922 0.73836 0.653157 1.64044
687000 0.265668 0.741483 0.678358 1.68551
688000 0.250562 0.753514 0.671612 1.67569
689000 0.245798 0.731808 0.683812 1.66142
690000 0.262885 0.739523 0.666987 1.6694
691000 0.245936 0.732204 0.644654 1.62279
692000 0.256636 0.749857 0.675728 1.68222
693000 0.264034 0.764936 0.673347 1.70232
694000 0.252899 0.730144 0.68913 1.67217
695000 0.274034 0.739879 0.683446 1.69736
696000 0.253879 0.750353 0.679328 1.68356
697000 0.258297 0.750234 0.682852 1.69138
698000 0.262813 0.772867 0.672235 1.70791
699000 0.250373 0.72973 0.664894 1.645
700000 0.263226 0.758574 0.669475 1.69128
701000 0.243008 0.742359 0.701682 1.68705
702000 0.261797 0.754644 0.676181 1.69262
703000 0.260094 0.771534 0.678786 1.71041
704000 0.261328 0.731479 0.699623 1.69243
705000 0.276232 0.758184 0.700585 1.735
706000 0.260215 0.735127 0.6925 1.68784
707000 0.254089 0.746263 0.684967 1.68532
708000 0.269776 0.775115 0.687639 1.73253
709000 0.258274 0.750194 0.728121 1.73659
710000 0.264228 0.76584 0.672945 1.70301
711000 0.260654 0.760846 0.694992 1.71649
712000 0.261653 0.784154 0.702077 1.74788
713000 0.255704 0.785119 0.705559 1.74638
714000 0.260503 0.789882 0.742656 1.79304
715000 0.282209 0.782287 0.710081 1.77458
716000 0.264944 0.779348 0.702996 1.74729
717000 0.274455 0.777228 0.722227 1.77391
718000 0.254025 0.769276 0.724284 1.74758
719000 0.268128 0.773033 0.729698 1.77086
720000 0.265702 0.809823 0.703831 1.77936
721000 0.26094 0.752344 0.716161 1.72945
722000 0.286994 0.839958 0.722091 1.84904
723000 0.265829 0.7621 0.709898 1.73783
724000 0.284848 0.780779 0.721777 1.7874
725000 0.257115 0.781433 0.702529 1.74108
726000 0.249983 0.758635 0.711059 1.71968
727000 0.266879 0.805254 0.710677 1.78281
728000 0.255426 0.775505 0.713724 1.74466
729000 0.272547 0.789043 0.728174 1.78976
730000 0.276988 0.807477 0.729735 1.8142
731000 0.275829 0.77301 0.727653 1.77649
732000 0.268265 0.833785 0.725063 1.82711
733000 0.252633 0.777393 0.730456 1.76048
734000 0.273403 0.809742 0.735537 1.81868
735000 0.25861 0.824741 0.744214 1.82756
736000 0.273723 0.806792 0.731691 1.81221
737000 0.266516 0.814598 0.724508 1.80562
738000 0.272145 0.819537 0.752043 1.84372
739000 0.274864 0.791455 0.729701 1.79602
740000 0.271532 0.820048 0.738415 1.82999
741000 0.266484 0.805698 0.740424 1.81261
742000 0.27304 0.792457 0.746916 1.81241
743000 0.263224 0.818919 0.75043 1.83257
744000 0.28895 0.803735 0.725497 1.81818
745000 0.274711 0.811972 0.738983 1.82567
746000 0.266831 0.811078 0.744855 1.82276
747000 0.269051 0.805866 0.743473 1.81839
748000 0.273722 0.813582 0.748917 1.83622
749000 0.276588 0.808334 0.743374 1.8283
750000 0.275927 0.814772 0.763606 1.8543
751000 0.276234 0.840266 0.763614 1.88011
752000 0.27022 0.820459 0.747438 1.83812
753000 0.273602 0.845254 0.765321 1.88418
754000 0.285231 0.850384 0.751128 1.88674
755000 0.277673 0.823293 0.76257 1.86354
756000 0.285831 0.846749 0.779622 1.9122
757000 0.267441 0.802265 0.780583 1.85029
758000 0.278527 0.834818 0.790992 1.90434
759000 0.267688 0.860028 0.751829 1.87954
760000 0.278133 0.82701 0.752885 1.85803
761000 0.269746 0.883621 0.777302 1.93067
762000 0.259041 0.821135 0.747371 1.82755
763000 0.267364 0.843536 0.779063 1.88996
764000 0.269232 0.845512 0.768612 1.88336
765000 0.273764 0.832402 0.770981 1.87715
766000 0.28521 0.865413 0.779829 1.93045
767000 0.282718 0.831784 0.776467 1.89097
768000 0.273123 0.834765 0.787159 1.89505
769000 0.284952 0.86339 0.758371 1.90671
770000 0.271179 0.827597 0.761242 1.86002
771000 0.281793 0.860325 0.789617 1.93174
772000 0.277418 0.821561 0.758301 1.85728
773000 0.282686 0.82543 0.787041 1.89516
774000 0.276939 0.877807 0.76846 1.92321
775000 0.266562 0.838933 0.798963 1.90446
776000 0.279152 0.907275 0.754706 1.94113
777000 0.265901 0.811835 0.76214 1.83988
778000 0.295186 0.830458 0.790259 1.9159
779000 0.272226 0.888534 0.781801 1.94256
780000 0.272372 0.817462 0.802383 1.89222
781000 0.279615 0.893362 0.766166 1.93914
782000 0.269543 0.841516 0.77532 1.88638
783000 0.283972 0.825504 0.773182 1.88266
784000 0.271148 0.82548 0.784128 1.88076
785000 0.280196 0.831669 0.781353 1.89322
786000 0.273572 0.888596 0.781913 1.94408
787000 0.279303 0.845834 0.767831 1.89297
788000 0.266226 0.908735 0.775707 1.95067
789000 0.264773 0.836052 0.781169 1.88199
790000 0.267432 0.860308 0.797444 1.92518
791000 0.275643 0.921178 0.781898 1.97872
792000 0.26343 0.843881 0.795729 1.90304
793000 0.288008 0.901472 0.80381 1.99329
794000 0.264437 0.838645 0.796322 1.8994
795000 0.284266 0.851325 0.792635 1.92823
796000 0.273298 0.885337 0.776648 1.93528
797000 0.271329 0.86695 0.798878 1.93716
798000 0.279716 0.871934 0.797172 1.94882
799000 0.306187 0.872727 0.809369 1.98828
800000 0.278679 0.848619 0.800223 1.92752
801000 0.278818 0.866911 0.789096 1.93483
802000 0.278892 0.869948 0.784955 1.9338
803000 0.275064 0.848111 0.819146 1.94232
804000 0.284901 0.896138 0.767407 1.94845
805000 0.293046 0.863509 0.806614 1.96317
806000 0.29154 0.917732 0.801161 2.01043
807000 0.271731 0.869953 0.781887 1.92357
808000 0.27928 0.859811 0.795794 1.93489
809000 0.306006 0.941804 0.784527 2.03234
810000 0.273293 0.861758 0.787048 1.9221
811000 0.2741 0.877747 0.77296 1.92481
812000 0.284799 0.884738 0.822225 1.99176
813000 0.281132 0.845663 0.808004 1.9348
814000 0.276162 0.90999 0.78464 1.97079
815000 0.268546 0.860268 0.816405 1.94522
816000 0.276937 0.889149 0.802656 1.96874
817000 0.279436 0.855188 0.827712 1.96234
818000 0.300821 0.855539 0.80919 1.96555
819000 0.284107 0.846399 0.786091 1.9166
820000 0.265485 0.870191 0.82136 1.95704
821000 0.276629 0.865408 0.818878 1.96092
822000 0.279888 0.846661 0.816015 1.94256
823000 0.267676 0.869385 0.800542 1.9376
824000 0.287874 0.89555 0.797196 1.98062
825000 0.276087 0.868494 0.834941 1.97952
826000 0.286663 0.882164 0.817493 1.98632
827000 0.281237 0.879527 0.828973 1.98974
828000 0.287127 0.888283 0.81418 1.98959
829000 0.292573 0.883707 0.809895 1.98617
830000 0.301033 0.888224 0.853998 2.04326
831000 0.300137 0.885011 0.803632 1.98878
832000 0.289667 0.879706 0.802882 1.97225
833000 0.285008 0.879118 0.824811 1.98894
834000 0.280658 0.88146 0.803648 1.96577
835000 0.293588 0.87112 0.829092 1.9938
836000 0.279938 0.88246 0.800696 1.96309
837000 0.297191 0.867619 0.790132 1.95494
838000 0.288943 0.854755 0.805638 1.94934
839000 0.288716 0.895819 0.804044 1.98858
840000 0.287348 0.878586 0.846183 2.01212
841000 0.280078 0.891826 0.810434 1.98234
842000 0.3065 0.917895 0.825185 2.04958
843000 0.284184 0.853765 0.833527 1.97147
844000 0.280668 0.900916 0.836923 2.01851
845000 0.31721 0.879276 0.833931 2.03042
846000 0.291372 0.89126 0.818142 2.00077
847000 0.291269 0.887077 0.834263 2.01261
848000 0.294539 0.900583 0.836777 2.0319
849000 0.298194 0.924393 0.829907 2.05249
850000 0.298129 0.891004 0.85456 2.04369
851000 0.283017 0.904312 0.817961 2.00529
852000 0.287922 0.899481 0.83953 2.02693
853000 0.281954 0.911679 0.818925 2.01256
854000 0.283197 0.919985 0.815536 2.01872
855000 0.280694 0.891928 0.871829 2.04445
856000 0.281513 0.887556 0.82012 1.98919
857000 0.307599 0.906521 0.835551 2.04967
858000 0.288053 0.891526 0.829239 2.00882
859000 0.284165 0.925853 0.840502 2.05052
860000 0.28479 0.888704 0.847894 2.02139
861000 0.30941 0.948347 0.822973 2.08073
862000 0.291965 0.888767 0.859189 2.03992
863000 0.287359 0.914542 0.828247 2.03015
864000 0.285953 0.918184 0.83984 2.04398
865000 0.278697 0.908671 0.858162 2.04553
866000 0.289961 0.895312 0.850099 2.03537
867000 0.298471 0.877944 0.866054 2.04247
868000 0.313998 0.920446 0.86929 2.10373
869000 0.294994 0.886825 0.875362 2.05718
870000 0.293817 0.918808 0.885221 2.09785
871000 0.30022 0.882512 0.870263 2.05299
872000 0.295951 0.915727 0.875273 2.08695
873000 0.303017 0.934399 0.891529 2.12894
874000 0.296834 0.897327 0.888817 2.08298
875000 0.302461 0.887625 0.885322 2.07541
876000 0.292382 0.898783 0.881549 2.07271
877000 0.290977 0.90343 0.90406 2.09847
878000 0.300544 0.90182 0.893188 2.09555
879000 0.293464 0.86887 0.910315 2.07265
880000 0.299247 0.907445 0.90891 2.1156
881000 0.288642 0.869991 0.912784 2.07142
882000 0.293591 0.890145 0.9308 2.11454
883000 0.281003 0.872125 0.926927 2.08006
884000 0.288315 0.865864 0.920497 2.07468
885000 0.299084 0.872077 0.921691 2.09285
886000 0.279358 0.886088 0.936235 2.10168
887000 0.296942 0.894641 0.898939 2.09052
888000 0.286347 0.891213 0.938077 2.11564
889000 0.292548 0.90959 0.941148 2.14329
890000 0.275111 0.892819 0.923318 2.09125
891000 0.301162 0.907853 0.935307 2.14432
892000 0.303014 0.910104 0.956032 2.16915
893000 0.284045 0.893414 0.919398 2.09686
894000 0.277824 0.927522 0.910967 2.11631
895000 0.292289 0.881178 0.942112 2.11558
896000 0.304909 0.932452 0.938279 2.17564
897000 0.290547 0.875095 0.956054 2.1217
898000 0.30691 0.910087 0.922272 2.13927
899000 0.295382 0.920551 0.93948 2.15541
900000 0.285779 0.893296 0.942413 2.12149
901000 0.296296 0.966516 0.934975 2.19779
902000 0.283566 0.926735 0.941174 2.15148
903000 0.301605 0.932376 0.953857 2.18784
904000 0.296514 0.923001 0.949475 2.16899
905000 0.285588 0.892873 0.954635 2.1331
906000 0.299434 0.96261 0.967278 2.22932
907000 0.289898 0.901675 0.987511 2.17908
908000 0.289028 0.938975 0.95985 2.18785
909000 0.289806 0.929344 0.96673 2.18588
910000 0.317519 0.916783 0.971896 2.2062
911000 0.298796 0.948208 0.970151 2.21715
912000 0.285855 0.920312 0.965572 2.17174
913000 0.304849 0.969499 0.969161 2.24351
914000 0.297381 0.921587 1.00869 2.22766
915000 0.308184 0.963464 0.990336 2.26198
916000 0.293305 0.930357 0.959957 2.18362
917000 0.317483 0.945291 0.978294 2.24107
918000 0.299433 0.954973 0.967243 2.22165
919000 0.293328 0.936182 0.99805 2.22756
920000 0.305146 0.981453 0.958494 2.24509
921000 0.292648 0.943509 0.994893 2.23105
922000 0.294891 0.954758 1.00501 2.25466
923000 0.283778 0.955542 0.976465 2.21578
924000 0.281727 0.926556 0.98325 2.19153
925000 0.296981 0.954392 0.978117 2.22949
926000 0.293578 0.933031 0.973517 2.20013
927000 0.307233 0.956317 0.975855 2.2394
928000 0.301491 0.957417 0.978467 2.23737
929000 0.297318 0.960492 0.998454 2.25626
930000 0.30279 0.97432 1.00136 2.27847
931000 0.290379 0.927317 0.97046 2.18816
932000 0.315066 0.988694 0.992624 2.29638
933000 0.301237 0.963511 0.992815 2.25756
934000 0.301001 0.933634 0.991771 2.22641
935000 0.285576 0.965316 0.982523 2.23341
936000 0.295433 0.954868 0.981398 2.2317
937000 0.304776 1.00786 0.999593 2.31223
938000 0.301009 0.955393 1.00586 2.26226
939000 0.29804 0.980278 1.01039 2.28871
940000 0.304058 0.960529 1.00889 2.27348
941000 0.305279 0.965943 1.00783 2.27905
942000 0.302385 0.964582 1.00164 2.26861
943000 0.315678 0.992563 1.04348 2.35172
944000 0.312606 1.01155 1.02982 2.35397
945000 0.31373 1.0002 1.04401 2.35794
946000 0.307459 1.01242 1.01977 2.33965
947000 0.302209 0.99548 1.02143 2.31912
948000 0.319253 0.995057 1.01026 2.32457
949000 0.311084 1.01249 1.05243 2.376
950000 0.323942 1.0016 1.02548 2.35102
951000 0.307487 1.00762 1.03181 2.34691
952000 0.311506 1.00469 0.992415 2.30861
953000 0.311485 1.02793 1.02843 2.36784
954000 0.312176 1.02331 1.03026 2.36574
955000 0.328262 1.0284 1.01404 2.37071
956000 0.307492 0.994523 1.0267 2.32871
957000 0.312049 1.01796 1.03719 2.3672
958000 0.31492 1.02924 1.04617 2.39034
959000 0.30866 1.0028 1.03331 2.34477
960000 0.30909 1.02512 1.05448 2.3887
961000 0.31945 0.974236 1.0249 2.31858
962000 0.320421 1.05715 1.04967 2.42724
963000 0.306077 1.01279 1.03764 2.3565
964000 0.314192 0.994151 1.03114 2.33948
965000 0.327379 1.04206 1.03918 2.40863
966000 0.305921 0.993159 1.04031 2.33939
967000 0.309202 1.03649 1.03539 2.38108
968000 0.317894 1.01014 1.04378 2.37182
969000 0.304213 1.01163 1.05647 2.37232
970000 0.334882 1.02933 1.03487 2.39909
971000 0.327309 1.01677 1.04921 2.39329
972000 0.307369 1.03825 1.05981 2.40543
973000 0.311773 1.01731 1.06027 2.38935
974000 0.318232 1.03668 1.04972 2.40464
975000 0.309247 1.02584 1.04685 2.38194
976000 0.320322 1.02442 1.06106 2.4058
977000 0.321125 1.02557 1.0635 2.41019
978000 0.315698 1.02695 1.05604 2.3987
979000 0.319798 1.02734 1.04132 2.38846
980000 0.329344 1.01979 1.06675 2.41588
981000 0.33135 1.0585 1.04115 2.431
982000 0.316773 1.01398 1.04119 2.37195
983000 0.305259 1.00882 1.04231 2.35639
984000 0.317524 1.03422 1.04835 2.4001
985000 0.337878 1.0136 1.04416 2.39564
986000 0.337659 1.05011 1.0362 2.42398
987000 0.321939 1.02053 1.07519 2.41766
988000 0.324051 1.03803 1.04942 2.4115
989000 0.329949 1.04033 1.05968 2.42995
990000 0.323255 1.04206 1.01571 2.38103
991000 0.318251 1.07426 1.03667 2.42918
992000 0.331649 1.03622 1.05254 2.42041
993000 0.333641 1.02001 1.06259 2.41624
994000 0.336694 1.06938 1.06991 2.47598
995000 0.322974 1.04885 1.09661 2.46843
996000 0.348752 1.07964 1.08253 2.51093
997000 0.330598 1.05936 1.08883 2.47879
998000 0.339623 1.08148 1.08358 2.50469
999000 0.319115 1.05064 1.1007 2.47045
1000000 0.341502 1.03427 1.09854 2.4743
1001000 0.355454 1.08424 1.10603 2.54572
1002000 0.326087 1.06377 1.11836 2.50822
1003000 0.332911 1.11511 1.09732 2.54534
1004000 0.344817 1.06882 1.10388 2.51751
1005000 0.334924 1.06503 1.08127 2.48122
1006000 0.330307 1.10455 1.09054 2.52539
1007000 0.318072 1.05225 1.10589 2.47622
1008000 0.323932 1.14184 1.0794 2.54517
1009000 0.325216 1.05891 1.10824 2.49237
1010000 0.337082 1.08368 1.11388 2.53464
1011000 0.3252 1.0997 1.10864 2.53354
1012000 0.321443 1.05569 1.08861 2.46574
1013000 0.339545 1.14351 1.10574 2.58879
1014000 0.325628 1.05977 1.10513 2.49053
1015000 0.328475 1.07506 1.10059 2.50413
1016000 0.320693 1.09327 1.10082 2.51478
1017000 0.326671 1.07771 1.11689 2.52127
1018000 0.329188 1.10503 1.12543 2.55964
1019000 0.32583 1.04972 1.09635 2.47191
1020000 0.327804 1.13369 1.08514 2.54663
1021000 0.320371 1.08208 1.13241 2.53486
1022000 0.344529 1.09803 1.10539 2.54795
1023000 0.346247 1.08953 1.12454 2.56032
1024000 0.349825 1.08601 1.11833 2.55417
1025000 0.330196 1.1182 1.11824 2.56664
1026000 0.323564 1.07985 1.11679 2.5202
1027000 0.346153 1.07021 1.13786 2.55423
1028000 0.315792 1.10041 1.11842 2.53462
1029000 0.353872 1.10232 1.13653 2.59273
1030000 0.330556 1.09879 1.1359 2.56525
