# Time-averaged data for fix 1
# TimeStep c_msd_all[1] c_msd_all[2] c_msd_all[3] c_msd_all[4]
31000 0.0651053 0.0810925 0.105034 0.251232
32000 0.0775279 0.0754009 0.066859 0.219788
33000 0.0704368 0.0751367 0.0735024 0.219076
34000 0.0764031 0.0930526 0.108942 0.278397
35000 0.0816961 0.0777015 0.0800492 0.239447
36000 0.0780959 0.0759817 0.0920628 0.24614
37000 0.0777783 0.0771313 0.0815589 0.236469
38000 0.0720088 0.0843614 0.0681121 0.224482
39000 0.0796591 0.0820075 0.099436 0.261103
40000 0.0678578 0.0853935 0.0778879 0.231139
41000 0.0687983 0.0914842 0.093655 0.253937
42000 0.0640838 0.088265 0.0799701 0.232319
43000 0.0745625 0.0854575 0.0832606 0.243281
44000 0.078933 0.0952454 0.0994119 0.27359
45000 0.078914 0.0889636 0.0899792 0.257857
46000 0.0833628 0.0942639 0.0925767 0.270203
47000 0.0700315 0.0984105 0.0892203 0.257662
48000 0.0694249 0.0997211 0.0968147 0.265961
49000 0.0801712 0.0990527 0.0926412 0.271865
50000 0.077764 0.0935189 0.0876825 0.258965
51000 0.0869686 0.0964698 0.0966854 0.280124
52000 0.0840934 0.102615 0.085051 0.271759
53000 0.0822211 0.0986267 0.103725 0.284573
54000 0.0714575 0.0928464 0.0855536 0.249857
55000 0.0755918 0.104225 0.0886206 0.268437
56000 0.0749219 0.097014 0.111463 0.283399
57000 0.0676192 0.10883 0.0942465 0.270696
58000 0.0835947 0.11894 0.129334 0.331869
59000 0.0679016 0.10128 0.0875121 0.256694
60000 0.074709 0.102589 0.0920085 0.269306
61000 0.0773687 0.100408 0.117089 0.294866
62000 0.0838543 0.0910636 0.0905656 0.265484
63000 0.0730815 0.0873902 0.128728 0.2892
64000 0.0709628 0.0985977 0.0981072 0.267668
65000 0.0718316 0.0968595 0.100481 0.269172
66000 0.0715774 0.103784 0.131015 0.306376
67000 0.0717116 0.10319 0.105226 0.280128
68000 0.0774251 0.0989931 0.121578 0.297996
69000 0.0784983 0.0956669 0.0965062 0.270671
70000 0.0878307 0.103508 0.0900046 0.281343
71000 0.0781009 0.11864 0.13443 0.331171
72000 0.07475 0.105284 0.10139 0.281424
73000 0.0759383 0.117506 0.139262 0.332705
74000 0.0786909 0.10399 0.0870689 0.26975
75000 0.0762639 0.100797 0.0990652 0.276126
76000 0.0856747 0.116593 0.122948 0.325216
77000 0.0810718 0.113546 0.100348 0.294966
78000 0.0780818 0.130401 0.137135 0.345618
79000 0.080626 0.108623 0.104409 0.293658
80000 0.0868045 0.112072 0.109403 0.308279
81000 0.0950658 0.120768 0.113572 0.329406
82000 0.0933429 0.12337 0.105748 0.32246
83000 0.0917231 0.125928 0.132652 0.350303
84000 0.0976055 0.124145 0.102036 0.323787
85000 0.0774571 0.131341 0.132107 0.340905
86000 0.0828841 0.121217 0.119894 0.323995
87000 0.0825155 0.119038 0.109515 0.311069
88000 0.0777446 0.138028 0.16773 0.383502
89000 0.0791173 0.126262 0.11881 0.324189
90000 0.0857253 0.126651 0.12429 0.336666
91000 0.0926925 0.133439 0.119935 0.346066
92000 0.0812704 0.128452 0.114309 0.324032
93000 0.0890588 0.123354 0.186342 0.398754
94000 0.0769146 0.111639 0.106895 0.295448
95000 0.0880765 0.12744 0.134356 0.349872
96000 0.0923199 0.126155 0.153513 0.371989
97000 0.107332 0.125061 0.12883 0.361223
98000 0.0927084 0.143022 0.158185 0.393915
99000 0.0993061 0.129105 0.108326 0.336737
100000 0.0976477 0.123523 0.12048 0.34165
101000 0.0876312 0.134767 0.139034 0.361432
102000 0.104445 0.13836 0.128415 0.37122
103000 0.0890614 0.153669 0.159834 0.402565
104000 0.110526 0.154021 0.126989 0.391537
105000 0.0858508 0.142867 0.119405 0.348123
106000 0.0837072 0.13831 0.137866 0.359883
107000 0.090396 0.136354 0.118232 0.344982
108000 0.0832882 0.152313 0.136634 0.372235
109000 0.107875 0.164342 0.121142 0.39336
110000 0.095337 0.149667 0.132943 0.377948
111000 0.0859721 0.130137 0.111249 0.327358
112000 0.0793466 0.160384 0.130954 0.370685
113000 0.0874855 0.142389 0.135135 0.36501
114000 0.104675 0.14148 0.127555 0.373709
115000 0.0852695 0.144881 0.139 0.36915
116000 0.0924342 0.1437 0.143119 0.379253
117000 0.0820889 0.140434 0.12942 0.351943
118000 0.0853815 0.157873 0.137465 0.38072
119000 0.0900758 0.150803 0.140505 0.381384
120000 0.0909095 0.14776 0.124096 0.362766
121000 0.0852557 0.140831 0.128203 0.354289
122000 0.0904431 0.1417 0.140909 0.373052
123000 0.0907356 0.141634 0.130617 0.362986
124000 0.0901444 0.141486 0.140469 0.372099
125000 0.0918283 0.142675 0.139445 0.373948
126000 0.0903294 0.149717 0.131811 0.371858
127000 0.108471 0.168665 0.138339 0.415474
128000 0.0927385 0.14207 0.131111 0.36592
129000 0.0954959 0.151512 0.145345 0.392353
130000 0.0983337 0.146062 0.133107 0.377503
131000 0.0955659 0.152742 0.141999 0.390306
132000 0.106498 0.137562 0.144406 0.388466
133000 0.0979026 0.139134 0.141837 0.378873
134000 0.0971788 0.162429 0.156664 0.416272
135000 0.100346 0.157878 0.142464 0.400688
136000 0.0984185 0.167225 0.15922 0.424863
137000 0.0894376 0.156547 0.14756 0.393545
138000 0.0898736 0.158047 0.147584 0.395505
139000 0.0918321 0.16092 0.156913 0.409665
140000 0.0993483 0.157635 0.152487 0.409471
141000 0.0992422 0.172675 0.15703 0.428947
142000 0.0940107 0.15708 0.139863 0.390954
143000 0.103249 0.162733 0.148336 0.414318
144000 0.105546 0.161595 0.147837 0.414978
145000 0.0966599 0.159813 0.140158 0.396632
146000 0.10042 0.165069 0.172858 0.438347
147000 0.0963795 0.166477 0.144429 0.407286
148000 0.0924964 0.155761 0.162892 0.41115
149000 0.0987765 0.168755 0.15154 0.419071
150000 0.102761 0.163096 0.146971 0.412829
151000 0.11205 0.163763 0.156128 0.431942
152000 0.0980186 0.160426 0.142492 0.400937
153000 0.12348 0.167818 0.158581 0.44988
154000 0.100322 0.169624 0.160737 0.430683
155000 0.0920352 0.166083 0.157679 0.415796
156000 0.0992639 0.162708 0.170922 0.432894
157000 0.0996985 0.16443 0.142909 0.407037
158000 0.0997384 0.183056 0.159081 0.441876
159000 0.0915678 0.165646 0.154087 0.4113
160000 0.100082 0.167152 0.14885 0.416084
161000 0.10392 0.182905 0.18366 0.470484
162000 0.105957 0.172915 0.148803 0.427674
163000 0.0988371 0.193187 0.174407 0.466431
164000 0.108945 0.181544 0.1556 0.446089
165000 0.105476 0.1645 0.153686 0.423662
166000 0.098206 0.176741 0.178515 0.453462
167000 0.082993 0.171534 0.149786 0.404313
168000 0.0927544 0.183916 0.179587 0.456257
169000 0.0976183 0.178005 0.166009 0.441632
170000 0.0957435 0.177621 0.163459 0.436823
171000 0.0987811 0.169455 0.158519 0.426755
172000 0.0906596 0.165263 0.156808 0.412731
173000 0.0951191 0.173569 0.16139 0.430078
174000 0.0973108 0.170252 0.166394 0.433957
175000 0.0862042 0.166874 0.156095 0.409173
176000 0.0982584 0.171524 0.16522 0.435003
177000 0.105924 0.177486 0.164289 0.447698
178000 0.120661 0.181512 0.168405 0.470578
179000 0.0979937 0.189991 0.18255 0.470535
180000 0.0978827 0.186891 0.166332 0.451106
181000 0.104118 0.181763 0.173281 0.459162
182000 0.0992485 0.172971 0.160536 0.432755
183000 0.0946259 0.192904 0.164953 0.452483
184000 0.113418 0.204192 0.180297 0.497907
185000 0.112481 0.202237 0.162706 0.477425
186000 0.103171 0.180144 0.17669 0.460005
187000 0.101134 0.178555 0.179453 0.459143
188000 0.094681 0.178966 0.182462 0.456109
189000 0.0919029 0.178162 0.200702 0.470767
190000 0.108391 0.180809 0.184908 0.474108
191000 0.103293 0.198213 0.208674 0.51018
192000 0.119114 0.190797 0.189768 0.499679
193000 0.0977227 0.189205 0.183566 0.470494
194000 0.101369 0.186387 0.205852 0.493608
195000 0.0880655 0.189671 0.203667 0.481404
196000 0.0887449 0.205147 0.198633 0.492524
197000 0.114994 0.201438 0.208402 0.524834
198000 0.103505 0.197372 0.186757 0.487635
199000 0.110119 0.18828 0.21132 0.509719
200000 0.104869 0.187692 0.213989 0.50655
201000 0.11435 0.199692 0.211482 0.525523
202000 0.132436 0.205584 0.204398 0.542418
203000 0.0928089 0.193593 0.193667 0.480069
204000 0.0961457 0.192753 0.215462 0.504361
205000 0.0967592 0.204397 0.1985 0.499656
206000 0.0956257 0.204993 0.20717 0.507788
207000 0.127872 0.19889 0.209694 0.536456
208000 0.103518 0.219197 0.210134 0.532849
209000 0.110424 0.209485 0.217791 0.5377
210000 0.108293 0.200692 0.220809 0.529794
211000 0.113326 0.216587 0.221086 0.550999
212000 0.155654 0.212482 0.242173 0.61031
213000 0.14445 0.222077 0.23395 0.600478
214000 0.135238 0.221086 0.230631 0.586956
215000 0.0994113 0.207595 0.231465 0.538471
216000 0.0930737 0.209819 0.227637 0.53053
217000 0.102979 0.221526 0.224831 0.549336
218000 0.119388 0.210353 0.226537 0.556278
219000 0.129119 0.228947 0.232108 0.590175
220000 0.121232 0.211307 0.231725 0.564264
221000 0.122874 0.21539 0.215984 0.554248
222000 0.105242 0.208741 0.239352 0.553335
223000 0.102584 0.215688 0.220752 0.539024
224000 0.118825 0.233108 0.258372 0.610305
225000 0.146957 0.216069 0.238977 0.602003
226000 0.137043 0.218193 0.229113 0.584349
227000 0.111479 0.228244 0.258486 0.598209
228000 0.10871 0.223706 0.234556 0.566972
229000 0.111767 0.224645 0.256314 0.592726
230000 0.116407 0.227596 0.251184 0.595187
231000 0.145975 0.246856 0.239792 0.632624
232000 0.119447 0.236605 0.291616 0.647668
233000 0.116805 0.22419 0.242071 0.583067
234000 0.11387 0.229712 0.253002 0.596584
235000 0.102434 0.227313 0.245183 0.57493
236000 0.129165 0.235816 0.235087 0.600068
237000 0.114093 0.232011 0.26315 0.609254
238000 0.121992 0.224567 0.241051 0.58761
239000 0.107896 0.247351 0.257517 0.612765
240000 0.108111 0.241989 0.263081 0.613182
241000 0.118888 0.233854 0.251396 0.604138
242000 0.123875 0.24409 0.274694 0.64266
243000 0.12866 0.240377 0.243729 0.612765
244000 0.138136 0.236363 0.265979 0.640478
245000 0.129835 0.24708 0.256354 0.633269
246000 0.115655 0.228428 0.245133 0.589216
247000 0.112579 0.248763 0.272862 0.634204
248000 0.121973 0.242911 0.255306 0.62019
249000 0.110453 0.249641 0.251203 0.611296
250000 0.12211 0.256489 0.276948 0.655547
251000 0.114892 0.24363 0.258997 0.617518
252000 0.119104 0.239195 0.284508 0.642807
253000 0.123542 0.251088 0.255208 0.629839
254000 0.131137 0.254919 0.24989 0.635947
255000 0.142651 0.275171 0.276569 0.694391
256000 0.114818 0.268272 0.261472 0.644562
257000 0.112331 0.263174 0.271383 0.646889
258000 0.120796 0.258531 0.265722 0.645049
259000 0.11837 0.263473 0.25829 0.640133
260000 0.118209 0.274047 0.289552 0.681808
261000 0.117716 0.278108 0.266562 0.662387
262000 0.115242 0.260514 0.30796 0.683716
263000 0.122575 0.275365 0.271208 0.669148
264000 0.114879 0.260695 0.261037 0.636611
265000 0.122587 0.270465 0.293375 0.686427
266000 0.125708 0.265962 0.260109 0.651779
267000 0.127548 0.268145 0.31081 0.706504
268000 0.13302 0.268894 0.278109 0.680023
269000 0.142894 0.264919 0.264624 0.672437
270000 0.124865 0.250705 0.321642 0.697211
271000 0.122982 0.259743 0.274142 0.656867
272000 0.122747 0.265865 0.288523 0.677135
273000 0.132718 0.26536 0.279596 0.677674
274000 0.125847 0.263847 0.268143 0.657837
275000 0.133241 0.253644 0.307324 0.694209
276000 0.112921 0.253482 0.27303 0.639432
277000 0.121447 0.269921 0.284776 0.676143
278000 0.119295 0.26365 0.283511 0.666455
279000 0.122529 0.261519 0.279917 0.663965
280000 0.119921 0.264911 0.295847 0.680679
281000 0.119422 0.257814 0.270166 0.647401
282000 0.126336 0.259685 0.275238 0.66126
283000 0.131659 0.261855 0.285378 0.678892
284000 0.11851 0.260812 0.285599 0.664921
285000 0.119696 0.255728 0.284503 0.659927
286000 0.117902 0.268033 0.280516 0.666452
287000 0.119528 0.274287 0.298646 0.692461
288000 0.113513 0.26786 0.291883 0.673256
289000 0.114895 0.262938 0.290192 0.668026
290000 0.11862 0.26036 0.294988 0.673968
291000 0.124201 0.244902 0.282024 0.651127
292000 0.116816 0.260052 0.29362 0.670489
293000 0.111207 0.259876 0.29493 0.666012
294000 0.127617 0.264909 0.286951 0.679477
295000 0.124654 0.270537 0.314981 0.710173
296000 0.13031 0.260635 0.277026 0.667972
297000 0.123133 0.26889 0.303552 0.695576
298000 0.118988 0.281275 0.289092 0.689355
299000 0.112563 0.263421 0.285138 0.661122
300000 0.134256 0.258959 0.309335 0.70255
301000 0.131924 0.262112 0.290715 0.684751
302000 0.123875 0.277716 0.307078 0.708669
303000 0.126655 0.287178 0.301626 0.71546
304000 0.125347 0.279394 0.322212 0.726953
305000 0.131125 0.284617 0.320993 0.736736
306000 0.122614 0.278566 0.342468 0.743648
307000 0.126695 0.280478 0.336769 0.743943
308000 0.127126 0.269643 0.334601 0.73137
309000 0.129949 0.290774 0.37923 0.799954
310000 0.122504 0.272817 0.330819 0.726141
311000 0.130977 0.282728 0.351419 0.765123
312000 0.133273 0.284998 0.333905 0.752176
313000 0.131426 0.285684 0.330158 0.747269
314000 0.134793 0.278153 0.358091 0.771037
315000 0.120565 0.290664 0.335448 0.746677
316000 0.116478 0.291319 0.335487 0.743285
317000 0.118791 0.28023 0.37094 0.769961
318000 0.122353 0.278888 0.332716 0.733957
319000 0.124001 0.275618 0.3623 0.761919
320000 0.118555 0.276128 0.332553 0.727236
321000 0.131157 0.303137 0.333725 0.768019
322000 0.123706 0.295339 0.369904 0.78895
323000 0.131664 0.309734 0.335887 0.777285
324000 0.128462 0.300417 0.351473 0.780352
325000 0.133307 0.293683 0.334574 0.761564
326000 0.136718 0.297217 0.345433 0.779368
327000 0.133552 0.29606 0.372211 0.801823
328000 0.145416 0.290688 0.334932 0.771036
329000 0.145928 0.305422 0.378623 0.829973
330000 0.150183 0.321735 0.354233 0.826151
331000 0.144142 0.307313 0.348811 0.800266
332000 0.140434 0.310648 0.384303 0.835385
333000 0.132197 0.307141 0.357647 0.796985
334000 0.138027 0.309175 0.393581 0.840783
335000 0.138763 0.299957 0.35847 0.79719
336000 0.160668 0.310643 0.347804 0.819116
337000 0.146561 0.301642 0.383298 0.831501
338000 0.16156 0.31828 0.353004 0.832844
339000 0.155554 0.31056 0.399099 0.865213
340000 0.133128 0.305837 0.344651 0.783616
341000 0.136036 0.308448 0.363329 0.807812
342000 0.147077 0.331806 0.353484 0.832368
343000 0.153802 0.301899 0.346236 0.801936
344000 0.151405 0.301796 0.406918 0.860119
345000 0.162276 0.330683 0.34828 0.841239
346000 0.13794 0.312715 0.362874 0.813528
347000 0.153647 0.319605 0.371889 0.845141
348000 0.154992 0.315017 0.346343 0.816353
349000 0.14384 0.302268 0.401209 0.847317
350000 0.151372 0.324377 0.361674 0.837422
351000 0.146163 0.317205 0.361357 0.824724
352000 0.135696 0.315702 0.371113 0.822511
353000 0.139493 0.314039 0.352852 0.806384
354000 0.144965 0.309676 0.375052 0.829693
355000 0.155351 0.315083 0.351111 0.821546
356000 0.148722 0.318822 0.390655 0.858199
357000 0.145161 0.309417 0.387795 0.842373
358000 0.149826 0.304109 0.358286 0.812221
359000 0.14786 0.294223 0.417399 0.859481
360000 0.144626 0.321385 0.374415 0.840427
361000 0.145455 0.315649 0.377383 0.838487
362000 0.165162 0.330648 0.381918 0.877728
363000 0.165462 0.32499 0.374132 0.864583
364000 0.147255 0.32773 0.394395 0.86938
365000 0.137998 0.328546 0.370242 0.836786
366000 0.144086 0.32659 0.388702 0.859378
367000 0.158457 0.324081 0.406066 0.888605
368000 0.139766 0.324543 0.371676 0.835984
369000 0.143738 0.340396 0.403529 0.887662
370000 0.140106 0.331405 0.359716 0.831226
371000 0.142519 0.333782 0.368234 0.844535
372000 0.154471 0.333994 0.417543 0.906007
373000 0.14691 0.340605 0.38203 0.869544
374000 0.176727 0.355105 0.406429 0.938261
375000 0.154541 0.347433 0.376711 0.878685
376000 0.14619 0.347274 0.37567 0.869133
377000 0.142046 0.337586 0.399543 0.879174
378000 0.151384 0.330689 0.394122 0.876195
379000 0.165225 0.345109 0.432068 0.942403
380000 0.150227 0.339415 0.384851 0.874493
381000 0.166189 0.344045 0.403032 0.913266
382000 0.168662 0.330083 0.394383 0.893128
383000 0.159195 0.349127 0.383027 0.891349
384000 0.14362 0.345732 0.434599 0.923952
385000 0.144201 0.351834 0.388458 0.884493
386000 0.148587 0.340648 0.414353 0.903589
387000 0.148121 0.348303 0.402224 0.898649
388000 0.154842 0.341524 0.378653 0.87502
389000 0.143857 0.33971 0.435681 0.919249
390000 0.154527 0.354374 0.413352 0.922253
391000 0.160795 0.353195 0.427111 0.941101
392000 0.14735 0.346114 0.382984 0.876448
393000 0.1515 0.364365 0.381437 0.897302
394000 0.150976 0.354077 0.427416 0.93247
395000 0.165227 0.383122 0.408534 0.956883
396000 0.160109 0.368714 0.46482 0.993643
397000 0.160012 0.369047 0.399075 0.928134
398000 0.15189 0.35727 0.397779 0.906939
399000 0.152191 0.36772 0.41613 0.936041
400000 0.15389 0.369888 0.403596 0.927375
401000 0.164845 0.374176 0.456729 0.99575
402000 0.166053 0.38146 0.410728 0.958241
403000 0.153181 0.380546 0.428009 0.961736
404000 0.15462 0.376803 0.417809 0.949232
405000 0.157684 0.375496 0.400461 0.93364
406000 0.158749 0.366377 0.439621 0.964747
407000 0.158356 0.37949 0.39572 0.933567
408000 0.151991 0.376792 0.420685 0.949467
409000 0.158357 0.376513 0.415075 0.949945
410000 0.156275 0.37134 0.390098 0.917713
411000 0.172132 0.389726 0.425263 0.987121
412000 0.163385 0.376797 0.401642 0.941825
413000 0.157167 0.367607 0.414077 0.938851
414000 0.162206 0.38448 0.412972 0.959658
415000 0.166724 0.375939 0.41627 0.958933
416000 0.163927 0.366863 0.467056 0.997845
417000 0.161574 0.396137 0.415763 0.973473
418000 0.161687 0.395962 0.429232 0.986882
419000 0.157988 0.405112 0.419929 0.983029
420000 0.17111 0.396043 0.403793 0.970945
421000 0.158099 0.386842 0.459536 1.00448
422000 0.155671 0.381333 0.403247 0.940251
423000 0.166931 0.39437 0.45529 1.01659
424000 0.183249 0.404611 0.413826 1.00169
425000 0.155447 0.410919 0.415973 0.982338
426000 0.149569 0.38118 0.460864 0.991613
427000 0.153366 0.392058 0.421174 0.966598
428000 0.191762 0.381292 0.425171 0.998225
429000 0.172267 0.39481 0.422344 0.989422
430000 0.156745 0.399494 0.421417 0.977657
431000 0.15773 0.393845 0.44342 0.994994
432000 0.16578 0.398644 0.421602 0.986025
433000 0.168218 0.38174 0.436417 0.986375
434000 0.157672 0.369369 0.402125 0.929167
435000 0.166791 0.384328 0.408775 0.959894
436000 0.172511 0.393141 0.428762 0.994414
437000 0.17167 0.379182 0.415841 0.966693
438000 0.165516 0.381863 0.438104 0.985483
439000 0.192344 0.396231 0.423051 1.01163
440000 0.174347 0.391995 0.411698 0.97804
441000 0.185727 0.39692 0.430755 1.0134
442000 0.167657 0.381291 0.413723 0.96267
443000 0.166193 0.391002 0.435269 0.992464
444000 0.155058 0.408784 0.426569 0.990411
445000 0.158718 0.402792 0.429567 0.991077
446000 0.160094 0.396292 0.423932 0.980318
447000 0.170923 0.391594 0.429021 0.991537
448000 0.182582 0.419324 0.430756 1.03266
449000 0.183329 0.424576 0.439248 1.04715
450000 0.154295 0.409475 0.439083 1.00285
451000 0.168105 0.399494 0.442979 1.01058
452000 0.170317 0.394874 0.423648 0.988839
453000 0.175921 0.412636 0.455572 1.04413
454000 0.173526 0.410757 0.432347 1.01663
455000 0.169817 0.405876 0.454224 1.02992
456000 0.167611 0.398712 0.438241 1.00456
457000 0.162544 0.419826 0.430757 1.01313
458000 0.156908 0.411364 0.479202 1.04747
459000 0.157996 0.403785 0.439825 1.00161
460000 0.16187 0.394694 0.4722 1.02876
461000 0.153779 0.406173 0.435661 0.995614
462000 0.160093 0.409726 0.444583 1.0144
463000 0.16286 0.420803 0.466748 1.05041
464000 0.163662 0.402481 0.432252 0.998394
465000 0.172022 0.415283 0.449569 1.03687
466000 0.161016 0.414154 0.437174 1.01234
467000 0.164379 0.422589 0.451235 1.0382
468000 0.155656 0.417913 0.477902 1.05147
469000 0.158681 0.40853 0.440717 1.00793
470000 0.176754 0.424418 0.458382 1.05955
471000 0.16061 0.415834 0.433438 1.00988
472000 0.152929 0.424256 0.418836 0.996021
473000 0.163277 0.436816 0.466573 1.06667
474000 0.166812 0.42439 0.441051 1.03225
475000 0.184368 0.429987 0.45492 1.06927
476000 0.159297 0.441186 0.439629 1.04011
477000 0.163801 0.411575 0.441919 1.01729
478000 0.163265 0.432616 0.501887 1.09777
479000 0.163854 0.438991 0.462414 1.06526
480000 0.166221 0.439632 0.471552 1.07741
481000 0.160082 0.429336 0.444043 1.03346
482000 0.16838 0.41813 0.434482 1.02099
483000 0.162032 0.43152 0.457183 1.05074
484000 0.167343 0.424368 0.437069 1.02878
485000 0.167109 0.438239 0.449017 1.05436
486000 0.166401 0.432993 0.432874 1.03227
487000 0.190948 0.423823 0.425474 1.04025
488000 0.185062 0.420825 0.457962 1.06385
489000 0.17569 0.415056 0.430154 1.0209
490000 0.173851 0.433617 0.437869 1.04534
491000 0.176158 0.43431 0.439801 1.05027
492000 0.18289 0.420025 0.432336 1.03525
493000 0.165583 0.438455 0.439774 1.04381
494000 0.162585 0.42609 0.432867 1.02154
495000 0.168783 0.429013 0.447699 1.0455
496000 0.177807 0.435662 0.422796 1.03627
497000 0.173721 0.421704 0.434888 1.03031
498000 0.178863 0.431015 0.432101 1.04198
499000 0.174257 0.426877 0.436207 1.03734
500000 0.163432 0.441666 0.447368 1.05247
501000 0.170941 0.442917 0.443349 1.05721
502000 0.186864 0.455795 0.434484 1.07714
503000 0.176707 0.440181 0.442086 1.05897
504000 0.170475 0.436271 0.445275 1.05202
505000 0.173545 0.444596 0.466285 1.08443
506000 0.185506 0.455365 0.447379 1.08825
507000 0.201077 0.467716 0.452432 1.12122
508000 0.190015 0.441569 0.476046 1.10763
509000 0.200965 0.456038 0.460797 1.1178
510000 0.167432 0.451908 0.473613 1.09295
511000 0.182094 0.454372 0.489244 1.12571
512000 0.173488 0.449567 0.468214 1.09127
513000 0.188469 0.458954 0.504347 1.15177
514000 0.189305 0.459765 0.496166 1.14524
515000 0.174298 0.459185 0.47847 1.11195
516000 0.179857 0.449004 0.504822 1.13368
517000 0.17428 0.468617 0.467125 1.11002
518000 0.176486 0.468397 0.49733 1.14221
519000 0.178958 0.465836 0.501426 1.14622
520000 0.178016 0.455448 0.498276 1.13174
521000 0.172979 0.469497 0.507165 1.14964
522000 0.195705 0.490227 0.491712 1.17764
523000 0.198705 0.48327 0.514564 1.19654
524000 0.195617 0.491323 0.506549 1.19349
525000 0.169543 0.491119 0.50364 1.1643
526000 0.173894 0.486313 0.541814 1.20202
527000 0.171646 0.477728 0.494154 1.14353
528000 0.197675 0.496854 0.532532 1.22706
529000 0.200663 0.486805 0.503772 1.19124
530000 0.179638 0.493671 0.512139 1.18545
531000 0.182554 0.466877 0.536368 1.1858
532000 0.187973 0.504721 0.529872 1.22257
533000 0.182775 0.504879 0.532933 1.22059
534000 0.186782 0.487503 0.552241 1.22653
535000 0.185622 0.501339 0.522867 1.20983
536000 0.189998 0.490767 0.558412 1.23918
537000 0.18472 0.512439 0.528884 1.22604
538000 0.188595 0.527267 0.55254 1.2684
539000 0.191545 0.515591 0.5561 1.26324
540000 0.180059 0.513427 0.535176 1.22866
541000 0.20301 0.530428 0.57633 1.30977
542000 0.187844 0.548137 0.544055 1.28004
543000 0.191574 0.511994 0.58378 1.28735
544000 0.18831 0.521023 0.575217 1.28455
545000 0.1797 0.515546 0.54781 1.24306
546000 0.184721 0.521955 0.563866 1.27054
547000 0.189313 0.526954 0.528985 1.24525
548000 0.193455 0.51854 0.543913 1.25591
549000 0.186812 0.501841 0.558005 1.24666
550000 0.186011 0.513071 0.52986 1.22894
551000 0.184351 0.520182 0.572765 1.2773
552000 0.194584 0.514399 0.554337 1.26332
553000 0.194538 0.514624 0.543615 1.25278
554000 0.184555 0.504859 0.53094 1.22035
555000 0.187007 0.509452 0.550769 1.24723
556000 0.192592 0.515839 0.544788 1.25322
557000 0.224339 0.537495 0.580686 1.34252
558000 0.18871 0.493416 0.527443 1.20957
559000 0.199629 0.51515 0.55796 1.27274
560000 0.180315 0.527275 0.561024 1.26861
561000 0.204741 0.516025 0.548411 1.26918
562000 0.210698 0.507834 0.565192 1.28372
563000 0.20419 0.538913 0.537279 1.28038
564000 0.196341 0.5331 0.569573 1.29901
565000 0.187495 0.517573 0.549944 1.25501
566000 0.193148 0.53338 0.535877 1.26241
567000 0.194503 0.522581 0.568704 1.28579
568000 0.202427 0.541956 0.576106 1.32049
569000 0.180862 0.540053 0.553085 1.274
570000 0.195727 0.530829 0.589747 1.3163
571000 0.200399 0.541471 0.547849 1.28972
572000 0.186052 0.513999 0.581359 1.28141
573000 0.19847 0.533038 0.580263 1.31177
574000 0.201568 0.534673 0.560376 1.29662
575000 0.186852 0.547267 0.575081 1.3092
576000 0.20584 0.540283 0.551054 1.29718
577000 0.180785 0.523451 0.577879 1.28211
578000 0.181056 0.542681 0.575125 1.29886
579000 0.191036 0.549643 0.568265 1.30894
580000 0.189403 0.540785 0.59325 1.32344
581000 0.196667 0.539131 0.546396 1.28219
582000 0.18776 0.522929 0.584814 1.2955
583000 0.190117 0.539773 0.582658 1.31255
584000 0.185305 0.547523 0.566297 1.29912
585000 0.186875 0.551076 0.601922 1.33987
586000 0.196904 0.539679 0.560077 1.29666
587000 0.193966 0.562187 0.585476 1.34163
588000 0.195622 0.550537 0.592663 1.33882
589000 0.203592 0.565294 0.558772 1.32766
590000 0.197948 0.546433 0.607879 1.35226
591000 0.209826 0.56741 0.574515 1.35175
592000 0.20883 0.565914 0.571148 1.34589
593000 0.196922 0.567498 0.588544 1.35296
594000 0.18936 0.566207 0.568841 1.32441
595000 0.203405 0.563719 0.595762 1.36289
596000 0.184205 0.573278 0.580754 1.33824
597000 0.197792 0.558226 0.571581 1.3276
598000 0.202387 0.559705 0.592299 1.35439
599000 0.210978 0.569114 0.570808 1.3509
600000 0.20624 0.564552 0.585439 1.35623
601000 0.197802 0.583796 0.589855 1.37145
602000 0.200845 0.572686 0.602798 1.37633
603000 0.194794 0.574576 0.602085 1.37145
604000 0.208694 0.568548 0.593891 1.37113
605000 0.211829 0.578997 0.587224 1.37805
606000 0.205029 0.572986 0.579103 1.35712
607000 0.204169 0.584081 0.616619 1.40487
608000 0.205658 0.570953 0.59494 1.37155
609000 0.210388 0.59784 0.610684 1.41891
610000 0.216963 0.585286 0.593184 1.39543
611000 0.203963 0.587699 0.582759 1.37442
612000 0.215465 0.584287 0.630482 1.43024
613000 0.220587 0.600169 0.577614 1.39837
614000 0.210205 0.58004 0.601027 1.39127
615000 0.211798 0.589971 0.5814 1.38317
616000 0.218919 0.607595 0.580546 1.40706
617000 0.214181 0.590101 0.587119 1.3914
618000 0.220436 0.602046 0.565546 1.38803
619000 0.217727 0.605501 0.623201 1.44643
620000 0.216424 0.588168 0.570969 1.37556
621000 0.220479 0.610423 0.585483 1.41639
622000 0.206099 0.596571 0.58114 1.38381
623000 0.208931 0.622751 0.562026 1.39371
624000 0.210335 0.599438 0.587023 1.3968
625000 0.208033 0.625021 0.600663 1.43372
626000 0.209053 0.600648 0.586863 1.39656
627000 0.204968 0.619802 0.598064 1.42283
628000 0.216792 0.605152 0.584086 1.40603
629000 0.219699 0.607333 0.578925 1.40596
630000 0.214585 0.616656 0.595796 1.42704
631000 0.221542 0.629676 0.578647 1.42986
632000 0.208528 0.612548 0.600907 1.42198
633000 0.202679 0.604571 0.577767 1.38502
634000 0.204965 0.609832 0.596545 1.41134
635000 0.212839 0.615224 0.589498 1.41756
636000 0.221504 0.617334 0.598773 1.43761
637000 0.215092 0.613415 0.60439 1.4329
638000 0.205764 0.617058 0.56773 1.39055
639000 0.200108 0.615373 0.603844 1.41932
640000 0.212254 0.62315 0.577304 1.41271
641000 0.211813 0.63028 0.597131 1.43922
642000 0.204926 0.614664 0.600588 1.42018
643000 0.220393 0.627133 0.604478 1.452
644000 0.215131 0.643009 0.603678 1.46182
645000 0.213316 0.651416 0.596018 1.46075
646000 0.227248 0.622154 0.622918 1.47232
647000 0.208809 0.65315 0.607413 1.46937
648000 0.213395 0.636382 0.609471 1.45925
649000 0.229828 0.640139 0.618087 1.48805
650000 0.22317 0.640517 0.596007 1.45969
651000 0.225003 0.659153 0.611346 1.4955
652000 0.226155 0.663614 0.616637 1.50641
653000 0.21758 0.643998 0.614827 1.47641
654000 0.214394 0.667694 0.619802 1.50189
655000 0.215034 0.660428 0.600757 1.47622
656000 0.216022 0.653088 0.600125 1.46924
657000 0.227389 0.667315 0.614503 1.50921
658000 0.218117 0.663187 0.614718 1.49602
659000 0.217681 0.670628 0.63727 1.52558
660000 0.218292 0.674471 0.617152 1.50992
661000 0.230105 0.670237 0.608864 1.5092
662000 0.227507 0.695773 0.621851 1.54513
663000 0.215779 0.681411 0.635041 1.53223
664000 0.216582 0.666272 0.605411 1.48827
665000 0.22148 0.662441 0.63304 1.51696
666000 0.207213 0.672571 0.643042 1.52283
667000 0.228074 0.682944 0.670143 1.58116
668000 0.215772 0.668972 0.626305 1.51105
669000 0.212169 0.681287 0.660684 1.55414
670000 0.224799 0.673427 0.646407 1.54463
671000 0.227147 0.688667 0.67156 1.58737
672000 0.241437 0.685128 0.671414 1.59798
673000 0.230701 0.689273 0.639757 1.55973
674000 0.249141 0.69935 0.68633 1.63482
675000 0.243178 0.687592 0.66212 1.59289
676000 0.234223 0.687427 0.656517 1.57817
677000 0.24881 0.690586 0.710671 1.65007
678000 0.232041 0.675999 0.651746 1.55979
679000 0.227053 0.69458 0.669468 1.5911
680000 0.23814 0.686762 0.682028 1.60693
681000 0.230769 0.702645 0.654185 1.5876
682000 0.233345 0.708145 0.719956 1.66145
683000 0.253692 0.702847 0.647634 1.60417
684000 0.227455 0.691316 0.680558 1.59933
685000 0.238571 0.706259 0.704667 1.6495
686000 0.236532 0.671756 0.67208 1.58037
687000 0.231837 0.683544 0.722017 1.6374
688000 0.245283 0.678571 0.637544 1.5614
689000 0.23059 0.675531 0.65274 1.55886
690000 0.239491 0.678236 0.690709 1.60844
691000 0.235396 0.68843 0.64525 1.56908
692000 0.247526 0.707786 0.729231 1.68454
693000 0.227452 0.705544 0.66476 1.59776
694000 0.224385 0.683671 0.663814 1.57187
695000 0.246963 0.703367 0.708142 1.65847
696000 0.247184 0.725267 0.640367 1.61282
697000 0.26126 0.694496 0.697771 1.65353
698000 0.229077 0.690457 0.686096 1.60563
699000 0.242714 0.677014 0.687954 1.60768
700000 0.235729 0.706288 0.672086 1.6141
701000 0.234951 0.6988 0.671637 1.60539
702000 0.266294 0.732361 0.699375 1.69803
703000 0.273034 0.716524 0.660551 1.65011
704000 0.255842 0.712205 0.666818 1.63486
705000 0.245175 0.707251 0.676933 1.62936
706000 0.238026 0.695559 0.66221 1.59579
707000 0.251179 0.710937 0.707316 1.66943
708000 0.255312 0.679941 0.692119 1.62737
709000 0.255198 0.713896 0.69955 1.66864
710000 0.256429 0.694595 0.676656 1.62768
711000 0.242911 0.707623 0.696003 1.64654
712000 0.250939 0.706541 0.705782 1.66326
713000 0.245955 0.69007 0.706364 1.64239
714000 0.246802 0.698554 0.678668 1.62402
715000 0.23132 0.707491 0.679907 1.61872
716000 0.259167 0.707305 0.694233 1.66071
717000 0.254119 0.716512 0.70391 1.67454
718000 0.246743 0.706834 0.694263 1.64784
719000 0.259574 0.688395 0.683129 1.6311
720000 0.24322 0.701115 0.724094 1.66843
721000 0.256242 0.697972 0.682469 1.63668
722000 0.255124 0.709785 0.69817 1.66308
723000 0.240409 0.716292 0.702714 1.65942
724000 0.241748 0.713308 0.697129 1.65218
725000 0.235303 0.723513 0.729127 1.68794
726000 0.230015 0.716928 0.700283 1.64723
727000 0.230952 0.75232 0.696753 1.68002
728000 0.238553 0.714686 0.724622 1.67786
729000 0.252777 0.728712 0.681718 1.66321
730000 0.254135 0.716888 0.724378 1.6954
731000 0.249404 0.735811 0.713613 1.69883
732000 0.242969 0.727417 0.738878 1.70926
733000 0.234784 0.743636 0.749299 1.72772
734000 0.248137 0.719867 0.711275 1.67928
735000 0.247771 0.739866 0.726999 1.71464
736000 0.257574 0.712712 0.714369 1.68466
737000 0.244242 0.729096 0.717266 1.6906
738000 0.279878 0.740425 0.725837 1.74614
739000 0.245417 0.739565 0.70711 1.69209
740000 0.255294 0.731346 0.745902 1.73254
741000 0.247163 0.712591 0.722014 1.68177
742000 0.248059 0.737234 0.73366 1.71895
743000 0.249507 0.736917 0.71283 1.69925
744000 0.244036 0.724479 0.705061 1.67358
745000 0.250533 0.714766 0.765368 1.73067
746000 0.257382 0.727264 0.7463 1.73095
747000 0.26403 0.724773 0.754346 1.74315
748000 0.255245 0.733569 0.739883 1.7287
749000 0.254591 0.70681 0.752256 1.71366
750000 0.260592 0.707847 0.747054 1.71549
751000 0.252644 0.709132 0.739129 1.7009
752000 0.280667 0.708532 0.735833 1.72503
753000 0.244972 0.72908 0.750355 1.72441
754000 0.249291 0.707099 0.764289 1.72068
755000 0.25685 0.708255 0.748233 1.71334
756000 0.246627 0.729866 0.746747 1.72324
757000 0.276061 0.714957 0.750692 1.74171
758000 0.272956 0.726725 0.774541 1.77422
759000 0.268125 0.74699 0.753624 1.76874
760000 0.258672 0.736777 0.756086 1.75153
761000 0.2547 0.729211 0.763747 1.74766
762000 0.257646 0.757622 0.751083 1.76635
763000 0.268861 0.746768 0.786225 1.80185
764000 0.258715 0.749841 0.747212 1.75577
765000 0.246756 0.755901 0.789025 1.79168
766000 0.254662 0.729436 0.76491 1.74901
767000 0.249089 0.73865 0.764751 1.75249
768000 0.248229 0.721763 0.755459 1.72545
769000 0.273485 0.752857 0.761264 1.78761
770000 0.265522 0.747074 0.762623 1.77522
771000 0.248473 0.730744 0.763239 1.74246
772000 0.232152 0.719143 0.764489 1.71578
773000 0.243084 0.733362 0.787696 1.76414
774000 0.256194 0.733729 0.776406 1.76633
775000 0.254682 0.745994 0.798706 1.79938
776000 0.25496 0.732598 0.787291 1.77485
777000 0.265434 0.749068 0.7864 1.8009
778000 0.263362 0.743287 0.806917 1.81357
779000 0.255388 0.737401 0.774936 1.76773
780000 0.255271 0.75702 0.77758 1.78987
781000 0.254138 0.739961 0.782509 1.77661
782000 0.238272 0.722983 0.770989 1.73224
783000 0.262564 0.739949 0.794135 1.79665
784000 0.262796 0.754431 0.788511 1.80574
785000 0.261483 0.740832 0.796944 1.79926
786000 0.25565 0.774853 0.779649 1.81015
787000 0.267458 0.739723 0.766568 1.77375
788000 0.27727 0.749154 0.770801 1.79723
789000 0.263749 0.749428 0.790961 1.80414
790000 0.266957 0.756075 0.802969 1.826
791000 0.272853 0.767047 0.766282 1.80618
792000 0.262973 0.756578 0.821897 1.84145
793000 0.262159 0.768273 0.784908 1.81534
794000 0.26906 0.766552 0.791495 1.82711
795000 0.264827 0.765877 0.841157 1.87186
796000 0.26977 0.758743 0.799843 1.82836
797000 0.255414 0.762135 0.836707 1.85426
798000 0.283794 0.781601 0.789062 1.85446
799000 0.269295 0.758775 0.801013 1.82908
800000 0.269085 0.764183 0.814709 1.84798
801000 0.276294 0.793752 0.771353 1.8414
802000 0.26808 0.756116 0.820968 1.84516
803000 0.274814 0.784191 0.802251 1.86126
804000 0.246046 0.780596 0.799104 1.82575
805000 0.251833 0.775092 0.820548 1.84747
806000 0.262332 0.781291 0.789565 1.83319
807000 0.251751 0.766353 0.810348 1.82845
808000 0.256868 0.780166 0.794017 1.83105
809000 0.258898 0.786336 0.801512 1.84675
810000 0.261178 0.789301 0.854313 1.90479
811000 0.262757 0.766321 0.829442 1.85852
812000 0.261919 0.789588 0.870314 1.92182
813000 0.246039 0.776242 0.840775 1.86306
814000 0.252243 0.772541 0.813168 1.83795
815000 0.278578 0.780877 0.858678 1.91813
816000 0.278763 0.778135 0.822319 1.87922
817000 0.290389 0.800161 0.896032 1.98658
818000 0.277762 0.78738 0.833416 1.89856
819000 0.271564 0.779164 0.829085 1.87981
820000 0.282215 0.773533 0.854298 1.91005
821000 0.279088 0.764016 0.818506 1.86161
822000 0.301152 0.806562 0.886272 1.99399
823000 0.265742 0.769975 0.806371 1.84209
824000 0.2779 0.77285 0.860922 1.91167
825000 0.259533 0.760821 0.839458 1.85981
826000 0.264921 0.766643 0.828542 1.86011
827000 0.279348 0.799895 0.897498 1.97674
828000 0.272728 0.754676 0.82614 1.85354
829000 0.279458 0.775978 0.832305 1.88774
830000 0.263259 0.764459 0.841653 1.86937
831000 0.269122 0.773267 0.823737 1.86613
832000 0.277334 0.772627 0.901976 1.95194
833000 0.258118 0.762996 0.846176 1.86729
834000 0.280946 0.778217 0.833524 1.89269
835000 0.260851 0.757427 0.857435 1.87571
836000 0.269983 0.765553 0.803287 1.83882
837000 0.270565 0.76491 0.868498 1.90397
838000 0.265693 0.760358 0.825482 1.85153
839000 0.266822 0.771674 0.837477 1.87597
840000 0.267745 0.771276 0.857377 1.8964
841000 0.277965 0.768479 0.822807 1.86925
842000 0.285285 0.79188 0.890488 1.96765
843000 0.273491 0.769492 0.839017 1.882
844000 0.262565 0.783609 0.844101 1.89028
845000 0.267498 0.804628 0.862544 1.93467
846000 0.283125 0.787075 0.852902 1.9231
847000 0.27744 0.784446 0.880783 1.94267
848000 0.265135 0.756839 0.829623 1.8516
849000 0.257985 0.779414 0.884907 1.92231
850000 0.282203 0.793251 0.859856 1.93531
851000 0.281619 0.792053 0.856912 1.93058
852000 0.27166 0.775077 0.871562 1.9183
853000 0.290463 0.792236 0.845692 1.92839
854000 0.2977 0.788507 0.863827 1.95003
855000 0.277862 0.795014 0.894039 1.96692
856000 0.282746 0.786589 0.850355 1.91969
857000 0.272819 0.784319 0.878433 1.93557
858000 0.271962 0.784481 0.862965 1.91941
859000 0.273475 0.788846 0.872196 1.93452
860000 0.267668 0.795767 0.885827 1.94926
861000 0.27469 0.794722 0.866389 1.9358
862000 0.304714 0.789654 0.88015 1.97452
863000 0.287792 0.817097 0.883146 1.98803
864000 0.283206 0.811539 0.862501 1.95725
865000 0.287816 0.799035 0.864647 1.9515
866000 0.277763 0.805779 0.873286 1.95683
867000 0.292194 0.800427 0.859671 1.95229
868000 0.29038 0.8105 0.890177 1.99106
869000 0.28436 0.787145 0.848783 1.92029
870000 0.273451 0.811474 0.871472 1.9564
871000 0.271746 0.805849 0.886697 1.96429
872000 0.277942 0.805103 0.847055 1.9301
873000 0.269079 0.813071 0.899604 1.98175
874000 0.280821 0.787787 0.86628 1.93489
875000 0.27765 0.812459 0.861463 1.95157
876000 0.268767 0.798012 0.927457 1.99424
877000 0.285269 0.801327 0.86801 1.95461
878000 0.285329 0.808196 0.888346 1.98187
879000 0.289166 0.812639 0.878479 1.98028
880000 0.277852 0.807204 0.884633 1.96969
881000 0.288836 0.836355 0.870325 1.99552
882000 0.285706 0.800946 0.869347 1.956
883000 0.299238 0.845111 0.876629 2.02098
884000 0.279212 0.836265 0.87272 1.9882
885000 0.275195 0.802835 0.877553 1.95558
886000 0.280519 0.808299 0.87476 1.96358
887000 0.293485 0.823816 0.901778 2.01908
888000 0.290286 0.829066 0.873818 1.99317
889000 0.282153 0.83462 0.892601 2.00937
890000 0.284911 0.809718 0.87089 1.96552
891000 0.287064 0.822415 0.884265 1.99374
892000 0.290748 0.819932 0.926469 2.03715
893000 0.309742 0.823297 0.883169 2.01621
894000 0.294127 0.824767 0.887405 2.0063
895000 0.290064 0.84453 0.893881 2.02848
896000 0.296441 0.819158 0.873517 1.98912
897000 0.283592 0.837086 0.925349 2.04603
898000 0.297094 0.811685 0.889954 1.99873
899000 0.29018 0.826099 0.911257 2.02754
900000 0.292675 0.823724 0.913719 2.03012
901000 0.300981 0.821519 0.913084 2.03558
902000 0.289855 0.819388 0.883273 1.99252
903000 0.298749 0.819658 0.932726 2.05113
904000 0.286066 0.817924 0.915275 2.01927
905000 0.304846 0.845372 0.945736 2.09595
906000 0.292237 0.828203 0.929988 2.05043
907000 0.291525 0.824382 0.943825 2.05973
908000 0.318651 0.832423 0.936335 2.08741
909000 0.312911 0.835478 0.937385 2.08577
910000 0.318558 0.842334 0.956152 2.11704
911000 0.31825 0.830945 0.9497 2.09889
912000 0.29136 0.82325 0.948163 2.06277
913000 0.289748 0.83137 0.953896 2.07501
914000 0.309811 0.833789 0.915631 2.05923
915000 0.303345 0.82224 0.953191 2.07878
916000 0.302588 0.834126 0.949167 2.08588
917000 0.304205 0.837086 0.956005 2.0973
918000 0.302247 0.842392 0.952421 2.09706
919000 0.303557 0.860886 0.945222 2.10967
920000 0.301519 0.85615 0.971761 2.12943
921000 0.310962 0.814132 0.946208 2.0713
922000 0.302464 0.841593 0.969445 2.1135
923000 0.31222 0.865366 0.940296 2.11788
924000 0.303663 0.851044 0.968958 2.12367
925000 0.303499 0.857572 0.991333 2.1524
926000 0.301676 0.863784 0.930592 2.09605
927000 0.308807 0.856645 0.967127 2.13258
928000 0.310039 0.859709 0.970826 2.14057
929000 0.306261 0.843208 0.984078 2.13355
930000 0.312078 0.844121 1.01437 2.17057
931000 0.303358 0.825336 0.978886 2.10758
932000 0.316452 0.84297 0.991365 2.15079
933000 0.336189 0.848835 0.974919 2.15994
934000 0.319162 0.845377 0.980248 2.14479
935000 0.324491 0.852935 1.01221 2.18964
936000 0.296223 0.825815 0.957178 2.07922
937000 0.319692 0.85916 1.01574 2.1946
938000 0.316602 0.841145 0.986134 2.14388
939000 0.313382 0.851199 0.973979 2.13856
940000 0.324773 0.863776 1.02563 2.21418
941000 0.31569 0.861481 0.971258 2.14843
942000 0.306113 0.870461 0.988923 2.1655
943000 0.315604 0.85681 0.99312 2.16553
944000 0.308778 0.882276 1.01326 2.20431
945000 0.315076 0.858233 1.06044 2.23375
946000 0.315179 0.880773 1.02128 2.21723
947000 0.321522 0.867665 1.06113 2.25032
948000 0.327076 0.885529 1.04581 2.25842
949000 0.321687 0.861091 1.02793 2.21071
950000 0.314668 0.866966 1.0884 2.27004
951000 0.32258 0.872428 1.05541 2.25042
952000 0.318167 0.891093 1.07273 2.28199
953000 0.317484 0.871642 1.0654 2.25453
954000 0.326661 0.87288 1.0411 2.24065
955000 0.314488 0.87208 1.09232 2.27889
956000 0.337456 0.8849 1.05212 2.27448
957000 0.336487 0.905567 1.07048 2.31253
958000 0.317672 0.8941 1.06636 2.27813
959000 0.324201 0.910575 1.04873 2.28351
960000 0.329027 0.892843 1.08916 2.31103
961000 0.309941 0.906084 1.05502 2.27104
962000 0.331566 0.883679 1.06912 2.28436
963000 0.308592 0.881916 1.05625 2.24676
964000 0.314199 0.917175 1.06496 2.29633
965000 0.313551 0.897531 1.07215 2.28324
966000 0.319576 0.926712 1.07136 2.31764
967000 0.316573 0.882584 1.05924 2.2584
968000 0.32553 0.883625 1.07624 2.2854
969000 0.330086 0.916761 1.05504 2.30188
970000 0.309452 0.905948 1.09054 2.30594
971000 0.325442 0.921508 1.05226 2.29921
972000 0.32318 0.904332 1.06682 2.29433
973000 0.338371 0.887588 1.07622 2.30218
974000 0.315923 0.892899 1.06792 2.27674
975000 0.317687 0.897319 1.08875 2.30375
976000 0.330567 0.907669 1.06559 2.30382
977000 0.323841 0.902075 1.07923 2.30514
978000 0.333511 0.917387 1.12042 2.37132
979000 0.338706 0.888359 1.07175 2.29882
980000 0.33788 0.909626 1.10606 2.35357
981000 0.312828 0.896387 1.0632 2.27241
982000 0.316342 0.91068 1.10526 2.33228
983000 0.33513 0.908406 1.07621 2.31975
984000 0.324799 0.917669 1.06467 2.30714
985000 0.347416 0.908201 1.0977 2.35332
986000 0.332761 0.902246 1.04855 2.28356
987000 0.333011 0.926853 1.05037 2.31024
988000 0.31923 0.896868 1.09121 2.30731
989000 0.335848 0.905276 1.07947 2.32059
990000 0.363544 0.925938 1.10169 2.39118
991000 0.352015 0.915457 1.07813 2.3456
992000 0.334411 0.906222 1.07428 2.31492
993000 0.324144 0.922655 1.10262 2.34942
994000 0.330389 0.917163 1.08967 2.33722
995000 0.355993 0.920014 1.08894 2.36495
996000 0.354873 0.925575 1.08202 2.36247
997000 0.341945 0.920303 1.09828 2.36053
998000 0.334217 0.904981 1.08843 2.32763
999000 0.343104 0.921874 1.0665 2.33148
1000000 0.332738 0.924527 1.08246 2.33972
1001000 0.331 0.904341 1.0985 2.33384
1002000 0.332092 0.925797 1.08786 2.34575
1003000 0.325668 0.897941 1.11901 2.34262
1004000 0.337238 0.92052 1.05685 2.31461
1005000 0.340421 0.906773 1.12567 2.37286
1006000 0.354556 0.920911 1.08819 2.36366
1007000 0.3407 0.923214 1.08934 2.35325
1008000 0.341421 0.939823 1.12663 2.40787
1009000 0.335069 0.925915 1.07757 2.33855
1010000 0.334242 0.939723 1.12154 2.39551
1011000 0.329655 0.929353 1.08381 2.34282
1012000 0.325863 0.938526 1.11454 2.37893
1013000 0.348866 0.960169 1.12297 2.432
1014000 0.325195 0.927822 1.08334 2.33635
1015000 0.339041 0.94326 1.13692 2.41922
1016000 0.323265 0.941026 1.10091 2.3652
1017000 0.337037 0.941461 1.10747 2.38596
1018000 0.337913 0.931871 1.1099 2.37968
1019000 0.339572 0.941069 1.1001 2.38074
1020000 0.343237 0.944434 1.13374 2.42141
1021000 0.340096 0.967818 1.09288 2.40079
1022000 0.337743 0.948715 1.12945 2.41591
1023000 0.344555 0.953052 1.10967 2.40728
1024000 0.34655 0.952424 1.10615 2.40513
1025000 0.360929 0.944259 1.13776 2.44295
1026000 0.348572 0.967693 1.09668 2.41294
1027000 0.342547 0.978152 1.14364 2.46434
1028000 0.348598 0.967605 1.12888 2.44509
1029000 0.345025 0.957099 1.09425 2.39638
1030000 0.351775 0.954082 1.13525 2.44111
